ID	s	d	ts	te	LLC	size	parent	parentTime	replica
67	2	11	2	3	1	10		2		-1		18	0	0	1	0
67	2	11	2	3	1	10		2		-1		20	0	0	1	0
275	2	11	3	4	1	1		2		-1		18	1	0	0	0
275	2	11	3	4	1	1		2		-1		20	1	0	0	0
67	2	11	2	3	1	10		2		-1		19	0	0	1	0
294	2	11	4	5	1	1		2		-1		19	1	0	0	0
275	2	11	3	4	1	1		2		-1		19	1	0	0	0
294	2	11	4	5	1	1		2		-1		18	1	0	0	0
154	3	10	6	7	1	10		3		-1		19	0	0	1	0
294	2	11	4	5	1	1		2		-1		20	1	0	0	0
264	2	11	6	7	1	10		2		-1		18	0	0	1	0
264	2	11	6	7	1	10		2		-1		20	0	0	1	0
154	3	10	6	7	1	10		3		-1		20	0	0	1	0
264	2	11	6	7	1	10		2		-1		19	0	0	1	0
154	3	10	6	7	1	10		3		-1		18	0	0	1	0
0	2	11	9	10	1	10		2		-1		18	0	0	1	0
0	2	11	9	10	1	10		2		-1		20	0	0	1	0
179	3	10	10	11	1	25		3		-1		18	0	0	0	1
179	3	10	10	11	1	25		3		-1		20	0	0	0	1
179	3	10	10	11	1	25		3		-1		19	0	0	0	1
0	2	11	9	10	1	10		2		-1		19	0	0	1	0
209	2	11	18	19	1	10		2		-1		19	0	0	1	0
209	2	11	18	19	1	10		2		-1		18	0	0	1	0
31	3	10	20	21	1	1		3		-1		18	1	0	0	0
31	3	10	20	21	1	1		3		-1		20	1	0	0	0
209	2	11	18	19	1	10		2		-1		20	0	0	1	0
31	3	10	20	21	1	1		3		-1		19	1	0	0	0
280	3	10	29	30	1	1		3		-1		18	1	0	0	0
280	3	10	29	30	1	1		3		-1		20	1	0	0	0
280	3	10	29	30	1	1		3		-1		19	1	0	0	0
121	2	11	30	31	1	10		2		-1		18	0	0	1	0
121	2	11	30	31	1	10		2		-1		20	0	0	1	0
125	2	11	30	31	1	1		2		-1		19	1	0	0	0
125	2	11	30	31	1	1		2		-1		18	1	0	0	0
121	2	11	30	31	1	10		2		-1		19	0	0	1	0
84	3	10	33	34	1	10		3		-1		18	0	0	1	0
84	3	10	33	34	1	10		3		-1		20	0	0	1	0
120	2	11	33	34	1	1		2		-1		19	1	0	0	0
84	3	10	33	34	1	10		3		-1		19	0	0	1	0
125	2	11	30	31	1	1		2		-1		20	1	0	0	0
120	2	11	33	34	1	1		2		-1		20	1	0	0	0
120	2	11	33	34	1	1		2		-1		18	1	0	0	0
276	2	11	36	37	1	10		2		-1		18	0	0	1	0
276	2	11	36	37	1	10		2		-1		20	0	0	1	0
276	2	11	36	37	1	10		2		-1		19	0	0	1	0
236	2	11	37	38	1	1		2		-1		19	1	0	0	0
236	2	11	37	38	1	1		2		-1		20	1	0	0	0
183	2	11	38	39	1	1		2		-1		18	1	0	0	0
183	2	11	38	39	1	1		2		-1		20	1	0	0	0
236	2	11	37	38	1	1		2		-1		18	1	0	0	0
183	2	11	38	39	1	1		2		-1		19	1	0	0	0
28	3	10	42	43	1	10		3		-1		18	0	0	1	0
28	3	10	42	43	1	10		3		-1		20	0	0	1	0
28	3	10	42	43	1	10		3		-1		19	0	0	1	0
222	3	10	49	50	1	10		3		-1		18	0	0	1	0
222	3	10	49	50	1	10		3		-1		20	0	0	1	0
3	3	10	50	51	1	10		3		-1		19	0	0	1	0
259	3	10	50	51	1	25		3		-1		19	0	0	0	1
222	3	10	49	50	1	10		3		-1		19	0	0	1	0
3	3	10	50	51	1	10		3		-1		18	0	0	1	0
259	3	10	50	51	1	25		3		-1		20	0	0	0	1
3	3	10	50	51	1	10		3		-1		20	0	0	1	0
278	2	11	52	53	1	10		2		-1		19	0	0	1	0
259	3	10	50	51	1	25		3		-1		18	0	0	0	1
278	2	11	52	53	1	10		2		-1		18	0	0	1	0
200	3	10	54	55	1	1		3		-1		18	1	0	0	0
200	3	10	54	55	1	1		3		-1		20	1	0	0	0
200	3	10	54	55	1	1		3		-1		19	1	0	0	0
142	3	10	55	56	1	1		3		-1		18	1	0	0	0
142	3	10	55	56	1	1		3		-1		20	1	0	0	0
278	2	11	52	53	1	10		2		-1		20	0	0	1	0
142	3	10	55	56	1	1		3		-1		19	1	0	0	0
30	2	11	58	59	1	10		2		-1		18	0	0	1	0
30	2	11	58	59	1	10		2		-1		20	0	0	1	0
30	2	11	58	59	1	10		2		-1		19	0	0	1	0
132	2	11	60	61	1	1		2		-1		18	1	0	0	0
132	2	11	60	61	1	1		2		-1		20	1	0	0	0
132	2	11	60	61	1	1		2		-1		19	1	0	0	0
22	3	10	12	14	2	50		3		-1		18	0	0	0	1
22	3	10	12	14	2	50		3		-1		20	0	0	0	1
22	3	10	12	14	2	50		3		-1		19	0	0	0	1
152	3	10	15	17	2	50		3		-1		19	0	0	0	1
152	3	10	15	17	2	50		3		-1		20	0	0	0	1
152	3	10	15	17	2	50		3		-1		18	0	0	0	1
74	2	11	24	26	2	25		2		-1		19	0	0	1	0
74	2	11	24	26	2	25		2		-1		20	0	0	1	0
74	2	11	24	26	2	25		2		-1		18	0	0	1	0
87	2	11	33	35	2	25		2		-1		18	0	0	1	0
87	2	11	33	35	2	25		2		-1		20	0	0	1	0
87	2	11	33	35	2	25		2		-1		19	0	0	1	0
241	3	10	36	38	2	50		3		-1		18	0	0	0	1
241	3	10	36	38	2	50		3		-1		20	0	0	0	1
293	2	11	36	38	2	25		2		-1		19	0	0	1	0
293	2	11	36	38	2	25		2		-1		20	0	0	1	0
241	3	10	36	38	2	50		3		-1		19	0	0	0	1
293	2	11	36	38	2	25		2		-1		18	0	0	1	0
95	3	10	50	52	2	50		3		-1		18	0	0	0	1
95	3	10	50	52	2	50		3		-1		20	0	0	0	1
95	3	10	50	52	2	50		3		-1		19	0	0	0	1
12	2	11	51	53	2	25		2		-1		18	0	0	1	0
12	2	11	51	53	2	25		2		-1		20	0	0	1	0
12	2	11	51	53	2	25		2		-1		19	0	0	1	0
215	2	11	53	55	2	25		2		-1		18	0	0	1	0
215	2	11	53	55	2	25		2		-1		20	0	0	1	0
215	2	11	53	55	2	25		2		-1		19	0	0	1	0
48	2	11	57	59	2	25		2		-1		19	0	0	1	0
48	2	11	57	59	2	25		2		-1		20	0	0	1	0
48	2	11	57	59	2	25		2		-1		18	0	0	1	0
212	2	11	0	3	3	50		2		-1		18	0	0	1	0
212	2	11	0	3	3	50		2		-1		20	0	0	1	0
212	2	11	0	3	3	50		2		-1		19	0	0	1	0
82	3	10	6	9	3	100		3		-1		18	0	0	0	1
82	3	10	6	9	3	100		3		-1		20	0	0	0	1
82	3	10	6	9	3	100		3		-1		19	0	0	0	1
264	2	11	6	9	3	10		2		-1		23	0	0	1	0
41	2	11	16	19	3	50		2		-1		18	0	0	1	0
41	2	11	16	19	3	50		2		-1		20	0	0	1	0
41	2	11	16	19	3	50		2		-1		19	0	0	1	0
31	3	10	20	23	3	1		0		-1		9	2	0	0	0
158	2	11	24	27	3	50		2		-1		18	0	0	1	0
158	2	11	24	27	3	50		2		-1		20	0	0	1	0
166	1	9	24	27	3	1		20		-1		12	3	0	0	0
150	3	10	27	30	3	100		3		-1		19	0	0	0	1
150	3	10	27	30	3	100		3		-1		18	0	0	0	1
158	2	11	24	27	3	50		2		-1		19	0	0	1	0
150	3	10	27	30	3	100		3		-1		20	0	0	0	1
280	3	10	29	32	3	1		0		-1		9	2	0	0	0
84	3	10	33	36	3	10		0		-1		10	0	0	2	0
291	3	10	37	40	3	100		3		-1		18	0	0	0	1
291	3	10	37	40	3	100		3		-1		20	0	0	0	1
291	3	10	37	40	3	100		3		-1		19	0	0	0	1
276	2	11	36	39	3	10		2		-1		23	0	0	1	0
210	3	10	41	44	3	100		3		-1		19	0	0	0	1
210	3	10	41	44	3	100		3		-1		20	0	0	0	1
129	3	10	43	46	3	100		3		-1		18	0	0	0	1
129	3	10	43	46	3	100		3		-1		20	0	0	0	1
9	2	11	43	46	3	50		2		-1		18	0	0	1	0
9	2	11	43	46	3	50		2		-1		20	0	0	1	0
210	3	10	41	44	3	100		3		-1		18	0	0	0	1
129	3	10	43	46	3	100		3		-1		19	0	0	0	1
9	2	11	43	46	3	50		2		-1		19	0	0	1	0
28	3	10	42	45	3	10		0		-1		10	0	0	2	0
96	3	10	53	56	3	100		3		-1		18	0	0	0	1
96	3	10	53	56	3	100		3		-1		20	0	0	0	1
96	3	10	53	56	3	100		3		-1		19	0	0	0	1
134	3	10	55	58	3	100		3		-1		19	0	0	0	1
134	3	10	55	58	3	100		3		-1		18	0	0	0	1
134	3	10	55	58	3	100		3		-1		20	0	0	0	1
200	3	10	54	57	3	1		0		-1		9	2	0	0	0
13	3	10	58	61	3	100		3		-1		19	0	0	0	1
142	3	10	55	58	3	1		0		-1		9	2	0	0	0
13	3	10	58	61	3	100		3		-1		18	0	0	0	1
13	3	10	58	61	3	100		3		-1		20	0	0	0	1
30	2	11	58	61	3	10		2		-1		23	0	0	1	0
132	2	11	60	63	3	1		2		-1		23	1	0	0	0
67	2	11	2	6	4	10		2		-1		23	0	0	1	0
275	2	11	3	7	4	1		2		-1		23	1	0	0	0
294	2	11	4	8	4	1		2		-1		23	1	0	0	0
154	3	10	6	10	4	10		0		-1		9	0	0	2	0
179	3	10	10	14	4	25		0		-1		9	0	0	1	1
209	2	11	18	22	4	10		2		-1		23	0	0	1	0
27	3	11	20	24	4	1		20		-1		6	3	0	0	0
31	3	10	20	24	4	1		0		-1		10	2	0	0	0
118	2	10	21	25	4	1		20		-1		3	3	0	0	0
166	1	9	24	28	4	1		20		-1		13	3	0	0	0
76	1	9	29	33	4	10		24		-1		18	0	0	2	0
121	2	11	30	34	4	10		2		-1		22	0	0	1	0
121	2	11	30	34	4	10		2		-1		21	0	0	1	0
87	2	11	33	37	4	25		2		-1		21	0	0	1	0
120	2	11	33	37	4	1		2		-1		21	1	0	0	0
87	2	11	33	37	4	25		2		-1		22	0	0	1	0
120	2	11	33	37	4	1		2		-1		22	1	0	0	0
183	2	11	38	42	4	1		2		-1		23	1	0	0	0
3	3	10	50	54	4	10		0		-1		9	0	0	2	0
222	3	10	49	53	4	10		0		-1		9	0	0	2	0
215	2	11	53	57	4	25		2		-1		23	0	0	1	0
212	2	11	0	5	5	50		2		-1		21	0	0	1	0
212	2	11	0	5	5	50		2		-1		22	0	0	1	0
82	3	10	6	11	5	100		3		-1		24	0	0	0	0
67	2	11	2	7	5	10		2		-1		24	0	0	0	0
275	2	11	3	8	5	1		2		-1		24	0	0	0	0
294	2	11	4	9	5	1		2		-1		24	0	0	0	0
264	2	11	6	11	5	10		2		-1		24	0	0	0	0
290	2	11	10	15	5	100		2		-1		18	0	0	1	0
290	2	11	10	15	5	100		2		-1		20	0	0	1	0
290	2	11	10	15	5	100		2		-1		19	0	0	1	0
0	2	11	9	14	5	10		2		-1		23	0	0	1	0
209	2	11	18	23	5	10		8		-1		1	0	0	2	0
209	2	11	18	23	5	10		8		-1		3	0	0	2	0
209	2	11	18	23	5	10		8		-1		5	0	0	2	0
209	2	11	18	23	5	10		8		-1		2	0	0	2	0
209	2	11	18	23	5	10		8		-1		4	0	0	2	0
27	3	11	20	25	5	1		20		-1		7	3	0	0	0
209	2	11	18	23	5	10		8		-1		0	0	0	2	0
118	2	10	21	26	5	1		0		-1		0	4	0	0	0
74	2	11	24	29	5	25		2		-1		22	0	0	1	0
74	2	11	24	29	5	25		2		-1		21	0	0	1	0
280	3	10	29	34	5	1		0		-1		10	2	0	0	0
291	3	10	37	42	5	100		3		-1		24	0	0	0	0
293	2	11	36	41	5	25		2		-1		23	0	0	1	0
293	2	11	36	41	5	25		8		-1		1	0	0	1	1
293	2	11	36	41	5	25		8		-1		3	0	0	1	1
293	2	11	36	41	5	25		8		-1		5	0	0	1	1
276	2	11	36	41	5	10		2		-1		24	0	0	0	0
293	2	11	36	41	5	25		8		-1		2	0	0	1	1
236	2	11	37	42	5	1		2		-1		23	1	0	0	0
293	2	11	36	41	5	25		8		-1		4	0	0	1	1
293	2	11	36	41	5	25		8		-1		0	0	0	1	1
129	3	10	43	48	5	100		3		-1		24	0	0	0	0
9	2	11	43	48	5	50		2		-1		23	0	0	1	0
28	3	10	42	47	5	10		0		-1		11	0	0	1	0
95	3	10	50	55	5	50		0		-1		1	0	0	1	1
95	3	10	50	55	5	50		0		-1		3	0	0	1	1
95	3	10	50	55	5	50		0		-1		5	0	0	1	1
95	3	10	50	55	5	50		0		-1		0	0	0	1	1
95	3	10	50	55	5	50		0		-1		4	0	0	1	1
95	3	10	50	55	5	50		0		-1		2	0	0	1	1
12	2	11	51	56	5	25		2		-1		23	0	0	1	0
96	3	10	53	58	5	100		3		-1		24	0	0	0	0
3	3	10	50	55	5	10		0		-1		10	0	0	2	0
278	2	11	52	57	5	10		2		-1		23	0	0	1	0
215	2	11	53	58	5	25		2		-1		24	0	0	0	0
132	2	11	60	65	5	1		2		-1		24	0	0	0	0
264	2	11	6	12	6	10		2		-1		1	0	0	3	0
264	2	11	6	12	6	10		2		-1		2	0	0	3	0
264	2	11	6	12	6	10		2		-1		0	0	0	3	0
179	3	10	10	16	6	25		0		-1		11	0	0	0	1
22	3	10	12	18	6	50		0		-1		9	0	0	1	1
152	3	10	15	21	6	50		0		-1		9	0	0	1	1
297	2	10	18	24	6	1		24		-1		21	2	0	0	0
31	3	10	20	26	6	1		0		-1		11	1	0	0	0
125	2	11	30	36	6	1		2		-1		21	1	0	0	0
84	3	10	33	39	6	10		0		-1		11	0	0	1	0
125	2	11	30	36	6	1		2		-1		22	1	0	0	0
120	2	11	33	39	6	1		2		-1		23	1	0	0	0
241	3	10	36	42	6	50		0		-1		10	0	0	1	1
183	2	11	38	44	6	1		2		-1		24	0	0	0	0
236	2	11	37	43	6	1		2		-1		24	0	0	0	0
259	3	10	50	56	6	25		0		-1		11	0	0	0	1
12	2	11	51	57	6	25		2		-1		24	0	0	0	0
12	2	11	51	57	6	25		8		-1		6	0	0	1	1
12	2	11	51	57	6	25		8		-1		8	0	0	1	1
12	2	11	51	57	6	25		8		-1		7	0	0	1	1
200	3	10	54	60	6	1		0		-1		10	2	0	0	0
142	3	10	55	61	6	1		0		-1		10	2	0	0	0
48	2	11	57	63	6	25		2		-1		23	0	0	1	0
30	2	11	58	64	6	10		2		-1		24	0	0	0	0
132	2	11	60	66	6	1		2		-1		1	3	0	0	0
132	2	11	60	66	6	1		2		-1		0	3	0	0	0
132	2	11	60	66	6	1		2		-1		2	3	0	0	0
212	2	11	0	7	7	50		2		-1		24	0	0	0	0
212	2	11	0	7	7	50		8		-1		7	0	0	1	1
212	2	11	0	7	7	50		8		-1		8	0	0	1	1
212	2	11	0	7	7	50		8		-1		6	0	0	1	1
275	2	11	3	10	7	1		2		-1		1	3	0	0	0
275	2	11	3	10	7	1		2		-1		2	3	0	0	0
294	2	11	4	11	7	1		2		-1		1	3	0	0	0
275	2	11	3	10	7	1		2		-1		0	3	0	0	0
294	2	11	4	11	7	1		2		-1		0	3	0	0	0
154	3	10	6	13	7	10		0		-1		10	0	0	2	0
294	2	11	4	11	7	1		2		-1		2	3	0	0	0
290	2	11	10	17	7	100		2		-1		23	0	0	1	0
179	3	10	10	17	7	25		0		-1		12	0	0	1	2
0	2	11	9	16	7	10		2		-1		24	0	0	0	0
22	3	10	12	19	7	50		0		-1		10	0	0	1	1
41	2	11	16	23	7	50		2		-1		23	0	0	1	0
297	2	10	18	25	7	1		20		-1		22	1	0	0	0
47	3	11	17	24	7	1		20		-1		6	3	0	0	0
118	2	10	21	28	7	1		1		-1		1	4	0	0	0
74	2	11	24	31	7	25		2		-1		23	0	0	1	0
280	3	10	29	36	7	1		0		-1		11	1	0	0	0
121	2	11	30	37	7	10		2		-1		23	0	0	1	0
120	2	11	33	40	7	1		2		-1		24	0	0	0	0
87	2	11	33	40	7	25		2		-1		24	0	0	0	0
84	3	10	33	40	7	10		0		-1		12	0	0	3	0
276	2	11	36	43	7	10		2		-1		0	0	0	3	0
276	2	11	36	43	7	10		2		-1		2	0	0	3	0
276	2	11	36	43	7	10		2		-1		1	0	0	3	0
183	2	11	38	45	7	1		2		-1		1	3	0	0	0
183	2	11	38	45	7	1		2		-1		2	3	0	0	0
183	2	11	38	45	7	1		2		-1		0	3	0	0	0
28	3	10	42	49	7	10		0		-1		12	0	0	3	0
9	2	11	43	50	7	50		2		-1		24	0	0	0	0
259	3	10	50	57	7	25		0		-1		12	0	0	1	2
278	2	11	52	59	7	10		2		-1		24	0	0	0	0
200	3	10	54	61	7	1		0		-1		11	1	0	0	0
142	3	10	55	62	7	1		0		-1		11	1	0	0	0
48	2	11	57	64	7	25		2		-1		24	0	0	0	0
30	2	11	58	65	7	10		2		-1		0	0	0	3	0
30	2	11	58	65	7	10		2		-1		2	0	0	3	0
30	2	11	58	65	7	10		2		-1		1	0	0	3	0
82	3	10	6	14	8	100		0		-1		6	0	0	1	1
82	3	10	6	14	8	100		0		-1		8	0	0	1	1
67	2	11	2	10	8	10		2		-1		0	0	0	3	0
67	2	11	2	10	8	10		2		-1		2	0	0	3	0
82	3	10	6	14	8	100		0		-1		7	0	0	1	1
67	2	11	2	10	8	10		2		-1		1	0	0	3	0
154	3	10	6	14	8	10		0		-1		11	0	0	1	0
179	3	10	10	18	8	25		0		-1		13	0	0	1	2
152	3	10	15	23	8	50		0		-1		10	0	0	1	1
41	2	11	16	24	8	50		2		-1		24	0	0	0	0
238	2	10	20	28	8	25		20		-1		14	0	0	2	0
158	2	11	24	32	8	50		2		-1		21	0	0	1	0
150	3	10	27	35	8	100		0		-1		1	0	0	1	1
150	3	10	27	35	8	100		0		-1		3	0	0	1	1
150	3	10	27	35	8	100		0		-1		5	0	0	1	1
27	3	11	20	28	8	1		9		-1		12	3	0	0	0
150	3	10	27	35	8	100		0		-1		0	0	0	1	1
150	3	10	27	35	8	100		0		-1		4	0	0	1	1
74	2	11	24	32	8	25		8		-1		0	0	0	1	1
74	2	11	24	32	8	25		8		-1		2	0	0	1	1
74	2	11	24	32	8	25		8		-1		4	0	0	1	1
166	1	9	24	32	8	1		24		-1		6	3	0	0	0
150	3	10	27	35	8	100		0		-1		2	0	0	1	1
158	2	11	24	32	8	50		2		-1		22	0	0	1	0
74	2	11	24	32	8	25		8		-1		1	0	0	1	1
74	2	11	24	32	8	25		8		-1		5	0	0	1	1
74	2	11	24	32	8	25		8		-1		3	0	0	1	1
121	2	11	30	38	8	10		2		-1		24	0	0	0	0
280	3	10	29	37	8	1		0		-1		16	2	0	0	0
291	3	10	37	45	8	100		0		-1		6	0	0	1	1
291	3	10	37	45	8	100		0		-1		8	0	0	1	1
120	2	11	33	41	8	1		2		-1		6	3	0	0	0
241	3	10	36	44	8	50		0		-1		11	0	0	0	1
291	3	10	37	45	8	100		0		-1		7	0	0	1	1
129	3	10	43	51	8	100		0		-1		7	0	0	1	1
129	3	10	43	51	8	100		0		-1		8	0	0	1	1
129	3	10	43	51	8	100		0		-1		6	0	0	1	1
28	3	10	42	50	8	10		0		-1		13	0	0	3	0
9	2	11	43	51	8	50		8		-1		6	0	0	1	1
9	2	11	43	51	8	50		8		-1		8	0	0	1	1
9	2	11	43	51	8	50		8		-1		7	0	0	1	1
95	3	10	50	58	8	50		0		-1		10	0	0	1	1
96	3	10	53	61	8	100		0		-1		6	0	0	1	1
96	3	10	53	61	8	100		0		-1		8	0	0	1	1
259	3	10	50	58	8	25		0		-1		13	0	0	1	2
222	3	10	49	57	8	10		0		-1		10	0	0	2	0
3	3	10	50	58	8	10		0		-1		11	0	0	1	0
134	3	10	55	63	8	100		0		-1		0	0	0	1	1
134	3	10	55	63	8	100		0		-1		2	0	0	1	1
134	3	10	55	63	8	100		0		-1		4	0	0	1	1
96	3	10	53	61	8	100		0		-1		7	0	0	1	1
134	3	10	55	63	8	100		0		-1		3	0	0	1	1
215	2	11	53	61	8	25		2		-1		1	0	0	3	0
134	3	10	55	63	8	100		0		-1		5	0	0	1	1
215	2	11	53	61	8	25		2		-1		2	0	0	3	0
134	3	10	55	63	8	100		0		-1		1	0	0	1	1
13	3	10	58	66	8	100		0		-1		0	0	0	1	1
13	3	10	58	66	8	100		0		-1		2	0	0	1	1
13	3	10	58	66	8	100		0		-1		4	0	0	1	1
215	2	11	53	61	8	25		2		-1		0	0	0	3	0
13	3	10	58	66	8	100		0		-1		1	0	0	1	1
13	3	10	58	66	8	100		0		-1		5	0	0	1	1
13	3	10	58	66	8	100		0		-1		3	0	0	1	1
154	3	10	6	15	9	10		0		-1		15	0	0	2	0
264	2	11	6	15	9	10		2		-1		3	0	0	3	0
290	2	11	10	19	9	100		2		-1		24	0	0	0	0
290	2	11	10	19	9	100		8		-1		7	0	0	1	1
290	2	11	10	19	9	100		8		-1		6	0	0	1	1
0	2	11	9	18	9	10		2		-1		1	0	0	3	0
179	3	10	10	19	9	25		0		-1		14	0	0	0	2
22	3	10	12	21	9	50		0		-1		11	0	0	0	1
290	2	11	10	19	9	100		8		-1		8	0	0	1	1
0	2	11	9	18	9	10		2		-1		2	0	0	3	0
0	2	11	9	18	9	10		2		-1		0	0	0	3	0
152	3	10	15	24	9	50		0		-1		11	0	0	0	1
41	2	11	16	25	9	50		8		-1		6	0	0	1	1
41	2	11	16	25	9	50		8		-1		8	0	0	1	1
41	2	11	16	25	9	50		8		-1		7	0	0	1	1
209	2	11	18	27	9	10		2		-1		24	0	0	0	0
238	2	10	20	29	9	25		24		-1		13	0	0	3	0
31	3	10	20	29	9	1		1		-1		16	2	0	0	0
11	1	9	24	33	9	10		24		-1		8	1	0	1	0
121	2	11	30	39	9	10		2		-1		1	0	0	3	0
121	2	11	30	39	9	10		2		-1		2	0	0	3	0
121	2	11	30	39	9	10		2		-1		0	0	0	3	0
241	3	10	36	45	9	50		1		-1		15	0	0	1	1
120	2	11	33	42	9	1		2		-1		7	3	0	0	0
276	2	11	36	45	9	10		2		-1		3	0	0	3	0
236	2	11	37	46	9	1		2		-1		0	3	0	0	0
236	2	11	37	46	9	1		2		-1		2	3	0	0	0
210	3	10	41	50	9	100		0		-1		9	0	0	1	1
236	2	11	37	46	9	1		2		-1		1	3	0	0	0
28	3	10	42	51	9	10		0		-1		14	0	0	2	0
95	3	10	50	59	9	50		0		-1		11	0	0	0	1
259	3	10	50	59	9	25		0		-1		14	0	0	0	2
12	2	11	51	60	9	25		2		-1		1	0	0	3	0
12	2	11	51	60	9	25		2		-1		2	0	0	3	0
12	2	11	51	60	9	25		2		-1		0	0	0	3	0
278	2	11	52	61	9	10		2		-1		0	0	0	3	0
278	2	11	52	61	9	10		2		-1		2	0	0	3	0
278	2	11	52	61	9	10		2		-1		1	0	0	3	0
200	3	10	54	63	9	1		0		-1		12	3	0	0	0
142	3	10	55	64	9	1		0		-1		12	3	0	0	0
48	2	11	57	66	9	25		2		-1		0	0	0	3	0
48	2	11	57	66	9	25		2		-1		2	0	0	3	0
48	2	11	57	66	9	25		2		-1		1	0	0	3	0
64	2	10	60	69	9	10		24		-1		22	0	0	1	0
67	2	11	2	12	10	10		2		-1		3	0	0	3	0
82	3	10	6	16	10	100		0		-1		11	0	0	0	1
275	2	11	3	13	10	1		2		-1		3	3	0	0	0
264	2	11	6	16	10	10		2		-1		4	0	0	3	0
154	3	10	6	16	10	10		0		-1		16	0	0	2	0
22	3	10	12	22	10	50		1		-1		15	0	0	1	1
98	0	8	14	24	10	1		20		-1		6	3	0	0	0
252	2	10	18	28	10	50		20		-1		13	0	0	3	0
198	3	11	15	25	10	1		20		-1		6	3	0	0	0
297	2	10	18	28	10	1		1		-1		12	3	0	0	0
209	2	11	18	28	10	10		2		-1		6	0	0	3	0
31	3	10	20	30	10	1		0		-1		15	2	0	0	0
166	1	9	24	34	10	1		11		-1		7	3	0	0	0
125	2	11	30	40	10	1		2		-1		23	1	0	0	0
87	2	11	33	43	10	25		2		-1		0	0	0	3	0
87	2	11	33	43	10	25		2		-1		2	0	0	3	0
241	3	10	36	46	10	50		0		-1		12	0	0	1	2
84	3	10	33	43	10	10		0		-1		13	0	0	3	0
87	2	11	33	43	10	25		2		-1		1	0	0	3	0
276	2	11	36	46	10	10		2		-1		4	0	0	3	0
95	3	10	50	60	10	50		1		-1		15	0	0	1	1
259	3	10	50	60	10	25		0		-1		15	0	0	0	2
3	3	10	50	60	10	10		0		-1		12	0	0	3	0
200	3	10	54	64	10	1		0		-1		13	3	0	0	0
142	3	10	55	65	10	1		0		-1		13	3	0	0	0
60	2	10	58	68	10	1		24		-1		21	2	0	0	0
212	2	11	0	11	11	50		2		-1		0	0	0	3	0
212	2	11	0	11	11	50		2		-1		2	0	0	3	0
212	2	11	0	11	11	50		2		-1		1	0	0	3	0
275	2	11	3	14	11	1		2		-1		4	3	0	0	0
67	2	11	2	13	11	10		2		-1		4	0	0	3	0
294	2	11	4	15	11	1		2		-1		3	3	0	0	0
264	2	11	6	17	11	10		2		-1		5	0	0	2	0
179	3	10	10	21	11	25		0		-1		15	0	0	0	2
22	3	10	12	23	11	50		0		-1		12	0	0	1	2
152	3	10	15	26	11	50		0		-1		15	0	0	0	2
297	2	10	18	29	11	1		3		-1		13	3	0	0	0
11	1	9	24	35	11	10		24		-1		6	2	0	1	0
118	2	10	21	32	11	1		3		-1		4	3	0	0	0
150	3	10	27	38	11	100		0		-1		9	0	0	1	1
166	1	9	24	35	11	1		24		-1		8	2	0	0	0
280	3	10	29	40	11	1		1		-1		17	1	0	0	0
125	2	11	30	41	11	1		2		-1		24	0	0	0	0
291	3	10	37	48	11	100		0		-1		11	0	0	0	1
120	2	11	33	44	11	1		2		-1		8	2	0	0	0
210	3	10	41	52	11	100		0		-1		10	0	0	1	1
293	2	11	36	47	11	25		2		-1		24	0	0	0	0
183	2	11	38	49	11	1		2		-1		3	3	0	0	0
9	2	11	43	54	11	50		2		-1		0	0	0	3	0
9	2	11	43	54	11	50		2		-1		2	0	0	3	0
28	3	10	42	53	11	10		0		-1		15	0	0	2	0
9	2	11	43	54	11	50		2		-1		1	0	0	3	0
222	3	10	49	60	11	10		0		-1		11	0	0	1	0
3	3	10	50	61	11	10		0		-1		13	0	0	3	0
215	2	11	53	64	11	25		2		-1		3	0	0	3	0
278	2	11	52	63	11	10		2		-1		3	0	0	3	0
142	3	10	55	66	11	1		0		-1		14	2	0	0	0
64	2	10	60	71	11	10		24		-1		21	1	0	1	0
60	2	10	58	69	11	1		24		-1		22	1	0	0	0
153	2	10	59	70	11	10		24		-1		22	0	0	1	0
132	2	11	60	71	11	1		2		-1		3	3	0	0	0
82	3	10	6	18	12	100		1		-1		15	0	0	1	1
294	2	11	4	16	12	1		2		-1		4	3	0	0	0
275	2	11	3	15	12	1		2		-1		5	2	0	0	0
154	3	10	6	18	12	10		0		-1		21	0	0	2	0
179	3	10	10	22	12	25		0		-1		16	0	0	0	2
290	2	11	10	22	12	100		8		-1		9	0	0	1	1
152	3	10	15	27	12	50		1		-1		17	0	0	0	1
252	2	10	18	30	12	50		20		-1		14	0	0	2	0
152	3	10	15	27	12	50		3		-1		24	0	0	0	0
297	2	10	18	30	12	1		20		-1		14	2	0	0	0
209	2	11	18	30	12	10		2		-1		7	0	0	3	0
55	3	11	22	34	12	25		24		-1		14	0	0	1	1
27	3	11	20	32	12	1		9		-1		13	3	0	0	0
150	3	10	27	39	12	100		0		-1		10	0	0	1	1
158	2	11	24	36	12	50		2		-1		23	0	0	1	0
11	1	9	24	36	12	10		11		-1		7	2	0	1	0
280	3	10	29	41	12	1		0		-1		21	2	0	0	0
241	3	10	36	48	12	50		0		-1		13	0	0	1	2
291	3	10	37	49	12	100		1		-1		16	0	0	1	1
276	2	11	36	48	12	10		2		-1		5	0	0	2	0
236	2	11	37	49	12	1		2		-1		3	3	0	0	0
210	3	10	41	53	12	100		0		-1		11	0	0	0	1
129	3	10	43	55	12	100		0		-1		11	0	0	0	1
28	3	10	42	54	12	10		0		-1		16	0	0	2	0
96	3	10	53	65	12	100		0		-1		11	0	0	0	1
95	3	10	50	62	12	50		0		-1		12	0	0	1	2
259	3	10	50	62	12	25		0		-1		16	0	0	0	2
3	3	10	50	62	12	10		0		-1		14	0	0	2	0
134	3	10	55	67	12	100		0		-1		10	0	0	1	1
12	2	11	51	63	12	25		2		-1		3	0	0	3	0
222	3	10	49	61	12	10		0		-1		12	0	0	3	0
278	2	11	52	64	12	10		2		-1		4	0	0	3	0
13	3	10	58	70	12	100		0		-1		10	0	0	1	1
200	3	10	54	66	12	1		1		-1		16	2	0	0	0
215	2	11	53	65	12	25		2		-1		4	0	0	3	0
48	2	11	57	69	12	25		2		-1		3	0	0	3	0
153	2	10	59	71	12	10		24		-1		21	1	0	1	0
30	2	11	58	70	12	10		2		-1		3	0	0	3	0
82	3	10	6	19	13	100		0		-1		12	0	0	1	2
294	2	11	4	17	13	1		2		-1		5	2	0	0	0
154	3	10	6	19	13	10		3		-1		24	0	0	0	0
264	2	11	6	19	13	10		2		-1		6	0	0	3	0
179	3	10	10	23	13	25		1		-1		17	0	0	0	1
0	2	11	9	22	13	10		2		-1		3	0	0	3	0
58	1	9	11	24	13	1		20		-1		6	3	0	0	0
238	2	10	20	33	13	25		20		-1		12	1	0	2	0
41	2	11	16	29	13	50		2		-1		1	0	0	3	0
41	2	11	16	29	13	50		2		-1		2	0	0	3	0
41	2	11	16	29	13	50		2		-1		0	0	0	3	0
252	2	10	18	31	13	50		24		-1		12	0	0	3	0
209	2	11	18	31	13	10		8		-1		9	0	0	2	0
131	3	11	22	35	13	50		24		-1		18	0	0	1	1
150	3	10	27	40	13	100		0		-1		11	0	0	0	1
121	2	11	30	43	13	10		2		-1		3	0	0	3	0
125	2	11	30	43	13	1		2		-1		1	3	0	0	0
125	2	11	30	43	13	1		2		-1		0	3	0	0	0
241	3	10	36	49	13	50		0		-1		14	0	0	0	2
125	2	11	30	43	13	1		2		-1		2	3	0	0	0
276	2	11	36	49	13	10		2		-1		6	0	0	3	0
236	2	11	37	50	13	1		2		-1		4	3	0	0	0
96	3	10	53	66	13	100		1		-1		15	0	0	1	1
3	3	10	50	63	13	10		0		-1		15	0	0	2	0
134	3	10	55	68	13	100		0		-1		11	0	0	0	1
13	3	10	58	71	13	100		0		-1		11	0	0	0	1
48	2	11	57	70	13	25		2		-1		4	0	0	3	0
212	2	11	0	14	14	50		2		-1		3	0	0	3	0
67	2	11	2	16	14	10		2		-1		5	0	0	2	0
294	2	11	4	18	14	1		2		-1		6	3	0	0	0
264	2	11	6	20	14	10		2		-1		7	0	0	3	0
154	3	10	6	20	14	10		0		-1		12	1	0	2	0
0	2	11	9	23	14	10		2		-1		4	0	0	3	0
22	3	10	12	26	14	50		0		-1		13	0	0	1	2
179	3	10	10	24	14	25		0		-1		21	0	0	2	0
58	1	9	11	25	14	1		20		-1		7	3	0	0	0
209	2	11	18	32	14	10		2		-1		8	0	0	2	0
31	3	10	20	34	14	1		0		-1		21	2	0	0	0
118	2	10	21	35	14	1		20		-1		5	2	0	0	0
158	2	11	24	38	14	50		2		-1		24	0	0	0	0
74	2	11	24	38	14	25		2		-1		24	0	0	0	0
280	3	10	29	43	14	1		0		-1		0	4	0	0	0
121	2	11	30	44	14	10		2		-1		4	0	0	3	0
120	2	11	33	47	14	1		2		-1		9	2	0	0	0
241	3	10	36	50	14	50		1		-1		17	0	0	0	1
84	3	10	33	47	14	10		0		-1		14	0	0	2	0
276	2	11	36	50	14	10		2		-1		7	0	0	3	0
210	3	10	41	55	14	100		1		-1		15	0	0	1	1
183	2	11	38	52	14	1		2		-1		4	3	0	0	0
96	3	10	53	67	14	100		1		-1		16	0	0	1	1
259	3	10	50	64	14	25		0		-1		21	0	0	1	1
12	2	11	51	65	14	25		2		-1		4	0	0	3	0
3	3	10	50	64	14	10		0		-1		16	0	0	2	0
278	2	11	52	66	14	10		2		-1		5	0	0	2	0
13	3	10	58	72	14	100		1		-1		15	0	0	1	1
200	3	10	54	68	14	1		0		-1		14	2	0	0	0
218	2	10	56	70	14	10		24		-1		22	0	0	1	0
142	3	10	55	69	14	1		0		-1		16	2	0	0	0
82	3	10	6	21	15	100		0		-1		13	0	0	1	2
275	2	11	3	18	15	1		2		-1		6	3	0	0	0
294	2	11	4	19	15	1		2		-1		7	3	0	0	0
264	2	11	6	21	15	10		2		-1		8	0	0	2	0
0	2	11	9	24	15	10		2		-1		5	0	0	2	0
170	3	11	9	24	15	1		20		-1		2	3	0	0	0
22	3	10	12	27	15	50		0		-1		14	0	0	0	2
26	0	8	21	36	15	10		24		-1		8	0	0	2	0
47	3	11	17	32	15	1		24		-1		8	2	0	0	0
31	3	10	20	35	15	1		0		-1		0	4	0	0	0
209	2	11	18	33	15	10		2		-1		10	0	0	2	0
26	0	8	21	36	15	10		9		-1		7	1	0	2	0
150	3	10	27	42	15	100		1		-1		17	0	0	0	1
158	2	11	24	39	15	50		8		-1		6	0	0	1	1
158	2	11	24	39	15	50		8		-1		8	0	0	1	1
158	2	11	24	39	15	50		8		-1		7	0	0	1	1
280	3	10	29	44	15	1		0		-1		1	4	0	0	0
87	2	11	33	48	15	25		2		-1		3	0	0	3	0
120	2	11	33	48	15	1		2		-1		10	2	0	0	0
293	2	11	36	51	15	25		2		-1		6	0	0	3	0
241	3	10	36	51	15	50		0		-1		16	0	0	0	2
276	2	11	36	51	15	10		2		-1		8	0	0	2	0
210	3	10	41	56	15	100		0		-1		12	0	0	1	2
236	2	11	37	52	15	1		2		-1		5	2	0	0	0
183	2	11	38	53	15	1		2		-1		5	2	0	0	0
129	3	10	43	58	15	100		0		-1		12	0	0	1	2
9	2	11	43	58	15	50		2		-1		3	0	0	3	0
28	3	10	42	57	15	10		0		-1		0	0	0	4	0
96	3	10	53	68	15	100		0		-1		12	0	0	1	2
95	3	10	50	65	15	50		0		-1		13	0	0	1	2
90	2	10	53	68	15	1		24		-1		21	2	0	0	0
12	2	11	51	66	15	25		2		-1		5	0	0	2	0
218	2	10	56	71	15	10		24		-1		21	1	0	1	0
83	2	10	54	69	15	10		24		-1		22	0	0	1	0
13	3	10	58	73	15	100		1		-1		16	0	0	1	1
48	2	11	57	72	15	25		2		-1		5	0	0	2	0
48	2	11	57	72	15	25		8		-1		9	0	0	1	1
132	2	11	60	75	15	1		2		-1		4	3	0	0	0
212	2	11	0	16	16	50		2		-1		4	0	0	3	0
82	3	10	6	22	16	100		0		-1		14	0	0	0	2
275	2	11	3	19	16	1		2		-1		7	3	0	0	0
82	3	10	6	22	16	100		3		-1		3	0	0	0	3
154	3	10	6	22	16	10		0		-1		0	0	0	4	0
256	3	11	8	24	16	1		20		-1		2	3	0	0	0
0	2	11	9	25	16	10		2		-1		6	0	0	3	0
170	3	11	9	25	16	1		8		-1		0	4	0	0	0
22	3	10	12	28	16	50		1		-1		17	0	0	0	1
58	1	9	11	27	16	1		20		-1		12	3	0	0	0
22	3	10	12	28	16	50		3		-1		24	0	0	0	0
41	2	11	16	32	16	50		2		-1		3	0	0	3	0
6	1	9	18	34	16	25		24		-1		8	0	0	1	1
299	0	8	17	33	16	1		9		-1		7	3	0	0	0
31	3	10	20	36	16	1		0		-1		1	4	0	0	0
27	3	11	20	36	16	1		24		-1		8	2	0	0	0
74	2	11	24	40	16	25		2		-1		6	0	0	3	0
150	3	10	27	43	16	100		0		-1		15	0	0	0	2
280	3	10	29	45	16	1		0		-1		3	3	0	0	0
121	2	11	30	46	16	10		2		-1		5	0	0	2	0
291	3	10	37	53	16	100		0		-1		15	0	0	0	2
120	2	11	33	49	16	1		2		-1		12	3	0	0	0
291	3	10	37	53	16	100		3		-1		4	0	0	0	3
293	2	11	36	52	16	25		2		-1		7	0	0	3	0
293	2	11	36	52	16	25		8		-1		9	0	0	1	1
9	2	11	43	59	16	50		2		-1		4	0	0	3	0
222	3	10	49	65	16	10		0		-1		13	0	0	3	0
96	3	10	53	69	16	100		0		-1		13	0	0	1	2
259	3	10	50	66	16	25		0		-1		22	0	0	0	1
278	2	11	52	68	16	10		2		-1		6	0	0	3	0
257	2	10	57	73	16	100		24		-1		21	0	0	2	0
90	2	10	53	69	16	1		24		-1		22	1	0	0	0
285	2	10	57	73	16	100		24		-1		21	0	0	2	0
215	2	11	53	69	16	25		2		-1		5	0	0	2	0
197	2	10	55	71	16	50		24		-1		21	0	0	2	0
200	3	10	54	70	16	1		0		-1		0	4	0	0	0
30	2	11	58	74	16	10		2		-1		4	0	0	3	0
82	3	10	6	23	17	100		1		-1		17	0	0	0	1
67	2	11	2	19	17	10		2		-1		6	0	0	3	0
290	2	11	10	27	17	100		2		-1		1	0	0	3	0
264	2	11	6	23	17	10		2		-1		9	0	0	2	0
154	3	10	6	23	17	10		0		-1		1	0	0	4	0
290	2	11	10	27	17	100		2		-1		0	0	0	3	0
290	2	11	10	27	17	100		2		-1		2	0	0	3	0
179	3	10	10	27	17	25		0		-1		3	0	0	1	2
0	2	11	9	26	17	10		2		-1		7	0	0	3	0
170	3	11	9	26	17	1		9		-1		1	4	0	0	0
152	3	10	15	32	17	50		0		-1		16	0	0	0	2
41	2	11	16	33	17	50		2		-1		4	0	0	3	0
198	3	11	15	32	17	1		24		-1		8	2	0	0	0
32	0	8	24	41	17	25		24		-1		18	0	0	2	0
31	3	10	20	37	17	1		0		-1		2	3	0	0	0
150	3	10	27	44	17	100		3		-1		24	0	0	0	0
74	2	11	24	41	17	25		2		-1		7	0	0	3	0
280	3	10	29	46	17	1		0		-1		4	3	0	0	0
121	2	11	30	47	17	10		2		-1		6	0	0	3	0
291	3	10	37	54	17	100		1		-1		17	0	0	0	1
87	2	11	33	50	17	25		2		-1		4	0	0	3	0
84	3	10	33	50	17	10		0		-1		15	0	0	2	0
276	2	11	36	53	17	10		2		-1		9	0	0	2	0
210	3	10	41	58	17	100		0		-1		13	0	0	1	2
183	2	11	38	55	17	1		2		-1		6	3	0	0	0
129	3	10	43	60	17	100		0		-1		13	0	0	1	2
9	2	11	43	60	17	50		2		-1		5	0	0	2	0
28	3	10	42	59	17	10		0		-1		1	0	0	4	0
96	3	10	53	70	17	100		0		-1		14	0	0	0	2
222	3	10	49	66	17	10		0		-1		14	0	0	2	0
3	3	10	50	67	17	10		0		-1		1	0	0	4	0
83	2	10	54	71	17	10		24		-1		21	1	0	1	0
134	3	10	55	72	17	100		0		-1		12	0	0	1	2
257	2	10	57	74	17	100		24		-1		22	0	0	1	0
278	2	11	52	69	17	10		2		-1		7	0	0	3	0
13	3	10	58	75	17	100		0		-1		13	0	0	1	2
142	3	10	55	72	17	1		1		-1		17	1	0	0	0
48	2	11	57	74	17	25		2		-1		6	0	0	3	0
30	2	11	58	75	17	10		2		-1		5	0	0	2	0
132	2	11	60	77	17	1		2		-1		5	2	0	0	0
67	2	11	2	20	18	10		2		-1		7	0	0	3	0
275	2	11	3	21	18	1		2		-1		8	2	0	0	0
264	2	11	6	24	18	10		8		-1		11	0	0	1	0
256	3	11	8	26	18	1		8		-1		0	4	0	0	0
179	3	10	10	28	18	25		0		-1		0	0	0	1	3
0	2	11	9	27	18	10		2		-1		8	0	0	2	0
152	3	10	15	33	18	50		1		-1		1	0	0	3	1
55	3	11	22	40	18	25		24		-1		13	1	0	1	1
41	2	11	16	34	18	50		2		-1		5	0	0	2	0
262	0	8	20	38	18	100		24		-1		19	0	0	2	0
299	0	8	17	35	18	1		24		-1		8	2	0	0	0
209	2	11	18	36	18	10		2		-1		12	0	0	3	0
31	3	10	20	38	18	1		0		-1		3	3	0	0	0
158	2	11	24	42	18	50		2		-1		1	0	0	3	0
158	2	11	24	42	18	50		2		-1		2	0	0	3	0
158	2	11	24	42	18	50		2		-1		0	0	0	3	0
280	3	10	29	47	18	1		0		-1		6	3	0	0	0
125	2	11	30	48	18	1		2		-1		3	3	0	0	0
121	2	11	30	48	18	10		2		-1		7	0	0	3	0
120	2	11	33	51	18	1		2		-1		13	3	0	0	0
241	3	10	36	54	18	50		0		-1		6	0	0	1	2
210	3	10	41	59	18	100		0		-1		14	0	0	0	2
276	2	11	36	54	18	10		2		-1		10	0	0	2	0
236	2	11	37	55	18	1		2		-1		6	3	0	0	0
183	2	11	38	56	18	1		2		-1		7	3	0	0	0
9	2	11	43	61	18	50		8		-1		10	0	0	1	1
259	3	10	50	68	18	25		0		-1		23	0	0	0	1
96	3	10	53	71	18	100		1		-1		17	0	0	0	1
285	2	10	57	75	18	100		24		-1		22	0	0	1	0
48	2	11	57	75	18	25		2		-1		7	0	0	3	0
30	2	11	58	76	18	10		2		-1		6	0	0	3	0
48	2	11	57	75	18	25		8		-1		10	0	0	1	1
132	2	11	60	78	18	1		2		-1		6	3	0	0	0
212	2	11	0	19	19	50		2		-1		5	0	0	2	0
67	2	11	2	21	19	10		2		-1		8	0	0	2	0
294	2	11	4	23	19	1		2		-1		8	2	0	0	0
275	2	11	3	22	19	1		2		-1		9	2	0	0	0
154	3	10	6	25	19	10		0		-1		2	0	0	3	0
1	2	10	8	27	19	10		24		-1		21	1	0	1	0
256	3	11	8	27	19	1		9		-1		1	4	0	0	0
179	3	10	10	29	19	25		0		-1		1	0	0	1	3
152	3	10	15	34	19	50		0		-1		0	0	0	2	2
41	2	11	16	35	19	50		8		-1		10	0	0	1	1
55	3	11	22	41	19	25		9		-1		12	1	0	1	1
280	3	10	29	48	19	1		0		-1		7	3	0	0	0
87	2	11	33	52	19	25		2		-1		5	0	0	2	0
291	3	10	37	56	19	100		0		-1		0	0	0	1	3
87	2	11	33	52	19	25		8		-1		9	0	0	1	1
120	2	11	33	52	19	1		2		-1		14	2	0	0	0
293	2	11	36	55	19	25		2		-1		8	0	0	2	0
210	3	10	41	60	19	100		1		-1		17	0	0	0	1
28	3	10	42	61	19	10		1		-1		17	0	0	1	0
222	3	10	49	68	19	10		0		-1		16	0	0	2	0
193	2	10	49	68	19	1		24		-1		21	2	0	0	0
95	3	10	50	69	19	50		0		-1		14	0	0	0	2
259	3	10	50	69	19	25		1		-1		17	0	0	0	1
3	3	10	50	69	19	10		0		-1		2	0	0	3	0
12	2	11	51	70	19	25		2		-1		9	0	0	2	0
12	2	11	51	70	19	25		8		-1		11	0	0	1	0
51	2	10	51	70	19	25		24		-1		22	0	0	0	1
13	3	10	58	77	19	100		0		-1		14	0	0	0	2
200	3	10	54	73	19	1		0		-1		1	4	0	0	0
142	3	10	55	74	19	1		0		-1		3	3	0	0	0
13	3	10	58	77	19	100		3		-1		24	0	0	0	0
30	2	11	58	77	19	10		2		-1		7	0	0	3	0
132	2	11	60	79	19	1		2		-1		7	3	0	0	0
75	0	8	4	24	20	1		20		-1		6	3	0	0	0
147	1	9	4	24	20	1		20		-1		6	3	0	0	0
294	2	11	4	24	20	1		2		-1		9	2	0	0	0
1	2	10	8	28	20	10		20		-1		22	0	0	1	0
290	2	11	10	30	20	100		2		-1		3	0	0	3	0
264	2	11	6	26	20	10		2		-1		10	0	0	2	0
152	3	10	15	35	20	50		1		-1		2	0	0	2	1
286	0	8	16	36	20	50		24		-1		5	0	0	1	1
98	0	8	14	34	20	1		24		-1		8	2	0	0	0
152	3	10	15	35	20	50		3		-1		21	0	0	2	0
209	2	11	18	38	20	10		2		-1		13	0	0	3	0
150	3	10	27	47	20	100		1		-1		21	0	0	2	0
84	3	10	33	53	20	10		0		-1		16	0	0	2	0
291	3	10	37	57	20	100		0		-1		1	0	0	1	3
276	2	11	36	56	20	10		2		-1		12	0	0	3	0
129	3	10	43	63	20	100		0		-1		14	0	0	0	2
9	2	11	43	63	20	50		2		-1		9	0	0	2	0
28	3	10	42	62	20	10		0		-1		2	0	0	3	0
9	2	11	43	63	20	50		8		-1		11	0	0	1	0
222	3	10	49	69	20	10		0		-1		0	0	0	4	0
193	2	10	49	69	20	1		24		-1		22	1	0	0	0
3	3	10	50	70	20	10		0		-1		4	0	0	3	0
215	2	11	53	73	20	25		2		-1		6	0	0	3	0
197	2	10	55	75	20	50		24		-1		22	0	0	1	0
278	2	11	52	72	20	10		2		-1		8	0	0	2	0
13	3	10	58	78	20	100		1		-1		17	0	0	0	1
142	3	10	55	75	20	1		0		-1		0	4	0	0	0
82	3	10	6	27	21	100		0		-1		16	0	0	0	2
147	1	9	4	25	21	1		20		-1		7	3	0	0	0
294	2	11	4	25	21	1		2		-1		10	2	0	0	0
290	2	11	10	31	21	100		2		-1		4	0	0	3	0
179	3	10	10	31	21	25		0		-1		6	0	0	2	1
22	3	10	12	33	21	50		0		-1		21	0	0	2	0
284	1	9	13	34	21	10		24		-1		8	0	0	2	0
31	3	10	20	41	21	1		1		-1		17	1	0	0	0
158	2	11	24	45	21	50		2		-1		3	0	0	3	0
150	3	10	27	48	21	100		3		-1		13	0	0	1	2
280	3	10	29	50	21	1		1		-1		2	3	0	0	0
125	2	11	30	51	21	1		2		-1		4	3	0	0	0
84	3	10	33	54	21	10		0		-1		0	0	0	4	0
120	2	11	33	54	21	1		2		-1		15	2	0	0	0
87	2	11	33	54	21	25		2		-1		6	0	0	3	0
293	2	11	36	57	21	25		2		-1		10	0	0	2	0
276	2	11	36	57	21	10		2		-1		13	0	0	3	0
236	2	11	37	58	21	1		2		-1		7	3	0	0	0
183	2	11	38	59	21	1		8		-1		9	2	0	0	0
129	3	10	43	64	21	100		1		-1		16	0	0	1	1
28	3	10	42	63	21	10		0		-1		6	0	0	3	0
222	3	10	49	70	21	10		0		-1		1	0	0	4	0
259	3	10	50	71	21	25		0		-1		3	0	0	2	1
12	2	11	51	72	21	25		2		-1		10	0	0	2	0
134	3	10	55	76	21	100		0		-1		14	0	0	0	2
12	2	11	51	72	21	25		8		-1		12	0	0	2	1
215	2	11	53	74	21	25		2		-1		7	0	0	3	0
3	3	10	50	71	21	10		0		-1		6	0	0	3	0
200	3	10	54	75	21	1		0		-1		2	3	0	0	0
132	2	11	60	81	21	1		2		-1		8	2	0	0	0
30	2	11	58	79	21	10		8		-1		9	0	0	2	0
212	2	11	0	22	22	50		2		-1		9	0	0	2	0
275	2	11	3	25	22	1		2		-1		10	2	0	0	0
82	3	10	6	28	22	100		1		-1		2	0	0	0	3
17	2	10	6	28	22	50		20		-1		22	0	0	0	1
67	2	11	2	24	22	10		2		-1		9	0	0	2	0
154	3	10	6	28	22	10		1		-1		17	0	0	1	0
0	2	11	9	31	22	10		2		-1		9	0	0	2	0
284	1	9	13	35	22	10		24		-1		7	1	0	2	0
6	1	9	18	40	22	25		24		-1		7	1	0	1	1
22	3	10	12	34	22	50		1		-1		6	0	0	2	1
290	2	11	10	32	22	100		8		-1		11	0	0	1	0
196	0	8	11	33	22	1		9		-1		7	3	0	0	0
58	1	9	11	33	22	1		24		-1		8	2	0	0	0
181	3	11	13	35	22	50		24		-1		4	0	0	2	1
179	3	10	10	32	22	25		1		-1		2	0	0	1	2
22	3	10	12	34	22	50		3		-1		7	0	0	2	1
286	0	8	16	38	22	50		9		-1		3	0	0	2	1
41	2	11	16	38	22	50		2		-1		9	0	0	2	0
286	0	8	16	38	22	50		11		-1		4	0	0	2	1
41	2	11	16	38	22	50		8		-1		11	0	0	1	0
209	2	11	18	40	22	10		8		-1		11	0	0	1	0
158	2	11	24	46	22	50		2		-1		4	0	0	3	0
150	3	10	27	49	22	100		0		-1		12	0	0	2	1
74	2	11	24	46	22	25		2		-1		8	0	0	2	0
121	2	11	30	52	22	10		2		-1		8	0	0	2	0
291	3	10	37	59	22	100		1		-1		3	0	0	0	3
120	2	11	33	55	22	1		2		-1		16	2	0	0	0
84	3	10	33	55	22	10		0		-1		1	0	0	4	0
241	3	10	36	58	22	50		0		-1		7	0	0	1	2
291	3	10	37	59	22	100		3		-1		5	0	0	0	2
276	2	11	36	58	22	10		2		-1		14	0	0	2	0
270	2	10	51	73	22	100		24		-1		21	0	0	2	0
130	2	10	49	71	22	50		24		-1		21	0	0	1	1
95	3	10	50	72	22	50		0		-1		16	0	0	0	2
222	3	10	49	71	22	10		0		-1		2	0	0	3	0
96	3	10	53	75	22	100		0		-1		1	0	0	1	3
215	2	11	53	75	22	25		2		-1		8	0	0	2	0
200	3	10	54	76	22	1		0		-1		4	3	0	0	0
13	3	10	58	80	22	100		20		-1		8	0	0	0	2
278	2	11	52	74	22	10		2		-1		9	0	0	2	0
132	2	11	60	82	22	1		2		-1		9	2	0	0	0
212	2	11	0	23	23	50		8		-1		11	0	0	1	0
289	2	10	10	33	23	25		20		-1		22	0	0	1	0
147	1	9	4	27	23	1		20		-1		12	3	0	0	0
275	2	11	3	26	23	1		2		-1		12	3	0	0	0
294	2	11	4	27	23	1		2		-1		12	3	0	0	0
290	2	11	10	33	23	100		2		-1		5	0	0	2	0
264	2	11	6	29	23	10		2		-1		12	0	0	3	0
154	3	10	6	29	23	10		0		-1		4	1	0	2	0
170	3	11	9	32	23	1		24		-1		5	2	0	0	0
168	0	8	13	36	23	10		24		-1		8	0	0	2	0
196	0	8	11	34	23	1		24		-1		8	2	0	0	0
0	2	11	9	32	23	10		2		-1		10	0	0	2	0
168	0	8	13	36	23	10		9		-1		7	1	0	2	0
209	2	11	18	41	23	10		2		-1		14	0	0	2	0
31	3	10	20	43	23	1		0		-1		4	3	0	0	0
158	2	11	24	47	23	50		2		-1		5	0	0	2	0
158	2	11	24	47	23	50		8		-1		10	0	0	1	1
280	3	10	29	52	23	1		3		-1		24	0	0	0	0
291	3	10	37	60	23	100		0		-1		2	0	0	0	3
293	2	11	36	59	23	25		2		-1		12	0	0	3	0
120	2	11	33	56	23	1		2		-1		0	4	0	0	0
210	3	10	41	64	23	100		0		-1		16	0	0	0	2
183	2	11	38	61	23	1		8		-1		10	2	0	0	0
129	3	10	43	66	23	100		0		-1		15	0	0	0	2
270	2	10	51	74	23	100		24		-1		22	0	0	1	0
95	3	10	50	73	23	50		1		-1		17	0	0	0	1
222	3	10	49	72	23	10		0		-1		4	0	0	3	0
12	2	11	51	74	23	25		8		-1		13	0	0	2	1
259	3	10	50	73	23	25		0		-1		6	0	0	2	1
134	3	10	55	78	23	100		1		-1		16	0	0	1	1
142	3	10	55	78	23	1		0		-1		1	4	0	0	0
48	2	11	57	80	23	25		2		-1		8	0	0	2	0
48	2	11	57	80	23	25		8		-1		11	0	0	1	0
132	2	11	60	83	23	1		2		-1		10	2	0	0	0
147	1	9	4	28	24	1		20		-1		13	3	0	0	0
277	2	10	3	27	24	10		24		-1		21	1	0	1	0
294	2	11	4	28	24	1		2		-1		13	3	0	0	0
17	2	10	6	30	24	50		24		-1		21	0	0	1	1
264	2	11	6	30	24	10		2		-1		13	0	0	3	0
256	3	11	8	32	24	1		24		-1		5	2	0	0	0
265	1	9	9	33	24	10		24		-1		5	0	0	2	0
199	1	9	10	34	24	25		24		-1		5	0	0	0	2
8	3	11	13	37	24	100		24		-1		4	0	0	2	1
58	1	9	11	35	24	1		24		-1		13	3	0	0	0
181	3	11	13	37	24	50		24		-1		5	0	0	1	1
152	3	10	15	39	24	50		0		-1		12	0	0	2	1
181	3	11	13	37	24	50		9		-1		3	0	0	2	1
209	2	11	18	42	24	10		2		-1		16	0	0	2	0
31	3	10	20	44	24	1		1		-1		12	3	0	0	0
74	2	11	24	48	24	25		2		-1		9	0	0	2	0
280	3	10	29	53	24	1		18		-1		23	1	0	0	0
125	2	11	30	54	24	1		2		-1		5	2	0	0	0
121	2	11	30	54	24	10		2		-1		9	0	0	2	0
87	2	11	33	57	24	25		2		-1		7	0	0	3	0
84	3	10	33	57	24	10		0		-1		2	0	0	3	0
241	3	10	36	60	24	50		1		-1		21	0	0	2	0
241	3	10	36	60	24	50		3		-1		24	0	0	0	0
293	2	11	36	60	24	25		2		-1		13	0	0	3	0
236	2	11	37	61	24	1		2		-1		8	2	0	0	0
276	2	11	36	60	24	10		2		-1		15	0	0	2	0
183	2	11	38	62	24	1		2		-1		8	2	0	0	0
28	3	10	42	66	24	10		0		-1		7	0	0	3	0
161	2	10	47	71	24	10		24		-1		21	1	0	1	0
161	2	10	47	71	24	10		24		-1		22	0	0	1	0
222	3	10	49	73	24	10		0		-1		6	0	0	3	0
95	3	10	50	74	24	50		3		-1		24	0	0	0	0
215	2	11	53	77	24	25		2		-1		9	0	0	2	0
13	3	10	58	82	24	100		18		-1		22	0	0	1	0
200	3	10	54	78	24	1		1		-1		17	1	0	0	0
142	3	10	55	79	24	1		0		-1		7	3	0	0	0
212	2	11	0	25	25	50		2		-1		10	0	0	2	0
277	2	10	3	28	25	10		20		-1		22	0	0	1	0
82	3	10	6	31	25	100		0		-1		1	0	0	0	4
275	2	11	3	28	25	1		2		-1		13	3	0	0	0
294	2	11	4	29	25	1		2		-1		14	2	0	0	0
264	2	11	6	31	25	10		8		-1		14	0	0	2	0
290	2	11	10	35	25	100		9		-1		15	0	0	1	1
256	3	11	8	33	25	1		9		-1		4	3	0	0	0
22	3	10	12	37	25	50		18		-1		22	0	0	1	0
170	3	11	9	34	25	1		9		-1		4	3	0	0	0
280	3	10	29	54	25	1		19		-1		5	2	0	0	0
125	2	11	30	55	25	1		2		-1		6	3	0	0	0
291	3	10	37	62	25	100		20		-1		10	0	0	1	1
293	2	11	36	61	25	25		2		-1		14	0	0	2	0
293	2	11	36	61	25	25		8		-1		11	0	0	1	0
210	3	10	41	66	25	100		1		-1		21	0	0	2	0
28	3	10	42	67	25	10		1		-1		4	0	0	3	0
51	2	10	51	76	25	25		24		-1		21	1	0	0	1
9	2	11	43	68	25	50		2		-1		12	0	0	3	0
222	3	10	49	74	25	10		0		-1		7	0	0	3	0
130	2	10	49	74	25	50		24		-1		22	0	0	0	1
12	2	11	51	76	25	25		2		-1		15	0	0	2	0
96	3	10	53	78	25	100		0		-1		2	0	0	0	3
12	2	11	51	76	25	25		8		-1		14	0	0	2	0
48	2	11	57	82	25	25		2		-1		12	0	0	3	0
30	2	11	58	83	25	10		2		-1		8	0	0	2	0
132	2	11	60	85	25	1		2		-1		12	3	0	0	0
212	2	11	0	26	26	50		8		-1		12	0	0	2	1
67	2	11	2	28	26	10		2		-1		10	0	0	2	0
265	1	9	9	35	26	10		24		-1		3	1	0	2	0
290	2	11	10	36	26	100		9		-1		16	0	0	1	1
111	3	11	9	35	26	25		24		-1		5	0	0	0	2
179	3	10	10	36	26	25		0		-1		7	0	0	2	1
0	2	11	9	35	26	10		2		-1		12	0	0	3	0
22	3	10	12	38	26	50		19		-1		23	0	0	1	0
152	3	10	15	41	26	50		1		-1		13	0	0	2	1
158	2	11	24	50	26	50		2		-1		9	0	0	2	0
158	2	11	24	50	26	50		8		-1		11	0	0	1	0
150	3	10	27	53	26	100		1		-1		6	0	0	2	1
280	3	10	29	55	26	1		20		-1		8	2	0	0	0
87	2	11	33	59	26	25		2		-1		8	0	0	2	0
84	3	10	33	59	26	10		0		-1		3	0	0	3	0
87	2	11	33	59	26	25		8		-1		11	0	0	1	0
241	3	10	36	62	26	50		20		-1		8	0	0	1	1
236	2	11	37	63	26	1		2		-1		9	2	0	0	0
129	3	10	43	69	26	100		0		-1		0	0	0	1	3
148	2	10	45	71	26	50		24		-1		21	0	0	2	0
28	3	10	42	68	26	10		3		-1		24	0	0	0	0
95	3	10	50	76	26	50		0		-1		21	0	0	2	0
222	3	10	49	75	26	10		1		-1		17	0	0	1	0
3	3	10	50	76	26	10		1		-1		17	0	0	1	0
278	2	11	52	78	26	10		2		-1		10	0	0	2	0
215	2	11	53	79	26	25		2		-1		10	0	0	2	0
13	3	10	58	84	26	100		0		-1		21	0	0	2	0
142	3	10	55	81	26	1		1		-1		4	3	0	0	0
13	3	10	58	84	26	100		24		-1		6	0	0	1	2
82	3	10	6	33	27	100		1		-1		4	0	0	0	3
175	1	9	8	35	27	10		24		-1		3	1	0	2	0
82	3	10	6	33	27	100		3		-1		5	0	0	0	2
67	2	11	2	29	27	10		2		-1		12	0	0	3	0
294	2	11	4	31	27	1		2		-1		15	2	0	0	0
264	2	11	6	33	27	10		2		-1		15	0	0	2	0
175	1	9	8	35	27	10		24		-1		5	0	0	2	0
154	3	10	6	33	27	10		0		-1		7	0	0	3	0
8	3	11	13	40	27	100		24		-1		5	0	0	1	1
265	1	9	9	36	27	10		11		-1		4	1	0	2	0
179	3	10	10	37	27	25		3		-1		24	0	0	0	0
8	3	11	13	40	27	100		9		-1		3	0	0	2	1
152	3	10	15	42	27	50		0		-1		3	0	0	2	1
41	2	11	16	43	27	50		2		-1		12	0	0	3	0
31	3	10	20	47	27	1		0		-1		13	3	0	0	0
209	2	11	18	45	27	10		8		-1		15	0	0	2	0
158	2	11	24	51	27	50		9		-1		17	0	0	1	0
74	2	11	24	51	27	25		2		-1		10	0	0	2	0
125	2	11	30	57	27	1		2		-1		7	3	0	0	0
84	3	10	33	60	27	10		1		-1		17	0	0	1	0
291	3	10	37	64	27	100		1		-1		21	0	0	2	0
120	2	11	33	60	27	1		2		-1		1	4	0	0	0
236	2	11	37	64	27	1		2		-1		10	2	0	0	0
183	2	11	38	65	27	1		2		-1		12	3	0	0	0
217	2	10	42	69	27	10		24		-1		22	0	0	1	0
148	2	10	45	72	27	50		24		-1		22	0	0	1	0
222	3	10	49	76	27	10		3		-1		24	0	0	0	0
12	2	11	51	78	27	25		2		-1		16	0	0	2	0
278	2	11	52	79	27	10		2		-1		12	0	0	3	0
3	3	10	50	77	27	10		0		-1		7	0	0	3	0
13	3	10	58	85	27	100		19		-1		23	0	0	1	0
12	2	11	51	78	27	25		9		-1		17	0	0	1	0
142	3	10	55	82	27	1		12		-1		15	2	0	0	0
48	2	11	57	84	27	25		2		-1		13	0	0	3	0
200	3	10	54	81	27	1		0		-1		7	3	0	0	0
60	2	10	58	85	27	1		20		-1		14	2	0	0	0
48	2	11	57	84	27	25		8		-1		15	0	0	2	0
68	3	11	58	85	27	1		9		-1		2	3	0	0	0
147	1	9	4	32	28	1		24		-1		8	2	0	0	0
110	1	9	6	34	28	25		24		-1		5	0	0	0	2
275	2	11	3	31	28	1		2		-1		14	2	0	0	0
171	0	8	8	36	28	10		9		-1		3	1	0	2	0
175	1	9	8	36	28	10		11		-1		4	1	0	2	0
22	3	10	12	40	28	50		1		-1		0	0	0	2	2
0	2	11	9	37	28	10		2		-1		13	0	0	3	0
152	3	10	15	43	28	50		19		-1		23	0	0	1	0
41	2	11	16	44	28	50		2		-1		13	0	0	3	0
31	3	10	20	48	28	1		3		-1		24	0	0	0	0
150	3	10	27	55	28	100		0		-1		7	0	0	2	1
121	2	11	30	58	28	10		2		-1		10	0	0	2	0
125	2	11	30	58	28	1		8		-1		9	2	0	0	0
87	2	11	33	61	28	25		2		-1		10	0	0	2	0
84	3	10	33	61	28	10		0		-1		6	0	0	3	0
87	2	11	33	61	28	25		8		-1		12	0	0	2	1
291	3	10	37	65	28	100		0		-1		12	0	0	2	1
276	2	11	36	64	28	10		2		-1		16	0	0	2	0
293	2	11	36	64	28	25		8		-1		16	0	0	2	0
210	3	10	41	69	28	100		0		-1		0	0	0	1	3
9	2	11	43	71	28	50		2		-1		13	0	0	3	0
259	3	10	50	78	28	25		1		-1		4	0	0	2	1
95	3	10	50	78	28	50		1		-1		7	0	0	1	2
96	3	10	53	81	28	100		0		-1		4	0	0	0	3
134	3	10	55	83	28	100		0		-1		15	0	0	0	2
278	2	11	52	80	28	10		2		-1		13	0	0	3	0
215	2	11	53	81	28	25		2		-1		12	0	0	3	0
142	3	10	55	83	28	1		3		-1		24	0	0	0	0
44	7	9	59	87	28	10		20		-1		1	1	0	3	0
30	2	11	58	86	28	10		8		-1		11	0	0	1	0
60	2	10	58	86	28	1		1		-1		12	3	0	0	0
132	2	11	60	88	28	1		2		-1		13	3	0	0	0
212	2	11	0	29	29	50		2		-1		15	0	0	2	0
212	2	11	0	29	29	50		8		-1		14	0	0	2	0
294	2	11	4	33	29	1		2		-1		16	2	0	0	0
75	0	8	4	33	29	1		24		-1		8	2	0	0	0
290	2	11	10	39	29	100		2		-1		10	0	0	2	0
171	0	8	8	37	29	10		11		-1		4	1	0	2	0
264	2	11	6	35	29	10		8		-1		16	0	0	2	0
22	3	10	12	41	29	50		3		-1		1	0	0	2	2
152	3	10	15	44	29	50		1		-1		4	0	0	2	1
150	3	10	27	56	29	100		20		-1		14	0	0	1	1
125	2	11	30	59	29	1		2		-1		8	2	0	0	0
280	3	10	29	58	29	1		25		-1		15	2	0	0	0
84	3	10	33	62	29	10		1		-1		7	0	0	3	0
121	2	11	30	59	29	10		2		-1		15	0	0	2	0
120	2	11	33	62	29	1		2		-1		2	3	0	0	0
291	3	10	37	66	29	100		3		-1		13	0	0	2	1
276	2	11	36	65	29	10		8		-1		11	0	0	1	0
129	3	10	43	72	29	100		0		-1		1	0	0	1	3
217	2	10	42	71	29	10		24		-1		21	1	0	1	0
183	2	11	38	67	29	1		2		-1		13	3	0	0	0
28	3	10	42	71	29	10		0		-1		21	2	0	0	0
259	3	10	50	79	29	25		0		-1		7	0	0	2	1
134	3	10	55	84	29	100		1		-1		17	0	0	0	1
278	2	11	52	81	29	10		8		-1		11	0	0	1	0
96	3	10	53	82	29	100		3		-1		5	0	0	0	2
134	3	10	55	84	29	100		3		-1		24	0	0	0	0
140	1	9	55	84	29	1		20		-1		0	3	0	0	0
140	1	9	55	84	29	1		20		-1		2	3	0	0	0
142	3	10	55	84	29	1		18		-1		22	1	0	0	0
140	1	9	55	84	29	1		20		-1		1	3	0	0	0
132	2	11	60	89	29	1		2		-1		14	2	0	0	0
283	3	11	60	89	29	10		2		-1		0	1	0	3	0
212	2	11	0	30	30	50		9		-1		17	0	0	1	0
199	1	9	10	40	30	25		24		-1		3	1	0	0	2
237	0	8	11	41	30	25		24		-1		8	0	0	0	2
294	2	11	4	34	30	1		8		-1		11	1	0	0	0
154	3	10	6	36	30	10		3		-1		13	2	0	1	0
290	2	11	10	40	30	100		8		-1		13	0	0	2	1
41	2	11	16	46	30	50		8		-1		15	0	0	2	0
152	3	10	15	45	30	50		20		-1		6	0	0	2	1
209	2	11	18	48	30	10		24		-1		21	1	0	1	0
31	3	10	20	50	30	1		12		-1		22	1	0	0	0
125	2	11	30	60	30	1		2		-1		10	2	0	0	0
84	3	10	33	63	30	10		3		-1		24	0	0	0	0
120	2	11	33	63	30	1		2		-1		3	3	0	0	0
276	2	11	36	66	30	10		8		-1		21	1	0	1	0
236	2	11	37	67	30	1		2		-1		12	3	0	0	0
129	3	10	43	73	30	100		0		-1		2	0	0	0	3
96	3	10	53	83	30	100		1		-1		3	0	0	0	3
259	3	10	50	80	30	25		3		-1		24	0	0	0	0
278	2	11	52	82	30	10		2		-1		14	0	0	2	0
215	2	11	53	83	30	25		2		-1		13	0	0	3	0
142	3	10	55	85	30	1		19		-1		23	1	0	0	0
48	2	11	57	87	30	25		2		-1		14	0	0	2	0
13	3	10	58	88	30	100		1		-1		7	0	0	1	2
48	2	11	57	87	30	25		8		-1		16	0	0	2	0
53	1	9	60	90	30	50		20		-1		0	0	0	1	2
53	1	9	60	90	30	50		20		-1		2	0	0	1	2
283	3	11	60	90	30	10		20		-1		3	1	0	2	0
53	1	9	60	90	30	50		20		-1		1	0	0	1	2
30	2	11	58	88	30	10		2		-1		10	0	0	2	0
132	2	11	60	90	30	1		2		-1		16	2	0	0	0
283	3	11	60	90	30	10		9		-1		2	1	0	2	0
111	3	11	9	40	31	25		24		-1		4	1	0	0	2
81	1	9	2	33	31	10		24		-1		8	0	0	2	0
82	3	10	6	37	31	100		0		-1		21	0	0	2	0
67	2	11	2	33	31	10		2		-1		13	0	0	3	0
211	3	11	6	37	31	100		24		-1		4	0	0	1	2
294	2	11	4	35	31	1		9		-1		17	1	0	0	0
154	3	10	6	37	31	10		1		-1		6	0	0	3	0
171	0	8	8	39	31	10		24		-1		5	0	0	2	0
0	2	11	9	40	31	10		2		-1		14	0	0	2	0
237	0	8	11	42	31	25		9		-1		7	1	0	0	2
22	3	10	12	43	31	50		20		-1		2	0	0	1	2
209	2	11	18	49	31	10		9		-1		17	0	0	1	0
158	2	11	24	55	31	50		2		-1		15	0	0	2	0
74	2	11	24	55	31	25		2		-1		15	0	0	2	0
74	2	11	24	55	31	25		8		-1		11	0	0	1	0
158	2	11	24	55	31	50		8		-1		16	0	0	2	0
87	2	11	33	64	31	25		2		-1		15	0	0	2	0
125	2	11	30	61	31	1		2		-1		15	2	0	0	0
87	2	11	33	64	31	25		8		-1		14	0	0	2	0
293	2	11	36	67	31	25		2		-1		15	0	0	2	0
276	2	11	36	67	31	10		9		-1		17	0	0	1	0
236	2	11	37	68	31	1		2		-1		13	3	0	0	0
183	2	11	38	69	31	1		2		-1		14	2	0	0	0
169	2	10	42	73	31	100		24		-1		21	0	0	2	0
222	3	10	49	80	31	10		12		-1		15	1	0	1	0
95	3	10	50	81	31	50		18		-1		22	0	0	1	0
222	3	10	49	80	31	10		18		-1		22	0	0	1	0
3	3	10	50	81	31	10		3		-1		24	0	0	0	0
278	2	11	52	83	31	10		8		-1		15	0	0	2	0
40	7	9	53	84	31	1		20		-1		6	3	0	0	0
200	3	10	54	85	31	1		3		-1		24	0	0	0	0
140	1	9	55	86	31	1		20		-1		3	3	0	0	0
48	2	11	57	88	31	25		9		-1		17	0	0	1	0
68	3	11	58	89	31	1		2		-1		0	4	0	0	0
60	2	10	58	89	31	1		3		-1		13	3	0	0	0
132	2	11	60	91	31	1		8		-1		11	1	0	0	0
212	2	11	0	32	32	50		2		-1		13	0	0	3	0
82	3	10	6	38	32	100		18		-1		22	0	0	1	0
67	2	11	2	34	32	10		2		-1		14	0	0	2	0
190	0	8	6	38	32	100		24		-1		5	0	0	0	2
211	3	11	6	38	32	100		24		-1		5	0	0	0	2
275	2	11	3	35	32	1		2		-1		15	2	0	0	0
294	2	11	4	36	32	1		24		-1		21	2	0	0	0
261	0	8	6	38	32	50		9		-1		3	0	0	1	2
199	1	9	10	42	32	25		11		-1		4	1	0	0	2
41	2	11	16	48	32	50		2		-1		14	0	0	2	0
41	2	11	16	48	32	50		9		-1		17	0	0	1	0
31	3	10	20	52	32	1		18		-1		23	1	0	0	0
74	2	11	24	56	32	25		8		-1		12	1	0	1	1
210	3	10	41	73	32	100		0		-1		1	0	0	1	3
293	2	11	36	68	32	25		8		-1		21	1	0	1	0
129	3	10	43	75	32	100		1		-1		17	0	0	0	1
183	2	11	38	70	32	1		2		-1		15	2	0	0	0
129	3	10	43	75	32	100		3		-1		5	0	0	0	2
9	2	11	43	75	32	50		2		-1		14	0	0	2	0
95	3	10	50	82	32	50		19		-1		23	0	0	1	0
259	3	10	50	82	32	25		18		-1		5	0	0	1	1
222	3	10	49	81	32	10		19		-1		23	0	0	1	0
278	2	11	52	84	32	10		2		-1		16	0	0	2	0
215	2	11	53	85	32	25		2		-1		14	0	0	2	0
228	0	8	53	85	32	1		9		-1		1	4	0	0	0
200	3	10	54	86	32	1		12		-1		15	2	0	0	0
142	3	10	55	87	32	1		20		-1		5	2	0	0	0
20	3	11	60	92	32	100		20		-1		3	0	0	1	2
18	1	9	58	90	32	25		20		-1		5	0	0	0	2
90	2	10	53	85	32	1		20		-1		14	2	0	0	0
30	2	11	58	90	32	10		8		-1		15	0	0	2	0
53	1	9	60	92	32	50		11		-1		3	0	0	1	2
283	3	11	60	92	32	10		8		-1		1	1	0	3	0
81	1	9	2	35	33	10		24		-1		7	1	0	2	0
212	2	11	0	33	33	50		8		-1		16	0	0	2	0
242	3	11	2	35	33	50		24		-1		8	0	0	0	2
67	2	11	2	35	33	10		2		-1		15	0	0	2	0
82	3	10	6	39	33	100		19		-1		23	0	0	1	0
104	0	8	2	35	33	10		24		-1		8	0	0	2	0
275	2	11	3	36	33	1		8		-1		11	1	0	0	0
261	0	8	6	39	33	50		11		-1		4	0	0	1	2
264	2	11	6	39	33	10		9		-1		17	0	0	1	0
0	2	11	9	42	33	10		2		-1		15	0	0	2	0
111	3	11	9	42	33	25		9		-1		3	1	0	0	2
41	2	11	16	49	33	50		8		-1		16	0	0	2	0
121	2	11	30	63	33	10		2		-1		16	0	0	2	0
87	2	11	33	66	33	25		2		-1		13	0	0	3	0
120	2	11	33	66	33	1		2		-1		4	3	0	0	0
210	3	10	41	74	33	100		0		-1		2	0	0	0	3
236	2	11	37	70	33	1		2		-1		14	2	0	0	0
129	3	10	43	76	33	100		0		-1		3	0	0	0	3
210	3	10	41	74	33	100		3		-1		24	0	0	0	0
28	3	10	42	75	33	10		12		-1		22	1	0	0	0
9	2	11	43	76	33	50		8		-1		15	0	0	2	0
95	3	10	50	83	33	50		20		-1		8	0	0	0	2
259	3	10	50	83	33	25		19		-1		8	0	0	1	1
134	3	10	55	88	33	100		0		-1		21	0	0	2	0
182	0	8	52	85	33	1		9		-1		1	4	0	0	0
278	2	11	52	85	33	10		9		-1		17	0	0	1	0
142	3	10	55	88	33	1		24		-1		2	3	0	0	0
123	3	11	59	92	33	100		20		-1		3	0	0	1	2
20	3	11	60	93	33	100		20		-1		4	0	0	1	2
140	1	9	55	88	33	1		20		-1		5	2	0	0	0
85	1	9	56	89	33	25		20		-1		5	0	0	0	2
30	2	11	58	91	33	10		2		-1		16	0	0	2	0
68	3	11	58	91	33	1		9		-1		3	3	0	0	0
132	2	11	60	93	33	1		9		-1		17	1	0	0	0
283	3	11	60	93	33	10		20		-1		5	0	0	2	0
110	1	9	6	40	34	25		24		-1		3	1	0	0	2
156	0	8	2	36	34	50		24		-1		8	0	0	0	2
67	2	11	2	36	34	10		2		-1		16	0	0	2	0
264	2	11	6	40	34	10		24		-1		21	1	0	1	0
0	2	11	9	43	34	10		2		-1		16	0	0	2	0
31	3	10	20	54	34	1		19		-1		5	2	0	0	0
74	2	11	24	58	34	25		2		-1		16	0	0	2	0
120	2	11	33	67	34	1		8		-1		11	1	0	0	0
87	2	11	33	67	34	25		8		-1		16	0	0	2	0
210	3	10	41	75	34	100		1		-1		3	0	0	0	3
236	2	11	37	71	34	1		8		-1		11	1	0	0	0
210	3	10	41	75	34	100		20		-1		5	0	0	0	2
183	2	11	38	72	34	1		2		-1		16	2	0	0	0
18	1	9	58	92	34	25		20		-1		1	1	0	0	2
18	1	9	58	92	34	25		20		-1		2	1	0	0	2
95	3	10	50	84	34	50		24		-1		6	0	0	1	2
134	3	10	55	89	34	100		18		-1		22	0	0	1	0
182	0	8	52	86	34	1		2		-1		0	4	0	0	0
18	1	9	58	92	34	25		20		-1		0	1	0	0	2
96	3	10	53	87	34	100		0		-1		21	0	0	2	0
200	3	10	54	88	34	1		18		-1		22	1	0	0	0
142	3	10	55	89	34	1		25		-1		8	2	0	0	0
184	0	8	58	92	34	50		20		-1		4	0	0	1	2
234	0	8	60	94	34	100		20		-1		4	0	0	1	2
13	3	10	58	92	34	100		25		-1		9	0	0	1	1
20	3	11	60	94	34	100		20		-1		5	0	0	0	2
244	1	9	56	90	34	25		20		-1		5	0	0	0	2
123	3	11	59	93	34	100		20		-1		4	0	0	1	2
30	2	11	58	92	34	10		8		-1		12	1	0	2	0
68	3	11	58	92	34	1		2		-1		4	3	0	0	0
132	2	11	60	94	34	1		20		-1		15	2	0	0	0
233	1	9	3	38	35	100		24		-1		8	0	0	0	2
242	3	11	2	37	35	50		9		-1		7	0	0	1	2
67	2	11	2	37	35	10		8		-1		11	0	0	1	0
82	3	10	6	41	35	100		25		-1		10	0	0	1	1
275	2	11	3	38	35	1		2		-1		16	2	0	0	0
261	0	8	6	41	35	50		24		-1		5	0	0	0	2
154	3	10	6	41	35	10		12		-1		14	1	0	1	0
110	1	9	6	41	35	25		11		-1		4	1	0	0	2
154	3	10	6	41	35	10		18		-1		22	0	0	1	0
211	3	11	6	41	35	100		9		-1		3	0	0	1	2
290	2	11	10	45	35	100		2		-1		12	0	0	3	0
41	2	11	16	51	35	50		24		-1		21	0	0	2	0
158	2	11	24	59	35	50		2		-1		13	0	0	3	0
158	2	11	24	59	35	50		9		-1		12	0	0	3	0
74	2	11	24	59	35	25		8		-1		13	1	0	1	1
84	3	10	33	68	35	10		18		-1		23	0	0	1	0
125	2	11	30	65	35	1		8		-1		11	1	0	0	0
70	2	10	33	68	35	1		24		-1		0	3	0	0	0
70	2	10	33	68	35	1		24		-1		2	3	0	0	0
70	2	10	33	68	35	1		24		-1		1	3	0	0	0
120	2	11	33	68	35	1		9		-1		17	1	0	0	0
293	2	11	36	71	35	25		9		-1		17	0	0	1	0
9	2	11	43	78	35	50		2		-1		16	0	0	2	0
9	2	11	43	78	35	50		9		-1		17	0	0	1	0
222	3	10	49	84	35	10		20		-1		5	0	0	2	0
134	3	10	55	90	35	100		19		-1		23	0	0	1	0
182	0	8	52	87	35	1		9		-1		2	3	0	0	0
3	3	10	50	85	35	10		18		-1		22	0	0	1	0
228	0	8	53	88	35	1		11		-1		3	3	0	0	0
215	2	11	53	88	35	25		2		-1		15	0	0	2	0
200	3	10	54	89	35	1		19		-1		23	1	0	0	0
184	0	8	58	93	35	50		9		-1		1	0	0	2	2
234	0	8	60	95	35	100		20		-1		5	0	0	0	2
123	3	11	59	94	35	100		20		-1		5	0	0	0	2
53	1	9	60	95	35	50		8		-1		4	0	0	1	2
214	3	11	1	37	36	50		24		-1		8	0	0	0	2
104	0	8	2	38	36	10		9		-1		7	1	0	2	0
67	2	11	2	38	36	10		9		-1		17	0	0	1	0
190	0	8	6	42	36	100		9		-1		3	0	0	1	2
190	0	8	6	42	36	100		11		-1		4	0	0	1	2
275	2	11	3	39	36	1		9		-1		17	1	0	0	0
154	3	10	6	42	36	10		19		-1		23	0	0	1	0
179	3	10	10	46	36	25		20		-1		4	1	0	0	2
290	2	11	10	46	36	100		8		-1		14	0	0	2	0
74	2	11	24	60	36	25		9		-1		17	0	0	1	0
280	3	10	29	65	36	1		12		-1		22	1	0	0	0
269	2	10	37	73	36	100		24		-1		21	0	0	2	0
87	2	11	33	69	36	25		9		-1		17	0	0	1	0
169	2	10	42	78	36	100		24		-1		22	0	0	1	0
129	3	10	43	79	36	100		1		-1		4	0	0	0	3
236	2	11	37	73	36	1		2		-1		15	2	0	0	0
28	3	10	42	78	36	10		18		-1		23	0	0	1	0
85	1	9	56	92	36	25		20		-1		1	1	0	0	2
244	1	9	56	92	36	25		20		-1		0	1	0	0	2
244	1	9	56	92	36	25		20		-1		2	1	0	0	2
3	3	10	50	86	36	10		12		-1		0	1	0	3	0
85	1	9	56	92	36	25		20		-1		0	1	0	0	2
244	1	9	56	92	36	25		20		-1		1	1	0	0	2
259	3	10	50	86	36	25		20		-1		9	0	0	0	2
193	2	10	49	85	36	1		20		-1		14	2	0	0	0
85	1	9	56	92	36	25		20		-1		2	1	0	0	2
182	0	8	52	88	36	1		9		-1		3	3	0	0	0
134	3	10	55	91	36	100		24		-1		6	0	0	1	2
140	1	9	55	91	36	1		11		-1		4	3	0	0	0
30	2	11	58	94	36	10		9		-1		17	0	0	1	0
283	3	11	60	96	36	10		9		-1		4	0	0	3	0
57	1	9	0	37	37	100		24		-1		7	0	0	1	2
292	3	11	1	38	37	100		24		-1		8	0	0	0	2
156	0	8	2	39	37	50		9		-1		7	0	0	1	2
214	3	11	1	38	37	50		9		-1		7	0	0	1	2
67	2	11	2	39	37	10		24		-1		21	1	0	1	0
179	3	10	10	47	37	25		12		-1		10	1	0	0	1
154	3	10	6	43	37	10		20		-1		3	1	0	2	0
0	2	11	9	46	37	10		8		-1		11	0	0	1	0
31	3	10	20	57	37	1		20		-1		6	3	0	0	0
158	2	11	24	61	37	50		24		-1		14	0	0	2	0
125	2	11	30	67	37	1		2		-1		16	2	0	0	0
84	3	10	33	70	37	10		12		-1		22	1	0	0	0
121	2	11	30	67	37	10		8		-1		11	0	0	1	0
4	2	10	36	73	37	100		24		-1		21	0	0	2	0
70	2	10	33	70	37	1		0		-1		4	3	0	0	0
269	2	10	37	74	37	100		24		-1		22	0	0	1	0
84	3	10	33	70	37	10		0		-1		21	2	0	0	0
33	1	9	50	87	37	10		20		-1		0	1	0	2	0
33	1	9	50	87	37	10		20		-1		2	1	0	2	0
33	1	9	50	87	37	10		20		-1		1	1	0	2	0
149	7	9	48	85	37	1		20		-1		6	3	0	0	0
193	2	10	49	86	37	1		1		-1		12	3	0	0	0
259	3	10	50	87	37	25		25		-1		10	0	0	1	1
208	3	11	58	95	37	25		20		-1		9	0	0	0	2
18	1	9	58	95	37	25		20		-1		3	1	0	0	2
102	1	9	55	92	37	100		20		-1		0	0	0	1	2
102	1	9	55	92	37	100		20		-1		2	0	0	1	2
102	1	9	55	92	37	100		20		-1		1	0	0	1	2
182	0	8	52	89	37	1		11		-1		4	3	0	0	0
228	0	8	53	90	37	1		2		-1		0	4	0	0	0
222	3	10	49	86	37	10		24		-1		3	1	0	2	0
90	2	10	53	90	37	1		1		-1		12	3	0	0	0
200	3	10	54	91	37	1		24		-1		3	3	0	0	0
184	0	8	58	95	37	50		9		-1		2	0	0	1	2
234	0	8	60	97	37	100		9		-1		1	0	0	2	2
215	2	11	53	90	37	25		8		-1		11	0	0	1	0
123	3	11	59	96	37	100		9		-1		2	0	0	1	2
20	3	11	60	97	37	100		9		-1		2	0	0	1	2
53	1	9	60	97	37	50		20		-1		5	0	0	0	2
30	2	11	58	95	37	10		2		-1		13	2	0	1	0
57	1	9	0	38	38	100		24		-1		8	0	0	0	2
275	2	11	3	41	38	1		24		-1		21	2	0	0	0
0	2	11	9	47	38	10		9		-1		17	0	0	1	0
74	2	11	24	62	38	25		24		-1		14	1	0	1	0
287	2	10	33	71	38	10		24		-1		1	1	0	2	0
125	2	11	30	68	38	1		9		-1		17	1	0	0	0
287	2	10	33	71	38	10		24		-1		2	1	0	2	0
287	2	10	33	71	38	10		24		-1		0	1	0	2	0
287	2	10	33	71	38	10		24		-1		5	0	0	2	0
129	3	10	43	81	38	100		0		-1		21	0	0	2	0
183	2	11	38	76	38	1		8		-1		11	1	0	0	0
28	3	10	42	80	38	10		19		-1		5	0	0	2	0
244	1	9	56	94	38	25		20		-1		3	1	0	0	2
248	1	9	54	92	38	100		20		-1		0	0	0	1	2
248	1	9	54	92	38	100		20		-1		2	0	0	1	2
193	2	10	49	87	38	1		3		-1		13	3	0	0	0
163	7	9	51	89	38	10		20		-1		1	1	0	3	0
248	1	9	54	92	38	100		20		-1		1	0	0	1	2
96	3	10	53	91	38	100		18		-1		22	0	0	1	0
228	0	8	53	91	38	1		9		-1		2	3	0	0	0
134	3	10	55	93	38	100		25		-1		9	0	0	1	1
90	2	10	53	91	38	1		3		-1		13	3	0	0	0
200	3	10	54	92	38	1		25		-1		8	2	0	0	0
184	0	8	58	96	38	50		2		-1		0	0	0	2	2
184	0	8	58	96	38	50		20		-1		5	0	0	0	2
68	3	11	58	96	38	1		8		-1		1	4	0	0	0
234	0	8	60	98	38	100		9		-1		2	0	0	1	2
292	3	11	1	40	39	100		9		-1		7	0	0	1	2
179	3	10	10	49	39	25		18		-1		22	0	0	1	0
31	3	10	20	59	39	1		25		-1		14	2	0	0	0
84	3	10	33	72	39	10		19		-1		5	0	0	2	0
125	2	11	30	69	39	1		8		-1		13	3	0	0	0
70	2	10	33	72	39	1		20		-1		3	3	0	0	0
4	2	10	36	75	39	100		24		-1		22	0	0	1	0
210	3	10	41	80	39	100		0		-1		6	0	0	2	1
241	3	10	36	75	39	50		0		-1		1	0	0	3	1
129	3	10	43	82	39	100		18		-1		22	0	0	1	0
33	1	9	50	89	39	10		20		-1		3	1	0	2	0
244	1	9	56	95	39	25		20		-1		4	1	0	0	2
95	3	10	50	89	39	50		25		-1		9	0	0	1	1
61	1	9	53	92	39	100		20		-1		0	0	0	1	2
61	1	9	53	92	39	100		20		-1		2	0	0	1	2
61	1	9	53	92	39	100		20		-1		1	0	0	1	2
3	3	10	50	89	39	10		19		-1		23	0	0	1	0
182	0	8	52	91	39	1		20		-1		5	2	0	0	0
228	0	8	53	92	39	1		11		-1		4	3	0	0	0
102	1	9	55	94	39	100		20		-1		5	0	0	0	2
184	0	8	58	97	39	50		11		-1		3	0	0	1	2
68	3	11	58	97	39	1		20		-1		5	2	0	0	0
18	1	9	58	97	39	25		11		-1		4	1	0	0	2
37	0	8	1	41	40	25		24		-1		8	0	0	0	2
233	1	9	3	43	40	100		8		-1		7	0	0	1	2
290	2	11	10	50	40	100		9		-1		17	0	0	1	0
0	2	11	9	49	40	10		24		-1		21	1	0	1	0
280	3	10	29	69	40	1		24		-1		14	2	0	0	0
121	2	11	30	70	40	10		9		-1		17	0	0	1	0
287	2	10	33	73	40	10		0		-1		4	1	0	2	0
236	2	11	37	77	40	1		8		-1		16	2	0	0	0
210	3	10	41	81	40	100		18		-1		22	0	0	1	0
28	3	10	42	82	40	10		20		-1		8	0	0	2	0
129	3	10	43	83	40	100		19		-1		23	0	0	1	0
206	0	8	46	86	40	1		9		-1		6	3	0	0	0
33	1	9	50	90	40	10		20		-1		4	1	0	2	0
3	3	10	50	90	40	10		24		-1		3	1	0	2	0
228	0	8	53	93	40	1		20		-1		5	2	0	0	0
102	1	9	55	95	40	100		11		-1		3	0	0	1	2
85	1	9	56	96	40	25		11		-1		3	1	0	0	2
20	3	11	60	100	40	100		8		-1		1	0	0	2	2
37	0	8	1	42	41	25		9		-1		7	1	0	0	2
154	3	10	6	47	41	10		25		-1		8	0	0	2	0
287	2	10	33	74	41	10		20		-1		3	1	0	2	0
84	3	10	33	74	41	10		20		-1		8	0	0	2	0
70	2	10	33	74	41	1		24		-1		5	2	0	0	0
28	3	10	42	83	41	10		25		-1		9	0	0	2	0
206	0	8	46	87	41	1		9		-1		7	3	0	0	0
33	1	9	50	91	41	10		20		-1		5	0	0	2	0
248	1	9	54	95	41	100		20		-1		5	0	0	0	2
3	3	10	50	91	41	10		25		-1		8	0	0	2	0
96	3	10	53	94	41	100		19		-1		23	0	0	1	0
215	2	11	53	94	41	25		9		-1		17	0	0	1	0
30	2	11	58	99	41	10		20		-1		14	1	0	1	0
183	2	11	38	80	42	1		9		-1		17	1	0	0	0
206	0	8	46	88	42	1		20		-1		8	2	0	0	0
178	7	9	45	87	42	10		20		-1		1	1	0	3	0
119	0	8	50	92	42	50		20		-1		4	0	0	1	2
61	1	9	53	95	42	100		20		-1		5	0	0	0	2
61	1	9	53	95	42	100		11		-1		3	0	0	1	2
222	3	10	49	91	42	10		25		-1		8	0	0	2	0
248	1	9	54	96	42	100		11		-1		3	0	0	1	2
85	1	9	56	98	42	25		8		-1		4	1	0	0	2
123	3	11	59	101	42	100		8		-1		1	0	0	2	2
234	0	8	60	102	42	100		2		-1		0	0	0	2	2
179	3	10	10	53	43	25		19		-1		23	0	0	1	0
227	1	9	44	87	43	10		20		-1		6	1	0	2	0
247	0	8	42	85	43	1		9		-1		6	3	0	0	0
123	3	11	59	102	43	100		2		-1		0	0	0	2	2
290	2	11	10	54	44	100		24		-1		21	0	0	2	0
176	2	10	26	70	44	25		24		-1		14	1	0	1	0
291	3	10	37	81	44	100		18		-1		22	0	0	1	0
241	3	10	36	80	44	50		0		-1		2	0	0	2	1
236	2	11	37	81	44	1		9		-1		17	1	0	0	0
227	1	9	44	88	44	10		20		-1		7	1	0	2	0
72	3	11	46	90	44	50		20		-1		3	0	0	1	2
119	0	8	50	94	44	50		9		-1		1	0	0	2	2
234	0	8	60	104	44	100		11		-1		3	0	0	1	2
291	3	10	37	82	45	100		25		-1		14	0	0	1	1
241	3	10	36	81	45	50		1		-1		3	0	0	2	1
210	3	10	41	86	45	100		1		-1		7	0	0	2	1
210	3	10	41	86	45	100		24		-1		4	0	0	1	2
227	1	9	44	89	45	10		20		-1		8	0	0	2	0
129	3	10	43	88	45	100		25		-1		10	0	0	1	1
247	0	8	42	87	45	1		9		-1		7	3	0	0	0
250	0	8	49	94	45	100		20		-1		4	0	0	1	2
96	3	10	53	98	45	100		25		-1		10	0	0	1	1
102	1	9	55	100	45	100		8		-1		4	0	0	1	2
215	2	11	53	98	45	25		20		-1		16	1	0	1	0
20	3	11	60	105	45	100		2		-1		0	0	0	2	2
179	3	10	10	56	46	25		25		-1		8	0	0	1	1
29	2	10	25	71	46	10		24		-1		12	2	0	1	0
29	2	10	25	71	46	10		24		-1		14	1	0	1	0
84	3	10	33	79	46	10		25		-1		9	0	0	2	0
291	3	10	37	83	46	100		19		-1		23	0	0	1	0
210	3	10	41	87	46	100		19		-1		23	0	0	1	0
49	3	11	44	90	46	50		20		-1		3	0	0	1	2
167	3	11	42	88	46	10		9		-1		6	1	0	2	0
112	0	8	47	93	46	50		9		-1		1	0	0	2	2
250	0	8	49	95	46	100		20		-1		5	0	0	0	2
119	0	8	50	96	46	50		9		-1		2	0	0	1	2
72	3	11	46	92	46	50		20		-1		5	0	0	0	2
61	1	9	53	99	46	100		8		-1		4	0	0	1	2
119	0	8	50	96	46	50		11		-1		3	0	0	1	2
118	2	10	21	68	47	1		24		-1		2	3	0	0	0
128	0	8	38	85	47	1		9		-1		6	3	0	0	0
49	3	11	44	91	47	50		20		-1		4	0	0	1	2
247	0	8	42	89	47	1		20		-1		8	2	0	0	0
112	0	8	47	94	47	50		9		-1		2	0	0	1	2
112	0	8	47	94	47	50		11		-1		3	0	0	1	2
31	3	10	20	68	48	1		24		-1		8	2	0	0	0
29	2	10	25	73	48	10		20		-1		13	2	0	1	0
241	3	10	36	84	48	50		0		-1		4	0	0	2	1
88	3	11	37	85	48	1		9		-1		6	3	0	0	0
279	7	9	36	84	48	1		20		-1		6	3	0	0	0
210	3	10	41	89	48	100		25		-1		8	0	0	1	1
167	3	11	42	90	48	10		20		-1		7	1	0	2	0
174	1	9	42	90	48	50		20		-1		0	0	0	1	2
174	1	9	42	90	48	50		20		-1		2	0	0	1	2
174	1	9	42	90	48	50		20		-1		1	0	0	1	2
49	3	11	44	92	48	50		20		-1		5	0	0	0	2
248	1	9	54	102	48	100		8		-1		4	0	0	1	2
88	3	11	37	86	49	1		9		-1		7	3	0	0	0
112	0	8	47	96	49	50		2		-1		0	0	0	2	2
119	0	8	50	99	49	50		2		-1		0	0	0	2	2
119	0	8	50	99	49	50		20		-1		5	0	0	0	2
250	0	8	49	98	49	100		20		-1		1	0	0	1	3
176	2	10	26	76	50	25		24		-1		12	2	0	1	0
88	3	11	37	87	50	1		20		-1		8	2	0	0	0
108	0	8	38	88	50	10		9		-1		6	1	0	2	0
128	0	8	38	88	50	1		20		-1		8	2	0	0	0
174	1	9	42	92	50	50		11		-1		3	0	0	1	2
49	3	11	44	94	50	50		9		-1		2	0	0	1	2
167	3	11	42	92	50	10		20		-1		8	0	0	2	0
250	0	8	49	99	50	100		9		-1		2	0	0	1	2
297	2	10	18	69	51	1		24		-1		15	2	0	0	0
295	7	9	43	94	51	25		20		-1		7	1	0	1	1
241	3	10	36	87	51	50		3		-1		0	0	0	2	2
52	3	11	34	85	51	1		9		-1		6	3	0	0	0
77	0	8	39	90	51	10		9		-1		6	1	0	2	0
72	3	11	46	97	51	50		2		-1		0	0	0	2	2
72	3	11	46	97	51	50		8		-1		4	0	0	1	2
176	2	10	26	78	52	25		20		-1		13	2	0	1	0
70	2	10	33	85	52	1		20		-1		14	2	0	0	0
49	3	11	44	96	52	50		2		-1		0	0	0	2	2
49	3	11	44	96	52	50		8		-1		1	0	0	2	2
112	0	8	47	99	52	50		9		-1		4	0	0	0	3
241	3	10	36	89	53	50		18		-1		22	0	0	1	0
52	3	11	34	87	53	1		9		-1		7	3	0	0	0
204	3	11	42	95	53	25		20		-1		10	0	0	0	2
122	0	8	36	89	53	10		9		-1		6	1	0	2	0
77	0	8	39	92	53	10		20		-1		8	0	0	2	0
77	0	8	39	92	53	10		11		-1		7	1	0	2	0
108	0	8	38	91	53	10		11		-1		7	1	0	2	0
174	1	9	42	95	53	50		8		-1		4	0	0	1	2
174	1	9	42	95	53	50		20		-1		5	0	0	0	2
112	0	8	47	100	53	50		20		-1		5	0	0	0	2
150	3	10	27	81	54	100		18		-1		22	0	0	1	0
70	2	10	33	87	54	1		1		-1		12	3	0	0	0
241	3	10	36	90	54	50		19		-1		23	0	0	1	0
108	0	8	38	92	54	10		20		-1		8	0	0	2	0
165	0	8	38	92	54	50		20		-1		8	0	0	1	1
122	0	8	36	90	54	10		20		-1		8	0	0	2	0
128	0	8	38	92	54	1		9		-1		7	3	0	0	0
250	0	8	49	103	54	100		11		-1		3	0	0	1	2
252	2	10	18	73	55	50		24		-1		15	0	0	2	0
25	1	9	37	92	55	100		20		-1		6	0	0	2	1
230	3	11	33	88	55	10		9		-1		6	1	0	2	0
165	0	8	38	93	55	50		9		-1		6	0	0	2	1
165	0	8	38	93	55	50		11		-1		7	0	0	2	1
250	0	8	49	104	55	100		2		-1		0	0	0	2	2
72	3	11	46	101	55	50		9		-1		2	0	0	1	2
238	2	10	20	76	56	25		24		-1		15	1	0	1	0
152	3	10	15	71	56	50		24		-1		8	0	0	1	1
150	3	10	27	83	56	100		19		-1		23	0	0	1	0
143	7	9	36	92	56	25		20		-1		7	1	0	1	1
70	2	10	33	89	56	1		3		-1		13	3	0	0	0
230	3	11	33	89	56	10		20		-1		8	0	0	2	0
241	3	10	36	92	56	50		25		-1		9	0	0	1	1
52	3	11	34	90	56	1		20		-1		8	2	0	0	0
230	3	11	33	90	57	10		20		-1		7	1	0	2	0
125	2	11	30	87	57	1		20		-1		12	3	0	0	0
253	0	8	35	92	57	50		11		-1		7	0	0	2	1
122	0	8	36	93	57	10		11		-1		7	1	0	2	0
72	3	11	46	103	57	50		20		-1		1	0	0	2	2
150	3	10	27	85	58	100		25		-1		8	0	0	1	1
76	1	9	29	87	58	10		20		-1		6	2	0	1	0
56	3	11	32	90	58	50		20		-1		7	0	0	2	1
25	1	9	37	95	58	100		20		-1		8	0	0	1	1
76	1	9	29	88	59	10		20		-1		8	1	0	1	0
232	3	11	32	91	59	25		20		-1		8	1	0	0	1
25	1	9	37	96	59	100		11		-1		7	0	0	2	1
253	0	8	35	94	59	50		9		-1		6	0	0	2	1
22	3	10	12	72	60	50		24		-1		5	0	0	0	2
166	1	9	24	84	60	1		20		-1		14	2	0	0	0
121	2	11	30	90	60	10		20		-1		13	2	0	1	0
56	3	11	32	92	60	50		9		-1		6	0	0	2	1
103	3	11	30	90	60	25		20		-1		8	1	0	0	1
115	7	9	27	88	61	10		20		-1		1	1	0	3	0
76	1	9	29	90	61	10		20		-1		7	2	0	1	0
56	3	11	32	93	61	50		20		-1		8	0	0	1	1
232	3	11	32	93	61	25		9		-1		6	2	0	0	1
289	2	10	10	72	62	25		24		-1		21	1	0	1	0
63	7	9	31	93	62	25		20		-1		7	1	0	1	1
155	3	11	30	92	62	100		20		-1		13	0	0	2	1
235	0	8	32	94	62	25		20		-1		8	0	0	1	1
253	0	8	35	97	62	50		20		-1		8	0	0	1	1
1	2	10	8	71	63	10		24		-1		12	2	0	1	0
11	1	9	24	87	63	10		20		-1		12	2	0	1	0
166	1	9	24	87	63	1		20		-1		16	2	0	0	0
232	3	11	32	95	63	25		20		-1		7	2	0	0	1
282	3	11	29	92	63	100		20		-1		18	0	0	1	1
155	3	11	30	93	63	100		20		-1		14	0	0	1	1
1	2	10	8	72	64	10		20		-1		13	2	0	1	0
152	3	10	15	79	64	50		18		-1		22	0	0	1	0
118	2	10	21	85	64	1		20		-1		14	2	0	0	0
154	3	10	6	71	65	10		24		-1		5	0	0	2	0
17	2	10	6	71	65	50		24		-1		12	0	0	3	0
1	2	10	8	73	65	10		24		-1		14	1	0	1	0
152	3	10	15	80	65	50		25		-1		14	0	0	1	1
65	7	9	22	87	65	10		20		-1		1	1	0	3	0
118	2	10	21	86	65	1		1		-1		12	3	0	0	0
103	3	11	30	95	65	25		20		-1		7	2	0	0	1
11	1	9	24	89	65	10		20		-1		13	2	0	1	0
103	3	11	30	95	65	25		9		-1		6	2	0	0	1
235	0	8	32	97	65	25		9		-1		6	1	0	1	1
179	3	10	10	76	66	25		24		-1		5	0	0	0	2
17	2	10	6	72	66	50		24		-1		14	0	0	2	0
82	3	10	6	73	67	100		24		-1		9	0	0	0	2
17	2	10	6	73	67	50		20		-1		13	0	0	3	0
277	2	10	3	70	67	10		24		-1		14	1	0	1	0
297	2	10	18	85	67	1		20		-1		16	2	0	0	0
27	3	11	20	87	67	1		20		-1		14	2	0	0	0
118	2	10	21	88	67	1		3		-1		13	3	0	0	0
155	3	11	30	97	67	100		9		-1		12	0	0	2	1
235	0	8	32	99	67	25		11		-1		7	1	0	1	1
277	2	10	3	71	68	10		24		-1		12	2	0	1	0
22	3	10	12	80	68	50		25		-1		8	0	0	1	1
245	7	9	24	92	68	25		20		-1		7	1	0	1	1
131	3	11	22	90	68	50		20		-1		19	0	0	1	1
11	1	9	24	92	68	10		20		-1		14	1	0	1	0
47	3	11	17	87	70	1		20		-1		7	3	0	0	0
32	0	8	24	94	70	25		9		-1		6	2	0	0	1
26	0	8	21	92	71	10		20		-1		6	1	0	2	0
277	2	10	3	75	72	10		20		-1		13	2	0	1	0
198	3	11	15	87	72	1		20		-1		7	3	0	0	0
209	2	11	18	90	72	10		20		-1		22	0	0	1	0
299	0	8	17	89	72	1		20		-1		6	3	0	0	0
32	0	8	24	97	73	25		20		-1		8	1	0	0	1
55	3	11	22	95	73	25		20		-1		18	1	0	0	1
205	0	8	22	95	73	100		20		-1		18	0	0	2	0
32	0	8	24	97	73	25		11		-1		7	2	0	0	1
6	1	9	18	92	74	25		20		-1		6	1	0	1	1
284	1	9	13	87	74	10		20		-1		6	1	0	2	0
58	1	9	11	85	74	1		20		-1		14	2	0	0	0
98	0	8	14	88	74	1		20		-1		7	3	0	0	0
41	2	11	16	90	74	50		20		-1		22	0	0	1	0
262	0	8	20	94	74	100		20		-1		18	0	0	2	0
284	1	9	13	88	75	10		20		-1		19	0	0	2	0
286	0	8	16	92	76	50		20		-1		2	0	0	2	1
181	3	11	13	90	77	50		20		-1		1	0	0	3	1
6	1	9	18	95	77	25		20		-1		19	0	0	2	0
196	0	8	11	88	77	1		20		-1		6	3	0	0	0
265	1	9	9	87	78	10		20		-1		0	2	0	2	0
168	0	8	13	91	78	10		20		-1		6	1	0	2	0
181	3	11	13	91	78	50		20		-1		2	0	0	2	1
58	1	9	11	89	78	1		20		-1		15	2	0	0	0
286	0	8	16	94	78	50		9		-1		0	0	0	3	1
286	0	8	16	94	78	50		11		-1		1	0	0	3	1
175	1	9	8	87	79	10		20		-1		0	2	0	2	0
265	1	9	9	88	79	10		20		-1		1	2	0	2	0
256	3	11	8	87	79	1		20		-1		3	3	0	0	0
8	3	11	13	92	79	100		20		-1		1	0	0	3	1
181	3	11	13	92	79	50		9		-1		0	0	0	3	1
147	1	9	4	84	80	1		20		-1		14	2	0	0	0
175	1	9	8	88	80	10		20		-1		1	2	0	2	0
265	1	9	9	89	80	10		20		-1		2	1	0	2	0
171	0	8	8	88	80	10		9		-1		0	2	0	2	0
199	1	9	10	90	80	25		20		-1		2	1	0	0	2
111	3	11	9	89	80	25		20		-1		2	1	0	0	2
0	2	11	9	90	81	10		20		-1		22	0	0	1	0
170	3	11	9	90	81	1		20		-1		3	3	0	0	0
199	1	9	10	92	82	25		20		-1		0	2	0	0	2
147	1	9	4	86	82	1		20		-1		15	2	0	0	0
175	1	9	8	90	82	10		20		-1		2	1	0	2	0
171	0	8	8	90	82	10		20		-1		2	1	0	2	0
264	2	11	6	88	82	10		20		-1		22	0	0	1	0
8	3	11	13	95	82	100		20		-1		2	0	0	2	1
237	0	8	11	93	82	25		20		-1		6	1	0	0	2
8	3	11	13	95	82	100		9		-1		0	0	0	3	1
199	1	9	10	93	83	25		20		-1		1	2	0	0	2
294	2	11	4	87	83	1		20		-1		22	1	0	0	0
171	0	8	8	91	83	10		11		-1		1	2	0	2	0
75	0	8	4	88	84	1		20		-1		7	3	0	0	0
147	1	9	4	88	84	1		20		-1		19	2	0	0	0
110	1	9	6	90	84	25		20		-1		2	1	0	0	2
290	2	11	10	94	84	100		20		-1		22	0	0	1	0
81	1	9	2	87	85	10		20		-1		6	1	0	2	0
111	3	11	9	94	85	25		9		-1		0	2	0	0	2
110	1	9	6	92	86	25		20		-1		0	2	0	0	2
111	3	11	9	95	86	25		20		-1		1	2	0	0	2
211	3	11	6	92	86	100		20		-1		1	0	0	2	2
275	2	11	3	89	86	1		20		-1		22	1	0	0	0
81	1	9	2	89	87	10		20		-1		19	0	0	2	0
211	3	11	6	93	87	100		20		-1		2	0	0	1	2
261	0	8	6	93	87	50		9		-1		0	0	0	2	2
110	1	9	6	94	88	25		20		-1		1	2	0	0	2
67	2	11	2	90	88	10		20		-1		22	0	0	1	0
190	0	8	6	94	88	100		20		-1		2	0	0	1	2
261	0	8	6	94	88	50		11		-1		1	0	0	2	2
242	3	11	2	91	89	50		20		-1		6	0	0	1	2
233	1	9	3	92	89	100		20		-1		6	0	0	1	2
104	0	8	2	91	89	10		20		-1		6	1	0	2	0
211	3	11	6	95	89	100		9		-1		0	0	0	2	2
212	2	11	0	90	90	50		20		-1		23	0	0	0	1
156	0	8	2	92	90	50		20		-1		6	0	0	1	2
261	0	8	6	96	90	50		20		-1		2	0	0	1	2
292	3	11	1	92	91	100		20		-1		6	0	0	1	2
57	1	9	0	92	92	100		20		-1		6	0	0	1	2
214	3	11	1	93	92	50		20		-1		6	0	0	1	2
190	0	8	6	98	92	100		9		-1		0	0	0	2	2
190	0	8	6	98	92	100		11		-1		1	0	0	2	2
37	0	8	1	96	95	25		20		-1		6	1	0	0	2
