932.0  15:32:51 0.0 -0.0   5     18     49  
933.0  15:33:00 0.0 -0.0   5     14     51  
933.0  15:33:02 0.0 -0.0   5     19     59  
933.0  15:33:10 0.0 -0.0   4     17     56  
933.0  15:33:19 0.0 -0.0   3     17     40  
933.0  15:33:27 0.0 -0.0   3     12     42  
933.0  15:33:36 0.0 -0.0   5     11     57  
933.0  15:33:46 0.0 -0.0   5     19     47  
933.0  15:33:54 0.0 -0.0   3     15     57  
934.0  15:34:00 0.0 -0.0   5     10     54  
934.0  15:34:00 0.0 -0.0   3     17     51  
934.0  15:34:02 0.0 -0.0   4     16     54  
934.0  15:34:11 0.0 -0.0   4     15     59  
934.0  15:34:19 0.0 -0.0   5     18     52  
