390.0  06:30:20 42.394077 -72.532875   5     12     48  
390.0  06:30:31 42.394077 -72.532875   3     14     58  
390.0  06:30:40 42.394062 -72.53287   4     14     55  
390.0  06:30:53 42.394054 -72.53286   3     13     55  
391.0  06:31:00 42.394005 -72.532845   4     14     57  
391.0  06:31:01 42.394005 -72.532845   3     19     53  
391.0  06:31:09 42.393993 -72.532845   5     17     50  
391.0  06:31:20 42.393986 -72.53284   3     13     44  
391.0  06:31:29 42.393986 -72.53284   5     18     57  
391.0  06:31:37 42.39395 -72.53277   3     18     59  
391.0  06:31:45 42.393578 -72.532616   4     13     44  
391.0  06:31:52 42.393322 -72.5325   3     15     55  
392.0  06:32:00 42.39307 -72.53274   3     12     43  
392.0  06:32:00 42.39299 -72.53292   4     11     42  
392.0  06:32:11 42.39277 -72.53381   5     11     44  
392.0  06:32:19 42.393257 -72.53412   4     15     42  
392.0  06:32:27 42.394135 -72.53434   5     14     49  
392.0  06:32:35 42.394924 -72.53432   3     18     47  
392.0  06:32:43 42.395336 -72.53343   4     16     48  
392.0  06:32:51 42.39551 -72.53229   4     14     51  
393.0  06:33:00 42.395836 -72.530975   4     19     55  
393.0  06:33:05 42.395817 -72.53109   3     16     55  
393.0  06:33:14 42.395473 -72.52985   5     15     54  
393.0  06:33:22 42.394917 -72.52892   4     18     45  
393.0  06:33:30 42.394855 -72.527885   3     16     48  
393.0  06:33:38 42.395107 -72.52713   5     10     52  
393.0  06:33:46 42.39499 -72.5268   4     13     45  
393.0  06:33:57 42.39402 -72.526276   3     10     42  
394.0  06:34:00 42.39362 -72.52607   5     19     43  
394.0  06:34:05 42.393463 -72.52603   4     10     58  
394.0  06:34:13 42.39343 -72.52601   5     18     53  
394.0  06:34:21 42.393417 -72.52599   3     11     46  
394.0  06:34:29 42.393425 -72.52599   4     10     44  
394.0  06:34:38 42.393436 -72.526   4     10     46  
394.0  06:34:49 42.392864 -72.525696   5     11     58  
394.0  06:34:57 42.392128 -72.525475   4     18     59  
395.0  06:35:00 42.39176 -72.525375   4     17     47  
395.0  06:35:06 42.39154 -72.52532   3     19     44  
395.0  06:35:14 42.390896 -72.5252   3     15     45  
395.0  06:35:22 42.390144 -72.52506   4     19     44  
395.0  06:35:31 42.389366 -72.52486   3     11     46  
395.0  06:35:41 42.388428 -72.52439   4     14     45  
395.0  06:35:49 42.387894 -72.524   3     12     40  
395.0  06:35:57 42.387802 -72.5239   4     10     44  
396.0  06:36:00 42.38781 -72.523895   3     17     48  
396.0  06:36:05 42.387802 -72.52389   4     12     42  
396.0  06:36:13 42.387627 -72.52356   3     12     44  
396.0  06:36:21 42.386967 -72.522705   4     11     50  
396.0  06:36:31 42.386356 -72.522415   3     17     58  
396.0  06:36:39 42.38595 -72.522514   4     16     50  
396.0  06:36:47 42.3856 -72.52208   4     15     56  
396.0  06:36:55 42.38489 -72.52162   3     12     40  
397.0  06:37:00 42.384247 -72.52125   4     17     57  
397.0  06:37:04 42.38416 -72.5212   3     13     59  
397.0  06:37:13 42.383377 -72.520805   5     16     56  
397.0  06:37:26 42.382355 -72.52016   3     19     48  
397.0  06:37:36 42.38182 -72.5197   5     19     53  
397.0  06:37:45 42.3816 -72.51944   3     16     51  
397.0  06:37:54 42.381134 -72.51933   3     12     56  
398.0  06:38:00 42.380405 -72.51944   3     18     41  
398.0  06:38:03 42.380405 -72.51944   4     15     58  
398.0  06:38:12 42.3796 -72.51968   5     11     54  
398.0  06:38:22 42.37854 -72.52   4     17     46  
398.0  06:38:31 42.377945 -72.52   3     15     58  
398.0  06:38:39 42.377285 -72.519966   4     18     55  
398.0  06:38:48 42.376728 -72.51994   3     16     52  
398.0  06:38:56 42.376274 -72.51989   5     10     59  
399.0  06:39:00 42.376076 -72.51988   4     16     55  
399.0  06:39:05 42.37599 -72.519875   3     18     41  
399.0  06:39:15 42.375656 -72.51984   5     17     52  
400.0  06:40:00 42.3759 -72.51356   4     15     47  
401.0  06:41:00 42.375847 -72.51051   5     15     44  
401.0  06:41:00 42.375843 -72.51038   5     18     55  
401.0  06:41:33 42.3757 -72.504845   4     13     55  
401.0  06:41:43 42.37586 -72.5036   4     10     43  
401.0  06:41:52 42.375862 -72.50357   4     11     41  
402.0  06:42:00 42.37586 -72.50356   4     19     40  
402.0  06:42:00 42.37586 -72.50356   4     11     44  
402.0  06:42:08 42.37586 -72.503555   3     14     57  
402.0  06:42:16 42.375862 -72.50356   4     14     51  
402.0  06:42:25 42.375866 -72.50357   3     17     58  
402.0  06:42:36 42.375874 -72.50358   4     18     54  
402.0  06:42:45 42.37587 -72.50358   5     10     59  
402.0  06:42:53 42.375854 -72.50357   5     14     46  
403.0  06:43:00 42.375854 -72.50356   4     16     47  
403.0  06:43:02 42.375854 -72.50356   3     12     50  
403.0  06:43:11 42.37586 -72.50356   4     15     40  
403.0  06:43:19 42.375942 -72.50292   3     19     56  
403.0  06:43:29 42.37622 -72.50137   3     18     57  
403.0  06:43:38 42.376347 -72.50064   5     13     49  
403.0  06:43:47 42.375793 -72.50062   3     16     41  
403.0  06:43:56 42.374844 -72.50083   3     19     59  
404.0  06:44:00 42.37434 -72.50092   5     18     50  
404.0  06:44:04 42.37421 -72.50095   5     17     43  
404.0  06:44:13 42.373997 -72.50076   5     15     48  
404.0  06:44:25 42.37393 -72.49978   4     16     58  
404.0  06:44:34 42.374523 -72.49918   3     10     51  
404.0  06:44:42 42.37525 -72.49929   3     14     46  
404.0  06:44:54 42.37525 -72.49929   5     10     52  
405.0  06:45:00 42.37591 -72.500435   4     10     59  
405.0  06:45:02 42.37591 -72.500435   4     13     45  
405.0  06:45:12 42.376034 -72.500565   4     15     56  
405.0  06:45:21 42.376278 -72.50051   5     19     58  
405.0  06:45:29 42.376297 -72.500496   5     10     41  
405.0  06:45:38 42.376324 -72.50048   3     19     43  
405.0  06:45:46 42.376507 -72.50044   5     17     55  
405.0  06:45:55 42.3769 -72.49928   5     11     54  
406.0  06:46:00 42.376907 -72.49758   5     18     40  
406.0  06:46:05 42.376892 -72.497116   5     10     55  
406.0  06:46:13 42.376823 -72.495056   3     18     40  
406.0  06:46:22 42.376762 -72.493256   5     14     55  
406.0  06:46:31 42.376644 -72.49116   5     16     44  
406.0  06:46:40 42.376526 -72.48914   5     16     41  
406.0  06:46:48 42.37643 -72.487434   4     13     55  
406.0  06:46:58 42.3764 -72.485146   5     11     59  
407.0  06:47:00 42.376392 -72.484245   3     17     59  
407.0  06:47:07 42.376396 -72.48336   5     11     48  
407.0  06:47:15 42.37642 -72.481735   5     14     41  
407.0  06:47:23 42.37629 -72.481224   4     14     58  
407.0  06:47:32 42.37549 -72.4811   5     16     57  
407.0  06:47:44 42.374454 -72.48096   4     19     58  
407.0  06:47:55 42.372524 -72.48052   5     15     42  
408.0  06:48:00 42.371582 -72.48003   5     17     58  
408.0  06:48:03 42.371475 -72.479996   3     16     56  
408.0  06:48:22 42.370502 -72.48   3     15     53  
408.0  06:48:33 42.367813 -72.479866   3     19     50  
408.0  06:48:44 42.367443 -72.47982   4     17     50  
408.0  06:48:53 42.36686 -72.48022   5     19     53  
409.0  06:49:00 42.36626 -72.48146   5     11     40  
409.0  06:49:01 42.366375 -72.481155   3     17     49  
409.0  06:49:09 42.365803 -72.482506   3     12     53  
409.0  06:49:17 42.36524 -72.48325   4     11     44  
409.0  06:49:26 42.3651 -72.48398   5     10     57  
409.0  06:49:38 42.364853 -72.486015   5     18     42  
409.0  06:49:46 42.36399 -72.48714   5     14     55  
409.0  06:49:55 42.36334 -72.48807   3     15     49  
410.0  06:50:00 42.363346 -72.488625   4     10     49  
410.0  06:50:03 42.363346 -72.488625   4     16     57  
410.0  06:50:13 42.36335 -72.48865   4     19     58  
410.0  06:50:21 42.363342 -72.48882   4     17     54  
410.0  06:50:31 42.36274 -72.4886   3     15     55  
410.0  06:50:40 42.361847 -72.487885   3     15     44  
410.0  06:50:48 42.36079 -72.486984   4     13     41  
410.0  06:50:57 42.359505 -72.48583   4     10     42  
411.0  06:51:00 42.358673 -72.48505   3     19     49  
411.0  06:51:06 42.358406 -72.48475   5     18     53  
411.0  06:51:16 42.3571 -72.48299   5     14     49  
411.0  06:51:27 42.355824 -72.480415   5     11     48  
411.0  06:51:34 42.355076 -72.478584   5     10     59  
411.0  06:51:43 42.35429 -72.47671   5     10     50  
411.0  06:51:52 42.353428 -72.474686   3     15     57  
412.0  06:52:00 42.352585 -72.47292   5     19     55  
412.0  06:52:00 42.35223 -72.47233   5     14     54  
412.0  06:52:09 42.351467 -72.47123   5     15     57  
412.0  06:52:27 42.35026 -72.46968   3     10     40  
412.0  06:52:37 42.34877 -72.46931   4     15     59  
412.0  06:52:46 42.347397 -72.46888   5     15     52  
412.0  06:52:54 42.34637 -72.46801   4     16     41  
413.0  06:53:00 42.345627 -72.46731   3     10     45  
413.0  06:53:02 42.345627 -72.46731   3     15     50  
413.0  06:53:13 42.34484 -72.46606   3     15     49  
413.0  06:53:22 42.34433 -72.465126   3     10     51  
413.0  06:53:30 42.34387 -72.46403   3     12     52  
413.0  06:53:39 42.34355 -72.46274   5     17     44  
413.0  06:53:47 42.34345 -72.46175   4     10     46  
413.0  06:53:57 42.34356 -72.46126   4     10     42  
414.0  06:54:00 42.343346 -72.46093   3     11     44  
414.0  06:54:08 42.342785 -72.460335   5     18     44  
414.0  06:54:17 42.341545 -72.45921   3     18     44  
414.0  06:54:25 42.340115 -72.458305   4     19     40  
414.0  06:54:34 42.33864 -72.45757   4     19     50  
414.0  06:54:42 42.336937 -72.45704   3     19     44  
414.0  06:54:51 42.335304 -72.45653   5     19     40  
415.0  06:55:00 42.333534 -72.4562   3     17     56  
415.0  06:55:01 42.333683 -72.45626   5     19     40  
415.0  06:55:10 42.332516 -72.45535   5     18     51  
415.0  06:55:18 42.33141 -72.453705   4     19     51  
415.0  06:55:27 42.3306 -72.45181   5     16     42  
415.0  06:55:35 42.33001 -72.449905   5     15     54  
415.0  06:55:44 42.329407 -72.44771   3     10     42  
415.0  06:55:55 42.328217 -72.44519   3     18     58  
416.0  06:56:00 42.32714 -72.44343   4     12     48  
416.0  06:56:03 42.32701 -72.443214   5     16     53  
416.0  06:56:11 42.325996 -72.44156   3     19     45  
416.0  06:56:20 42.32547 -72.439835   5     11     46  
416.0  06:56:29 42.32532 -72.43833   3     14     53  
416.0  06:56:38 42.325302 -72.438286   4     16     41  
416.0  06:56:49 42.325096 -72.43742   5     12     44  
416.0  06:56:58 42.324783 -72.43601   5     15     50  
417.0  06:57:00 42.32479 -72.43506   4     10     51  
417.0  06:57:26 42.32496 -72.43399   5     10     47  
417.0  06:57:51 42.320667 -72.42718   4     13     44  
418.0  06:58:00 42.31756 -72.42629   4     10     57  
418.0  06:58:02 42.31777 -72.426346   3     17     58  
418.0  06:58:09 42.316105 -72.425934   4     14     44  
418.0  06:58:18 42.31454 -72.42531   5     17     58  
418.0  06:58:27 42.312885 -72.424065   3     18     48  
418.0  06:58:36 42.311226 -72.42281   4     13     42  
418.0  06:58:44 42.30968 -72.42221   5     14     42  
418.0  06:58:55 42.307655 -72.421425   3     14     59  
419.0  06:59:00 42.30636 -72.42076   4     11     44  
419.0  06:59:04 42.306183 -72.420746   3     11     55  
419.0  06:59:12 42.304527 -72.420654   5     13     58  
419.0  06:59:21 42.303383 -72.41975   5     16     42  
419.0  06:59:30 42.302036 -72.418755   3     18     59  
419.0  06:59:40 42.300694 -72.41774   4     16     57  
419.0  06:59:50 42.29919 -72.41651   3     15     42  
420.0  07:00:00 42.297955 -72.41564   3     17     48  
420.0  07:00:00 42.29745 -72.41527   4     17     55  
420.0  07:00:09 42.296677 -72.41477   3     18     57  
420.0  07:00:18 42.295567 -72.41389   5     12     59  
420.0  07:00:27 42.294853 -72.41275   5     15     54  
420.0  07:00:35 42.29393 -72.4115   5     15     53  
420.0  07:00:46 42.292515 -72.41027   3     13     42  
420.0  07:00:55 42.291523 -72.40941   3     11     58  
421.0  07:01:00 42.29126 -72.40913   4     12     51  
421.0  07:01:04 42.29126 -72.40913   4     13     56  
421.0  07:01:12 42.29066 -72.40845   4     15     49  
421.0  07:01:21 42.29023 -72.40801   3     13     41  
421.0  07:01:28 42.290234 -72.40802   4     19     49  
421.0  07:01:39 42.290234 -72.408005   3     11     52  
421.0  07:01:47 42.290234 -72.408   3     14     45  
421.0  07:01:56 42.290234 -72.40799   5     15     40  
422.0  07:02:00 42.290237 -72.408   4     15     51  
422.0  07:02:04 42.290237 -72.408   3     15     46  
422.0  07:02:13 42.29024 -72.408005   4     13     59  
422.0  07:02:21 42.290245 -72.408   5     10     51  
422.0  07:02:32 42.290257 -72.40801   5     18     41  
422.0  07:02:41 42.290276 -72.408035   5     16     40  
422.0  07:02:49 42.290287 -72.40805   3     16     46  
422.0  07:02:58 42.290283 -72.40804   3     12     43  
423.0  07:03:00 42.290287 -72.40806   3     12     51  
423.0  07:03:07 42.290283 -72.408066   3     13     41  
423.0  07:03:15 42.290276 -72.40806   3     11     42  
423.0  07:03:26 42.290264 -72.40803   4     10     42  
423.0  07:03:35 42.290264 -72.40801   5     15     57  
423.0  07:03:44 42.29025 -72.408   3     19     59  
423.0  07:03:52 42.290234 -72.40799   3     17     50  
424.0  07:04:00 42.29024 -72.40802   4     13     40  
424.0  07:04:00 42.29024 -72.40802   3     15     40  
424.0  07:04:09 42.290245 -72.40803   3     10     51  
424.0  07:04:19 42.290253 -72.40803   5     18     56  
424.0  07:04:28 42.29026 -72.408035   4     19     43  
424.0  07:04:36 42.29027 -72.40805   5     11     49  
424.0  07:04:45 42.290268 -72.40804   5     19     52  
424.0  07:04:53 42.29026 -72.40803   3     17     46  
425.0  07:05:00 42.290268 -72.40804   5     15     40  
425.0  07:05:02 42.290264 -72.40804   5     15     45  
425.0  07:05:12 42.290264 -72.408035   5     18     56  
425.0  07:05:20 42.29026 -72.408035   4     10     47  
425.0  07:05:29 42.29026 -72.408035   4     11     48  
425.0  07:05:38 42.29026 -72.408035   4     12     51  
425.0  07:05:46 42.290268 -72.40805   3     17     47  
425.0  07:05:55 42.290245 -72.40798   3     15     46  
426.0  07:06:00 42.289944 -72.40759   3     11     46  
426.0  07:06:05 42.28982 -72.407455   5     11     48  
426.0  07:06:14 42.28953 -72.40715   4     19     41  
426.0  07:06:22 42.289413 -72.40703   5     19     40  
426.0  07:06:31 42.288635 -72.406815   4     15     44  
426.0  07:06:39 42.28767 -72.40677   4     12     42  
426.0  07:06:48 42.286453 -72.406784   5     18     48  
426.0  07:06:58 42.28509 -72.40677   3     19     50  
427.0  07:07:00 42.284565 -72.40654   5     10     50  
427.0  07:07:07 42.283905 -72.40608   3     18     44  
427.0  07:07:15 42.282883 -72.40536   3     13     56  
427.0  07:07:24 42.28175 -72.40457   4     19     53  
427.0  07:07:32 42.280754 -72.40396   3     15     54  
427.0  07:07:40 42.279972 -72.40343   3     13     57  
427.0  07:07:51 42.279934 -72.402565   5     10     48  
428.0  07:08:00 42.279167 -72.401955   3     19     47  
428.0  07:08:00 42.278866 -72.40172   3     10     54  
428.0  07:08:14 42.277855 -72.40097   3     19     40  
428.0  07:08:23 42.27751 -72.40076   4     19     44  
428.0  07:08:31 42.27751 -72.40076   5     17     49  
428.0  07:08:42 42.27751 -72.400764   5     11     41  
428.0  07:08:51 42.27751 -72.40076   5     19     46  
428.0  07:08:59 42.277527 -72.40074   5     14     51  
429.0  07:09:00 42.27752 -72.400734   5     17     59  
429.0  07:09:07 42.27751 -72.400734   5     13     40  
429.0  07:09:16 42.277504 -72.40073   4     17     53  
429.0  07:09:25 42.27752 -72.400764   3     13     59  
429.0  07:09:36 42.27753 -72.400764   3     13     44  
429.0  07:09:45 42.277527 -72.40074   4     11     51  
429.0  07:09:53 42.277523 -72.40073   4     14     44  
430.0  07:10:00 42.27754 -72.400734   3     13     49  
430.0  07:10:02 42.277534 -72.400734   5     12     51  
430.0  07:10:10 42.27756 -72.40073   3     16     52  
430.0  07:10:19 42.277573 -72.40074   5     11     45  
430.0  07:10:29 42.277542 -72.400734   3     17     53  
430.0  07:10:38 42.27754 -72.4007   3     17     41  
430.0  07:10:47 42.27754 -72.40071   3     19     47  
430.0  07:10:55 42.277515 -72.4007   3     11     59  
431.0  07:11:00 42.277523 -72.400696   3     16     52  
431.0  07:11:04 42.277523 -72.40069   4     10     50  
431.0  07:11:12 42.277527 -72.400665   4     12     55  
431.0  07:11:22 42.27753 -72.40072   5     17     59  
431.0  07:11:31 42.277534 -72.40076   5     13     46  
431.0  07:11:40 42.27754 -72.40077   4     19     47  
431.0  07:11:48 42.27739 -72.40065   5     10     49  
431.0  07:11:57 42.277134 -72.40072   5     10     44  
432.0  07:12:00 42.277058 -72.400826   3     14     48  
432.0  07:12:06 42.277054 -72.40085   4     19     51  
432.0  07:12:17 42.277256 -72.401245   5     18     53  
432.0  07:12:25 42.278164 -72.40196   5     16     41  
432.0  07:12:33 42.279163 -72.402756   4     10     57  
432.0  07:12:41 42.27993 -72.40336   4     14     47  
432.0  07:12:49 42.280937 -72.404015   4     16     41  
432.0  07:12:57 42.281796 -72.40457   3     11     46  
433.0  07:13:00 42.282417 -72.40498   5     19     53  
433.0  07:13:07 42.283237 -72.405556   3     12     47  
433.0  07:13:19 42.284733 -72.406586   4     16     52  
433.0  07:13:27 42.285816 -72.406784   4     10     45  
433.0  07:13:35 42.286964 -72.406746   5     17     57  
433.0  07:13:43 42.288113 -72.406715   5     10     44  
433.0  07:13:51 42.288895 -72.40678   3     14     51  
434.0  07:14:00 42.289177 -72.406815   3     18     46  
434.0  07:14:02 42.289177 -72.406815   5     15     49  
434.0  07:14:10 42.289276 -72.40681   5     10     52  
434.0  07:14:19 42.28983 -72.407326   5     12     42  
434.0  07:14:28 42.29047 -72.40809   4     18     56  
434.0  07:14:36 42.29067 -72.40829   3     16     50  
434.0  07:14:45 42.29069 -72.40827   4     12     57  
434.0  07:14:55 42.290733 -72.40833   4     16     58  
435.0  07:15:00 42.291153 -72.40881   3     16     42  
435.0  07:15:03 42.29124 -72.40892   3     11     59  
435.0  07:15:10 42.292072 -72.40985   3     16     57  
435.0  07:15:19 42.29314 -72.41071   4     15     51  
435.0  07:15:31 42.29467 -72.41219   3     17     59  
435.0  07:15:39 42.29541 -72.41358   3     14     47  
435.0  07:15:49 42.296852 -72.41492   4     13     43  
435.0  07:15:57 42.29793 -72.415596   3     14     44  
436.0  07:16:00 42.298695 -72.41615   4     18     50  
436.0  07:16:06 42.29915 -72.41648   4     13     44  
436.0  07:16:18 42.300457 -72.41758   3     12     47  
436.0  07:16:31 42.300457 -72.41758   4     16     52  
437.0  07:17:00 42.3086 -72.42178   3     11     40  
437.0  07:17:20 42.311882 -72.42315   5     18     44  
437.0  07:17:30 42.313488 -72.424484   3     18     50  
437.0  07:17:39 42.315056 -72.42552   3     19     45  
437.0  07:17:47 42.316 -72.425804   5     17     57  
437.0  07:17:55 42.316116 -72.42585   3     19     41  
438.0  07:18:00 42.316322 -72.42593   3     16     42  
438.0  07:18:03 42.316395 -72.42595   3     12     56  
438.0  07:18:11 42.31727 -72.426254   5     15     40  
438.0  07:18:24 42.319527 -72.426834   3     17     47  
438.0  07:18:32 42.32106 -72.42763   5     18     51  
438.0  07:18:45 42.32272 -72.42862   4     14     45  
438.0  07:18:54 42.324684 -72.430214   3     16     52  
439.0  07:19:00 42.32527 -72.43227   4     15     49  
439.0  07:19:04 42.32527 -72.43227   5     11     48  
439.0  07:19:15 42.324818 -72.43541   4     11     49  
439.0  07:19:23 42.325172 -72.43761   3     13     59  
439.0  07:19:34 42.325577 -72.43956   3     11     42  
439.0  07:19:42 42.326252 -72.44207   3     12     55  
439.0  07:19:51 42.32729 -72.44371   4     10     58  
439.0  07:19:59 42.328564 -72.44563   3     13     41  
440.0  07:20:00 42.329075 -72.44645   4     16     53  
440.0  07:20:10 42.329575 -72.447784   4     14     56  
440.0  07:20:19 42.32963 -72.44823   3     18     58  
440.0  07:20:27 42.32966 -72.44839   5     13     45  
440.0  07:20:36 42.329933 -72.449524   4     14     58  
440.0  07:20:44 42.330425 -72.4514   3     17     40  
440.0  07:20:53 42.3312 -72.45322   5     13     43  
441.0  07:21:00 42.33233 -72.45513   5     15     40  
441.0  07:21:04 42.332474 -72.45527   5     15     43  
441.0  07:21:13 42.333775 -72.456375   4     14     43  
441.0  07:21:21 42.33512 -72.456505   4     12     59  
441.0  07:21:30 42.336746 -72.45691   4     10     44  
441.0  07:21:38 42.33791 -72.457245   5     12     51  
441.0  07:21:47 42.338413 -72.45735   5     12     52  
441.0  07:21:57 42.338448 -72.45739   3     19     52  
442.0  07:22:00 42.338795 -72.45756   5     18     56  
442.0  07:22:05 42.33908 -72.45769   5     11     59  
442.0  07:22:14 42.340115 -72.45822   5     15     41  
442.0  07:22:22 42.34136 -72.459   4     15     57  
442.0  07:22:31 42.342655 -72.46012   4     14     50  
442.0  07:22:40 42.34357 -72.46111   4     12     46  
442.0  07:22:50 42.34349 -72.46201   5     10     55  
442.0  07:22:58 42.34367 -72.46318   5     19     45  
443.0  07:23:00 42.343822 -72.463715   3     16     41  
443.0  07:23:08 42.34398 -72.46426   3     11     50  
443.0  07:23:16 42.344425 -72.465385   5     13     58  
443.0  07:23:24 42.345028 -72.46637   5     16     58  
443.0  07:23:33 42.345478 -72.46709   4     17     51  
443.0  07:23:44 42.345554 -72.467186   5     16     42  
443.0  07:23:52 42.34555 -72.46718   3     14     59  
444.0  07:24:00 42.345554 -72.46717   4     17     44  
444.0  07:24:01 42.345554 -72.46717   3     11     59  
444.0  07:24:09 42.345608 -72.467224   3     17     41  
444.0  07:24:18 42.346252 -72.46785   3     18     46  
444.0  07:24:26 42.347065 -72.46857   3     15     42  
444.0  07:24:37 42.34841 -72.46924   3     14     42  
444.0  07:24:46 42.34954 -72.46948   5     19     44  
444.0  07:24:54 42.349907 -72.46941   3     18     47  
445.0  07:25:00 42.349987 -72.46933   5     15     44  
445.0  07:25:03 42.349987 -72.46933   5     17     47  
445.0  07:25:11 42.35048 -72.46981   5     18     48  
445.0  07:25:23 42.350792 -72.47021   4     18     47  
445.0  07:25:34 42.350853 -72.4702   3     15     50  
445.0  07:25:42 42.350895 -72.47015   4     18     52  
445.0  07:25:51 42.350906 -72.47015   3     13     49  
446.0  07:26:00 42.35114 -72.470604   4     19     58  
446.0  07:26:00 42.35137 -72.47094   4     18     57  
446.0  07:26:08 42.351986 -72.47185   5     19     42  
446.0  07:26:17 42.352905 -72.47337   4     19     58  
446.0  07:26:27 42.35396 -72.475845   5     19     50  
446.0  07:26:36 42.354847 -72.47797   4     11     59  
446.0  07:26:44 42.355606 -72.47979   5     11     41  
446.0  07:26:52 42.35649 -72.48176   3     18     45  
447.0  07:27:00 42.357525 -72.48355   5     11     47  
447.0  07:27:01 42.35741 -72.48336   4     16     59  
447.0  07:27:10 42.35848 -72.48476   3     12     59  
447.0  07:27:20 42.360195 -72.48642   3     15     55  
447.0  07:27:28 42.36146 -72.48748   4     18     48  
447.0  07:27:37 42.362225 -72.48806   5     16     44  
447.0  07:27:45 42.362324 -72.4881   3     10     44  
447.0  07:27:54 42.362324 -72.48807   3     16     59  
448.0  07:28:00 42.362328 -72.48806   4     14     46  
448.0  07:28:02 42.362328 -72.48806   3     12     59  
448.0  07:28:12 42.362644 -72.4884   5     12     58  
448.0  07:28:21 42.363285 -72.4888   3     15     44  
448.0  07:28:30 42.36332 -72.48832   5     14     59  
448.0  07:28:39 42.363304 -72.488304   4     17     45  
448.0  07:28:48 42.36335 -72.48792   5     11     43  
448.0  07:28:56 42.363667 -72.48734   4     15     56  
449.0  07:29:00 42.36402 -72.48702   4     14     49  
449.0  07:29:07 42.3643 -72.486755   5     19     50  
449.0  07:29:15 42.36492 -72.485695   3     17     52  
449.0  07:29:25 42.36511 -72.48434   5     11     55  
449.0  07:29:34 42.36495 -72.483475   3     14     51  
449.0  07:29:43 42.365055 -72.48321   3     15     56  
449.0  07:29:51 42.365807 -72.48237   4     13     48  
450.0  07:30:00 42.366543 -72.48087   4     16     47  
450.0  07:30:02 42.366478 -72.48101   5     12     46  
450.0  07:30:11 42.36718 -72.48005   5     14     59  
450.0  07:30:20 42.36774 -72.47963   5     11     48  
450.0  07:30:28 42.368176 -72.48001   4     10     46  
450.0  07:30:36 42.369114 -72.48017   3     13     46  
450.0  07:30:45 42.37019 -72.48006   5     18     53  
450.0  07:30:55 42.371704 -72.48006   4     16     53  
451.0  07:31:00 42.37262 -72.48054   5     18     55  
451.0  07:31:04 42.372734 -72.4806   5     13     55  
451.0  07:31:13 42.373886 -72.480774   5     14     56  
451.0  07:31:21 42.375 -72.48104   5     16     41  
451.0  07:31:32 42.37584 -72.481155   4     17     44  
451.0  07:31:48 42.37637 -72.481155   5     10     52  
451.0  07:31:58 42.3764 -72.481125   4     15     58  
452.0  07:32:00 42.376446 -72.481255   3     14     54  
452.0  07:32:06 42.376427 -72.4817   4     13     57  
452.0  07:32:15 42.37639 -72.48326   4     12     47  
452.0  07:32:23 42.3764 -72.48512   5     14     43  
452.0  07:32:32 42.376434 -72.48673   4     19     51  
452.0  07:32:40 42.37651 -72.48859   5     13     55  
452.0  07:32:53 42.37664 -72.49115   5     12     55  
453.0  07:33:00 42.37675 -72.493385   4     16     46  
453.0  07:33:02 42.376743 -72.49316   5     14     55  
453.0  07:33:10 42.376835 -72.49518   3     11     43  
453.0  07:33:18 42.37689 -72.49686   3     10     42  
453.0  07:33:26 42.376945 -72.49816   3     19     44  
453.0  07:33:35 42.376953 -72.49897   5     17     50  
453.0  07:33:45 42.376766 -72.499756   5     14     44  
453.0  07:33:53 42.376717 -72.49988   3     15     48  
454.0  07:34:00 42.376717 -72.499916   4     16     57  
454.0  07:34:02 42.376717 -72.499916   4     19     46  
454.0  07:34:11 42.376728 -72.49992   3     17     46  
454.0  07:34:19 42.376717 -72.49996   4     11     49  
454.0  07:34:28 42.376713 -72.499985   3     10     56  
454.0  07:34:38 42.3767 -72.49996   4     15     45  
454.0  07:34:47 42.3766 -72.50025   3     18     40  
454.0  07:34:55 42.376347 -72.50098   3     11     42  
455.0  07:35:00 42.376263 -72.5014   5     17     56  
455.0  07:35:03 42.376263 -72.501396   4     11     58  
455.0  07:35:12 42.376247 -72.50131   5     19     44  
455.0  07:35:20 42.376244 -72.50131   3     17     40  
455.0  07:35:31 42.376095 -72.501945   3     19     49  
455.0  07:35:39 42.37591 -72.50319   5     18     51  
455.0  07:35:48 42.375713 -72.504684   3     16     57  
455.0  07:35:57 42.375732 -72.50615   4     10     57  
456.0  07:36:00 42.375774 -72.50701   3     12     47  
456.0  07:36:05 42.37579 -72.50714   3     18     46  
456.0  07:36:14 42.375786 -72.50724   5     11     53  
456.0  07:36:25 42.37578 -72.507324   4     13     56  
456.0  07:36:32 42.375782 -72.5079   5     17     52  
456.0  07:36:41 42.37582 -72.508865   3     17     54  
456.0  07:36:49 42.375866 -72.5099   4     11     43  
456.0  07:36:58 42.37589 -72.51067   4     15     56  
457.0  07:37:00 42.375877 -72.51079   3     13     51  
457.0  07:37:06 42.375885 -72.51114   4     18     45  
457.0  07:37:16 42.37595 -72.51224   4     11     42  
457.0  07:37:25 42.37593 -72.51221   5     16     50  
457.0  07:37:33 42.375916 -72.51218   3     14     54  
457.0  07:37:42 42.375896 -72.51244   5     13     56  
457.0  07:37:50 42.375916 -72.512695   3     14     45  
457.0  07:37:58 42.375908 -72.51279   3     17     54  
458.0  07:38:00 42.375904 -72.512794   5     13     47  
458.0  07:38:08 42.37591 -72.51285   4     15     40  
458.0  07:38:16 42.375942 -72.513504   4     15     53  
458.0  07:38:25 42.375935 -72.51465   4     10     51  
458.0  07:38:33 42.375874 -72.51607   5     11     42  
458.0  07:38:42 42.375835 -72.517395   5     12     59  
459.0  07:39:00 42.375732 -72.51964   4     19     40  
459.0  07:39:10 42.375725 -72.519646   3     16     55  
459.0  07:39:16 42.375725 -72.51965   5     14     51  
459.0  07:39:21 42.37572 -72.51966   3     17     56  
459.0  07:39:26 42.375717 -72.51969   3     14     40  
459.0  07:39:31 42.375713 -72.51971   3     15     58  
459.0  07:39:36 42.375713 -72.51972   5     14     58  
459.0  07:39:41 42.37571 -72.519775   3     10     56  
459.0  07:39:55 42.375885 -72.51994   5     14     57  
459.0  07:39:58 42.375717 -72.51971   5     15     42  
460.0  07:40:00 42.377094 -72.519905   5     17     57  
460.0  07:40:00 42.377094 -72.519905   4     13     54  
460.0  07:40:02 42.377094 -72.519905   4     11     54  
460.0  07:40:13 42.377445 -72.519844   5     12     41  
460.0  07:40:21 42.37745 -72.51984   3     15     40  
460.0  07:40:30 42.377556 -72.51985   5     15     55  
460.0  07:40:39 42.378265 -72.51988   4     13     53  
460.0  07:40:47 42.37918 -72.51978   4     17     51  
460.0  07:40:56 42.380154 -72.51942   4     16     52  
461.0  07:41:00 42.38091 -72.519325   3     16     47  
461.0  07:41:08 42.381138 -72.519295   5     14     59  
461.0  07:41:18 42.381332 -72.51927   5     13     54  
461.0  07:41:27 42.381435 -72.51927   4     19     50  
461.0  07:41:36 42.381542 -72.519264   4     15     51  
461.0  07:41:44 42.38187 -72.51962   4     11     48  
461.0  07:41:53 42.38265 -72.52029   4     14     54  
462.0  07:42:00 42.383804 -72.52093   3     12     53  
462.0  07:42:05 42.383804 -72.52093   4     18     53  
462.0  07:42:13 42.384907 -72.521545   3     16     40  
462.0  07:42:21 42.38579 -72.52201   5     12     41  
462.0  07:42:29 42.38599 -72.522255   5     19     55  
462.0  07:42:38 42.386402 -72.52233   5     13     43  
462.0  07:42:47 42.387024 -72.52266   3     11     49  
462.0  07:42:57 42.387707 -72.5235   4     16     52  
463.0  07:43:00 42.38773 -72.523544   5     14     53  
463.0  07:43:06 42.387726 -72.523544   3     16     57  
463.0  07:43:14 42.387714 -72.52358   5     14     43  
463.0  07:43:22 42.38771 -72.52366   3     17     58  
463.0  07:43:31 42.3877 -72.52372   3     17     58  
463.0  07:43:39 42.387703 -72.52373   4     17     53  
463.0  07:43:50 42.387703 -72.52367   5     19     43  
463.0  07:43:58 42.387707 -72.5236   3     15     50  
464.0  07:44:00 42.38771 -72.52358   5     16     51  
464.0  07:44:07 42.387714 -72.52358   5     18     45  
464.0  07:44:15 42.387722 -72.52358   5     12     48  
464.0  07:44:24 42.387726 -72.52365   3     17     50  
464.0  07:44:32 42.387726 -72.52371   3     10     47  
464.0  07:44:42 42.387722 -72.523705   3     16     40  
464.0  07:44:51 42.387726 -72.52361   4     14     41  
464.0  07:44:59 42.387722 -72.523575   4     10     44  
465.0  07:45:00 42.38773 -72.52358   3     10     46  
465.0  07:45:08 42.387737 -72.52358   4     19     55  
465.0  07:45:16 42.387733 -72.523575   5     10     49  
465.0  07:45:25 42.387733 -72.52355   3     16     46  
465.0  07:45:35 42.387733 -72.523544   5     17     53  
465.0  07:45:43 42.38773 -72.52354   3     13     53  
465.0  07:45:52 42.387726 -72.52351   3     13     49  
466.0  07:46:00 42.387722 -72.52352   5     14     46  
466.0  07:46:00 42.387726 -72.52356   4     16     46  
466.0  07:46:08 42.387962 -72.5239   3     12     59  
466.0  07:46:29 42.388653 -72.52444   4     18     49  
466.0  07:46:39 42.39082 -72.52513   4     16     55  
466.0  07:46:47 42.391068 -72.52517   4     14     40  
466.0  07:46:56 42.39106 -72.52516   3     11     47  
467.0  07:47:00 42.39106 -72.52516   4     15     56  
467.0  07:47:04 42.391056 -72.52516   3     19     50  
467.0  07:47:13 42.391037 -72.52516   3     10     42  
467.0  07:47:22 42.39111 -72.52519   5     17     53  
467.0  07:47:31 42.391483 -72.52527   4     19     58  
467.0  07:47:40 42.392197 -72.52547   4     11     51  
467.0  07:47:47 42.39317 -72.52579   5     15     42  
467.0  07:47:55 42.393745 -72.52604   3     17     42  
468.0  07:48:00 42.393913 -72.526115   3     19     58  
468.0  07:48:04 42.393913 -72.52612   5     17     52  
468.0  07:48:12 42.393913 -72.52612   5     16     51  
468.0  07:48:22 42.39391 -72.52612   5     18     46  
468.0  07:48:31 42.393894 -72.52613   3     12     46  
468.0  07:48:39 42.393887 -72.52613   4     19     55  
468.0  07:48:47 42.394085 -72.52632   5     12     49  
468.0  07:48:56 42.394787 -72.52671   3     14     56  
469.0  07:49:00 42.395084 -72.52688   4     12     45  
469.0  07:49:04 42.395092 -72.52688   4     14     50  
469.0  07:49:14 42.39508 -72.52686   4     11     51  
469.0  07:49:23 42.395077 -72.52687   4     18     50  
469.0  07:49:31 42.395077 -72.52688   4     11     46  
469.0  07:49:40 42.395084 -72.526886   5     15     50  
469.0  07:49:48 42.39508 -72.52686   3     16     48  
469.0  07:49:57 42.395157 -72.5269   4     15     41  
470.0  07:50:00 42.39561 -72.527115   3     15     44  
470.0  07:50:08 42.396214 -72.52738   5     16     43  
470.0  07:50:17 42.397408 -72.5279   4     16     48  
470.0  07:50:25 42.39859 -72.52805   4     10     58  
470.0  07:50:34 42.400005 -72.52794   4     13     59  
470.0  07:50:43 42.401424 -72.52805   3     12     51  
470.0  07:50:51 42.40259 -72.5286   3     18     49  
471.0  07:51:00 42.403812 -72.52938   4     10     58  
471.0  07:51:02 42.403767 -72.52937   4     17     43  
471.0  07:51:11 42.4039 -72.529434   5     19     45  
471.0  07:51:19 42.403973 -72.52953   5     14     50  
471.0  07:51:28 42.404694 -72.52968   5     13     44  
471.0  07:51:37 42.40605 -72.529755   3     13     44  
471.0  07:51:45 42.407406 -72.53009   4     13     58  
471.0  07:51:56 42.4088 -72.530525   4     15     43  
472.0  07:52:00 42.40959 -72.53079   4     15     44  
472.0  07:52:07 42.409702 -72.53083   4     18     41  
472.0  07:52:15 42.41102 -72.531265   5     15     48  
472.0  07:52:24 42.412224 -72.531586   3     16     44  
472.0  07:52:32 42.413315 -72.53188   4     18     46  
472.0  07:52:40 42.414093 -72.53215   5     11     54  
472.0  07:52:50 42.41493 -72.53262   3     19     42  
472.0  07:52:58 42.41613 -72.53334   3     17     58  
473.0  07:53:00 42.4167 -72.53367   5     17     49  
473.0  07:53:07 42.417294 -72.53403   4     18     53  
473.0  07:53:16 42.418762 -72.53489   5     18     42  
473.0  07:53:24 42.42007 -72.53568   4     17     46  
473.0  07:53:33 42.42136 -72.53644   5     14     46  
473.0  07:53:43 42.422 -72.53731   4     12     46  
473.0  07:53:52 42.42287 -72.53759   4     17     43  
474.0  07:54:00 42.42409 -72.538155   5     19     52  
474.0  07:54:00 42.424435 -72.53834   5     15     45  
474.0  07:54:09 42.425724 -72.53913   5     13     59  
474.0  07:54:17 42.427303 -72.54019   4     11     41  
474.0  07:54:26 42.429047 -72.541504   3     17     56  
474.0  07:54:36 42.43099 -72.5432   4     11     40  
474.0  07:54:45 42.432453 -72.54445   4     17     52  
474.0  07:54:53 42.43421 -72.54562   4     14     47  
475.0  07:55:00 42.43607 -72.54658   4     17     50  
475.0  07:55:02 42.435875 -72.54648   5     15     41  
475.0  07:55:11 42.43759 -72.547356   3     16     52  
475.0  07:55:20 42.43931 -72.5485   3     16     46  
475.0  07:55:30 42.441067 -72.55006   3     11     55  
475.0  07:55:38 42.442364 -72.551506   4     14     41  
475.0  07:55:48 42.443966 -72.55301   5     10     40  
475.0  07:55:56 42.445816 -72.554214   4     11     41  
476.0  07:56:00 42.446835 -72.55502   4     18     51  
476.0  07:56:05 42.44714 -72.55535   4     10     45  
476.0  07:56:13 42.448154 -72.55691   5     19     46  
476.0  07:56:24 42.44932 -72.55923   4     16     51  
476.0  07:56:32 42.450207 -72.56066   4     18     47  
476.0  07:56:40 42.450996 -72.56179   3     19     40  
476.0  07:56:49 42.45174 -72.5629   3     19     47  
476.0  07:56:58 42.452595 -72.56414   4     14     45  
477.0  07:57:00 42.453037 -72.56475   4     19     56  
477.0  07:57:07 42.453526 -72.56535   3     12     47  
477.0  07:57:17 42.455227 -72.56706   4     10     41  
477.0  07:57:26 42.45665 -72.56841   3     12     44  
477.0  07:57:34 42.458 -72.56971   3     18     52  
477.0  07:57:43 42.45893 -72.570595   5     13     47  
477.0  07:57:51 42.459988 -72.57155   3     19     52  
478.0  07:58:00 42.461075 -72.57233   4     10     47  
478.0  07:58:00 42.46133 -72.57249   4     13     43  
478.0  07:58:11 42.46249 -72.573135   5     14     52  
478.0  07:58:20 42.463474 -72.5737   4     14     57  
478.0  07:58:28 42.464497 -72.574615   3     13     52  
478.0  07:58:37 42.46515 -72.5755   5     14     44  
478.0  07:58:45 42.465366 -72.57588   3     18     43  
478.0  07:58:53 42.46574 -72.57665   5     13     53  
479.0  07:59:00 42.466125 -72.57779   5     15     55  
479.0  07:59:04 42.46616 -72.57791   3     19     55  
479.0  07:59:13 42.46635 -72.578735   3     19     54  
479.0  07:59:22 42.46639 -72.57899   3     10     49  
479.0  07:59:31 42.46651 -72.579765   4     18     49  
479.0  07:59:39 42.466667 -72.58107   4     15     59  
479.0  07:59:49 42.46705 -72.58285   5     13     52  
480.0  08:00:00 42.46777 -72.58526   3     13     51  
480.0  08:00:02 42.467716 -72.58508   4     11     48  
480.0  08:00:10 42.46816 -72.58656   5     14     40  
480.0  08:00:18 42.468483 -72.588295   5     17     48  
480.0  08:00:26 42.468124 -72.59014   4     13     52  
480.0  08:00:35 42.46766 -72.59205   5     11     44  
480.0  08:00:43 42.467407 -72.59381   3     19     51  
480.0  08:00:54 42.46755 -72.59489   4     11     57  
481.0  08:01:00 42.46829 -72.595795   5     11     57  
481.0  08:01:02 42.46829 -72.595795   3     13     55  
481.0  08:01:11 42.46939 -72.597046   3     15     59  
481.0  08:01:23 42.470284 -72.59828   5     19     48  
481.0  08:01:32 42.47148 -72.599915   3     10     56  
481.0  08:01:40 42.472385 -72.601135   3     16     47  
481.0  08:01:53 42.4726 -72.60145   3     14     59  
482.0  08:02:00 42.472763 -72.60169   3     15     56  
482.0  08:02:02 42.472725 -72.60164   5     12     49  
482.0  08:02:11 42.473255 -72.60239   5     11     40  
482.0  08:02:19 42.474224 -72.6037   5     16     55  
482.0  08:02:28 42.47511 -72.60495   4     13     53  
482.0  08:02:37 42.476017 -72.6062   4     12     43  
482.0  08:02:48 42.476994 -72.60737   3     15     44  
482.0  08:02:55 42.47711 -72.60748   4     11     42  
483.0  08:03:00 42.477116 -72.60747   4     19     41  
483.0  08:03:04 42.477116 -72.60747   5     16     53  
483.0  08:03:13 42.47711 -72.607475   5     18     57  
483.0  08:03:21 42.47711 -72.60747   5     15     46  
483.0  08:03:30 42.47711 -72.60747   4     13     54  
483.0  08:03:40 42.47711 -72.60746   4     14     51  
483.0  08:03:49 42.4771 -72.607475   5     14     47  
483.0  08:03:58 42.477108 -72.60748   5     13     43  
484.0  08:04:00 42.47711 -72.60748   5     19     51  
484.0  08:04:06 42.477116 -72.60749   4     18     44  
484.0  08:04:14 42.47711 -72.60749   3     13     52  
484.0  08:04:22 42.477116 -72.6075   5     14     49  
484.0  08:04:32 42.477108 -72.60749   4     11     54  
484.0  08:04:40 42.477104 -72.60749   5     10     51  
484.0  08:04:49 42.477104 -72.60748   5     11     43  
485.0  08:05:00 42.4771 -72.60749   4     10     50  
485.0  08:05:00 42.477108 -72.60749   4     13     58  
485.0  08:05:09 42.477116 -72.60749   4     17     40  
485.0  08:05:18 42.477123 -72.60748   4     16     56  
485.0  08:05:28 42.477127 -72.60748   4     18     54  
485.0  08:05:37 42.477123 -72.607475   5     15     42  
485.0  08:05:46 42.477123 -72.607475   3     14     52  
485.0  08:05:53 42.47713 -72.607475   4     17     48  
486.0  08:06:00 42.477116 -72.607475   3     13     51  
486.0  08:06:02 42.47712 -72.607475   4     13     41  
486.0  08:06:10 42.477104 -72.607475   4     16     41  
486.0  08:06:21 42.4771 -72.607475   5     17     41  
486.0  08:06:30 42.47715 -72.60754   4     12     44  
486.0  08:06:39 42.477657 -72.60779   5     16     40  
486.0  08:06:48 42.47774 -72.60795   4     17     46  
486.0  08:06:57 42.47752 -72.608246   3     19     45  
487.0  08:07:00 42.477417 -72.60833   4     17     47  
487.0  08:07:06 42.47731 -72.60832   4     12     42  
487.0  08:07:29 42.476757 -72.60736   4     18     54  
487.0  08:07:37 42.47507 -72.60499   3     11     53  
487.0  08:07:45 42.47427 -72.60388   4     16     52  
487.0  08:07:53 42.473637 -72.60301   3     16     58  
488.0  08:08:00 42.47262 -72.60159   3     13     41  
488.0  08:08:02 42.47272 -72.60174   4     15     41  
488.0  08:08:12 42.471638 -72.60025   5     17     56  
488.0  08:08:21 42.470726 -72.59901   4     11     40  
488.0  08:08:29 42.469707 -72.59759   4     10     57  
488.0  08:08:38 42.468758 -72.59632   3     17     58  
488.0  08:08:47 42.467907 -72.59547   5     18     55  
488.0  08:08:58 42.46778 -72.5953   5     13     44  
489.0  08:09:00 42.46772 -72.59516   5     17     47  
489.0  08:09:08 42.467377 -72.59473   5     13     40  
489.0  08:09:17 42.4673 -72.593956   4     18     55  
489.0  08:09:25 42.46748 -72.592575   5     12     59  
489.0  08:09:34 42.467815 -72.59087   5     19     48  
489.0  08:09:43 42.468258 -72.58914   3     13     59  
489.0  08:09:52 42.468376 -72.5876   3     14     40  
490.0  08:10:00 42.467804 -72.585464   5     17     55  
490.0  08:10:02 42.467804 -72.585464   4     18     44  
490.0  08:10:11 42.467323 -72.5839   3     14     56  
490.0  08:10:19 42.466785 -72.5821   3     16     53  
490.0  08:10:28 42.46652 -72.58062   5     12     55  
490.0  08:10:36 42.46632 -72.579124   4     10     43  
490.0  08:10:45 42.466114 -72.57799   4     14     48  
490.0  08:10:55 42.465588 -72.57643   4     16     57  
491.0  08:11:00 42.46498 -72.57534   3     18     48  
491.0  08:11:04 42.46477 -72.575035   3     13     47  
491.0  08:11:13 42.46376 -72.57398   4     14     40  
491.0  08:11:21 42.462276 -72.573074   3     13     56  
491.0  08:11:29 42.460854 -72.572266   5     18     59  
491.0  08:11:37 42.459373 -72.57111   4     19     51  
491.0  08:11:47 42.45763 -72.56946   5     10     41  
491.0  08:11:55 42.45637 -72.568245   5     18     44  
492.0  08:12:00 42.455353 -72.56728   5     17     47  
492.0  08:12:04 42.45508 -72.56703   3     17     57  
492.0  08:12:12 42.454056 -72.56607   4     19     44  
492.0  08:12:20 42.453125 -72.565025   5     19     54  
492.0  08:12:29 42.452293 -72.56387   5     10     56  
492.0  08:12:39 42.451515 -72.56282   4     18     50  
492.0  08:12:47 42.45149 -72.56278   5     10     48  
492.0  08:12:56 42.4515 -72.5628   4     16     54  
493.0  08:13:00 42.45149 -72.56276   3     13     40  
493.0  08:13:04 42.45145 -72.56265   5     15     47  
493.0  08:13:12 42.450905 -72.561844   3     15     51  
493.0  08:13:21 42.4501 -72.560646   5     19     44  
493.0  08:13:34 42.448856 -72.55852   3     11     40  
493.0  08:13:43 42.447674 -72.55627   4     14     59  
493.0  08:13:52 42.446457 -72.55478   5     11     45  
494.0  08:14:00 42.444935 -72.55373   3     15     48  
494.0  08:14:00 42.44458 -72.553505   5     13     59  
494.0  08:14:09 42.44354 -72.552765   3     10     56  
494.0  08:14:18 42.44204 -72.55131   3     17     45  
494.0  08:14:29 42.440254 -72.54941   3     15     54  
494.0  08:14:37 42.43865 -72.5481   5     11     40  
494.0  08:14:50 42.437103 -72.547165   5     11     49  
494.0  08:14:58 42.4345 -72.545845   3     19     48  
495.0  08:15:00 42.433746 -72.54543   3     15     41  
495.0  08:15:06 42.43303 -72.544975   5     19     44  
495.0  08:15:15 42.4316 -72.54384   3     11     46  
495.0  08:15:25 42.429836 -72.54229   3     18     40  
495.0  08:15:33 42.428238 -72.54096   4     14     53  
495.0  08:15:42 42.42676 -72.53991   5     13     52  
495.0  08:15:51 42.425083 -72.5388   5     11     54  
495.0  08:15:59 42.42358 -72.53797   4     16     54  
496.0  08:16:00 42.422874 -72.53767   5     17     53  
496.0  08:16:07 42.422104 -72.53737   3     13     57  
496.0  08:16:18 42.421562 -72.53692   5     10     48  
496.0  08:16:27 42.42099 -72.53629   5     17     50  
496.0  08:16:36 42.41975 -72.53555   4     18     57  
496.0  08:16:45 42.418423 -72.53476   5     11     47  
496.0  08:16:54 42.416775 -72.53379   3     16     40  
497.0  08:17:00 42.415493 -72.53303   3     11     48  
497.0  08:17:02 42.41563 -72.53311   3     13     53  
497.0  08:17:12 42.414196 -72.53228   5     13     48  
497.0  08:17:21 42.413143 -72.53188   3     17     59  
497.0  08:17:29 42.412037 -72.53159   4     17     42  
497.0  08:17:38 42.41073 -72.531235   5     16     42  
497.0  08:17:46 42.41012 -72.53106   3     12     50  
497.0  08:17:54 42.410107 -72.53105   3     17     59  
498.0  08:18:00 42.41012 -72.531044   4     16     48  
498.0  08:18:05 42.410122 -72.531044   4     10     45  
498.0  08:18:13 42.41003 -72.53102   5     10     46  
498.0  08:18:22 42.40933 -72.530785   5     16     49  
498.0  08:18:31 42.40836 -72.53043   5     15     40  
498.0  08:18:40 42.40714 -72.53006   5     14     54  
498.0  08:18:48 42.405823 -72.52977   4     12     44  
498.0  08:18:58 42.404457 -72.5297   5     14     45  
499.0  08:19:00 42.403835 -72.52952   5     19     54  
499.0  08:19:06 42.403576 -72.52934   5     15     59  
499.0  08:19:15 42.4035 -72.52926   5     19     51  
499.0  08:19:23 42.403263 -72.52911   3     18     59  
499.0  08:19:31 42.4026 -72.52868   4     13     50  
499.0  08:19:40 42.4017 -72.52822   3     13     42  
499.0  08:19:50 42.400555 -72.527916   5     15     51  
499.0  08:19:58 42.39964 -72.528   3     12     46  
500.0  08:20:00 42.399197 -72.52806   3     11     47  
500.0  08:20:07 42.39895 -72.52808   4     16     59  
500.0  08:20:15 42.3986 -72.5281   3     11     56  
500.0  08:20:24 42.398403 -72.52811   5     18     53  
500.0  08:20:32 42.398247 -72.528114   3     16     48  
500.0  08:20:43 42.39748 -72.52801   3     12     45  
500.0  08:20:51 42.39656 -72.527626   4     11     43  
501.0  08:21:00 42.39571 -72.52725   3     12     56  
501.0  08:21:03 42.39587 -72.52733   3     19     48  
501.0  08:21:12 42.39529 -72.52706   5     13     59  
501.0  08:21:20 42.39468 -72.52672   5     11     48  
501.0  08:21:29 42.394 -72.52632   5     13     51  
501.0  08:21:39 42.393826 -72.526215   3     17     40  
501.0  08:21:48 42.393784 -72.52614   5     10     58  
501.0  08:21:56 42.39371 -72.52607   5     12     47  
502.0  08:22:00 42.39368 -72.52606   3     19     40  
502.0  08:22:05 42.39368 -72.52606   3     11     45  
502.0  08:22:13 42.393696 -72.52609   3     13     53  
502.0  08:22:21 42.3937 -72.5261   3     10     48  
502.0  08:22:32 42.393585 -72.52606   5     13     58  
502.0  08:22:40 42.393562 -72.52605   4     10     57  
502.0  08:22:49 42.39352 -72.52608   3     10     57  
502.0  08:22:58 42.39336 -72.52601   4     18     46  
503.0  08:23:00 42.393356 -72.52602   3     17     55  
503.0  08:23:06 42.39335 -72.52601   5     10     40  
503.0  08:23:15 42.393345 -72.52601   4     10     46  
503.0  08:23:25 42.393337 -72.525955   3     13     44  
503.0  08:23:34 42.39286 -72.52572   5     13     51  
503.0  08:23:43 42.392223 -72.52553   4     19     50  
503.0  08:23:51 42.391464 -72.52533   3     17     47  
504.0  08:24:00 42.39103 -72.52529   4     14     56  
504.0  08:24:00 42.39099 -72.5253   3     16     47  
504.0  08:24:08 42.39092 -72.52529   5     10     40  
504.0  08:24:18 42.39087 -72.52527   5     19     56  
504.0  08:24:27 42.390823 -72.525215   3     18     50  
504.0  08:24:36 42.39001 -72.52505   4     18     59  
504.0  08:24:44 42.38902 -72.52469   5     13     43  
504.0  08:24:53 42.38838 -72.524345   4     18     58  
505.0  08:25:00 42.387978 -72.524086   3     16     57  
505.0  08:25:01 42.387978 -72.524086   3     16     46  
505.0  08:25:11 42.387985 -72.52409   3     16     56  
505.0  08:25:20 42.387978 -72.52408   5     13     58  
505.0  08:25:28 42.387745 -72.52374   4     17     53  
505.0  08:25:39 42.387234 -72.52304   3     17     58  
505.0  08:25:47 42.386536 -72.52243   3     13     59  
505.0  08:25:56 42.386395 -72.522446   5     17     56  
506.0  08:26:00 42.386242 -72.52248   3     17     50  
506.0  08:26:07 42.38622 -72.52251   5     15     58  
506.0  08:26:15 42.385994 -72.522644   4     10     56  
506.0  08:26:24 42.38605 -72.52339   3     17     53  
506.0  08:26:33 42.38578 -72.52454   4     15     56  
506.0  08:26:41 42.385696 -72.52495   4     16     54  
506.0  08:26:50 42.385635 -72.52524   4     10     43  
507.0  08:27:00 42.385303 -72.52652   4     17     53  
507.0  08:27:00 42.385246 -72.52672   5     13     47  
507.0  08:27:09 42.385185 -72.52697   4     11     58  
507.0  08:27:19 42.385185 -72.527054   3     17     43  
507.0  08:27:29 42.384945 -72.52809   4     18     57  
507.0  08:27:37 42.384953 -72.52959   3     19     40  
507.0  08:27:47 42.385155 -72.53066   4     17     43  
507.0  08:27:58 42.3858 -72.530945   3     18     47  
508.0  08:28:00 42.386272 -72.53112   4     11     55  
508.0  08:28:07 42.38676 -72.53132   4     14     52  
508.0  08:28:19 42.387836 -72.531746   5     16     43  
508.0  08:28:28 42.38919 -72.53231   5     12     41  
508.0  08:28:36 42.39022 -72.532745   3     15     56  
508.0  08:28:45 42.39112 -72.53312   3     10     47  
508.0  08:28:56 42.392303 -72.533615   3     18     44  
509.0  08:29:00 42.39269 -72.53366   5     14     41  
509.0  08:29:05 42.392727 -72.53351   4     17     46  
509.0  08:29:14 42.393135 -72.532585   5     19     40  
509.0  08:29:22 42.39349 -72.5327   5     14     43  
509.0  08:29:31 42.393433 -72.53318   5     18     52  
509.0  08:29:39 42.393665 -72.532974   4     11     49  
509.0  08:29:52 42.39368 -72.53293   5     14     43  
510.0  08:30:00 42.393677 -72.532906   3     16     50  
510.0  08:30:00 42.393677 -72.5329   5     16     53  
510.0  08:30:09 42.393677 -72.53291   4     12     42  
