407.0  06:47:23 0.0 -1.8111362E22   4     17     52  
407.0  06:47:36 0.0 -1.8111362E22   5     18     52  
407.0  06:47:49 0.0 -1.8111362E22   5     16     56  
408.0  06:48:02 0.0 -1.8111362E22   5     10     40  
408.0  06:48:14 0.0 -1.8111362E22   5     15     58  
409.0  06:49:20 42.394424 -72.53219   3     15     43  
409.0  06:49:30 42.394424 -72.532364   5     19     58  
409.0  06:49:39 42.394413 -72.53242   5     10     57  
409.0  06:49:48 42.394394 -72.53249   5     18     55  
409.0  06:49:56 42.394413 -72.53237   5     18     58  
410.0  06:50:04 42.394382 -72.532585   5     19     51  
410.0  06:50:13 42.394382 -72.53278   3     15     48  
410.0  06:50:24 42.394413 -72.532555   5     15     49  
410.0  06:50:33 42.394283 -72.532906   3     15     42  
410.0  06:50:41 42.394127 -72.53278   3     16     55  
410.0  06:50:52 42.394035 -72.53276   4     16     43  
411.0  06:51:00 42.394024 -72.532776   4     13     40  
411.0  06:51:09 42.39403 -72.53279   5     11     46  
411.0  06:51:19 42.394047 -72.53281   4     13     44  
411.0  06:51:28 42.39405 -72.53282   5     12     46  
411.0  06:51:36 42.394047 -72.532845   3     14     44  
411.0  06:51:45 42.394047 -72.532845   4     11     51  
411.0  06:51:53 42.394047 -72.53283   4     13     48  
412.0  06:52:01 42.394047 -72.53282   4     19     40  
412.0  06:52:12 42.39405 -72.532814   5     15     41  
412.0  06:52:20 42.394054 -72.53281   3     19     57  
412.0  06:52:29 42.394043 -72.53279   5     10     57  
412.0  06:52:37 42.394047 -72.53278   5     19     44  
412.0  06:52:46 42.394047 -72.532776   5     19     48  
412.0  06:52:55 42.394054 -72.532776   5     14     46  
413.0  06:53:05 42.394062 -72.532776   4     12     44  
413.0  06:53:14 42.39406 -72.532776   4     13     45  
413.0  06:53:22 42.394043 -72.53277   3     13     44  
413.0  06:53:31 42.394028 -72.53276   5     16     53  
413.0  06:53:39 42.39402 -72.53276   5     10     55  
413.0  06:53:48 42.394012 -72.53276   5     15     59  
413.0  06:53:58 42.394005 -72.53275   5     17     47  
414.0  06:54:07 42.394 -72.53275   5     12     45  
414.0  06:54:15 42.393993 -72.53275   3     18     59  
414.0  06:54:24 42.393986 -72.53277   5     19     56  
414.0  06:54:32 42.39398 -72.53278   4     15     55  
414.0  06:54:41 42.393967 -72.53281   3     18     54  
414.0  06:54:51 42.39396 -72.53282   5     14     48  
415.0  06:55:00 42.393967 -72.53283   3     17     56  
415.0  06:55:09 42.393993 -72.532814   5     12     50  
415.0  06:55:18 42.394016 -72.5328   4     13     43  
415.0  06:55:26 42.393997 -72.53281   4     12     47  
415.0  06:55:35 42.393986 -72.53282   4     16     57  
415.0  06:55:45 42.393982 -72.532845   5     13     44  
415.0  06:55:54 42.39399 -72.53287   3     19     59  
416.0  06:56:03 42.393993 -72.53288   4     19     52  
416.0  06:56:12 42.394 -72.532875   4     10     58  
416.0  06:56:20 42.39398 -72.53287   4     12     42  
416.0  06:56:29 42.39386 -72.532845   4     17     41  
416.0  06:56:40 42.39361 -72.532745   3     13     53  
416.0  06:56:48 42.393417 -72.53264   4     14     45  
416.0  06:56:57 42.39332 -72.53259   5     16     53  
417.0  06:57:05 42.393093 -72.53271   4     13     58  
417.0  06:57:14 42.39283 -72.533325   5     17     55  
417.0  06:57:22 42.392776 -72.53363   4     12     45  
417.0  06:57:32 42.392735 -72.53383   5     10     49  
417.0  06:57:41 42.392242 -72.53373   5     11     43  
417.0  06:57:49 42.39143 -72.53342   5     17     56  
417.0  06:57:58 42.390663 -72.533134   5     13     46  
418.0  06:58:06 42.390327 -72.53299   3     10     40  
418.0  06:58:15 42.39032 -72.53298   5     16     44  
418.0  06:58:25 42.390213 -72.53294   4     13     51  
418.0  06:58:33 42.38961 -72.532715   3     12     59  
418.0  06:58:41 42.388817 -72.53237   4     13     49  
418.0  06:58:50 42.38815 -72.53208   3     16     57  
418.0  06:58:58 42.38736 -72.53174   3     12     53  
419.0  06:59:07 42.386593 -72.53141   4     12     56  
419.0  06:59:18 42.385757 -72.53104   4     19     42  
419.0  06:59:38 42.38528 -72.53104   4     12     41  
419.0  06:59:46 42.38528 -72.53103   3     14     49  
419.0  06:59:55 42.38526 -72.53103   4     19     55  
420.0  07:00:03 42.385235 -72.53101   4     10     49  
420.0  07:00:13 42.385223 -72.531   3     14     43  
420.0  07:00:22 42.385025 -72.53089   5     19     46  
420.0  07:00:32 42.384846 -72.5299   4     13     42  
420.0  07:00:41 42.384636 -72.52857   3     17     52  
420.0  07:00:49 42.384777 -72.527534   5     11     49  
420.0  07:00:58 42.385056 -72.52647   3     15     56  
421.0  07:01:09 42.385414 -72.52499   5     14     43  
421.0  07:01:17 42.38569 -72.523834   4     16     49  
421.0  07:01:28 42.385868 -72.52293   4     19     50  
421.0  07:01:37 42.385498 -72.52193   5     18     58  
421.0  07:01:46 42.384777 -72.52156   5     18     53  
421.0  07:01:55 42.383965 -72.521126   3     13     48  
422.0  07:02:05 42.382988 -72.520615   5     17     40  
422.0  07:02:17 42.3822 -72.52009   5     14     46  
422.0  07:02:26 42.381527 -72.5194   3     15     51  
422.0  07:02:34 42.38086 -72.519394   5     17     56  
422.0  07:02:43 42.380116 -72.51951   5     17     45  
422.0  07:02:51 42.37934 -72.519806   4     12     46  
423.0  07:03:02 42.3785 -72.51998   3     18     41  
423.0  07:03:11 42.37786 -72.51997   5     12     56  
423.0  07:03:19 42.377693 -72.51999   4     16     55  
423.0  07:03:28 42.377647 -72.520004   3     18     48  
423.0  07:03:37 42.377007 -72.51998   3     14     45  
423.0  07:03:45 42.37644 -72.51994   3     11     55  
423.0  07:03:55 42.375977 -72.519936   3     10     50  
424.0  07:04:04 42.375984 -72.51994   3     11     48  
424.0  07:04:13 42.37599 -72.51995   5     16     59  
424.0  07:04:22 42.3758 -72.519936   3     18     51  
424.0  07:04:30 42.37559 -72.5197   4     10     57  
424.0  07:04:39 42.375683 -72.51882   5     17     44  
424.0  07:04:50 42.37575 -72.51776   5     11     41  
424.0  07:04:59 42.37581 -72.51663   5     15     44  
425.0  07:05:13 42.375877 -72.51532   5     15     58  
425.0  07:05:22 42.375908 -72.51368   4     16     59  
425.0  07:05:30 42.375896 -72.512634   5     14     54  
425.0  07:05:41 42.37587 -72.511314   3     12     49  
425.0  07:05:50 42.375877 -72.510895   5     18     46  
425.0  07:05:58 42.37583 -72.51018   4     18     54  
426.0  07:06:07 42.375805 -72.50873   4     19     54  
426.0  07:06:16 42.37575 -72.507095   4     16     56  
426.0  07:06:24 42.375706 -72.50566   5     10     43  
426.0  07:06:35 42.375786 -72.504   3     18     54  
426.0  07:06:43 42.376003 -72.50246   3     13     43  
426.0  07:06:52 42.37628 -72.50107   5     15     52  
427.0  07:07:00 42.376312 -72.500755   3     16     40  
427.0  07:07:09 42.376324 -72.50078   4     15     52  
427.0  07:07:17 42.376217 -72.50053   4     11     46  
427.0  07:07:27 42.37525 -72.50072   4     18     54  
427.0  07:07:36 42.374382 -72.50092   3     11     44  
427.0  07:07:44 42.37343 -72.50114   4     17     58  
427.0  07:07:52 42.372986 -72.50125   3     10     47  
428.0  07:08:01 42.372833 -72.50054   5     18     58  
428.0  07:08:09 42.372326 -72.49969   3     19     47  
428.0  07:08:22 42.37138 -72.49866   4     16     42  
428.0  07:08:30 42.370182 -72.497406   5     15     55  
428.0  07:08:39 42.369358 -72.49643   4     17     55  
428.0  07:08:47 42.36842 -72.49524   5     12     57  
428.0  07:08:56 42.367424 -72.49398   5     13     49  
429.0  07:09:04 42.366524 -72.49282   3     19     46  
429.0  07:09:15 42.365322 -72.49127   4     12     40  
429.0  07:09:23 42.364433 -72.490166   5     10     51  
429.0  07:09:32 42.363518 -72.489235   4     13     56  
429.0  07:09:40 42.362537 -72.488434   4     17     53  
429.0  07:09:49 42.361656 -72.4877   4     12     47  
429.0  07:09:57 42.360584 -72.48679   4     10     52  
430.0  07:10:08 42.359196 -72.48557   3     13     42  
430.0  07:10:16 42.358257 -72.48459   4     10     53  
430.0  07:10:25 42.357346 -72.483406   5     16     41  
430.0  07:10:34 42.356415 -72.48182   3     19     55  
430.0  07:10:42 42.355705 -72.480156   4     18     58  
430.0  07:10:51 42.354973 -72.47836   3     15     59  
431.0  07:11:01 42.354164 -72.476425   5     16     56  
431.0  07:11:10 42.35374 -72.4753   5     14     46  
431.0  07:11:18 42.35343 -72.47542   5     10     57  
431.0  07:11:28 42.35347 -72.47608   5     15     49  
431.0  07:11:36 42.353485 -72.47628   3     13     40  
431.0  07:11:45 42.353485 -72.476295   5     10     45  
432.0  07:12:00 42.353397 -72.47704   3     18     42  
432.0  07:12:08 42.353397 -72.47799   3     12     58  
432.0  07:12:19 42.35365 -72.47923   3     14     53  
432.0  07:12:28 42.354244 -72.48004   3     11     55  
432.0  07:12:36 42.354694 -72.480156   4     14     49  
432.0  07:12:46 42.35474 -72.4801   3     15     49  
432.0  07:12:55 42.354927 -72.4803   3     15     54  
433.0  07:13:03 42.35548 -72.480515   4     14     41  
433.0  07:13:12 42.35569 -72.4804   5     18     50  
433.0  07:13:20 42.355743 -72.48037   4     15     49  
433.0  07:13:30 42.35574 -72.480385   4     10     42  
433.0  07:13:41 42.35612 -72.48094   4     13     54  
433.0  07:13:49 42.35685 -72.48244   3     13     58  
433.0  07:13:58 42.357834 -72.48397   5     13     56  
434.0  07:14:06 42.35882 -72.4852   5     19     40  
434.0  07:14:15 42.35995 -72.48623   4     17     57  
434.0  07:14:24 42.361137 -72.48726   4     11     57  
434.0  07:14:34 42.362164 -72.488014   5     14     59  
434.0  07:14:44 42.36225 -72.48806   4     10     49  
434.0  07:14:54 42.362255 -72.48804   3     10     42  
435.0  07:15:02 42.36255 -72.48834   5     13     56  
435.0  07:15:11 42.362907 -72.48862   3     19     48  
435.0  07:15:20 42.363544 -72.489136   5     11     58  
435.0  07:15:30 42.3646 -72.49029   3     16     53  
435.0  07:15:38 42.365574 -72.49149   4     19     49  
435.0  07:15:46 42.366463 -72.49261   5     17     48  
435.0  07:15:56 42.367325 -72.49373   5     13     53  
436.0  07:16:05 42.368404 -72.49509   3     14     47  
436.0  07:16:13 42.369404 -72.49636   5     18     47  
436.0  07:16:24 42.3705 -72.49767   3     16     57  
436.0  07:16:33 42.37114 -72.49837   3     17     47  
436.0  07:16:42 42.3712 -72.49845   3     17     40  
436.0  07:16:50 42.37097 -72.49898   4     18     47  
436.0  07:16:59 42.370434 -72.49915   5     12     40  
437.0  07:17:07 42.370224 -72.49917   3     14     50  
437.0  07:17:17 42.370205 -72.499176   5     15     51  
437.0  07:17:27 42.36996 -72.499176   4     18     47  
437.0  07:17:36 42.369442 -72.49919   3     18     48  
437.0  07:17:45 42.369263 -72.49973   3     15     59  
437.0  07:17:53 42.369297 -72.50033   5     16     54  
438.0  07:18:02 42.3693 -72.5006   5     15     46  
438.0  07:18:12 42.36934 -72.50138   4     12     44  
438.0  07:18:21 42.369396 -72.50171   5     11     43  
438.0  07:18:29 42.369408 -72.501755   4     13     50  
438.0  07:18:38 42.36943 -72.502014   4     15     55  
438.0  07:18:47 42.36941 -72.50203   4     17     56  
438.0  07:18:55 42.36962 -72.50208   5     16     44  
439.0  07:19:05 42.37068 -72.50179   5     12     46  
439.0  07:19:13 42.37154 -72.501595   3     13     58  
439.0  07:19:22 42.372272 -72.50138   5     13     42  
439.0  07:19:30 42.3727 -72.501274   4     10     45  
439.0  07:19:39 42.37277 -72.50127   5     13     47  
439.0  07:19:47 42.372807 -72.50128   3     19     48  
439.0  07:19:58 42.372807 -72.50131   5     15     43  
440.0  07:20:08 42.37279 -72.5013   3     10     57  
440.0  07:20:16 42.3733 -72.501144   3     19     49  
440.0  07:20:25 42.37421 -72.50093   5     10     58  
440.0  07:20:33 42.375168 -72.5007   5     19     49  
440.0  07:20:42 42.375935 -72.50053   5     16     54  
440.0  07:20:52 42.376408 -72.50063   4     11     42  
441.0  07:21:01 42.3763 -72.50126   4     19     51  
441.0  07:21:09 42.37631 -72.50129   3     13     54  
441.0  07:21:17 42.376278 -72.50141   4     14     50  
441.0  07:21:26 42.37605 -72.502495   4     15     40  
441.0  07:21:34 42.375843 -72.50376   4     10     41  
441.0  07:21:44 42.3757 -72.50534   3     11     48  
441.0  07:21:53 42.375763 -72.506714   4     19     41  
442.0  07:22:01 42.375797 -72.50715   3     12     57  
442.0  07:22:10 42.375774 -72.50713   5     16     56  
442.0  07:22:18 42.375793 -72.50793   5     18     54  
442.0  07:22:27 42.37584 -72.50916   3     16     53  
442.0  07:22:39 42.375896 -72.51066   5     17     47  
442.0  07:22:48 42.37591 -72.51095   4     10     51  
442.0  07:22:57 42.375946 -72.51204   4     13     42  
443.0  07:23:05 42.375957 -72.51229   4     19     55  
443.0  07:23:14 42.37594 -72.512344   4     12     43  
443.0  07:23:22 42.375973 -72.51322   3     16     42  
443.0  07:23:33 42.375942 -72.51454   3     10     59  
443.0  07:23:41 42.375847 -72.51581   5     11     53  
443.0  07:23:50 42.37578 -72.51666   5     16     40  
443.0  07:23:58 42.37582 -72.51671   5     14     57  
444.0  07:24:07 42.375847 -72.51671   4     17     58  
445.0  07:25:34 42.37739 -72.51987   4     10     50  
445.0  07:25:45 42.377403 -72.51987   3     10     55  
445.0  07:25:54 42.377396 -72.51984   3     13     46  
446.0  07:26:02 42.377396 -72.51983   5     15     49  
446.0  07:26:11 42.377598 -72.51988   4     17     59  
446.0  07:26:20 42.37829 -72.51993   3     12     54  
446.0  07:26:28 42.37909 -72.519844   4     10     41  
446.0  07:26:40 42.379986 -72.519485   3     14     47  
446.0  07:26:49 42.380856 -72.519325   3     14     41  
446.0  07:26:57 42.38135 -72.51926   4     17     41  
447.0  07:27:06 42.381435 -72.519226   5     18     58  
447.0  07:27:16 42.381622 -72.519325   5     17     59  
447.0  07:27:24 42.38238 -72.52007   3     12     48  
447.0  07:27:35 42.38323 -72.52064   4     19     48  
447.0  07:27:43 42.384167 -72.52119   4     13     45  
447.0  07:27:52 42.38508 -72.5217   5     18     57  
448.0  07:28:01 42.38575 -72.522026   4     12     50  
448.0  07:28:09 42.38595 -72.522285   5     16     45  
448.0  07:28:18 42.386265 -72.52241   3     13     50  
448.0  07:28:30 42.387127 -72.522835   3     13     41  
448.0  07:28:39 42.38767 -72.52349   4     19     48  
448.0  07:28:47 42.387707 -72.52353   4     16     41  
448.0  07:28:56 42.387737 -72.5235   4     18     57  
449.0  07:29:04 42.387745 -72.52349   5     11     48  
449.0  07:29:13 42.387737 -72.52348   3     17     43  
449.0  07:29:23 42.387726 -72.52348   5     16     44  
449.0  07:29:32 42.387714 -72.52348   4     11     56  
449.0  07:29:40 42.38771 -72.52348   5     15     53  
449.0  07:29:49 42.387703 -72.52349   5     14     52  
449.0  07:29:57 42.387707 -72.52349   5     10     40  
450.0  07:30:06 42.38771 -72.52349   4     18     46  
450.0  07:30:16 42.387707 -72.5235   3     13     45  
450.0  07:30:25 42.387726 -72.5236   3     10     47  
450.0  07:30:34 42.3881 -72.52404   3     18     52  
450.0  07:30:45 42.388752 -72.5245   3     11     45  
450.0  07:30:55 42.389687 -72.5249   4     15     45  
451.0  07:31:05 42.39052 -72.52509   4     10     46  
451.0  07:31:17 42.391552 -72.52528   5     18     56  
451.0  07:31:25 42.39243 -72.52553   5     19     53  
451.0  07:31:34 42.39328 -72.52582   3     11     52  
451.0  07:31:42 42.393795 -72.52603   3     16     45  
451.0  07:31:51 42.393845 -72.52611   5     13     57  
451.0  07:31:59 42.393787 -72.526146   4     13     50  
452.0  07:32:10 42.393826 -72.52619   3     15     49  
452.0  07:32:19 42.394325 -72.5265   3     10     58  
452.0  07:32:28 42.395023 -72.52689   4     10     51  
452.0  07:32:39 42.39582 -72.52725   5     19     48  
452.0  07:32:47 42.397 -72.52776   5     14     55  
452.0  07:32:56 42.397964 -72.52808   5     13     45  
453.0  07:33:06 42.39917 -72.52804   5     11     50  
453.0  07:33:15 42.40036 -72.527916   3     13     41  
453.0  07:33:23 42.401382 -72.52805   4     19     56  
453.0  07:33:32 42.402416 -72.528496   5     10     40  
453.0  07:33:41 42.403427 -72.529175   3     19     51  
453.0  07:33:49 42.404438 -72.52968   4     19     57  
453.0  07:33:59 42.40563 -72.529724   5     12     42  
454.0  07:34:08 42.40633 -72.52982   3     15     58  
454.0  07:34:16 42.406403 -72.53037   3     13     40  
454.0  07:34:25 42.406433 -72.53106   3     14     46  
454.0  07:34:33 42.406387 -72.5313   3     18     54  
454.0  07:34:42 42.406284 -72.53162   4     13     52  
454.0  07:34:52 42.4062 -72.53188   3     14     52  
455.0  07:35:00 42.406136 -72.53208   4     15     56  
455.0  07:35:09 42.40611 -72.5323   4     17     42  
455.0  07:35:18 42.405952 -72.5325   4     16     49  
455.0  07:35:26 42.405838 -72.5325   4     11     52  
455.0  07:35:35 42.40584 -72.5325   4     19     59  
462.0  07:42:52 42.405865 -72.53247   3     18     41  
463.0  07:43:04 42.405876 -72.53249   4     11     55  
463.0  07:43:16 42.40584 -72.53248   3     17     53  
463.0  07:43:30 42.40586 -72.53249   4     11     44  
464.0  07:44:31 42.405846 -72.532455   4     15     51  
464.0  07:44:41 42.40584 -72.53247   4     15     44  
464.0  07:44:50 42.40583 -72.53249   4     17     40  
464.0  07:44:57 42.40583 -72.53252   3     15     43  
465.0  07:45:00 42.40583 -72.532524   5     19     50  
465.0  07:45:05 42.40583 -72.532524   3     10     43  
465.0  07:45:13 42.405827 -72.532524   4     14     40  
465.0  07:45:21 42.40582 -72.53251   3     11     51  
465.0  07:45:31 42.4058 -72.53251   4     17     45  
465.0  07:45:40 42.405785 -72.53249   4     16     41  
465.0  07:45:48 42.40576 -72.53249   5     19     59  
465.0  07:45:56 42.40559 -72.53246   3     15     54  
466.0  07:46:00 42.405468 -72.532455   5     15     40  
466.0  07:46:05 42.405457 -72.532455   3     13     41  
466.0  07:46:14 42.40531 -72.532425   3     15     45  
466.0  07:46:24 42.404964 -72.53232   5     12     40  
466.0  07:46:32 42.40488 -72.531815   5     12     41  
466.0  07:46:40 42.40485 -72.5315   3     14     53  
466.0  07:46:49 42.404915 -72.53092   5     16     56  
466.0  07:46:57 42.40495 -72.53081   4     13     55  
467.0  07:47:00 42.40497 -72.53081   3     12     52  
467.0  07:47:04 42.40497 -72.53081   4     19     45  
467.0  07:47:15 42.405 -72.5308   5     15     46  
467.0  07:47:23 42.405025 -72.53067   4     10     54  
467.0  07:47:32 42.405045 -72.530426   5     11     50  
467.0  07:47:40 42.40508 -72.53   3     11     46  
467.0  07:47:49 42.40507 -72.52981   3     12     41  
467.0  07:47:57 42.40466 -72.52973   5     12     40  
468.0  07:48:00 42.403957 -72.5296   5     10     48  
468.0  07:48:07 42.40362 -72.52939   3     15     57  
468.0  07:48:16 42.40321 -72.529175   4     12     43  
468.0  07:48:25 42.40323 -72.529144   3     16     50  
468.0  07:48:33 42.40323 -72.529144   3     14     40  
468.0  07:48:42 42.403088 -72.529015   4     19     51  
468.0  07:48:49 42.402275 -72.52852   3     13     44  
469.0  07:49:00 42.40127 -72.52809   4     12     48  
469.0  07:49:00 42.40081 -72.52796   5     11     57  
469.0  07:49:08 42.40022 -72.52796   3     13     52  
469.0  07:49:18 42.39898 -72.528076   5     16     55  
469.0  07:49:27 42.398075 -72.52813   3     17     54  
469.0  07:49:35 42.39719 -72.52791   4     19     59  
469.0  07:49:44 42.39623 -72.52752   4     11     53  
469.0  07:49:54 42.39564 -72.52727   5     10     58  
470.0  07:50:00 42.395126 -72.527016   4     10     43  
470.0  07:50:02 42.395264 -72.5271   4     14     43  
470.0  07:50:11 42.394558 -72.526665   4     14     53  
470.0  07:50:19 42.39382 -72.526245   4     12     59  
470.0  07:50:27 42.393414 -72.52606   3     12     46  
470.0  07:50:36 42.393394 -72.52607   3     11     49  
470.0  07:50:46 42.393414 -72.52611   5     12     54  
470.0  07:50:55 42.393406 -72.52609   3     10     42  
471.0  07:51:00 42.393387 -72.52605   5     10     59  
471.0  07:51:03 42.393387 -72.52605   4     18     43  
471.0  07:51:12 42.39299 -72.52582   5     16     48  
471.0  07:51:20 42.392193 -72.52554   3     10     41  
471.0  07:51:29 42.39148 -72.525375   4     12     43  
471.0  07:51:39 42.3909 -72.5253   3     15     40  
471.0  07:51:49 42.39088 -72.52532   3     13     50  
471.0  07:51:57 42.390907 -72.52536   3     17     42  
472.0  07:52:00 42.39091 -72.52536   5     11     43  
472.0  07:52:05 42.390896 -72.52537   5     16     42  
472.0  07:52:14 42.390503 -72.525246   3     17     53  
472.0  07:52:22 42.38964 -72.525   5     12     59  
472.0  07:52:33 42.38875 -72.5246   5     16     57  
472.0  07:52:42 42.388027 -72.52415   3     19     53  
472.0  07:52:51 42.3878 -72.52394   4     12     42  
472.0  07:52:59 42.387806 -72.52395   3     11     52  
473.0  07:53:00 42.38781 -72.52395   5     16     52  
473.0  07:53:08 42.387814 -72.52394   5     11     55  
473.0  07:53:16 42.387627 -72.52364   5     18     42  
473.0  07:53:29 42.386936 -72.52277   5     19     51  
473.0  07:53:38 42.38626 -72.52246   5     10     57  
473.0  07:53:46 42.38622 -72.52252   3     18     46  
473.0  07:53:55 42.386127 -72.52254   4     18     51  
474.0  07:54:00 42.38567 -72.52226   3     19     40  
475.0  07:55:00 42.38567 -72.52226   4     12     41  
476.0  07:56:00 42.38567 -72.52226   3     13     54  
477.0  07:57:00 42.38567 -72.52226   3     18     44  
478.0  07:58:00 42.38567 -72.52226   5     18     43  
479.0  07:59:00 42.38567 -72.52226   5     18     50  
480.0  08:00:00 42.38567 -72.52226   4     12     53  
481.0  08:01:00 42.38567 -72.52226   4     16     56  
482.0  08:02:00 42.38567 -72.52226   5     17     57  
483.0  08:03:00 42.38567 -72.52226   4     18     50  
484.0  08:04:00 42.38567 -72.52226   5     19     46  
485.0  08:05:00 42.38567 -72.52226   4     13     46  
486.0  08:06:00 42.38567 -72.52226   5     12     55  
492.0  08:12:45 42.356052 -72.48496   3     18     42  
492.0  08:12:57 42.35647 -72.48541   5     17     54  
493.0  08:13:09 42.357323 -72.48524   5     15     48  
493.0  08:13:22 42.35807 -72.48532   3     10     49  
494.0  08:14:23 42.354412 -72.477104   4     17     48  
494.0  08:14:34 42.353775 -72.47554   3     12     41  
494.0  08:14:42 42.35336 -72.47541   5     17     58  
494.0  08:14:51 42.353447 -72.47634   5     13     58  
495.0  08:15:00 42.353428 -72.47816   5     19     45  
495.0  08:15:02 42.3534 -72.47786   5     16     50  
495.0  08:15:10 42.353626 -72.47901   4     15     42  
495.0  08:15:18 42.354156 -72.47989   4     15     54  
495.0  08:15:29 42.355053 -72.48037   3     19     41  
495.0  08:15:37 42.355682 -72.48046   3     17     49  
644.0  10:44:15 42.40586 -72.5325   5     13     57  
644.0  10:44:27 42.405857 -72.5325   5     13     59  
644.0  10:44:40 42.40586 -72.5325   3     13     43  
644.0  10:44:52 42.40586 -72.53251   4     17     41  
645.0  10:45:53 42.405838 -72.53255   5     17     58  
646.0  10:46:00 42.405838 -72.53255   4     18     48  
646.0  10:46:03 42.405838 -72.53255   5     12     54  
646.0  10:46:11 42.405796 -72.53253   3     19     44  
646.0  10:46:19 42.40559 -72.532486   3     10     54  
646.0  10:46:28 42.40545 -72.532455   3     13     42  
646.0  10:46:36 42.405106 -72.5324   5     15     47  
646.0  10:46:45 42.40491 -72.53218   5     10     44  
646.0  10:46:55 42.40492 -72.5318   4     13     55  
647.0  10:47:04 42.40491 -72.53134   3     16     57  
647.0  10:47:13 42.404984 -72.530846   5     17     42  
647.0  10:47:21 42.40498 -72.530785   5     13     51  
647.0  10:47:30 42.404984 -72.530785   4     17     51  
647.0  10:47:38 42.405064 -72.530556   4     11     45  
647.0  10:47:49 42.405083 -72.5303   5     15     45  
647.0  10:47:57 42.405087 -72.52988   3     18     43  
648.0  10:48:00 42.405064 -72.52977   3     14     45  
648.0  10:48:06 42.40501 -72.52972   4     11     44  
648.0  10:48:15 42.40419 -72.52967   3     14     55  
648.0  10:48:23 42.403397 -72.52926   4     11     49  
648.0  10:48:32 42.403175 -72.52916   3     18     56  
648.0  10:48:42 42.40317 -72.529175   5     19     52  
648.0  10:48:50 42.403027 -72.52905   3     15     52  
648.0  10:48:59 42.402218 -72.52854   3     18     56  
649.0  10:49:00 42.4016 -72.528244   3     14     41  
649.0  10:49:07 42.40107 -72.52806   3     10     42  
649.0  10:49:16 42.400032 -72.527985   5     19     44  
649.0  10:49:24 42.398956 -72.5281   5     10     42  
649.0  10:49:34 42.397705 -72.5281   3     11     40  
649.0  10:49:43 42.396908 -72.52779   3     16     48  
649.0  10:49:51 42.396088 -72.52742   4     14     54  
649.0  10:49:59 42.3954 -72.527115   4     16     59  
650.0  10:50:00 42.39534 -72.527084   5     17     49  
650.0  10:50:07 42.395355 -72.52706   3     18     58  
650.0  10:50:16 42.395367 -72.52706   5     11     53  
650.0  10:50:27 42.395374 -72.52707   5     12     51  
650.0  10:50:36 42.395386 -72.52705   3     12     40  
650.0  10:50:44 42.39539 -72.52705   4     10     52  
650.0  10:50:53 42.39532 -72.527016   5     19     48  
651.0  10:51:00 42.394596 -72.52663   4     17     47  
651.0  10:51:01 42.39482 -72.52675   4     18     44  
651.0  10:51:10 42.394226 -72.52641   3     12     49  
651.0  10:51:20 42.39365 -72.5261   5     12     47  
651.0  10:51:29 42.39345 -72.52601   5     18     59  
651.0  10:51:37 42.393456 -72.526054   3     14     54  
651.0  10:51:45 42.39344 -72.52607   3     17     54  
651.0  10:51:54 42.393436 -72.526115   5     15     41  
652.0  10:52:00 42.393433 -72.52614   4     12     44  
652.0  10:52:02 42.393433 -72.52614   5     18     54  
652.0  10:52:13 42.39343 -72.526115   3     12     57  
652.0  10:52:21 42.39343 -72.52614   3     10     42  
652.0  10:52:30 42.393436 -72.52614   5     14     51  
652.0  10:52:39 42.39345 -72.52614   3     12     47  
652.0  10:52:47 42.393448 -72.526146   3     16     46  
764.0  12:44:56 42.405807 -72.53245   4     15     40  
765.0  12:45:09 42.405773 -72.53247   3     16     44  
765.0  12:45:21 42.40579 -72.53245   5     19     45  
765.0  12:45:34 42.405773 -72.53241   4     15     44  
768.0  12:48:13 42.40288 -72.528915   3     13     42  
768.0  12:48:25 42.40152 -72.52817   5     10     44  
768.0  12:48:38 42.399357 -72.528046   4     14     50  
768.0  12:48:51 42.397152 -72.52789   4     14     51  
769.0  12:49:03 42.3956 -72.52721   5     19     40  
770.0  12:50:05 42.395275 -72.52708   5     13     53  
770.0  12:50:16 42.39433 -72.52653   5     11     46  
770.0  12:50:24 42.39389 -72.526276   4     19     41  
770.0  12:50:32 42.393425 -72.52605   3     14     55  
770.0  12:50:41 42.393436 -72.52604   5     18     56  
770.0  12:50:49 42.393436 -72.52606   5     12     53  
770.0  12:50:58 42.393436 -72.52606   3     19     48  
771.0  12:51:08 42.3934 -72.525986   5     18     43  
771.0  12:51:16 42.393055 -72.5258   4     16     44  
771.0  12:51:24 42.39223 -72.52553   3     17     44  
771.0  12:51:33 42.391354 -72.525314   4     16     49  
771.0  12:51:41 42.390877 -72.525276   3     15     41  
771.0  12:51:50 42.390865 -72.52527   3     17     56  
772.0  12:52:01 42.390884 -72.52527   3     14     45  
772.0  12:52:09 42.390575 -72.525154   3     17     50  
772.0  12:52:18 42.389866 -72.52502   5     11     54  
772.0  12:52:26 42.389267 -72.524796   4     18     48  
772.0  12:52:34 42.388763 -72.52457   3     11     57  
772.0  12:52:43 42.388206 -72.52426   3     18     46  
772.0  12:52:53 42.387764 -72.52392   3     17     43  
773.0  12:53:01 42.387764 -72.52394   4     19     48  
773.0  12:53:10 42.38776 -72.52394   3     16     43  
773.0  12:53:18 42.387764 -72.52392   4     10     58  
773.0  12:53:27 42.38773 -72.52381   3     12     56  
773.0  12:53:35 42.387234 -72.52308   3     15     56  
773.0  12:53:45 42.386517 -72.52242   3     17     42  
773.0  12:53:54 42.386215 -72.52242   3     17     50  
774.0  12:54:05 42.38622 -72.522446   5     16     50  
774.0  12:54:14 42.38578 -72.52247   3     13     42  
774.0  12:54:23 42.38521 -72.52179   3     11     59  
774.0  12:54:31 42.384254 -72.521286   4     14     42  
774.0  12:54:42 42.38328 -72.520744   5     17     58  
774.0  12:54:51 42.38284 -72.52052   4     14     40  
775.0  12:55:02 42.3827 -72.52041   4     14     45  
775.0  12:55:10 42.381763 -72.51963   4     17     52  
775.0  12:55:19 42.381577 -72.51944   3     16     59  
775.0  12:55:27 42.381542 -72.51944   3     17     49  
775.0  12:55:38 42.381504 -72.519394   4     14     49  
775.0  12:55:47 42.38122 -72.51929   5     12     40  
775.0  12:55:55 42.380222 -72.519424   5     16     45  
776.0  12:56:03 42.379555 -72.51967   5     16     44  
776.0  12:56:12 42.379566 -72.51966   5     14     41  
776.0  12:56:20 42.379578 -72.51966   5     14     51  
776.0  12:56:31 42.379566 -72.51965   5     15     58  
776.0  12:56:39 42.379166 -72.51979   4     18     54  
776.0  12:56:48 42.37846 -72.51993   5     17     51  
776.0  12:56:56 42.377922 -72.51997   4     19     59  
777.0  12:57:05 42.377853 -72.52   3     13     43  
777.0  12:57:13 42.37786 -72.52001   3     19     48  
777.0  12:57:24 42.377827 -72.52003   3     17     56  
777.0  12:57:32 42.377205 -72.519936   5     12     46  
777.0  12:57:41 42.37638 -72.519875   4     10     54  
777.0  12:57:49 42.376137 -72.51986   4     18     49  
777.0  12:57:58 42.37607 -72.51985   4     19     54  
778.0  12:58:06 42.37596 -72.519844   5     11     49  
778.0  12:58:17 42.37593 -72.51983   3     14     52  
778.0  12:58:26 42.37585 -72.51981   3     18     43  
778.0  12:58:34 42.375633 -72.51975   5     15     58  
778.0  12:58:44 42.375603 -72.51921   5     10     48  
778.0  12:58:55 42.37563 -72.5192   3     19     50  
779.0  12:59:06 42.37565 -72.519226   4     17     58  
780.0  13:00:32 42.375774 -72.51187   4     11     51  
780.0  13:00:42 42.375767 -72.511894   3     18     53  
780.0  13:00:50 42.37579 -72.51187   5     19     52  
780.0  13:00:59 42.3758 -72.51139   5     17     58  
781.0  13:01:07 42.375813 -72.51087   3     15     41  
781.0  13:01:16 42.375786 -72.51008   4     11     45  
781.0  13:01:25 42.375763 -72.50887   5     14     43  
781.0  13:01:35 42.375725 -72.50748   4     12     46  
781.0  13:01:44 42.37572 -72.50741   5     14     47  
781.0  13:01:53 42.37573 -72.50714   5     13     55  
782.0  13:02:01 42.375698 -72.50562   4     15     44  
782.0  13:02:10 42.37576 -72.50413   4     19     46  
782.0  13:02:18 42.37602 -72.50229   3     14     58  
782.0  13:02:29 42.37633 -72.50071   4     11     44  
782.0  13:02:38 42.37634 -72.50066   4     19     50  
782.0  13:02:46 42.37626 -72.50084   3     10     42  
782.0  13:02:55 42.376247 -72.50086   3     10     53  
783.0  13:03:03 42.376255 -72.50082   5     18     56  
783.0  13:03:12 42.375935 -72.50061   4     18     48  
783.0  13:03:22 42.374702 -72.50085   5     13     51  
783.0  13:03:30 42.37364 -72.5011   3     19     55  
783.0  13:03:39 42.37301 -72.50127   3     18     51  
783.0  13:03:47 42.373096 -72.50127   4     17     45  
783.0  13:03:56 42.37309 -72.50126   5     10     59  
784.0  13:04:04 42.37248 -72.50136   3     11     45  
784.0  13:04:15 42.371 -72.50169   4     19     43  
784.0  13:04:23 42.369812 -72.50193   4     17     47  
784.0  13:04:32 42.36972 -72.501976   3     19     41  
784.0  13:04:40 42.369694 -72.502106   3     10     47  
784.0  13:04:49 42.369446 -72.50214   4     14     49  
784.0  13:04:58 42.36932 -72.50192   3     10     41  
785.0  13:05:08 42.36929 -72.50166   3     12     50  
785.0  13:05:17 42.369263 -72.50119   3     17     49  
785.0  13:05:25 42.369236 -72.499916   3     10     59  
785.0  13:05:33 42.369465 -72.49904   5     13     54  
785.0  13:05:42 42.370182 -72.49901   4     12     44  
785.0  13:05:51 42.37015 -72.499084   5     18     50  
786.0  13:06:01 42.370358 -72.4991   3     13     58  
786.0  13:06:10 42.37098 -72.49882   3     10     40  
786.0  13:06:18 42.371128 -72.49851   5     14     59  
786.0  13:06:27 42.3711 -72.49836   5     14     45  
786.0  13:06:36 42.370914 -72.49806   5     18     48  
786.0  13:06:44 42.3701 -72.49724   5     10     42  
786.0  13:06:55 42.369026 -72.495964   5     10     45  
787.0  13:07:03 42.367855 -72.49449   5     10     46  
787.0  13:07:12 42.36665 -72.49295   4     10     41  
787.0  13:07:20 42.36551 -72.49149   4     11     48  
787.0  13:07:28 42.36417 -72.48988   4     18     50  
787.0  13:07:37 42.36311 -72.488846   5     13     50  
787.0  13:07:48 42.361526 -72.48759   4     16     42  
787.0  13:07:57 42.360188 -72.48643   4     11     50  
788.0  13:08:06 42.358986 -72.48538   4     19     54  
788.0  13:08:15 42.358253 -72.48486   4     18     44  
788.0  13:08:23 42.35783 -72.48542   3     17     56  
788.0  13:08:31 42.357224 -72.48525   3     17     43  
788.0  13:08:42 42.356285 -72.4855   5     15     48  
788.0  13:08:51 42.355835 -72.4858   4     11     59  
788.0  13:08:59 42.35565 -72.48533   5     17     45  
789.0  13:09:08 42.356007 -72.484955   4     12     45  
789.0  13:09:17 42.35626 -72.485275   4     10     40  
789.0  13:09:25 42.356335 -72.48543   4     12     49  
789.0  13:09:36 42.356327 -72.48542   3     13     44  
789.0  13:09:45 42.35647 -72.485374   5     14     48  
789.0  13:09:53 42.356976 -72.48519   3     16     41  
790.0  13:10:02 42.357758 -72.48537   4     13     47  
790.0  13:10:10 42.35809 -72.48508   4     16     48  
790.0  13:10:19 42.358208 -72.484665   5     15     46  
790.0  13:10:30 42.357662 -72.48386   3     18     58  
790.0  13:10:39 42.35683 -72.482635   5     10     47  
790.0  13:10:47 42.356464 -72.48194   4     17     53  
790.0  13:10:56 42.35646 -72.48196   5     12     40  
791.0  13:11:05 42.356403 -72.4818   5     17     40  
791.0  13:11:13 42.355896 -72.48067   3     14     44  
791.0  13:11:24 42.35511 -72.478745   4     13     57  
791.0  13:11:32 42.35425 -72.47673   4     10     56  
791.0  13:11:41 42.353634 -72.47532   5     13     55  
791.0  13:11:49 42.353317 -72.47561   5     14     48  
791.0  13:11:58 42.353363 -72.477135   3     16     42  
792.0  13:12:06 42.353508 -72.478966   5     17     59  
792.0  13:12:17 42.35449 -72.48007   4     18     48  
792.0  13:12:26 42.354797 -72.480225   4     12     47  
792.0  13:12:40 42.35478 -72.480194   3     13     50  
792.0  13:12:49 42.354786 -72.48013   3     18     59  
792.0  13:12:57 42.35478 -72.48013   3     14     46  
793.0  13:13:08 42.35478 -72.48012   5     14     59  
793.0  13:13:17 42.35478 -72.4801   4     18     51  
793.0  13:13:25 42.35478 -72.48008   5     15     57  
793.0  13:13:34 42.35478 -72.48008   5     12     42  
793.0  13:13:43 42.354786 -72.48011   4     19     43  
793.0  13:13:51 42.354794 -72.480095   3     12     51  
794.0  13:14:04 42.354794 -72.480095   4     11     51  
794.0  13:14:14 42.354786 -72.48007   4     19     46  
794.0  13:14:22 42.35477 -72.48004   3     12     48  
794.0  13:14:31 42.354755 -72.479965   3     10     54  
794.0  13:14:39 42.354744 -72.47995   4     15     43  
794.0  13:14:48 42.354725 -72.47997   5     16     58  
794.0  13:14:56 42.35471 -72.47999   4     16     46  
795.0  13:15:06 42.354706 -72.47999   5     17     59  
795.0  13:15:15 42.3547 -72.48   3     19     57  
795.0  13:15:24 42.3547 -72.48   5     14     55  
795.0  13:15:33 42.3547 -72.48001   5     17     59  
795.0  13:15:42 42.35471 -72.48002   3     13     41  
795.0  13:15:50 42.354717 -72.48007   4     12     50  
796.0  13:16:02 42.35472 -72.48012   4     15     53  
796.0  13:16:15 42.35472 -72.48012   3     16     59  
796.0  13:16:24 42.35469 -72.48018   5     10     49  
807.0  13:27:51 42.355717 -72.4804   3     12     41  
808.0  13:28:04 42.3557 -72.48038   3     13     54  
808.0  13:28:53 42.35853 -72.484825   3     18     52  
809.0  13:29:00 42.3603 -72.48653   4     19     44  
809.0  13:29:06 42.36046 -72.486664   5     10     58  
809.0  13:29:14 42.361725 -72.487724   4     11     45  
809.0  13:29:23 42.36226 -72.4881   5     11     45  
809.0  13:29:31 42.362255 -72.48807   5     15     48  
809.0  13:29:39 42.36268 -72.48845   5     11     43  
809.0  13:29:48 42.36369 -72.48927   5     10     43  
809.0  13:29:58 42.36505 -72.49084   3     19     56  
810.0  13:30:00 42.36591 -72.49194   5     17     55  
810.0  13:30:07 42.366344 -72.4925   5     14     49  
810.0  13:30:16 42.367622 -72.49416   4     15     46  
810.0  13:30:25 42.36887 -72.49573   4     14     41  
810.0  13:30:34 42.369915 -72.49701   4     17     57  
810.0  13:30:41 42.37068 -72.49787   4     16     41  
810.0  13:30:52 42.371143 -72.498375   5     11     43  
811.0  13:31:00 42.37077 -72.499054   5     15     42  
811.0  13:31:01 42.37099 -72.49892   5     17     45  
811.0  13:31:09 42.370388 -72.499115   4     10     56  
811.0  13:31:18 42.370262 -72.499146   4     15     42  
811.0  13:31:26 42.370274 -72.49916   5     10     41  
811.0  13:31:35 42.37027 -72.49915   3     15     41  
811.0  13:31:46 42.36944 -72.49915   4     12     43  
811.0  13:31:54 42.369267 -72.50011   4     13     45  
812.0  13:32:00 42.3693 -72.50135   3     14     46  
812.0  13:32:03 42.369293 -72.501205   3     16     49  
812.0  13:32:14 42.369377 -72.50204   4     12     55  
812.0  13:32:22 42.370045 -72.501884   4     12     55  
812.0  13:32:31 42.371105 -72.5016   4     15     51  
812.0  13:32:41 42.372284 -72.501305   4     12     42  
812.0  13:32:59 42.372616 -72.50125   4     17     59  
813.0  13:33:00 42.37276 -72.50121   5     10     53  
813.0  13:33:08 42.37303 -72.501144   3     10     41  
813.0  13:33:17 42.374027 -72.50091   5     12     46  
813.0  13:33:25 42.375057 -72.5007   4     10     43  
813.0  13:33:36 42.37608 -72.500496   3     12     40  
813.0  13:33:44 42.37644 -72.500626   3     14     41  
813.0  13:33:52 42.376175 -72.50173   4     15     41  
814.0  13:34:00 42.37581 -72.503944   4     11     52  
814.0  13:34:01 42.375896 -72.50333   3     12     48  
814.0  13:34:09 42.375683 -72.50512   4     16     45  
814.0  13:34:18 42.37574 -72.506615   5     19     48  
814.0  13:34:28 42.375786 -72.50868   5     14     46  
814.0  13:34:37 42.37583 -72.510025   5     16     49  
814.0  13:34:45 42.37586 -72.510666   5     10     50  
814.0  13:34:53 42.375893 -72.51094   4     10     40  
815.0  13:35:00 42.375946 -72.51208   5     14     43  
815.0  13:35:01 42.37594 -72.51192   3     15     40  
815.0  13:35:09 42.375954 -72.5121   5     10     50  
815.0  13:35:20 42.375893 -72.512146   4     17     57  
815.0  13:35:29 42.37592 -72.51238   4     19     55  
815.0  13:35:37 42.375877 -72.512436   4     16     52  
815.0  13:35:45 42.37591 -72.51268   3     18     44  
815.0  13:35:54 42.37593 -72.51375   3     19     58  
816.0  13:36:00 42.375896 -72.51525   3     14     45  
816.0  13:36:03 42.375896 -72.5151   5     18     50  
816.0  13:36:13 42.375828 -72.51655   5     19     48  
816.0  13:36:21 42.37581 -72.51749   3     11     59  
816.0  13:36:30 42.375813 -72.517845   5     13     54  
816.0  13:36:43 42.375797 -72.51834   3     16     54  
817.0  13:37:00 42.375668 -72.51933   3     15     48  
817.0  13:37:13 42.375687 -72.51934   5     17     54  
817.0  13:37:31 42.37565 -72.51938   5     10     48  
817.0  13:37:36 42.37569 -72.51941   4     16     52  
817.0  13:37:42 42.37571 -72.51942   4     18     45  
817.0  13:37:44 42.375675 -72.5194   4     15     51  
817.0  13:37:55 42.375732 -72.51942   5     16     54  
818.0  13:38:00 42.375744 -72.51943   4     14     41  
818.0  13:38:00 42.375748 -72.51949   4     13     48  
818.0  13:38:06 42.37576 -72.5197   5     16     46  
818.0  13:38:14 42.37588 -72.51991   4     19     54  
818.0  13:38:19 42.375816 -72.51987   5     14     40  
818.0  13:38:27 42.37679 -72.51989   3     18     55  
818.0  13:38:36 42.377357 -72.51986   5     17     58  
818.0  13:38:47 42.37739 -72.51982   5     10     50  
818.0  13:38:54 42.37741 -72.519806   3     17     49  
819.0  13:39:00 42.37742 -72.51979   5     14     54  
820.0  13:40:00 42.37742 -72.51979   3     12     41  
821.0  13:41:00 42.37742 -72.51979   3     16     51  
822.0  13:42:00 42.37742 -72.51979   5     16     40  
823.0  13:43:00 42.37742 -72.51979   5     16     55  
824.0  13:44:00 42.37742 -72.51979   3     13     51  
825.0  13:45:00 42.37742 -72.51979   3     15     57  
826.0  13:46:00 42.37742 -72.51979   4     10     44  
827.0  13:47:00 42.37742 -72.51979   5     12     42  
828.0  13:48:00 42.37742 -72.51979   4     19     51  
829.0  13:49:00 42.37742 -72.51979   5     16     44  
830.0  13:50:00 42.37742 -72.51979   3     19     50  
831.0  13:51:00 42.37742 -72.51979   4     15     54  
840.0  14:00:19 42.40577 -72.532455   5     15     48  
841.0  14:01:00 42.40488 -72.53171   5     14     56  
841.0  14:01:13 42.404903 -72.531006   4     19     59  
841.0  14:01:13 42.404922 -72.53089   3     18     48  
841.0  14:01:24 42.404903 -72.53085   4     19     49  
841.0  14:01:32 42.404964 -72.53066   3     13     44  
841.0  14:01:41 42.40502 -72.530365   5     15     52  
841.0  14:01:50 42.40503 -72.52987   5     15     40  
841.0  14:01:58 42.405 -72.52977   4     11     41  
842.0  14:02:00 42.404896 -72.529686   5     14     52  
842.0  14:02:06 42.40472 -72.52967   5     16     46  
842.0  14:02:17 42.40352 -72.52931   5     13     52  
842.0  14:02:25 42.40314 -72.5291   5     12     41  
842.0  14:02:34 42.403206 -72.5291   5     17     49  
842.0  14:02:41 42.403183 -72.52909   4     18     50  
842.0  14:02:50 42.403175 -72.52905   4     14     51  
842.0  14:02:59 42.40304 -72.52896   4     13     51  
843.0  14:03:00 42.402687 -72.52872   5     18     46  
843.0  14:03:09 42.401962 -72.52833   5     10     54  
843.0  14:03:17 42.40077 -72.52793   4     19     43  
843.0  14:03:26 42.3995 -72.52799   5     12     54  
843.0  14:03:35 42.39802 -72.52808   4     10     44  
843.0  14:03:43 42.396744 -72.527756   5     17     46  
843.0  14:03:54 42.396107 -72.52746   3     14     56  
844.0  14:04:00 42.395706 -72.52727   4     15     54  
844.0  14:04:05 42.395702 -72.52727   5     19     56  
844.0  14:04:13 42.395733 -72.527245   4     12     51  
844.0  14:04:22 42.395367 -72.527084   3     17     57  
844.0  14:04:31 42.394623 -72.52669   5     13     54  
844.0  14:04:39 42.394318 -72.526505   5     11     40  
844.0  14:04:51 42.3941 -72.52637   3     19     42  
845.0  14:05:00 42.393692 -72.52614   3     13     58  
845.0  14:05:01 42.393867 -72.52623   4     18     52  
845.0  14:05:10 42.393414 -72.52603   4     17     56  
845.0  14:05:21 42.393406 -72.52603   5     19     54  
845.0  14:05:30 42.393402 -72.52607   4     14     50  
845.0  14:05:38 42.393383 -72.52608   4     16     41  
845.0  14:05:47 42.39337 -72.52609   4     15     44  
845.0  14:05:57 42.39316 -72.52591   3     16     45  
846.0  14:06:00 42.39271 -72.52571   4     15     52  
846.0  14:06:06 42.392544 -72.52565   4     18     57  
846.0  14:06:15 42.391785 -72.52542   4     14     59  
846.0  14:06:24 42.391273 -72.52528   3     18     49  
846.0  14:06:32 42.390873 -72.525246   3     16     49  
846.0  14:06:41 42.390892 -72.52525   4     18     41  
846.0  14:06:52 42.39093 -72.52527   3     14     42  
847.0  14:07:00 42.390907 -72.52527   3     18     51  
847.0  14:07:00 42.390892 -72.52528   4     16     58  
847.0  14:07:09 42.390884 -72.525276   4     11     49  
847.0  14:07:18 42.390884 -72.525276   5     13     53  
847.0  14:07:26 42.390884 -72.525276   3     13     49  
847.0  14:07:34 42.390884 -72.525276   4     16     40  
847.0  14:07:45 42.390884 -72.525276   3     17     49  
847.0  14:07:54 42.390884 -72.525276   3     18     40  
882.0  14:42:27 42.354687 -72.48019   4     10     56  
882.0  14:42:40 42.355335 -72.48054   5     17     58  
882.0  14:42:52 42.355804 -72.48031   3     15     55  
883.0  14:43:05 42.35644 -72.48168   4     17     43  
884.0  14:44:00 42.362247 -72.48805   3     19     58  
884.0  14:44:44 42.363033 -72.48875   5     15     53  
884.0  14:44:54 42.363068 -72.48876   3     13     54  
885.0  14:45:00 42.363945 -72.48954   4     13     59  
885.0  14:45:02 42.363823 -72.48941   4     17     46  
885.0  14:45:10 42.364822 -72.49057   5     18     40  
885.0  14:45:18 42.36586 -72.49188   3     17     47  
885.0  14:45:27 42.3668 -72.49308   5     12     51  
885.0  14:45:35 42.367764 -72.49431   3     11     52  
885.0  14:45:46 42.36896 -72.495804   4     18     59  
885.0  14:45:54 42.370045 -72.49715   4     14     41  
886.0  14:46:00 42.37108 -72.49827   5     19     42  
886.0  14:46:08 42.371 -72.498184   4     19     50  
886.0  14:46:16 42.370785 -72.499054   3     15     58  
886.0  14:46:25 42.37025 -72.49913   4     10     40  
887.0  14:47:00 42.37024 -72.49914   4     14     40  
888.0  14:48:00 42.37024 -72.49914   3     15     52  
889.0  14:49:00 42.37024 -72.49914   3     12     57  
891.0  14:51:00 42.37024 -72.49914   3     11     57  
892.0  14:52:00 42.37024 -72.49914   5     12     59  
893.0  14:53:00 42.37024 -72.49914   3     10     58  
894.0  14:54:00 42.37024 -72.49914   4     18     42  
895.0  14:55:00 42.37024 -72.49914   3     18     42  
896.0  14:56:00 42.37024 -72.49914   4     18     59  
897.0  14:57:00 42.37024 -72.49914   3     11     54  
898.0  14:58:00 42.37024 -72.49914   4     15     51  
899.0  14:59:00 42.37024 -72.49914   3     15     47  
900.0  15:00:00 42.37024 -72.49914   5     13     52  
901.0  15:01:00 42.37024 -72.49914   4     14     43  
902.0  15:02:00 42.37024 -72.49914   4     14     46  
903.0  15:03:00 42.37024 -72.49914   5     17     52  
904.0  15:04:00 42.37024 -72.49914   3     13     58  
905.0  15:05:00 42.37024 -72.49914   5     17     53  
906.0  15:06:00 42.37024 -72.49914   4     18     46  
907.0  15:07:00 42.37024 -72.49914   4     10     56  
908.0  15:08:00 42.37024 -72.49914   4     12     49  
909.0  15:09:00 42.37024 -72.49914   3     13     55  
910.0  15:10:00 42.37024 -72.49914   3     15     58  
911.0  15:11:00 42.37024 -72.49914   4     19     52  
912.0  15:12:00 42.37024 -72.49914   4     19     43  
913.0  15:13:00 42.37024 -72.49914   4     10     59  
914.0  15:14:00 42.37024 -72.49914   4     13     42  
915.0  15:15:00 42.37024 -72.49914   4     12     50  
916.0  15:16:00 42.37024 -72.49914   3     16     45  
917.0  15:17:00 42.37024 -72.49914   3     16     52  
918.0  15:18:00 42.37024 -72.49914   5     10     58  
919.0  15:19:00 42.37024 -72.49914   4     16     58  
920.0  15:20:00 42.37024 -72.49914   5     10     59  
921.0  15:21:00 42.37024 -72.49914   4     11     57  
922.0  15:22:00 42.37024 -72.49914   3     16     45  
923.0  15:23:00 42.37024 -72.49914   4     13     57  
924.0  15:24:00 42.37024 -72.49914   3     10     41  
925.0  15:25:00 42.37024 -72.49914   3     12     41  
926.0  15:26:00 42.37024 -72.49914   4     18     56  
927.0  15:27:00 42.37024 -72.49914   5     16     59  
928.0  15:28:00 42.37024 -72.49914   3     17     55  
929.0  15:29:00 42.37024 -72.49914   5     18     53  
930.0  15:30:00 42.37024 -72.49914   3     19     58  
931.0  15:31:00 42.37024 -72.49914   4     10     58  
932.0  15:32:00 42.37024 -72.49914   3     12     56  
933.0  15:33:00 42.37024 -72.49914   3     16     42  
935.0  15:35:00 42.37024 -72.49914   4     17     40  
936.0  15:36:00 42.37024 -72.49914   3     13     53  
937.0  15:37:00 42.37024 -72.49914   4     17     45  
938.0  15:38:00 42.37024 -72.49914   3     18     47  
939.0  15:39:00 42.37024 -72.49914   5     17     59  
940.0  15:40:00 42.37024 -72.49914   3     16     42  
941.0  15:41:00 42.37024 -72.49914   5     18     59  
942.0  15:42:00 42.37024 -72.49914   4     17     58  
943.0  15:43:00 42.37024 -72.49914   4     18     51  
944.0  15:44:00 42.37024 -72.49914   5     11     57  
945.0  15:45:00 42.37024 -72.49914   3     19     46  
946.0  15:46:00 42.37024 -72.49914   3     13     40  
947.0  15:47:00 42.37024 -72.49914   4     15     47  
948.0  15:48:00 42.37024 -72.49914   5     14     50  
960.0  16:00:52 42.36992 -72.49698   5     18     40  
961.0  16:01:05 42.37099 -72.49817   5     10     50  
961.0  16:01:17 42.37127 -72.49842   4     10     47  
961.0  16:01:30 42.371277 -72.4984   5     18     59  
962.0  16:02:31 42.369293 -72.500175   4     11     48  
962.0  16:02:41 42.369324 -72.501175   3     19     49  
962.0  16:02:50 42.369396 -72.50168   4     13     43  
962.0  16:02:58 42.3694 -72.50161   4     18     57  
963.0  16:03:06 42.369396 -72.50164   3     14     53  
963.0  16:03:15 42.369442 -72.50195   5     16     56  
963.0  16:03:23 42.369484 -72.50203   3     11     47  
963.0  16:03:34 42.370216 -72.50179   5     19     50  
963.0  16:03:43 42.371227 -72.50156   5     10     42  
963.0  16:03:51 42.372204 -72.50135   3     17     44  
963.0  16:03:59 42.372723 -72.50116   5     16     47  
964.0  16:04:07 42.372746 -72.501114   3     12     54  
964.0  16:04:16 42.372776 -72.50112   3     18     42  
964.0  16:04:28 42.372856 -72.50114   3     18     55  
964.0  16:04:37 42.372883 -72.50115   3     15     43  
964.0  16:04:46 42.37285 -72.50116   4     17     40  
964.0  16:04:55 42.37285 -72.501175   3     14     41  
965.0  16:05:03 42.372795 -72.501205   4     17     48  
965.0  16:05:12 42.37272 -72.50125   5     14     57  
965.0  16:05:22 42.3729 -72.501175   3     17     53  
965.0  16:05:31 42.373756 -72.50094   5     17     58  
965.0  16:05:39 42.374905 -72.5007   4     12     50  
965.0  16:05:48 42.37589 -72.500534   4     15     45  
965.0  16:05:57 42.37614 -72.500534   4     12     54  
966.0  16:06:05 42.376236 -72.50055   3     14     45  
966.0  16:06:15 42.376396 -72.50054   3     14     52  
966.0  16:06:24 42.376396 -72.50098   4     16     48  
966.0  16:06:32 42.376347 -72.501236   3     14     46  
966.0  16:06:41 42.376255 -72.50151   5     14     40  
966.0  16:06:49 42.376 -72.50284   5     17     59  
966.0  16:06:57 42.37581 -72.5044   4     15     47  
967.0  16:07:07 42.37579 -72.50634   3     15     48  
967.0  16:07:16 42.375797 -72.50715   3     10     57  
967.0  16:07:24 42.375824 -72.50725   5     13     49  
967.0  16:07:33 42.37585 -72.5081   4     19     55  
967.0  16:07:41 42.37587 -72.509415   4     13     47  
967.0  16:07:50 42.375896 -72.51055   5     18     54  
968.0  16:08:00 42.375874 -72.51094   4     15     44  
968.0  16:08:09 42.37591 -72.51196   5     15     43  
968.0  16:08:17 42.375916 -72.512825   4     17     52  
968.0  16:08:26 42.37596 -72.51411   3     15     52  
968.0  16:08:34 42.37591 -72.51566   5     10     57  
968.0  16:08:43 42.375923 -72.51656   5     15     58  
968.0  16:08:53 42.37599 -72.516716   3     11     54  
969.0  16:09:02 42.37598 -72.516785   5     19     53  
969.0  16:09:11 42.37591 -72.51742   5     18     47  
969.0  16:09:28 42.375874 -72.51803   5     15     53  
969.0  16:09:49 42.37562 -72.51933   4     18     40  
971.0  16:11:11 42.37631 -72.519905   3     12     52  
971.0  16:11:22 42.37652 -72.51983   5     16     49  
971.0  16:11:30 42.37671 -72.51982   5     13     50  
971.0  16:11:39 42.376816 -72.51979   5     15     49  
971.0  16:11:48 42.3771 -72.5198   4     19     53  
971.0  16:11:57 42.37723 -72.5198   3     19     50  
972.0  16:12:05 42.377377 -72.519775   4     10     57  
972.0  16:12:16 42.37736 -72.51973   5     13     51  
972.0  16:12:24 42.377354 -72.5197   4     12     53  
972.0  16:12:38 42.377388 -72.51968   3     13     49  
972.0  16:12:47 42.37741 -72.51975   4     14     57  
972.0  16:12:56 42.377403 -72.519745   5     10     55  
973.0  16:13:06 42.377586 -72.519806   5     10     53  
973.0  16:13:14 42.37829 -72.51987   4     18     59  
973.0  16:13:22 42.379 -72.51981   4     16     48  
973.0  16:13:37 42.37973 -72.5195   5     18     40  
973.0  16:13:47 42.37972 -72.51945   5     16     44  
973.0  16:13:57 42.379665 -72.51941   3     17     44  
974.0  16:14:06 42.37966 -72.519394   3     15     45  
974.0  16:14:14 42.379673 -72.51939   3     18     49  
974.0  16:14:23 42.379738 -72.519394   4     14     56  
974.0  16:14:32 42.38027 -72.5193   4     19     54  
974.0  16:14:41 42.381252 -72.519226   3     19     57  
974.0  16:14:52 42.381878 -72.51961   4     12     53  
975.0  16:15:00 42.382584 -72.520195   4     15     47  
975.0  16:15:09 42.383057 -72.520485   4     18     53  
975.0  16:15:17 42.38311 -72.5205   3     19     43  
975.0  16:15:26 42.383297 -72.52067   5     17     45  
975.0  16:15:35 42.38416 -72.52117   3     11     43  
975.0  16:15:47 42.385334 -72.52179   5     19     58  
975.0  16:15:56 42.385975 -72.52228   4     17     57  
976.0  16:16:04 42.386265 -72.52237   4     10     55  
976.0  16:16:13 42.386948 -72.52264   5     10     44  
976.0  16:16:21 42.387444 -72.52323   4     18     51  
976.0  16:16:30 42.387707 -72.52355   5     17     54  
976.0  16:16:41 42.387737 -72.52358   3     19     50  
976.0  16:16:50 42.387695 -72.523575   5     13     42  
976.0  16:16:59 42.387756 -72.523705   3     11     59  
977.0  16:17:08 42.388336 -72.52429   4     10     46  
977.0  16:17:17 42.389 -72.524635   3     18     42  
977.0  16:17:27 42.38966 -72.5249   4     16     45  
977.0  16:17:38 42.390568 -72.525116   5     15     49  
977.0  16:17:46 42.391087 -72.52519   4     11     50  
977.0  16:17:55 42.391098 -72.52518   4     15     48  
978.0  16:18:04 42.391075 -72.52512   4     10     45  
978.0  16:18:13 42.391087 -72.52513   3     19     58  
978.0  16:18:21 42.391106 -72.52515   3     10     52  
978.0  16:18:33 42.391384 -72.5252   5     13     43  
978.0  16:18:41 42.39217 -72.525406   4     15     53  
978.0  16:18:50 42.39306 -72.52571   4     14     53  
978.0  16:18:59 42.393433 -72.52591   4     15     43  
979.0  16:19:07 42.39385 -72.52609   3     17     42  
979.0  16:19:16 42.393856 -72.526085   4     14     54  
979.0  16:19:27 42.393845 -72.52606   3     14     44  
979.0  16:19:35 42.39385 -72.52605   4     18     57  
979.0  16:19:44 42.39386 -72.52604   3     13     46  
979.0  16:19:53 42.393875 -72.52608   3     11     47  
980.0  16:20:02 42.39423 -72.52635   4     13     43  
980.0  16:20:10 42.39494 -72.52677   3     10     59  
980.0  16:20:21 42.39511 -72.52682   3     19     55  
980.0  16:20:30 42.395054 -72.52677   3     15     51  
980.0  16:20:38 42.39506 -72.52675   4     12     40  
980.0  16:20:47 42.395065 -72.52674   3     17     45  
980.0  16:20:56 42.39505 -72.52676   5     16     42  
981.0  16:21:04 42.395058 -72.526764   4     10     57  
981.0  16:21:15 42.39537 -72.52695   4     12     41  
981.0  16:21:23 42.39641 -72.52745   5     16     54  
981.0  16:21:32 42.397484 -72.52799   5     10     42  
981.0  16:21:44 42.3977 -72.527885   3     16     54  
981.0  16:21:52 42.39778 -72.52794   3     14     42  
982.0  16:22:01 42.398685 -72.52799   5     15     44  
982.0  16:22:15 42.40046 -72.52788   3     16     49  
982.0  16:22:23 42.402466 -72.52852   5     13     53  
982.0  16:22:32 42.403584 -72.52924   3     16     50  
982.0  16:22:40 42.40394 -72.529465   5     19     51  
982.0  16:22:49 42.40392 -72.52946   4     15     58  
982.0  16:22:57 42.40391 -72.529434   5     12     40  
983.0  16:23:07 42.40392 -72.529495   4     10     56  
983.0  16:23:16 42.404613 -72.52969   3     18     40  
983.0  16:23:24 42.40582 -72.52979   4     11     42  
983.0  16:23:33 42.406456 -72.52996   5     19     40  
983.0  16:23:42 42.4064 -72.5309   3     18     41  
983.0  16:23:51 42.406384 -72.53129   5     10     42  
984.0  16:24:01 42.406204 -72.53171   4     10     56  
984.0  16:24:09 42.406055 -72.53216   5     19     55  
984.0  16:24:18 42.405956 -72.53255   5     17     46  
984.0  16:24:26 42.405865 -72.53251   3     15     49  
984.0  16:24:35 42.405865 -72.53251   4     19     49  
984.0  16:24:43 42.405876 -72.53252   3     15     43  
984.0  16:24:54 42.405888 -72.53254   5     17     59  
985.0  16:25:02 42.405884 -72.53255   3     19     41  
985.0  16:25:11 42.40587 -72.53254   4     16     47  
985.0  16:25:20 42.405865 -72.532524   5     13     49  
985.0  16:25:28 42.40587 -72.53252   4     15     55  
985.0  16:25:37 42.405876 -72.53251   3     11     53  
985.0  16:25:47 42.405903 -72.532486   5     17     45  
985.0  16:25:56 42.40591 -72.53249   4     18     47  
986.0  16:26:05 42.40591 -72.53251   4     14     48  
986.0  16:26:14 42.405914 -72.53255   5     18     51  
986.0  16:26:22 42.40592 -72.53257   4     14     49  
986.0  16:26:31 42.405914 -72.53258   5     18     41  
986.0  16:26:42 42.40591 -72.53252   4     11     56  
986.0  16:26:50 42.40591 -72.53246   5     10     52  
986.0  16:26:59 42.405907 -72.53245   5     16     58  
987.0  16:27:07 42.405903 -72.532425   4     19     55  
987.0  16:27:15 42.405907 -72.532425   5     18     41  
987.0  16:27:24 42.405907 -72.53242   3     19     52  
987.0  16:27:35 42.405895 -72.53243   5     16     44  
987.0  16:27:44 42.405872 -72.532455   4     12     44  
987.0  16:27:52 42.405857 -72.53247   5     11     56  
988.0  16:28:01 42.405853 -72.53247   5     16     56  
988.0  16:28:09 42.405846 -72.53247   5     16     43  
988.0  16:28:18 42.405838 -72.53248   5     12     50  
988.0  16:28:28 42.40583 -72.532486   5     15     45  
988.0  16:28:43 42.405834 -72.53251   4     10     40  
988.0  16:28:51 42.40583 -72.5325   3     17     42  
989.0  16:29:00 42.40583 -72.5325   5     15     46  
989.0  16:29:09 42.405834 -72.5325   3     12     49  
989.0  16:29:19 42.405838 -72.5325   5     14     46  
989.0  16:29:27 42.405838 -72.5325   5     11     53  
989.0  16:29:36 42.40584 -72.53249   5     11     49  
989.0  16:29:46 42.405857 -72.53248   4     19     44  
989.0  16:29:54 42.405876 -72.532455   3     18     40  
990.0  16:30:03 42.40587 -72.53247   4     14     47  
990.0  16:30:14 42.405857 -72.5325   3     18     53  
990.0  16:30:23 42.405853 -72.53253   4     19     48  
990.0  16:30:32 42.405853 -72.53254   4     11     47  
990.0  16:30:40 42.40565 -72.53248   5     12     52  
990.0  16:30:49 42.40542 -72.53242   4     12     45  
990.0  16:30:58 42.404987 -72.5323   3     15     49  
991.0  16:31:10 42.40489 -72.53173   3     16     51  
991.0  16:31:18 42.40495 -72.53096   4     13     59  
991.0  16:31:28 42.404957 -72.530846   5     13     41  
991.0  16:31:37 42.40503 -72.53053   5     15     49  
991.0  16:31:45 42.405064 -72.53002   5     19     55  
991.0  16:31:54 42.405045 -72.52984   5     15     45  
992.0  16:32:05 42.404957 -72.52974   4     14     45  
992.0  16:32:13 42.40419 -72.52965   5     18     56  
992.0  16:32:22 42.40329 -72.529144   3     15     43  
992.0  16:32:31 42.40323 -72.52904   3     18     59  
992.0  16:32:39 42.403053 -72.52889   5     14     51  
992.0  16:32:47 42.40208 -72.52837   4     12     44  
992.0  16:32:58 42.400543 -72.52791   3     11     57  
993.0  16:33:07 42.39907 -72.528076   5     16     41  
993.0  16:33:16 42.39814 -72.52811   4     16     47  
993.0  16:33:24 42.398037 -72.52808   4     18     43  
993.0  16:33:32 42.39727 -72.5279   3     19     43  
993.0  16:33:41 42.396362 -72.527504   3     10     50  
993.0  16:33:51 42.395763 -72.52723   3     12     57  
993.0  16:33:59 42.395588 -72.52717   3     15     48  
994.0  16:34:08 42.395504 -72.527145   3     15     46  
994.0  16:34:16 42.39541 -72.5271   3     10     42  
994.0  16:34:25 42.39488 -72.52681   4     18     42  
994.0  16:34:33 42.394352 -72.52651   3     17     44  
994.0  16:34:44 42.393887 -72.526245   5     18     51  
994.0  16:34:53 42.39349 -72.52605   3     19     42  
995.0  16:35:01 42.39343 -72.525986   3     11     41  
995.0  16:35:10 42.393444 -72.525955   5     18     45  
995.0  16:35:18 42.39344 -72.525955   5     19     42  
995.0  16:35:27 42.393436 -72.52595   3     16     44  
995.0  16:35:38 42.39344 -72.52594   5     15     43  
995.0  16:35:47 42.39335 -72.525856   5     10     40  
995.0  16:35:56 42.392597 -72.5256   4     10     44  
996.0  16:36:04 42.3917 -72.525345   5     11     45  
996.0  16:36:13 42.39109 -72.525246   3     11     41  
996.0  16:36:22 42.39088 -72.52525   4     17     40  
996.0  16:36:34 42.390903 -72.52524   4     15     51  
996.0  16:36:42 42.390896 -72.525246   5     17     40  
996.0  16:36:51 42.390804 -72.52519   3     16     55  
996.0  16:36:59 42.390343 -72.52512   5     10     45  
997.0  16:37:08 42.389553 -72.52492   4     18     48  
997.0  16:37:17 42.38883 -72.524605   3     11     40  
997.0  16:37:28 42.38823 -72.524254   3     16     51  
997.0  16:37:37 42.38781 -72.5239   4     13     56  
997.0  16:37:45 42.387836 -72.523895   3     15     56  
997.0  16:37:54 42.38784 -72.5239   5     15     52  
998.0  16:38:07 42.38783 -72.52392   3     19     55  
998.0  16:38:19 42.38778 -72.5238   5     17     47  
998.0  16:38:29 42.38722 -72.522995   3     12     58  
998.0  16:38:38 42.386463 -72.522415   3     12     51  
998.0  16:38:46 42.38617 -72.52246   4     16     57  
998.0  16:38:55 42.386158 -72.52248   4     12     53  
999.0  16:39:03 42.386166 -72.52247   4     14     45  
999.0  16:39:14 42.386166 -72.52245   3     13     43  
999.0  16:39:23 42.38613 -72.5225   5     13     56  
999.0  16:39:31 42.386147 -72.522484   5     16     48  
999.0  16:39:40 42.3859 -72.522545   3     16     46  
999.0  16:39:48 42.385544 -72.52201   3     14     52  
999.0  16:39:57 42.38465 -72.521484   5     18     44  
1000.0  16:40:07 42.38351 -72.52086   4     14     58  
1000.0  16:40:16 42.382866 -72.52056   4     11     44  
1000.0  16:40:26 42.382908 -72.52057   4     13     46  
1000.0  16:40:35 42.382706 -72.52044   4     19     46  
1000.0  16:40:46 42.38196 -72.51982   4     13     55  
1000.0  16:40:54 42.381382 -72.5193   5     12     46  
1001.0  16:41:05 42.38021 -72.519485   5     17     41  
1001.0  16:41:13 42.37959 -72.5197   5     16     54  
1001.0  16:41:22 42.37958 -72.5197   3     18     52  
1001.0  16:41:30 42.379597 -72.519714   4     14     59  
1001.0  16:41:39 42.37933 -72.5198   3     18     46  
1001.0  16:41:48 42.37863 -72.51997   5     15     41  
1001.0  16:41:59 42.37797 -72.51999   3     18     46  
1002.0  16:42:08 42.377895 -72.520004   5     15     49  
1002.0  16:42:17 42.377914 -72.52002   4     16     53  
1002.0  16:42:26 42.377914 -72.520035   3     19     50  
1002.0  16:42:35 42.377914 -72.52003   4     14     45  
1002.0  16:42:44 42.377922 -72.52   4     16     56  
1002.0  16:42:54 42.377934 -72.52   4     13     54  
1003.0  16:43:03 42.377945 -72.52003   3     16     58  
1003.0  16:43:11 42.377876 -72.520004   4     17     53  
1003.0  16:43:20 42.377373 -72.52001   3     14     56  
1003.0  16:43:28 42.377155 -72.51999   3     16     52  
1003.0  16:43:37 42.376717 -72.51996   4     16     43  
1003.0  16:43:48 42.376118 -72.51988   5     17     41  
1003.0  16:43:57 42.376083 -72.51985   4     16     59  
1004.0  16:44:04 42.375996 -72.5199   5     15     40  
1004.0  16:44:13 42.375847 -72.519905   4     19     59  
1004.0  16:44:21 42.375767 -72.519905   3     16     55  
1004.0  16:44:29 42.375683 -72.51988   3     17     55  
1004.0  16:44:40 42.375637 -72.519806   5     10     45  
1004.0  16:44:49 42.37562 -72.519394   5     10     44  
1004.0  16:44:58 42.375645 -72.51931   3     19     46  
1005.0  16:45:06 42.375633 -72.5193   5     13     47  
1005.0  16:45:14 42.375633 -72.51929   4     16     54  
1005.0  16:45:23 42.3756 -72.519264   5     18     59  
1005.0  16:45:33 42.375572 -72.51924   4     10     43  
1007.0  16:47:02 42.37584 -72.51181   3     11     42  
1007.0  16:47:12 42.375885 -72.51174   3     14     54  
1007.0  16:47:20 42.375854 -72.51109   4     11     42  
1007.0  16:47:29 42.375824 -72.51084   5     13     49  
1007.0  16:47:37 42.37579 -72.50981   5     16     42  
1007.0  16:47:45 42.375755 -72.50831   5     15     49  
1007.0  16:47:54 42.3757 -72.507355   3     17     41  
1008.0  16:48:04 42.375668 -72.50735   3     12     46  
1008.0  16:48:13 42.375668 -72.507355   5     10     54  
1008.0  16:48:22 42.3757 -72.50657   3     16     44  
1008.0  16:48:30 42.375626 -72.50493   4     14     46  
1008.0  16:48:39 42.3758 -72.50338   4     10     50  
1008.0  16:48:47 42.376076 -72.50181   4     17     47  
1008.0  16:48:58 42.37615 -72.50148   5     13     49  
1009.0  16:49:06 42.376167 -72.501495   3     13     40  
1009.0  16:49:15 42.376297 -72.50088   5     11     40  
1009.0  16:49:23 42.376137 -72.50053   4     12     45  
1009.0  16:49:32 42.3754 -72.5007   4     15     42  
1009.0  16:49:40 42.37421 -72.50096   4     10     58  
1009.0  16:49:51 42.373093 -72.501274   3     12     59  
1009.0  16:49:59 42.372093 -72.50145   3     19     49  
1010.0  16:50:08 42.371 -72.50173   4     16     47  
1010.0  16:50:16 42.36977 -72.50203   5     14     59  
1010.0  16:50:24 42.3693 -72.50195   5     11     53  
1010.0  16:50:33 42.36922 -72.50155   4     19     51  
1010.0  16:50:43 42.369213 -72.501526   3     10     45  
1010.0  16:50:52 42.369213 -72.50141   4     12     48  
1011.0  16:51:00 42.369198 -72.50063   3     16     51  
1011.0  16:51:09 42.369213 -72.49953   4     11     54  
1011.0  16:51:17 42.369503 -72.49896   5     15     44  
1011.0  16:51:25 42.37016 -72.49903   4     16     41  
1011.0  16:51:37 42.37015 -72.49905   3     15     45  
1011.0  16:51:45 42.37015 -72.49904   4     11     50  
1011.0  16:51:54 42.370644 -72.49906   4     12     41  
1012.0  16:52:02 42.37113 -72.498604   5     12     53  
1012.0  16:52:11 42.371117 -72.49852   3     18     56  
1012.0  16:52:19 42.371048 -72.49847   4     18     50  
1012.0  16:52:30 42.370834 -72.49807   3     13     40  
1012.0  16:52:39 42.369972 -72.49718   3     13     59  
1012.0  16:52:47 42.368816 -72.49572   3     14     54  
1012.0  16:52:56 42.367718 -72.494316   4     12     43  
1013.0  16:53:05 42.36654 -72.4928   4     13     50  
1013.0  16:53:13 42.365463 -72.491455   3     18     57  
1013.0  16:53:23 42.364105 -72.4898   5     14     50  
1013.0  16:53:32 42.3636 -72.48931   4     18     52  
1013.0  16:53:41 42.363598 -72.48932   5     19     49  
1013.0  16:53:49 42.363277 -72.489044   3     18     40  
1013.0  16:53:58 42.362854 -72.4887   5     12     49  
1014.0  16:54:07 42.362858 -72.48873   5     19     57  
1014.0  16:54:17 42.362843 -72.48871   3     17     51  
1014.0  16:54:25 42.36284 -72.48871   3     19     48  
1014.0  16:54:34 42.3626 -72.48849   3     14     50  
1014.0  16:54:43 42.36178 -72.4878   5     15     46  
1014.0  16:54:51 42.36067 -72.48685   3     10     54  
1015.0  16:55:00 42.359642 -72.485954   3     11     51  
1015.0  16:55:10 42.358475 -72.48488   4     13     40  
1015.0  16:55:19 42.358135 -72.48508   5     10     46  
1015.0  16:55:28 42.357796 -72.48542   5     19     51  
1015.0  16:55:37 42.357136 -72.48526   5     10     58  
1015.0  16:55:45 42.356667 -72.4854   4     11     56  
1015.0  16:55:54 42.356625 -72.485374   5     12     44  
1016.0  16:56:07 42.356625 -72.48538   4     13     54  
1016.0  16:56:15 42.35663 -72.485405   4     14     57  
1016.0  16:56:24 42.356567 -72.4854   3     13     54  
1016.0  16:56:32 42.35614 -72.485664   5     19     41  
1016.0  16:56:40 42.355824 -72.48582   5     16     46  
1016.0  16:56:49 42.35566 -72.48541   5     18     51  
1017.0  16:57:00 42.356056 -72.48496   3     15     48  
1017.0  16:57:08 42.356297 -72.4853   4     14     59  
1017.0  16:57:17 42.356537 -72.48538   5     10     47  
1017.0  16:57:26 42.357258 -72.485214   4     17     41  
1017.0  16:57:34 42.357925 -72.48541   3     16     41  
1017.0  16:57:43 42.358154 -72.48491   4     14     55  
1017.0  16:57:53 42.35818 -72.48449   3     17     45  
1018.0  16:58:02 42.35757 -72.4837   3     16     46  
1018.0  16:58:10 42.356655 -72.48223   4     15     46  
1018.0  16:58:19 42.355858 -72.48052   5     19     43  
1018.0  16:58:28 42.35501 -72.4785   4     16     52  
1018.0  16:58:36 42.354282 -72.47675   5     16     43  
1018.0  16:58:47 42.353584 -72.47514   4     19     46  
1018.0  16:58:56 42.353394 -72.47585   3     11     42  
1019.0  16:59:05 42.35346 -72.476295   3     15     42  
1019.0  16:59:14 42.353443 -72.4763   3     13     50  
1019.0  16:59:23 42.353462 -72.47632   3     10     51  
1019.0  16:59:31 42.35338 -72.476715   5     11     44  
1019.0  16:59:42 42.353466 -72.47858   3     13     47  
1019.0  16:59:51 42.35406 -72.47984   5     14     46  
1019.0  16:59:59 42.35487 -72.480194   5     16     52  
1020.0  17:00:07 42.35503 -72.48028   3     18     43  
1020.0  17:00:16 42.355034 -72.48028   4     19     52  
1034.0  17:14:00 42.362274 -72.48809   5     15     41  
1034.0  17:14:13 42.362274 -72.48811   5     13     46  
1034.0  17:14:26 42.362293 -72.48811   5     17     55  
1034.0  17:14:34 42.36302 -72.488716   5     10     57  
1034.0  17:14:42 42.364056 -72.48962   3     19     41  
1034.0  17:14:50 42.36498 -72.49073   5     14     54  
1034.0  17:14:59 42.36564 -72.491615   4     16     41  
1035.0  17:15:00 42.365955 -72.49203   3     17     49  
1035.0  17:15:07 42.36627 -72.492424   5     18     48  
1035.0  17:15:17 42.367287 -72.49374   5     10     50  
1035.0  17:15:26 42.368168 -72.49486   4     15     59  
1035.0  17:15:34 42.369095 -72.4961   4     19     51  
1035.0  17:15:42 42.369957 -72.497154   3     11     47  
1035.0  17:15:57 42.3709 -72.49813   5     10     48  
1036.0  17:16:00 42.371166 -72.4984   5     12     47  
1036.0  17:16:08 42.371162 -72.4984   3     19     41  
1036.0  17:16:16 42.37109 -72.49878   3     12     46  
1036.0  17:16:26 42.370464 -72.499146   3     18     45  
1036.0  17:16:35 42.369926 -72.499146   3     14     45  
1036.0  17:16:44 42.369225 -72.49934   5     12     47  
1036.0  17:16:52 42.369274 -72.50028   5     13     50  
1037.0  17:17:00 42.369328 -72.50129   4     14     57  
1037.0  17:17:03 42.369328 -72.50129   5     10     43  
1037.0  17:17:11 42.369373 -72.50157   5     11     49  
1037.0  17:17:20 42.369377 -72.50171   3     11     47  
1037.0  17:17:28 42.36943 -72.50203   5     14     46  
1037.0  17:17:36 42.36997 -72.50189   4     14     42  
1037.0  17:17:45 42.370937 -72.50164   3     14     43  
1037.0  17:17:56 42.372295 -72.50125   5     15     41  
1038.0  17:18:00 42.372684 -72.501175   4     11     42  
1038.0  17:18:05 42.372692 -72.501175   3     13     51  
1146.0  19:06:05 42.394867 -72.5341   5     19     43  
1146.0  19:06:18 42.394787 -72.53413   3     19     51  
1146.0  19:06:31 42.394775 -72.53411   3     12     43  
1146.0  19:06:43 42.394764 -72.53409   3     15     43  
1148.0  19:08:43 42.39471 -72.53401   4     11     59  
1148.0  19:08:55 42.39467 -72.534035   3     10     57  
1149.0  19:09:07 42.394676 -72.53406   3     15     45  
1149.0  19:09:20 42.394722 -72.53404   4     18     44  
1149.0  19:09:32 42.394787 -72.53402   5     13     52  
1150.0  19:10:35 42.394936 -72.53398   3     17     42  
1150.0  19:10:47 42.394943 -72.53397   5     17     41  
1150.0  19:10:56 42.394962 -72.53396   5     16     48  
1151.0  19:11:04 42.394917 -72.53396   3     17     53  
1151.0  19:11:13 42.394913 -72.53393   5     18     52  
1151.0  19:11:22 42.394897 -72.533936   5     15     55  
1151.0  19:11:30 42.39491 -72.53394   4     11     40  
1151.0  19:11:41 42.39486 -72.53393   4     19     48  
1151.0  19:11:51 42.394844 -72.53386   3     16     59  
