600.0  10:00:00 42.396137 -72.53384   4     13     43  
600.0  10:00:02 42.39614 -72.53379   4     17     49  
600.0  10:00:10 42.396133 -72.53379   3     10     53  
600.0  10:00:19 42.39613 -72.53378   4     14     48  
600.0  10:00:26 42.39613 -72.53378   3     15     58  
600.0  10:00:37 42.396145 -72.53377   3     12     40  
600.0  10:00:45 42.396152 -72.53378   3     17     44  
600.0  10:00:54 42.396145 -72.533806   4     13     44  
601.0  10:01:00 42.396152 -72.53372   3     18     48  
601.0  10:01:02 42.396145 -72.53381   5     19     54  
601.0  10:01:10 42.39614 -72.533806   3     17     57  
601.0  10:01:17 42.396145 -72.5338   3     19     57  
601.0  10:01:28 42.396145 -72.53379   3     18     52  
601.0  10:01:36 42.39614 -72.53379   5     11     41  
601.0  10:01:44 42.396137 -72.5338   5     13     59  
601.0  10:01:52 42.396133 -72.533806   3     14     48  
602.0  10:02:00 42.3962 -72.53376   4     17     41  
602.0  10:02:01 42.396137 -72.5338   4     12     51  
602.0  10:02:09 42.396145 -72.533775   5     11     56  
602.0  10:02:20 42.39615 -72.53378   5     11     44  
602.0  10:02:29 42.396145 -72.533806   5     18     54  
602.0  10:02:37 42.396137 -72.53383   4     13     42  
602.0  10:02:47 42.396133 -72.53384   4     18     51  
602.0  10:02:55 42.39613 -72.53383   5     13     49  
603.0  10:03:00 42.396133 -72.533775   5     17     43  
603.0  10:03:04 42.39613 -72.533806   4     10     57  
603.0  10:03:14 42.39613 -72.53379   5     17     58  
603.0  10:03:22 42.396133 -72.533775   3     10     47  
603.0  10:03:31 42.396145 -72.533745   3     13     56  
603.0  10:03:39 42.396152 -72.53373   3     17     49  
603.0  10:03:47 42.396156 -72.533714   4     12     59  
603.0  10:03:55 42.396145 -72.533745   3     18     48  
604.0  10:04:00 42.396152 -72.533775   5     15     44  
604.0  10:04:05 42.39613 -72.533775   5     12     47  
604.0  10:04:14 42.396133 -72.53378   4     17     52  
604.0  10:04:22 42.396152 -72.5338   3     11     45  
604.0  10:04:31 42.396175 -72.533775   3     10     46  
604.0  10:04:38 42.3962 -72.53376   3     11     43  
604.0  10:04:47 42.39619 -72.53375   3     16     49  
604.0  10:04:58 42.39619 -72.53373   5     18     51  
605.0  10:05:00 42.396122 -72.53378   4     19     58  
605.0  10:05:06 42.39619 -72.53374   5     16     46  
605.0  10:05:15 42.39618 -72.53374   4     18     46  
605.0  10:05:23 42.396156 -72.53373   3     19     44  
605.0  10:05:31 42.39614 -72.53375   4     14     45  
605.0  10:05:40 42.396133 -72.53377   3     18     43  
605.0  10:05:51 42.396137 -72.53379   5     11     43  
605.0  10:05:59 42.396152 -72.53381   3     18     44  
606.0  10:06:00 42.39613 -72.53377   4     19     43  
606.0  10:06:07 42.396168 -72.5338   4     18     46  
606.0  10:06:16 42.396175 -72.5338   3     10     55  
606.0  10:06:57 42.396137 -72.533775   3     18     44  
607.0  10:07:00 42.396152 -72.53378   3     16     59  
607.0  10:07:07 42.396133 -72.53377   5     11     44  
607.0  10:07:16 42.396133 -72.53377   4     10     40  
607.0  10:07:24 42.396126 -72.53378   4     18     57  
607.0  10:07:32 42.396122 -72.53378   3     16     58  
607.0  10:07:40 42.396122 -72.53378   3     15     44  
607.0  10:07:49 42.396122 -72.533775   4     15     40  
608.0  10:08:00 42.396122 -72.53378   3     14     40  
608.0  10:08:00 42.396152 -72.53379   4     19     52  
608.0  10:08:08 42.396126 -72.533775   5     16     52  
608.0  10:08:17 42.396126 -72.533775   5     16     44  
608.0  10:08:26 42.39613 -72.533775   5     14     56  
608.0  10:08:34 42.39613 -72.533775   4     11     45  
608.0  10:08:43 42.39613 -72.53377   4     13     49  
608.0  10:08:55 42.39613 -72.53377   4     18     57  
609.0  10:09:00 42.396168 -72.53376   5     16     49  
609.0  10:09:04 42.396133 -72.53377   5     10     48  
609.0  10:09:13 42.396133 -72.533775   5     14     57  
609.0  10:09:22 42.396145 -72.53378   5     10     46  
610.0  10:10:00 42.39616 -72.53374   5     13     53  
610.0  10:10:03 42.39616 -72.5338   5     12     51  
610.0  10:10:13 42.39614 -72.53378   5     12     43  
610.0  10:10:21 42.39614 -72.53378   5     18     41  
610.0  10:10:29 42.396145 -72.53378   4     16     41  
610.0  10:10:38 42.39615 -72.53379   4     19     44  
610.0  10:10:46 42.396156 -72.5338   3     11     48  
610.0  10:10:55 42.396164 -72.53378   3     19     48  
611.0  10:11:05 42.39617 -72.53377   3     12     52  
611.0  10:11:13 42.39617 -72.53376   4     15     51  
611.0  10:11:21 42.396187 -72.533775   5     17     59  
611.0  10:11:30 42.396187 -72.533775   4     13     51  
611.0  10:11:39 42.396168 -72.53376   5     17     56  
611.0  10:11:47 42.396168 -72.53377   3     11     44  
611.0  10:11:58 42.39617 -72.533775   3     15     44  
612.0  10:12:06 42.39617 -72.533745   5     12     50  
612.0  10:12:15 42.396168 -72.53374   3     11     49  
612.0  10:12:23 42.396164 -72.53374   4     17     43  
612.0  10:12:31 42.39616 -72.53374   5     18     46  
624.0  10:24:32 42.396145 -72.53375   4     19     52  
624.0  10:24:44 42.396145 -72.533775   3     13     50  
624.0  10:24:52 42.396145 -72.53377   3     17     55  
625.0  10:25:00 42.39615 -72.53377   3     17     41  
625.0  10:25:00 42.39615 -72.533775   3     14     51  
625.0  10:25:08 42.39615 -72.533775   4     16     54  
625.0  10:25:17 42.396152 -72.53377   5     17     42  
625.0  10:25:26 42.396152 -72.53377   3     15     51  
625.0  10:25:36 42.39616 -72.53376   5     18     47  
625.0  10:25:44 42.396187 -72.53378   3     19     58  
625.0  10:25:52 42.39619 -72.53381   5     11     52  
626.0  10:26:00 42.39618 -72.53381   4     15     43  
626.0  10:26:01 42.396183 -72.53381   5     15     58  
626.0  10:26:09 42.39618 -72.53381   3     16     45  
626.0  10:26:17 42.39618 -72.533806   3     12     51  
626.0  10:26:28 42.396225 -72.53385   3     17     54  
626.0  10:26:37 42.39622 -72.53384   5     14     47  
626.0  10:26:46 42.3962 -72.533806   3     15     48  
626.0  10:26:54 42.396175 -72.53377   3     12     53  
627.0  10:27:00 42.39617 -72.533745   4     12     43  
627.0  10:27:03 42.39617 -72.533745   5     11     49  
627.0  10:27:11 42.396168 -72.53375   3     10     56  
627.0  10:27:22 42.396183 -72.533775   4     15     54  
627.0  10:27:30 42.396183 -72.53378   3     14     53  
627.0  10:27:38 42.39617 -72.53379   3     17     44  
627.0  10:27:46 42.39617 -72.533806   4     18     55  
627.0  10:27:54 42.39616 -72.533775   5     18     57  
628.0  10:28:00 42.39614 -72.53376   4     17     50  
628.0  10:28:03 42.39614 -72.53376   4     16     59  
628.0  10:28:14 42.396145 -72.533745   4     16     51  
628.0  10:28:23 42.396152 -72.53375   3     13     56  
628.0  10:28:32 42.396164 -72.53376   5     11     43  
628.0  10:28:40 42.396175 -72.53375   5     15     48  
628.0  10:28:48 42.396183 -72.53375   3     19     40  
628.0  10:28:57 42.396183 -72.533745   5     12     59  
629.0  10:29:00 42.396187 -72.53374   5     17     41  
629.0  10:29:07 42.39619 -72.53374   5     14     44  
629.0  10:29:15 42.39619 -72.53373   4     18     40  
629.0  10:29:23 42.396194 -72.53372   3     16     41  
629.0  10:29:32 42.3962 -72.533714   4     14     55  
629.0  10:29:40 42.3962 -72.53372   4     12     44  
629.0  10:29:48 42.396194 -72.53372   5     11     49  
629.0  10:29:59 42.39619 -72.53372   5     11     55  
630.0  10:30:00 42.39619 -72.53372   5     12     50  
630.0  10:30:07 42.396187 -72.53372   5     16     56  
630.0  10:30:15 42.396175 -72.53374   3     14     43  
630.0  10:30:23 42.39617 -72.533745   3     15     56  
630.0  10:30:31 42.396168 -72.53375   5     13     51  
631.0  10:31:00 42.39615 -72.533775   5     13     44  
631.0  10:31:11 42.396145 -72.53378   4     15     56  
631.0  10:31:21 42.396137 -72.53378   3     17     59  
633.0  10:33:58 42.396187 -72.53384   5     18     59  
634.0  10:34:11 42.39617 -72.53382   4     12     45  
634.0  10:34:25 42.396145 -72.533806   5     17     56  
634.0  10:34:39 42.396122 -72.533806   5     13     42  
635.0  10:35:38 42.39599 -72.5337   4     14     43  
635.0  10:35:48 42.39599 -72.5337   4     13     56  
636.0  10:36:00 42.395966 -72.53369   3     18     55  
636.0  10:36:02 42.395973 -72.53369   3     11     57  
636.0  10:36:11 42.395958 -72.53369   4     17     50  
636.0  10:36:19 42.39598 -72.533714   3     14     49  
636.0  10:36:27 42.396 -72.53371   3     18     53  
636.0  10:36:39 42.395985 -72.5337   3     13     57  
636.0  10:36:47 42.39594 -72.53368   4     13     40  
637.0  10:37:00 42.39557 -72.533554   5     10     56  
637.0  10:37:28 42.395813 -72.53364   3     12     40  
637.0  10:37:28 42.395355 -72.533005   5     16     43  
637.0  10:37:39 42.39554 -72.53207   4     16     54  
637.0  10:37:47 42.395752 -72.53129   5     13     44  
637.0  10:37:55 42.39582 -72.53058   4     19     54  
638.0  10:38:00 42.3955 -72.529915   3     14     40  
638.0  10:38:04 42.39545 -72.52983   5     13     55  
638.0  10:38:14 42.395065 -72.5292   3     13     52  
638.0  10:38:23 42.394745 -72.528175   3     14     59  
638.0  10:38:33 42.394997 -72.52734   3     11     59  
638.0  10:38:42 42.395092 -72.52706   4     11     43  
638.0  10:38:51 42.395103 -72.52708   5     10     50  
638.0  10:38:59 42.395084 -72.52689   5     15     56  
639.0  10:39:00 42.395023 -72.52688   3     11     50  
639.0  10:39:08 42.394875 -72.52681   5     15     44  
639.0  10:39:17 42.394356 -72.52651   3     14     58  
639.0  10:39:28 42.39366 -72.52612   4     13     58  
639.0  10:39:37 42.393505 -72.526085   3     10     51  
639.0  10:39:45 42.3934 -72.52601   4     14     56  
639.0  10:39:54 42.39338 -72.52598   5     10     47  
640.0  10:40:00 42.39337 -72.525986   3     13     52  
640.0  10:40:12 42.39337 -72.525986   5     17     45  
641.0  10:41:00 42.390877 -72.52527   3     16     54  
641.0  10:41:19 42.39081 -72.52524   4     15     47  
641.0  10:41:31 42.39028 -72.52512   3     17     50  
641.0  10:41:37 42.39337 -72.525986   3     12     40  
641.0  10:41:40 42.389584 -72.52495   3     10     50  
641.0  10:41:48 42.388676 -72.524536   5     17     40  
642.0  10:42:00 42.38797 -72.5241   4     19     41  
642.0  10:42:04 42.38796 -72.52409   4     18     46  
642.0  10:42:13 42.387924 -72.52404   3     12     44  
642.0  10:42:23 42.38777 -72.52389   3     14     40  
642.0  10:42:33 42.387775 -72.52389   5     11     46  
642.0  10:42:42 42.387756 -72.523796   4     12     47  
642.0  10:42:50 42.387566 -72.52352   4     19     56  
642.0  10:42:59 42.387215 -72.523026   4     13     40  
643.0  10:43:00 42.38693 -72.522705   5     18     43  
643.0  10:43:08 42.386623 -72.52246   3     10     51  
643.0  10:43:19 42.386093 -72.52248   3     14     41  
643.0  10:43:29 42.386063 -72.52254   4     10     56  
643.0  10:43:37 42.386055 -72.522575   5     13     46  
643.0  10:43:46 42.386066 -72.52255   3     14     46  
643.0  10:43:55 42.386032 -72.52253   5     17     52  
644.0  10:44:00 42.385723 -72.52239   3     10     56  
644.0  10:44:03 42.385742 -72.522446   5     12     54  
644.0  10:44:13 42.38529 -72.52184   3     15     55  
644.0  10:44:21 42.384747 -72.52157   5     15     49  
644.0  10:44:30 42.38406 -72.52118   3     10     48  
644.0  10:44:38 42.38325 -72.52075   4     19     54  
645.0  10:45:00 42.38165 -72.51952   5     15     40  
645.0  10:45:03 42.38241 -72.52021   5     16     40  
645.0  10:45:18 42.381474 -72.5193   5     18     53  
645.0  10:45:33 42.38039 -72.51946   5     18     44  
645.0  10:45:44 42.379448 -72.519745   4     11     50  
645.0  10:45:52 42.37882 -72.51998   3     13     51  
646.0  10:46:00 42.37825 -72.51999   3     12     58  
646.0  10:46:00 42.37812 -72.51998   5     17     44  
646.0  10:46:09 42.378075 -72.520004   4     19     46  
646.0  10:46:17 42.378014 -72.52003   4     19     54  
646.0  10:46:26 42.377872 -72.52003   4     15     59  
646.0  10:46:36 42.377903 -72.52006   5     11     49  
646.0  10:46:45 42.377865 -72.52002   5     10     57  
646.0  10:46:53 42.377655 -72.52   5     11     54  
647.0  10:47:00 42.37737 -72.51999   3     17     58  
647.0  10:47:03 42.37748 -72.51998   3     18     58  
647.0  10:47:11 42.376907 -72.519966   4     16     46  
647.0  10:47:20 42.37636 -72.519905   5     13     57  
647.0  10:47:32 42.37602 -72.51989   3     10     45  
647.0  10:47:40 42.37604 -72.519875   4     17     57  
647.0  10:47:49 42.376053 -72.519875   5     12     43  
647.0  10:47:57 42.37586 -72.519875   3     12     43  
648.0  10:48:00 42.37575 -72.519875   5     10     41  
648.0  10:48:06 42.375744 -72.51989   5     15     53  
648.0  10:48:14 42.3757 -72.5199   3     13     56  
648.0  10:48:25 42.375603 -72.51984   3     15     58  
648.0  10:48:37 42.375572 -72.51939   5     12     52  
648.0  10:48:45 42.3756 -72.5192   5     18     47  
648.0  10:48:54 42.37566 -72.519005   5     12     41  
649.0  10:49:00 42.375732 -72.518364   5     10     40  
649.0  10:49:03 42.37573 -72.51842   4     16     48  
649.0  10:49:12 42.375755 -72.517914   4     11     51  
649.0  10:49:23 42.375793 -72.51691   5     11     56  
649.0  10:49:31 42.375816 -72.51588   4     13     57  
649.0  10:49:39 42.375854 -72.51478   5     19     41  
649.0  10:49:48 42.375893 -72.5135   4     10     46  
649.0  10:49:57 42.37588 -72.51329   5     12     50  
650.0  10:50:00 42.375885 -72.5133   4     14     49  
650.0  10:50:06 42.375885 -72.5133   5     19     47  
650.0  10:50:19 42.37588 -72.51326   5     18     57  
650.0  10:50:27 42.375874 -72.5125   4     12     57  
650.0  10:50:35 42.37586 -72.511444   4     14     51  
650.0  10:50:44 42.37583 -72.5109   4     11     56  
650.0  10:50:52 42.375824 -72.51085   4     15     59  
651.0  10:51:00 42.375824 -72.51068   5     17     45  
651.0  10:51:00 42.3758 -72.51034   4     18     46  
651.0  10:51:10 42.37575 -72.509384   3     11     55  
651.0  10:51:18 42.375698 -72.50803   3     19     42  
651.0  10:51:26 42.375668 -72.506615   5     18     54  
651.0  10:51:35 42.37564 -72.50522   4     19     42  
651.0  10:51:43 42.375767 -72.50384   4     17     52  
651.0  10:51:51 42.375973 -72.50248   4     13     53  
652.0  10:52:00 42.37624 -72.501045   3     18     55  
652.0  10:52:01 42.376213 -72.50115   3     19     56  
652.0  10:52:10 42.3763 -72.50081   5     19     53  
652.0  10:52:18 42.37632 -72.500725   5     15     41  
652.0  10:52:27 42.376312 -72.50059   4     10     48  
652.0  10:52:35 42.37609 -72.500534   3     18     55  
652.0  10:52:43 42.375603 -72.500656   3     18     59  
652.0  10:52:54 42.374443 -72.500885   3     18     59  
653.0  10:53:00 42.37351 -72.501144   5     18     54  
653.0  10:53:02 42.373676 -72.50108   4     16     54  
653.0  10:53:10 42.37307 -72.50125   3     17     59  
653.0  10:53:19 42.373013 -72.50128   3     17     44  
653.0  10:53:27 42.37301 -72.50131   3     17     42  
653.0  10:53:36 42.372993 -72.50132   4     18     46  
653.0  10:53:46 42.37296 -72.50126   5     17     55  
653.0  10:53:55 42.372963 -72.501236   4     17     44  
654.0  10:54:00 42.372993 -72.50126   3     16     57  
654.0  10:54:03 42.37299 -72.50126   4     13     43  
654.0  10:54:12 42.37303 -72.50127   5     19     53  
654.0  10:54:20 42.373013 -72.5013   5     10     46  
654.0  10:54:28 42.373013 -72.50129   4     15     40  
654.0  10:54:39 42.373 -72.501274   3     18     42  
654.0  10:54:48 42.372974 -72.50127   3     11     40  
654.0  10:54:56 42.37246 -72.50137   3     16     53  
655.0  10:55:00 42.371742 -72.5015   5     18     54  
655.0  10:55:05 42.371517 -72.50156   3     12     54  
655.0  10:55:17 42.371517 -72.50156   3     10     46  
655.0  10:55:26 42.369373 -72.50213   5     19     48  
655.0  10:55:37 42.369278 -72.50191   4     18     49  
655.0  10:55:46 42.369205 -72.50125   5     13     55  
655.0  10:55:55 42.3692 -72.50065   4     11     44  
656.0  10:56:00 42.369236 -72.500336   4     19     43  
656.0  10:56:04 42.36923 -72.50033   3     19     52  
656.0  10:56:13 42.369213 -72.50005   4     19     58  
656.0  10:56:22 42.369217 -72.499435   4     17     55  
656.0  10:56:32 42.36953 -72.49903   4     13     54  
656.0  10:56:41 42.369946 -72.49906   4     16     53  
656.0  10:56:50 42.370354 -72.49906   3     13     50  
656.0  10:56:59 42.37087 -72.49899   4     16     56  
657.0  10:57:00 42.371002 -72.49883   3     19     40  
657.0  10:57:08 42.371113 -72.49865   3     10     52  
657.0  10:57:17 42.371162 -72.4985   3     18     43  
657.0  10:57:28 42.37113 -72.498474   3     19     41  
657.0  10:57:37 42.37115 -72.49849   5     19     51  
657.0  10:57:46 42.371185 -72.49851   5     17     44  
657.0  10:57:54 42.371174 -72.49852   5     19     44  
658.0  10:58:00 42.371143 -72.498535   3     16     46  
658.0  10:58:03 42.371143 -72.498535   3     12     52  
658.0  10:58:12 42.371155 -72.49854   3     14     40  
658.0  10:58:23 42.371178 -72.49847   3     13     44  
658.0  10:58:32 42.37116 -72.49843   3     15     41  
658.0  10:58:41 42.371098 -72.49833   4     16     55  
658.0  10:58:50 42.370815 -72.49808   4     15     48  
658.0  10:58:58 42.37022 -72.49742   3     17     48  
659.0  10:59:00 42.369858 -72.49702   4     17     46  
659.0  10:59:07 42.369576 -72.49667   3     14     44  
659.0  10:59:19 42.368713 -72.4956   5     15     47  
659.0  10:59:28 42.36788 -72.49453   3     14     58  
659.0  10:59:37 42.36733 -72.49383   4     16     51  
659.0  10:59:44 42.366665 -72.49301   5     11     52  
659.0  10:59:53 42.366 -72.49215   4     10     57  
660.0  11:00:00 42.365036 -72.49091   5     18     58  
660.0  11:00:02 42.365135 -72.49104   5     15     43  
660.0  11:00:14 42.36386 -72.48959   4     13     57  
660.0  11:00:23 42.36337 -72.48912   5     19     49  
660.0  11:00:31 42.363342 -72.4891   5     15     58  
660.0  11:00:40 42.362915 -72.48876   3     19     48  
660.0  11:00:49 42.36211 -72.48811   5     13     53  
660.0  11:00:58 42.36101 -72.48719   3     11     57  
661.0  11:01:00 42.360313 -72.486595   5     13     50  
661.0  11:01:08 42.359642 -72.48601   4     16     57  
661.0  11:01:17 42.35865 -72.48504   4     12     55  
661.0  11:01:26 42.358315 -72.48484   4     19     59  
661.0  11:01:35 42.358086 -72.48517   3     13     48  
661.0  11:01:44 42.357944 -72.485466   5     14     52  
661.0  11:01:52 42.357586 -72.48538   3     17     44  
662.0  11:02:00 42.35689 -72.4853   5     17     56  
662.0  11:02:04 42.35689 -72.4853   3     18     49  
662.0  11:02:12 42.356636 -72.4854   4     16     43  
662.0  11:02:20 42.356632 -72.485405   4     19     58  
662.0  11:02:29 42.35662 -72.485405   5     12     51  
662.0  11:02:38 42.356377 -72.485466   4     14     57  
662.0  11:02:47 42.356083 -72.48572   3     14     50  
662.0  11:02:58 42.355785 -72.48582   3     15     54  
663.0  11:03:00 42.355755 -72.4857   4     14     48  
663.0  11:03:07 42.3557 -72.48555   3     14     54  
663.0  11:03:16 42.355614 -72.4853   4     19     56  
663.0  11:03:25 42.355732 -72.485176   4     17     57  
663.0  11:03:33 42.355972 -72.48502   3     15     43  
663.0  11:03:42 42.356167 -72.48499   3     11     47  
663.0  11:03:54 42.35629 -72.48535   5     12     41  
664.0  11:04:00 42.356438 -72.48548   3     11     49  
664.0  11:04:03 42.35641 -72.4855   4     17     40  
664.0  11:04:11 42.356697 -72.485245   4     12     49  
664.0  11:04:20 42.357147 -72.48522   4     12     55  
664.0  11:04:29 42.357628 -72.48531   3     10     54  
664.0  11:04:37 42.357986 -72.48541   3     17     43  
664.0  11:04:49 42.35815 -72.48488   3     15     53  
664.0  11:04:57 42.35823 -72.48463   5     12     51  
665.0  11:05:00 42.358093 -72.48439   5     19     47  
665.0  11:05:08 42.35793 -72.484184   3     15     40  
665.0  11:05:17 42.35713 -72.48304   5     12     46  
665.0  11:05:32 42.356346 -72.48165   3     16     56  
665.0  11:05:44 42.35486 -72.478165   5     13     59  
665.0  11:05:53 42.354244 -72.476685   3     17     40  
666.0  11:06:00 42.35365 -72.47527   5     14     50  
666.0  11:06:02 42.35371 -72.47543   5     15     54  
666.0  11:06:18 42.35343 -72.47528   5     14     44  
666.0  11:06:30 42.35344 -72.47623   5     14     42  
666.0  11:06:54 42.353416 -72.47649   5     15     54  
667.0  11:07:00 42.35335 -72.47765   5     18     49  
667.0  11:07:06 42.35335 -72.47782   3     18     47  
667.0  11:07:15 42.35351 -72.47876   5     11     48  
667.0  11:07:24 42.353943 -72.4797   4     11     48  
667.0  11:07:33 42.354633 -72.480125   3     14     49  
667.0  11:07:49 42.35541 -72.480545   5     10     44  
668.0  11:08:00 42.35578 -72.480385   4     15     48  
668.0  11:08:01 42.35541 -72.480545   5     13     50  
668.0  11:08:12 42.355827 -72.48039   3     13     44  
668.0  11:08:22 42.35586 -72.48041   5     12     40  
668.0  11:08:34 42.355812 -72.4804   3     16     59  
668.0  11:08:43 42.355793 -72.48039   3     19     42  
669.0  11:09:00 42.35576 -72.48038   4     19     55  
669.0  11:09:03 42.355762 -72.480385   3     13     50  
669.0  11:09:15 42.355736 -72.48037   5     19     46  
669.0  11:09:24 42.355755 -72.48037   5     13     55  
669.0  11:09:39 42.355778 -72.48036   3     17     52  
669.0  11:09:47 42.3565 -72.4818   4     19     40  
669.0  11:09:56 42.357346 -72.48326   5     13     56  
670.0  11:10:00 42.358086 -72.48432   5     18     49  
670.0  11:10:09 42.358517 -72.48484   3     11     43  
670.0  11:10:18 42.359913 -72.48618   5     12     50  
670.0  11:10:26 42.361065 -72.48719   4     16     45  
670.0  11:10:35 42.362183 -72.488106   4     19     45  
670.0  11:10:44 42.36308 -72.488785   3     12     59  
670.0  11:10:52 42.363094 -72.48879   5     11     59  
671.0  11:11:00 42.363087 -72.48877   5     12     40  
671.0  11:11:03 42.363087 -72.48877   4     14     43  
671.0  11:11:12 42.36312 -72.48879   4     18     57  
671.0  11:11:20 42.363796 -72.48938   4     11     49  
671.0  11:11:29 42.364765 -72.490524   4     11     55  
671.0  11:11:37 42.36569 -72.4917   5     18     48  
671.0  11:11:46 42.366673 -72.49294   5     13     40  
671.0  11:11:56 42.36772 -72.494255   5     10     49  
672.0  11:12:00 42.368534 -72.49529   5     15     47  
672.0  11:12:05 42.368767 -72.49559   5     13     40  
672.0  11:12:14 42.369675 -72.49676   4     10     45  
672.0  11:12:23 42.370464 -72.49769   5     18     57  
672.0  11:12:32 42.371025 -72.49827   3     18     58  
672.0  11:12:40 42.37116 -72.49847   3     12     54  
672.0  11:12:51 42.371162 -72.49866   5     15     55  
673.0  11:13:00 42.370914 -72.49901   3     15     41  
673.0  11:13:01 42.370975 -72.49893   4     10     44  
673.0  11:13:10 42.37076 -72.49914   5     12     59  
673.0  11:13:18 42.370487 -72.49915   4     16     48  
673.0  11:13:27 42.37022 -72.49916   5     12     53  
673.0  11:13:36 42.370132 -72.499176   3     16     56  
673.0  11:13:46 42.36963 -72.49915   3     19     44  
673.0  11:13:55 42.369255 -72.49929   3     11     49  
674.0  11:14:00 42.369236 -72.499695   5     15     40  
674.0  11:14:04 42.369236 -72.499695   5     16     49  
674.0  11:14:14 42.36926 -72.50039   3     15     59  
674.0  11:14:25 42.36927 -72.50067   3     18     50  
674.0  11:14:42 42.369385 -72.50188   5     14     57  
674.0  11:14:52 42.3694 -72.50208   4     13     45  
675.0  11:15:00 42.369385 -72.50214   4     12     41  
675.0  11:15:00 42.369385 -72.502144   5     15     50  
675.0  11:15:09 42.3694 -72.502144   4     17     53  
675.0  11:15:18 42.369564 -72.50215   5     18     49  
675.0  11:15:26 42.370094 -72.50196   5     17     44  
675.0  11:15:36 42.370895 -72.50173   5     14     43  
675.0  11:15:47 42.371925 -72.50144   3     11     47  
675.0  11:15:56 42.37264 -72.50127   4     19     44  
676.0  11:16:00 42.372784 -72.50122   4     16     40  
676.0  11:16:05 42.37278 -72.50122   4     14     41  
676.0  11:16:13 42.37275 -72.50122   4     19     42  
676.0  11:16:22 42.372734 -72.50121   3     17     44  
676.0  11:16:34 42.372746 -72.50122   5     12     52  
676.0  11:16:44 42.37276 -72.50122   3     14     41  
677.0  11:17:00 42.37278 -72.50122   5     17     49  
677.0  11:17:49 42.373226 -72.50112   4     12     55  
677.0  11:17:59 42.37397 -72.50094   5     12     43  
678.0  11:18:00 42.374275 -72.50086   5     15     51  
678.0  11:18:08 42.37463 -72.500786   5     15     47  
678.0  11:18:17 42.375126 -72.500694   3     11     41  
678.0  11:18:24 42.37276 -72.50122   4     11     44  
678.0  11:18:29 42.375546 -72.50065   5     11     53  
678.0  11:18:40 42.375732 -72.50062   5     16     55  
678.0  11:18:52 42.376083 -72.50054   5     10     40  
679.0  11:19:00 42.37627 -72.500534   5     11     55  
679.0  11:19:00 42.37628 -72.50053   3     18     50  
679.0  11:19:10 42.37628 -72.50052   4     16     40  
679.0  11:19:19 42.376263 -72.5005   4     11     45  
679.0  11:19:37 42.376335 -72.50051   3     15     56  
679.0  11:19:40 42.376335 -72.50051   5     18     51  
679.0  11:19:53 42.376488 -72.50074   5     12     44  
680.0  11:20:00 42.376217 -72.501595   3     14     40  
680.0  11:20:03 42.37624 -72.50149   5     16     46  
680.0  11:20:11 42.37598 -72.50285   4     19     41  
680.0  11:20:21 42.37578 -72.50423   3     19     58  
680.0  11:20:29 42.3757 -72.505684   3     18     59  
680.0  11:20:38 42.375763 -72.5072   4     14     43  
680.0  11:20:49 42.375813 -72.508896   4     18     42  
680.0  11:20:58 42.375843 -72.51007   3     12     48  
681.0  11:21:00 42.375847 -72.5105   3     10     54  
681.0  11:21:07 42.375847 -72.51064   3     15     51  
681.0  11:21:15 42.37583 -72.51073   4     13     58  
681.0  11:21:24 42.375835 -72.5114   5     17     55  
681.0  11:21:33 42.37589 -72.51234   5     10     52  
681.0  11:21:43 42.375927 -72.513535   5     18     54  
681.0  11:21:51 42.375908 -72.51471   5     11     58  
682.0  11:22:00 42.375854 -72.515785   5     12     43  
682.0  11:22:00 42.375843 -72.51629   4     11     46  
682.0  11:22:09 42.375835 -72.516884   5     19     50  
682.0  11:22:20 42.375793 -72.51771   5     14     52  
682.0  11:22:28 42.375763 -72.518295   3     19     46  
682.0  11:22:40 42.375725 -72.5191   5     11     58  
682.0  11:22:53 42.37571 -72.51925   4     19     55  
683.0  11:23:00 42.375706 -72.51928   5     13     52  
683.0  11:23:01 42.3757 -72.51928   5     18     50  
683.0  11:23:11 42.375713 -72.51927   5     16     58  
683.0  11:23:19 42.375732 -72.51925   3     18     50  
683.0  11:23:30 42.375736 -72.51924   5     11     49  
683.0  11:23:39 42.375732 -72.51926   3     15     50  
683.0  11:23:47 42.375713 -72.51958   3     15     48  
683.0  11:23:56 42.375725 -72.519615   3     18     58  
684.0  11:24:00 42.375725 -72.51962   5     14     44  
684.0  11:24:04 42.375725 -72.51962   4     17     45  
684.0  11:24:13 42.375725 -72.51962   3     19     41  
684.0  11:24:26 42.37572 -72.519615   3     15     58  
684.0  11:24:36 42.37573 -72.51959   4     13     40  
684.0  11:24:44 42.37572 -72.51961   3     12     43  
684.0  11:24:53 42.375717 -72.51962   3     12     42  
685.0  11:25:00 42.375713 -72.519615   4     16     51  
685.0  11:25:03 42.375713 -72.519615   3     11     40  
685.0  11:25:12 42.375694 -72.51964   3     19     54  
685.0  11:25:23 42.375698 -72.519745   3     17     50  
685.0  11:25:32 42.375885 -72.51988   4     19     42  
685.0  11:25:40 42.376312 -72.51986   5     19     48  
685.0  11:25:50 42.37676 -72.51986   4     14     52  
685.0  11:25:58 42.37698 -72.51986   3     11     48  
686.0  11:26:00 42.377 -72.51986   5     15     51  
686.0  11:26:07 42.377026 -72.51987   4     12     59  
686.0  11:26:17 42.37724 -72.51986   4     16     44  
686.0  11:26:26 42.37744 -72.51981   3     17     49  
686.0  11:26:34 42.377483 -72.51984   5     18     48  
686.0  11:26:43 42.37775 -72.519875   3     14     52  
686.0  11:26:51 42.378025 -72.51988   5     17     57  
686.0  11:26:59 42.378284 -72.51989   4     13     42  
687.0  11:27:00 42.378487 -72.5199   3     11     48  
687.0  11:27:11 42.37901 -72.51983   3     16     43  
687.0  11:27:20 42.379635 -72.519585   4     10     55  
687.0  11:27:29 42.380447 -72.51935   5     18     55  
687.0  11:27:39 42.38119 -72.51929   5     17     48  
687.0  11:27:49 42.381683 -72.51938   3     12     47  
687.0  11:27:58 42.382294 -72.52001   4     11     46  
688.0  11:28:00 42.38274 -72.52035   5     12     58  
688.0  11:28:08 42.38319 -72.520615   3     13     53  
688.0  11:28:18 42.38407 -72.521126   3     12     40  
688.0  11:28:27 42.384933 -72.52159   3     19     48  
688.0  11:28:36 42.385704 -72.52199   3     19     57  
688.0  11:28:44 42.385944 -72.52227   5     10     49  
688.0  11:28:53 42.386158 -72.52244   5     15     57  
689.0  11:29:00 42.38674 -72.52243   3     18     57  
689.0  11:29:04 42.3868 -72.52247   3     18     59  
689.0  11:29:14 42.38727 -72.52302   3     11     42  
689.0  11:29:23 42.387592 -72.52336   3     16     52  
689.0  11:29:34 42.387695 -72.52356   4     15     42  
689.0  11:29:42 42.387753 -72.52371   5     11     42  
689.0  11:29:51 42.388 -72.52398   5     17     45  
690.0  11:30:00 42.38851 -72.52438   3     18     43  
690.0  11:30:02 42.388454 -72.52435   5     14     43  
690.0  11:30:10 42.388943 -72.5246   3     11     43  
690.0  11:30:19 42.389637 -72.52491   4     16     56  
690.0  11:30:28 42.39035 -72.52508   4     17     45  
690.0  11:30:36 42.39095 -72.52518   5     19     48  
690.0  11:30:44 42.391098 -72.52522   4     18     58  
690.0  11:30:56 42.391384 -72.525276   4     13     45  
691.0  11:31:00 42.391834 -72.52537   4     15     56  
691.0  11:31:04 42.391903 -72.52538   3     19     48  
691.0  11:31:12 42.392464 -72.52556   3     17     47  
691.0  11:31:21 42.393135 -72.52579   3     12     44  
691.0  11:31:29 42.39363 -72.52604   3     17     42  
691.0  11:31:38 42.39387 -72.52612   5     13     53  
691.0  11:31:48 42.393917 -72.52616   4     13     59  
691.0  11:31:57 42.394108 -72.52634   3     19     49  
692.0  11:32:00 42.394497 -72.526566   5     11     47  
692.0  11:32:05 42.39465 -72.52664   5     16     48  
692.0  11:32:14 42.395115 -72.5269   3     19     48  
692.0  11:32:22 42.395138 -72.526886   5     13     58  
692.0  11:32:31 42.39516 -72.52688   5     14     47  
692.0  11:32:42 42.395657 -72.52713   4     18     50  
692.0  11:32:50 42.396385 -72.527466   4     12     42  
692.0  11:32:59 42.39739 -72.5279   3     13     40  
693.0  11:33:00 42.397892 -72.52805   5     11     50  
693.0  11:33:08 42.39853 -72.52805   5     12     53  
693.0  11:33:16 42.399612 -72.527985   4     15     58  
693.0  11:33:25 42.400936 -72.52792   4     11     41  
693.0  11:33:36 42.402508 -72.52858   3     10     43  
693.0  11:33:44 42.40352 -72.52927   5     13     47  
693.0  11:33:53 42.40463 -72.52972   5     16     57  
694.0  11:34:00 42.405907 -72.529785   5     12     40  
694.0  11:34:01 42.405666 -72.529755   5     11     44  
694.0  11:34:10 42.406395 -72.52986   4     17     57  
694.0  11:34:19 42.40643 -72.53006   5     18     41  
694.0  11:34:30 42.406357 -72.5304   3     15     58  
694.0  11:34:39 42.406406 -72.53107   4     12     40  
694.0  11:34:47 42.40639 -72.53125   4     11     44  
694.0  11:34:55 42.40632 -72.53147   5     19     44  
695.0  11:35:00 42.40622 -72.53175   5     15     44  
695.0  11:35:05 42.40622 -72.53175   3     18     40  
695.0  11:35:14 42.40613 -72.53197   4     15     44  
695.0  11:35:24 42.406067 -72.53228   4     10     46  
695.0  11:35:33 42.406017 -72.532524   5     13     49  
695.0  11:35:42 42.40579 -72.532524   3     16     52  
695.0  11:35:50 42.405735 -72.53248   5     11     50  
695.0  11:35:59 42.405487 -72.5324   5     10     43  
696.0  11:36:00 42.405437 -72.53239   3     10     41  
696.0  11:36:08 42.405354 -72.53237   4     10     49  
696.0  11:36:18 42.404957 -72.53231   5     18     43  
696.0  11:36:27 42.40486 -72.53197   3     13     43  
696.0  11:36:36 42.404865 -72.53171   4     14     48  
696.0  11:36:45 42.40487 -72.53154   5     14     56  
696.0  11:36:55 42.404903 -72.53103   4     19     50  
697.0  11:37:00 42.405025 -72.530495   4     17     51  
697.0  11:37:03 42.405025 -72.530495   5     18     59  
697.0  11:37:14 42.405052 -72.53024   3     18     45  
697.0  11:37:23 42.405037 -72.529785   4     13     59  
697.0  11:37:31 42.405037 -72.52978   5     14     59  
697.0  11:37:40 42.405033 -72.52978   4     19     58  
697.0  11:37:49 42.40501 -72.5297   3     18     53  
697.0  11:37:57 42.404633 -72.52968   3     19     54  
698.0  11:38:00 42.40411 -72.52963   5     17     59  
698.0  11:38:08 42.40378 -72.52945   4     17     49  
698.0  11:38:16 42.403027 -72.52894   4     13     44  
698.0  11:38:24 42.402214 -72.528435   5     12     42  
698.0  11:38:33 42.40113 -72.527985   5     16     49  
698.0  11:38:41 42.400055 -72.52794   3     13     59  
698.0  11:38:50 42.399124 -72.528   3     17     42  
699.0  11:39:00 42.397415 -72.527985   4     18     57  
699.0  11:39:02 42.397907 -72.52808   5     13     44  
699.0  11:39:10 42.396595 -72.52764   5     18     56  
699.0  11:39:18 42.39577 -72.527275   3     13     58  
699.0  11:39:27 42.395336 -72.52706   3     12     44  
699.0  11:39:35 42.39494 -72.52687   5     11     59  
699.0  11:39:44 42.3944 -72.52655   3     15     51  
699.0  11:39:54 42.393715 -72.526146   4     18     42  
700.0  11:40:00 42.393147 -72.52582   4     19     42  
700.0  11:40:03 42.393238 -72.52586   4     10     43  
700.0  11:40:11 42.392338 -72.525505   4     10     58  
700.0  11:40:20 42.391487 -72.52529   3     12     44  
700.0  11:40:28 42.39091 -72.525185   5     13     54  
700.0  11:40:37 42.39032 -72.52507   3     12     46  
700.0  11:40:48 42.389286 -72.524796   5     15     42  
700.0  11:40:57 42.38847 -72.524414   4     11     54  
701.0  11:41:00 42.387875 -72.52392   5     12     52  
701.0  11:41:05 42.38779 -72.52383   4     13     48  
701.0  11:41:13 42.38718 -72.52297   5     14     57  
701.0  11:41:21 42.3865 -72.522415   5     12     46  
701.0  11:41:33 42.386074 -72.52249   5     15     58  
701.0  11:41:44 42.386066 -72.52339   5     11     40  
701.0  11:41:53 42.38584 -72.52436   5     17     53  
702.0  11:42:00 42.38555 -72.525635   3     18     50  
702.0  11:42:02 42.38561 -72.52539   4     17     57  
702.0  11:42:11 42.385353 -72.52648   3     10     41  
702.0  11:42:19 42.38509 -72.52758   4     18     55  
702.0  11:42:32 42.38489 -72.528564   5     18     40  
702.0  11:42:43 42.38513 -72.53033   5     15     42  
702.0  11:42:51 42.38518 -72.53079   5     16     54  
703.0  11:43:00 42.38516 -72.530785   3     15     46  
703.0  11:43:03 42.385166 -72.53079   4     10     44  
703.0  11:43:11 42.38514 -72.53086   4     19     55  
703.0  11:43:19 42.38515 -72.53083   4     16     50  
703.0  11:43:28 42.385323 -72.53096   4     13     54  
703.0  11:43:45 42.386234 -72.53112   3     17     42  
703.0  11:43:56 42.387943 -72.53181   3     13     59  
704.0  11:44:00 42.388855 -72.53218   5     15     59  
704.0  11:44:04 42.38896 -72.53223   5     19     48  
704.0  11:44:13 42.38991 -72.53262   3     14     45  
704.0  11:44:22 42.390877 -72.53303   4     14     54  
704.0  11:44:33 42.392014 -72.53351   4     14     42  
704.0  11:44:42 42.392567 -72.53374   5     15     49  
704.0  11:44:51 42.392776 -72.53337   5     17     48  
705.0  11:45:00 42.39312 -72.532646   4     15     52  
705.0  11:45:00 42.393208 -72.53249   4     10     44  
705.0  11:45:10 42.393353 -72.53245   5     14     55  
705.0  11:45:19 42.393917 -72.53273   5     18     44  
705.0  11:45:35 42.39492 -72.53323   3     19     59  
705.0  11:45:44 42.39496 -72.53368   3     15     48  
705.0  11:45:52 42.39478 -72.53379   5     10     43  
706.0  11:46:00 42.39478 -72.533394   4     18     50  
706.0  11:46:01 42.394756 -72.53347   4     14     55  
706.0  11:46:10 42.394684 -72.53311   3     13     45  
706.0  11:46:18 42.394234 -72.53293   5     10     52  
706.0  11:46:29 42.39388 -72.53268   3     19     53  
706.0  11:46:38 42.393784 -72.53262   3     19     48  
706.0  11:46:47 42.393715 -72.532585   4     19     52  
706.0  11:46:55 42.393703 -72.532524   3     13     56  
707.0  11:47:00 42.393723 -72.53248   3     19     51  
707.0  11:47:03 42.393726 -72.53247   4     19     48  
707.0  11:47:12 42.39372 -72.53253   3     16     41  
707.0  11:47:22 42.393707 -72.532555   5     18     50  
707.0  11:47:31 42.393703 -72.53257   4     10     47  
707.0  11:47:39 42.393715 -72.532585   3     17     56  
707.0  11:47:48 42.393723 -72.53261   3     12     46  
707.0  11:47:59 42.39372 -72.53261   5     14     52  
708.0  11:48:00 42.39372 -72.53261   4     16     42  
708.0  11:48:07 42.393723 -72.53261   5     12     59  
708.0  11:48:18 42.39372 -72.53259   3     12     42  
708.0  11:48:27 42.39371 -72.532585   5     18     59  
