700.0  11:40:00 42.378056 -72.53643   5     16     43  
701.0  11:41:00 42.378048 -72.536415   3     10     42  
701.0  11:41:11 42.37805 -72.536415   3     17     53  
701.0  11:41:21 42.378036 -72.53642   4     15     45  
701.0  11:41:30 42.37804 -72.53643   4     11     44  
701.0  11:41:37 42.37805 -72.53642   5     19     46  
701.0  11:41:46 42.378056 -72.53642   4     19     46  
701.0  11:41:55 42.378033 -72.53643   4     11     53  
702.0  11:42:00 42.378033 -72.53643   4     10     55  
702.0  11:42:03 42.378033 -72.53643   4     17     42  
702.0  11:42:13 42.378036 -72.53644   4     18     49  
702.0  11:42:22 42.378056 -72.536446   5     17     50  
702.0  11:42:31 42.378063 -72.53644   4     16     46  
702.0  11:42:40 42.37805 -72.53645   3     10     56  
702.0  11:42:48 42.378036 -72.53645   3     13     49  
702.0  11:42:57 42.378044 -72.536446   5     16     59  
703.0  11:43:00 42.378048 -72.536446   4     18     56  
703.0  11:43:07 42.37805 -72.53645   5     17     55  
703.0  11:43:16 42.378063 -72.53644   3     12     50  
703.0  11:43:25 42.378067 -72.53642   3     14     47  
703.0  11:43:33 42.37807 -72.536415   5     17     40  
703.0  11:43:42 42.37806 -72.536415   3     18     50  
703.0  11:43:50 42.378048 -72.536415   4     16     48  
704.0  11:44:00 42.378048 -72.536446   3     16     48  
704.0  11:44:01 42.37805 -72.53644   5     16     49  
704.0  11:44:10 42.378044 -72.53646   3     18     41  
704.0  11:44:19 42.378025 -72.53645   3     11     51  
704.0  11:44:27 42.378033 -72.53644   3     17     50  
704.0  11:44:36 42.378036 -72.53644   3     17     40  
704.0  11:44:44 42.37805 -72.53644   5     13     51  
704.0  11:44:55 42.378056 -72.53643   5     12     45  
705.0  11:45:00 42.37805 -72.53643   4     16     58  
705.0  11:45:04 42.37805 -72.53643   4     12     48  
705.0  11:45:13 42.37805 -72.53643   3     17     49  
705.0  11:45:21 42.378017 -72.536446   5     19     42  
705.0  11:45:30 42.37806 -72.53643   3     19     40  
705.0  11:45:39 42.378056 -72.53643   5     11     58  
705.0  11:45:50 42.378036 -72.53644   5     11     59  
705.0  11:45:59 42.37803 -72.53644   4     15     52  
706.0  11:46:00 42.378014 -72.53644   3     17     46  
706.0  11:46:07 42.378006 -72.53644   3     15     43  
706.0  11:46:16 42.378014 -72.53644   3     10     42  
706.0  11:46:24 42.37804 -72.53643   5     15     59  
706.0  11:46:33 42.378025 -72.53643   4     15     52  
706.0  11:46:44 42.378017 -72.53643   4     18     47  
706.0  11:46:53 42.37801 -72.53643   5     15     54  
707.0  11:47:00 42.37803 -72.53642   3     11     47  
707.0  11:47:01 42.378025 -72.53642   3     16     44  
707.0  11:47:10 42.378048 -72.536415   3     16     49  
707.0  11:47:19 42.378036 -72.536415   4     11     48  
707.0  11:47:28 42.378033 -72.536415   4     18     49  
707.0  11:47:38 42.378036 -72.53641   4     18     56  
707.0  11:47:47 42.378017 -72.53641   5     19     59  
707.0  11:47:56 42.378014 -72.53641   3     12     53  
708.0  11:48:00 42.378006 -72.536415   3     14     50  
708.0  11:48:05 42.378006 -72.536415   5     14     50  
708.0  11:48:13 42.378025 -72.536415   3     10     56  
708.0  11:48:22 42.378048 -72.5364   4     18     52  
708.0  11:48:32 42.37803 -72.53639   3     17     51  
708.0  11:48:41 42.378006 -72.53641   3     11     42  
708.0  11:48:50 42.378017 -72.53643   4     12     43  
708.0  11:48:58 42.378017 -72.536415   5     11     42  
709.0  11:49:00 42.37803 -72.5364   3     15     46  
709.0  11:49:07 42.378036 -72.536385   3     15     47  
709.0  11:49:16 42.37802 -72.53636   3     15     43  
709.0  11:49:27 42.37802 -72.53637   5     18     58  
709.0  11:49:35 42.378014 -72.536385   5     17     48  
709.0  11:49:43 42.37802 -72.53641   4     15     49  
709.0  11:49:52 42.37802 -72.536415   3     12     56  
710.0  11:50:00 42.378033 -72.53643   5     14     53  
710.0  11:50:00 42.378036 -72.53643   4     18     59  
710.0  11:50:09 42.378033 -72.53644   5     10     53  
710.0  11:50:19 42.37803 -72.53644   4     17     55  
710.0  11:50:27 42.37803 -72.53644   5     11     47  
710.0  11:50:36 42.378025 -72.53643   5     13     51  
710.0  11:50:44 42.37803 -72.53643   3     19     58  
710.0  11:50:53 42.37803 -72.53643   5     15     56  
711.0  11:51:00 42.378025 -72.53644   5     18     40  
711.0  11:51:01 42.378025 -72.53644   5     10     48  
711.0  11:51:11 42.378025 -72.53644   4     10     46  
711.0  11:51:20 42.378025 -72.536446   3     15     51  
711.0  11:51:29 42.378014 -72.53644   4     19     56  
711.0  11:51:38 42.378014 -72.53644   4     19     45  
711.0  11:51:46 42.378 -72.53642   3     18     44  
711.0  11:51:54 42.377983 -72.53641   5     13     45  
712.0  11:52:00 42.37797 -72.53639   3     16     44  
712.0  11:52:05 42.37797 -72.5364   4     12     59  
712.0  11:52:13 42.378002 -72.53643   5     13     57  
712.0  11:52:22 42.378014 -72.53644   3     13     50  
719.0  11:59:28 42.378063 -72.53642   3     12     46  
719.0  11:59:39 42.378063 -72.536415   4     17     57  
719.0  11:59:48 42.378036 -72.53641   4     13     41  
719.0  11:59:56 42.37804 -72.53642   3     18     41  
720.0  12:00:00 42.37805 -72.53643   4     13     56  
720.0  12:00:05 42.378056 -72.53643   3     19     42  
720.0  12:00:14 42.37805 -72.53644   3     12     57  
720.0  12:00:23 42.378056 -72.53644   3     15     52  
720.0  12:00:33 42.378056 -72.536446   5     13     41  
720.0  12:00:41 42.378056 -72.53645   3     17     58  
720.0  12:00:50 42.37807 -72.536446   4     12     42  
720.0  12:00:59 42.378067 -72.53646   3     13     45  
