600.0  10:00:00 42.378098 -72.536385   5     10     58  
600.0  10:00:02 42.378098 -72.536385   5     17     44  
600.0  10:00:10 42.378098 -72.536385   4     18     50  
600.0  10:00:19 42.378094 -72.53632   3     10     56  
600.0  10:00:27 42.378082 -72.53618   3     14     50  
600.0  10:00:36 42.37808 -72.5361   5     17     55  
600.0  10:00:47 42.378082 -72.536095   3     17     49  
600.0  10:00:55 42.37808 -72.53609   5     12     57  
601.0  10:01:00 42.378075 -72.53609   4     15     40  
601.0  10:01:04 42.378075 -72.53609   5     13     47  
601.0  10:01:13 42.37807 -72.53608   3     15     40  
601.0  10:01:21 42.37807 -72.53607   4     13     51  
601.0  10:01:29 42.378067 -72.53607   5     19     44  
601.0  10:01:39 42.378067 -72.53607   5     13     53  
601.0  10:01:47 42.378063 -72.53607   3     10     46  
601.0  10:01:57 42.378063 -72.53607   3     14     43  
602.0  10:02:00 42.378067 -72.53607   5     13     49  
602.0  10:02:06 42.378067 -72.53607   3     11     57  
602.0  10:02:14 42.378067 -72.53607   5     10     44  
602.0  10:02:23 42.378067 -72.53607   3     12     53  
602.0  10:02:35 42.37807 -72.53608   5     18     55  
602.0  10:02:43 42.378075 -72.53608   5     11     52  
602.0  10:02:53 42.378086 -72.53606   4     19     44  
603.0  10:03:00 42.378117 -72.536   3     10     58  
603.0  10:03:01 42.37811 -72.53601   5     11     41  
603.0  10:03:10 42.378143 -72.53596   4     16     52  
603.0  10:03:19 42.378136 -72.53589   3     14     44  
603.0  10:03:29 42.37812 -72.53581   5     11     48  
603.0  10:03:39 42.378128 -72.53582   4     16     53  
603.0  10:03:47 42.378128 -72.53586   5     12     55  
603.0  10:03:56 42.378136 -72.53589   4     15     59  
604.0  10:04:00 42.378143 -72.535904   3     15     48  
604.0  10:04:05 42.378143 -72.535904   5     19     51  
604.0  10:04:17 42.378136 -72.53595   3     14     40  
604.0  10:04:28 42.378128 -72.536   3     10     49  
604.0  10:04:38 42.378124 -72.53601   4     18     42  
604.0  10:04:47 42.378124 -72.53601   4     14     44  
604.0  10:04:56 42.378128 -72.53603   5     11     41  
605.0  10:05:00 42.378128 -72.53605   4     17     56  
605.0  10:05:04 42.37813 -72.53605   3     16     57  
605.0  10:05:13 42.378136 -72.53604   3     16     58  
605.0  10:05:23 42.37813 -72.53604   4     11     42  
605.0  10:05:31 42.378128 -72.53605   4     13     40  
605.0  10:05:41 42.37813 -72.53605   3     12     49  
605.0  10:05:49 42.378117 -72.53606   3     13     43  
605.0  10:05:58 42.37811 -72.53606   3     12     42  
606.0  10:06:00 42.378105 -72.53606   5     16     47  
606.0  10:06:06 42.37811 -72.53606   4     17     58  
606.0  10:06:16 42.378117 -72.53603   4     14     59  
606.0  10:06:25 42.37812 -72.53603   4     10     41  
606.0  10:06:33 42.378105 -72.53607   5     14     48  
606.0  10:06:41 42.378105 -72.53607   5     13     41  
606.0  10:06:50 42.37811 -72.53607   5     17     48  
606.0  10:06:58 42.37811 -72.53609   4     14     58  
607.0  10:07:00 42.378113 -72.53609   3     19     43  
607.0  10:07:08 42.37811 -72.536095   3     14     45  
607.0  10:07:17 42.3781 -72.53607   5     10     53  
607.0  10:07:25 42.378086 -72.53606   3     11     50  
607.0  10:07:34 42.378063 -72.536026   4     16     41  
607.0  10:07:42 42.378056 -72.53601   5     11     48  
607.0  10:07:51 42.378063 -72.53602   3     17     45  
608.0  10:08:00 42.37807 -72.53605   5     11     46  
608.0  10:08:01 42.378063 -72.53604   3     10     55  
608.0  10:08:10 42.37808 -72.53606   3     14     44  
608.0  10:08:19 42.37807 -72.53605   5     11     47  
608.0  10:08:28 42.37805 -72.536026   4     11     53  
608.0  10:08:36 42.378044 -72.53602   3     18     45  
608.0  10:08:45 42.37804 -72.53601   4     11     43  
608.0  10:08:56 42.37804 -72.53601   5     10     46  
609.0  10:09:00 42.378036 -72.53602   4     16     40  
609.0  10:09:04 42.378036 -72.53602   4     18     53  
609.0  10:09:13 42.37805 -72.536   4     19     40  
609.0  10:09:22 42.37809 -72.535934   5     10     55  
609.0  10:09:32 42.378082 -72.535805   3     19     51  
609.0  10:09:41 42.378082 -72.53574   3     10     51  
609.0  10:09:53 42.378086 -72.53576   3     11     42  
610.0  10:10:00 42.378094 -72.53578   5     11     56  
610.0  10:10:02 42.37809 -72.53578   3     19     47  
610.0  10:10:11 42.3781 -72.535805   3     19     43  
610.0  10:10:20 42.37811 -72.53586   3     19     42  
610.0  10:10:29 42.37813 -72.53592   5     12     44  
610.0  10:10:37 42.37814 -72.53598   5     12     53  
610.0  10:10:48 42.378124 -72.53603   5     13     49  
611.0  10:11:00 42.378117 -72.53604   5     12     58  
611.0  10:11:00 42.378117 -72.53604   5     16     40  
611.0  10:11:08 42.378117 -72.53604   5     14     59  
611.0  10:11:18 42.378117 -72.53604   4     11     47  
611.0  10:11:26 42.378113 -72.53605   4     16     43  
611.0  10:11:35 42.378117 -72.53604   3     10     50  
611.0  10:11:45 42.37812 -72.53603   3     10     56  
611.0  10:11:54 42.378117 -72.53604   5     13     59  
612.0  10:12:00 42.3781 -72.53605   4     13     59  
612.0  10:12:02 42.3781 -72.53605   5     10     50  
612.0  10:12:13 42.378086 -72.53606   5     15     43  
612.0  10:12:22 42.378094 -72.536064   4     13     40  
612.0  10:12:30 42.378094 -72.536064   4     16     45  
612.0  10:12:41 42.378094 -72.53607   4     16     47  
612.0  10:12:49 42.3781 -72.53609   5     13     41  
612.0  10:12:58 42.378105 -72.53608   5     11     54  
613.0  10:13:00 42.378105 -72.53609   3     17     53  
613.0  10:13:07 42.378105 -72.53609   3     13     45  
613.0  10:13:15 42.3781 -72.5361   4     16     51  
613.0  10:13:24 42.378105 -72.53611   4     17     49  
613.0  10:13:35 42.37811 -72.53612   4     18     50  
613.0  10:13:44 42.3781 -72.5361   5     19     57  
613.0  10:13:52 42.378094 -72.53609   4     15     47  
614.0  10:14:00 42.378086 -72.53609   3     17     52  
614.0  10:14:01 42.37809 -72.53609   3     18     49  
614.0  10:14:10 42.378086 -72.53608   5     17     55  
614.0  10:14:19 42.37809 -72.53609   3     11     52  
614.0  10:14:31 42.37808 -72.53609   4     13     57  
614.0  10:14:40 42.37808 -72.536095   3     19     56  
614.0  10:14:49 42.378082 -72.5361   3     11     52  
614.0  10:14:57 42.37808 -72.536095   5     14     57  
615.0  10:15:00 42.37807 -72.53609   4     13     54  
615.0  10:15:06 42.37807 -72.53609   5     19     48  
615.0  10:15:14 42.37807 -72.53608   3     11     46  
615.0  10:15:25 42.37807 -72.53609   5     16     54  
615.0  10:15:33 42.378075 -72.53609   5     10     48  
615.0  10:15:41 42.37809 -72.5361   5     17     42  
615.0  10:15:49 42.378094 -72.53612   5     16     45  
615.0  10:15:58 42.37809 -72.53612   4     18     45  
616.0  10:16:00 42.37809 -72.53612   4     11     54  
616.0  10:16:07 42.37809 -72.53612   4     19     40  
616.0  10:16:18 42.378082 -72.53611   5     15     43  
616.0  10:16:27 42.37808 -72.5361   5     18     41  
616.0  10:16:36 42.37808 -72.536095   3     19     59  
616.0  10:16:44 42.378075 -72.536095   5     12     55  
616.0  10:16:53 42.37807 -72.536064   3     18     40  
617.0  10:17:00 42.37811 -72.535995   4     13     50  
617.0  10:17:01 42.37811 -72.53602   4     14     46  
617.0  10:17:11 42.378117 -72.5359   3     15     54  
617.0  10:17:24 42.378105 -72.53583   4     15     58  
617.0  10:17:33 42.37812 -72.53585   5     14     48  
617.0  10:17:43 42.37812 -72.53586   4     13     51  
617.0  10:17:51 42.378143 -72.53591   3     16     49  
618.0  10:18:00 42.378128 -72.535965   3     13     52  
618.0  10:18:01 42.378128 -72.53596   3     11     56  
618.0  10:18:10 42.37812 -72.53598   5     14     49  
618.0  10:18:19 42.378117 -72.53601   4     16     59  
618.0  10:18:27 42.378105 -72.536026   4     15     40  
618.0  10:18:35 42.3781 -72.53603   4     11     43  
618.0  10:18:44 42.378098 -72.53604   4     15     58  
618.0  10:18:54 42.378094 -72.53605   5     16     40  
619.0  10:19:00 42.3781 -72.53606   4     16     53  
619.0  10:19:02 42.3781 -72.53606   4     10     57  
619.0  10:19:10 42.378094 -72.53606   5     18     54  
619.0  10:19:19 42.378094 -72.53605   5     19     55  
619.0  10:19:27 42.3781 -72.53606   3     14     55  
619.0  10:19:35 42.378105 -72.536064   5     15     48  
619.0  10:19:45 42.3781 -72.53606   4     10     53  
619.0  10:19:53 42.378094 -72.53606   3     15     41  
620.0  10:20:00 42.37808 -72.53606   4     18     57  
620.0  10:20:01 42.37808 -72.53606   5     13     45  
620.0  10:20:09 42.37808 -72.536064   5     17     47  
620.0  10:20:19 42.378086 -72.53607   5     13     40  
620.0  10:20:28 42.3781 -72.53607   4     17     43  
620.0  10:20:39 42.378105 -72.536064   4     11     47  
620.0  10:20:47 42.37811 -72.53606   4     11     52  
620.0  10:20:56 42.378128 -72.53604   5     13     55  
621.0  10:21:00 42.378136 -72.53604   3     16     57  
621.0  10:21:04 42.378136 -72.53604   5     14     57  
621.0  10:21:16 42.37811 -72.53606   4     12     46  
621.0  10:21:24 42.378098 -72.53609   5     11     44  
621.0  10:21:34 42.378082 -72.53609   5     16     46  
621.0  10:21:42 42.378067 -72.53609   5     18     45  
621.0  10:21:50 42.378063 -72.53609   3     15     48  
621.0  10:21:59 42.37805 -72.53607   5     14     51  
622.0  10:22:00 42.378048 -72.536064   5     13     48  
622.0  10:22:08 42.378048 -72.536064   4     11     40  
622.0  10:22:16 42.378036 -72.53604   3     17     48  
622.0  10:22:27 42.378033 -72.53604   3     10     59  
622.0  10:22:36 42.378036 -72.53605   5     11     55  
622.0  10:22:45 42.37803 -72.53606   3     12     58  
622.0  10:22:54 42.37804 -72.53608   3     16     49  
623.0  10:23:00 42.378048 -72.53609   3     13     46  
623.0  10:23:03 42.378044 -72.53608   5     11     55  
623.0  10:23:11 42.378056 -72.536095   3     18     47  
623.0  10:23:23 42.378067 -72.53611   5     12     46  
623.0  10:23:32 42.37808 -72.53612   4     12     55  
623.0  10:23:41 42.378082 -72.53613   5     10     52  
623.0  10:23:50 42.37808 -72.536125   5     19     40  
623.0  10:23:58 42.378075 -72.53612   3     15     46  
624.0  10:24:00 42.378075 -72.53612   5     14     44  
624.0  10:24:07 42.37808 -72.53612   4     14     41  
624.0  10:24:17 42.37808 -72.53612   4     19     48  
624.0  10:24:26 42.37808 -72.53612   4     17     41  
624.0  10:24:34 42.37811 -72.53609   4     10     55  
624.0  10:24:44 42.378128 -72.53604   5     16     41  
624.0  10:24:53 42.37811 -72.53589   5     17     45  
625.0  10:25:00 42.378113 -72.535835   4     16     56  
625.0  10:25:02 42.37811 -72.535835   3     17     49  
625.0  10:25:13 42.378117 -72.53583   3     16     44  
625.0  10:25:23 42.378117 -72.535835   5     18     52  
625.0  10:25:32 42.378124 -72.5359   5     14     40  
625.0  10:25:41 42.37813 -72.53594   3     12     58  
625.0  10:25:49 42.378143 -72.53598   5     18     52  
625.0  10:25:58 42.37814 -72.536   4     15     50  
626.0  10:26:00 42.378143 -72.53602   3     11     57  
626.0  10:26:09 42.378143 -72.536026   4     18     53  
626.0  10:26:18 42.37813 -72.53605   4     13     49  
626.0  10:26:26 42.378128 -72.53606   4     15     59  
626.0  10:26:35 42.37813 -72.536064   5     10     57  
626.0  10:26:44 42.378136 -72.53606   5     18     47  
626.0  10:26:53 42.37813 -72.536064   5     18     47  
627.0  10:27:00 42.37813 -72.536064   3     10     55  
627.0  10:27:04 42.37813 -72.536064   4     13     42  
627.0  10:27:12 42.378136 -72.536064   3     16     55  
627.0  10:27:21 42.37814 -72.53607   4     12     52  
627.0  10:27:30 42.378136 -72.53607   4     19     45  
627.0  10:27:38 42.378124 -72.53609   4     15     52  
627.0  10:27:46 42.378094 -72.53609   5     16     55  
627.0  10:27:57 42.378086 -72.53607   3     15     43  
628.0  10:28:00 42.378086 -72.536064   3     16     53  
628.0  10:28:06 42.378086 -72.536064   4     13     59  
628.0  10:28:15 42.378063 -72.53609   5     11     52  
628.0  10:28:23 42.37805 -72.53611   4     10     55  
628.0  10:28:31 42.37805 -72.53612   5     11     58  
628.0  10:28:39 42.378056 -72.53612   3     14     45  
628.0  10:28:50 42.378056 -72.53612   4     11     43  
628.0  10:28:59 42.37805 -72.53611   5     10     49  
629.0  10:29:00 42.37805 -72.536095   5     12     55  
629.0  10:29:07 42.378048 -72.536095   4     16     42  
629.0  10:29:15 42.378056 -72.53611   4     19     50  
629.0  10:29:24 42.37807 -72.53615   5     11     40  
629.0  10:29:32 42.37809 -72.53619   5     19     57  
629.0  10:29:43 42.378094 -72.53619   3     17     40  
629.0  10:29:51 42.37807 -72.53614   5     17     43  
629.0  10:29:59 42.378044 -72.536095   5     15     57  
630.0  10:30:00 42.37804 -72.536095   4     18     50  
630.0  10:30:08 42.378044 -72.5361   3     12     42  
630.0  10:30:16 42.378036 -72.53609   3     11     45  
630.0  10:30:26 42.378036 -72.53609   5     14     46  
630.0  10:30:37 42.378044 -72.53609   5     19     56  
630.0  10:30:45 42.378044 -72.53609   4     16     45  
630.0  10:30:54 42.378036 -72.53607   3     16     56  
631.0  10:31:00 42.378044 -72.53609   3     16     52  
631.0  10:31:02 42.378044 -72.53609   5     16     59  
631.0  10:31:10 42.378044 -72.53609   4     18     49  
631.0  10:31:19 42.378033 -72.536064   3     15     41  
631.0  10:31:30 42.378025 -72.53606   5     13     45  
631.0  10:31:38 42.378025 -72.53605   3     13     50  
631.0  10:31:47 42.37804 -72.53608   4     19     56  
631.0  10:31:55 42.378048 -72.536095   4     19     51  
632.0  10:32:00 42.37806 -72.5361   3     16     59  
632.0  10:32:04 42.37806 -72.5361   5     17     41  
632.0  10:32:13 42.378044 -72.53598   5     12     48  
632.0  10:32:23 42.378063 -72.53599   4     15     49  
632.0  10:32:32 42.378063 -72.53598   4     11     58  
632.0  10:32:40 42.37806 -72.53597   3     10     46  
632.0  10:32:49 42.37805 -72.53596   3     15     58  
632.0  10:32:57 42.378048 -72.53595   3     18     51  
633.0  10:33:00 42.378044 -72.53594   3     15     50  
633.0  10:33:04 42.378044 -72.53594   5     16     57  
633.0  10:33:18 42.378044 -72.53594   3     14     53  
633.0  10:33:26 42.37806 -72.53597   3     15     46  
633.0  10:33:36 42.378075 -72.536   4     14     41  
633.0  10:33:44 42.378063 -72.53598   3     18     58  
633.0  10:33:53 42.378048 -72.53595   4     11     40  
634.0  10:34:00 42.37804 -72.53594   4     12     45  
634.0  10:34:01 42.37804 -72.53594   3     16     41  
634.0  10:34:14 42.378033 -72.53593   4     19     42  
634.0  10:34:23 42.378025 -72.53592   5     16     56  
634.0  10:34:32 42.37805 -72.535965   3     19     51  
634.0  10:34:41 42.37806 -72.53598   4     11     48  
634.0  10:34:48 42.378036 -72.53595   4     11     49  
634.0  10:34:58 42.37804 -72.53596   4     17     46  
635.0  10:35:00 42.37805 -72.53597   5     13     44  
635.0  10:35:08 42.37805 -72.53598   4     16     52  
635.0  10:35:16 42.378044 -72.535965   3     12     41  
635.0  10:35:24 42.378063 -72.535995   4     11     55  
635.0  10:35:32 42.378082 -72.53603   3     12     53  
635.0  10:35:41 42.37808 -72.53603   5     11     48  
635.0  10:35:50 42.378067 -72.536026   3     19     49  
636.0  10:36:00 42.37807 -72.53598   4     12     59  
636.0  10:36:00 42.378075 -72.53598   4     16     58  
636.0  10:36:09 42.37808 -72.53599   4     17     51  
636.0  10:36:18 42.37808 -72.536   4     17     53  
636.0  10:36:26 42.378067 -72.536   4     12     47  
636.0  10:36:35 42.378063 -72.53601   4     19     52  
636.0  10:36:43 42.378056 -72.535995   5     12     58  
636.0  10:36:55 42.37805 -72.53598   4     18     57  
637.0  10:37:00 42.37806 -72.53599   3     16     42  
637.0  10:37:04 42.37806 -72.53599   5     13     55  
637.0  10:37:13 42.378067 -72.53599   5     10     50  
637.0  10:37:22 42.37808 -72.53598   4     15     43  
637.0  10:37:31 42.378094 -72.53599   5     11     56  
637.0  10:37:39 42.378105 -72.536026   5     16     59  
637.0  10:37:50 42.378094 -72.53602   5     14     50  
637.0  10:37:59 42.378105 -72.536   4     16     43  
638.0  10:38:00 42.37812 -72.53595   4     19     57  
638.0  10:38:07 42.378128 -72.53586   3     13     55  
638.0  10:38:16 42.378048 -72.53559   3     12     57  
638.0  10:38:25 42.378128 -72.53539   5     12     45  
638.0  10:38:36 42.37828 -72.53558   3     17     52  
638.0  10:38:47 42.37813 -72.53595   3     13     57  
638.0  10:38:55 42.37811 -72.536194   5     17     53  
639.0  10:39:00 42.378124 -72.53638   5     16     53  
639.0  10:39:04 42.378124 -72.53638   3     15     52  
639.0  10:39:12 42.378124 -72.53639   5     15     56  
639.0  10:39:21 42.378117 -72.53636   4     10     59  
639.0  10:39:30 42.378124 -72.53632   3     11     45  
639.0  10:39:40 42.37814 -72.536285   3     14     55  
639.0  10:39:50 42.378143 -72.536255   3     12     43  
639.0  10:39:58 42.37814 -72.53624   5     16     57  
640.0  10:40:00 42.37812 -72.53623   3     15     53  
640.0  10:40:06 42.378117 -72.536224   4     10     46  
640.0  10:40:13 42.378113 -72.53622   4     17     52  
640.0  10:40:23 42.37813 -72.53621   5     10     56  
640.0  10:40:34 42.378128 -72.53622   3     12     50  
640.0  10:40:44 42.378113 -72.536224   3     17     56  
640.0  10:40:53 42.378105 -72.536224   3     14     59  
641.0  10:41:00 42.37809 -72.5362   5     14     53  
641.0  10:41:01 42.3781 -72.53621   3     10     41  
641.0  10:41:11 42.37808 -72.53621   4     12     44  
641.0  10:41:19 42.378082 -72.536194   3     18     48  
641.0  10:41:30 42.378075 -72.53621   5     11     41  
641.0  10:41:39 42.378075 -72.53618   4     18     46  
641.0  10:41:47 42.378056 -72.53618   3     15     50  
641.0  10:41:56 42.37805 -72.53618   4     16     57  
642.0  10:42:00 42.378056 -72.53618   4     10     48  
642.0  10:42:05 42.378056 -72.53618   3     12     59  
642.0  10:42:14 42.37806 -72.53617   3     13     40  
642.0  10:42:24 42.378063 -72.53616   3     17     59  
642.0  10:42:33 42.378063 -72.53616   4     17     50  
642.0  10:42:42 42.378063 -72.53616   5     12     42  
642.0  10:42:51 42.378063 -72.53616   3     14     52  
643.0  10:43:00 42.378063 -72.53616   5     10     41  
643.0  10:43:01 42.378063 -72.53616   4     17     53  
643.0  10:43:10 42.378067 -72.53616   3     16     48  
643.0  10:43:20 42.37807 -72.53616   3     15     54  
643.0  10:43:29 42.37807 -72.53617   5     10     58  
643.0  10:43:39 42.3781 -72.53619   3     10     45  
643.0  10:43:47 42.37813 -72.536255   3     13     56  
643.0  10:43:55 42.378117 -72.53639   4     19     41  
644.0  10:44:00 42.378117 -72.5364   3     13     53  
644.0  10:44:04 42.378117 -72.5364   4     13     54  
644.0  10:44:14 42.37812 -72.53633   4     18     45  
644.0  10:44:23 42.37813 -72.5363   4     16     40  
644.0  10:44:32 42.37813 -72.536285   3     14     44  
644.0  10:44:40 42.378128 -72.53625   3     18     42  
644.0  10:44:50 42.37812 -72.53622   4     17     46  
644.0  10:44:58 42.378113 -72.53619   4     10     55  
645.0  10:45:00 42.37811 -72.53618   3     13     52  
645.0  10:45:09 42.37811 -72.53618   5     19     49  
645.0  10:45:17 42.378113 -72.53618   4     11     51  
645.0  10:45:26 42.378113 -72.536194   3     16     54  
645.0  10:45:34 42.378113 -72.5362   3     19     42  
645.0  10:45:43 42.378113 -72.536194   5     17     51  
645.0  10:45:52 42.378113 -72.536194   5     16     45  
646.0  10:46:00 42.3781 -72.536224   5     17     47  
646.0  10:46:02 42.3781 -72.53623   5     18     41  
646.0  10:46:11 42.378105 -72.53621   3     15     57  
646.0  10:46:21 42.37809 -72.536194   3     14     51  
646.0  10:46:29 42.37807 -72.53618   4     18     46  
646.0  10:46:38 42.378067 -72.53618   3     17     48  
646.0  10:46:46 42.37805 -72.53621   4     15     53  
646.0  10:46:57 42.378048 -72.5362   3     14     44  
647.0  10:47:00 42.378048 -72.5362   4     13     57  
647.0  10:47:07 42.378044 -72.5362   4     13     45  
647.0  10:47:16 42.378048 -72.5362   4     13     51  
647.0  10:47:24 42.37806 -72.53618   5     14     57  
647.0  10:47:33 42.378075 -72.53615   5     15     53  
647.0  10:47:41 42.378067 -72.536156   3     11     45  
647.0  10:47:51 42.37806 -72.53618   5     18     58  
648.0  10:48:00 42.378063 -72.53617   3     16     50  
648.0  10:48:00 42.378075 -72.536156   3     11     59  
648.0  10:48:08 42.378082 -72.53615   5     16     42  
648.0  10:48:17 42.378082 -72.53615   5     10     58  
648.0  10:48:25 42.37808 -72.536156   3     15     56  
648.0  10:48:34 42.37807 -72.53616   3     10     54  
648.0  10:48:44 42.378063 -72.53617   3     16     56  
648.0  10:48:53 42.37806 -72.53617   3     19     44  
649.0  10:49:00 42.37806 -72.53618   3     17     45  
649.0  10:49:01 42.37806 -72.53618   3     14     46  
649.0  10:49:10 42.37806 -72.53617   3     17     51  
649.0  10:49:19 42.37806 -72.53617   5     13     57  
649.0  10:49:27 42.378056 -72.53617   3     14     57  
649.0  10:49:38 42.378056 -72.53617   4     11     42  
649.0  10:49:47 42.378056 -72.53618   4     15     47  
649.0  10:49:55 42.37809 -72.53621   5     10     53  
650.0  10:50:00 42.37812 -72.53636   3     10     53  
650.0  10:50:04 42.37812 -72.53636   3     10     43  
650.0  10:50:13 42.37812 -72.536514   3     16     58  
650.0  10:50:22 42.37813 -72.53659   5     19     56  
650.0  10:50:34 42.378124 -72.53658   4     13     59  
650.0  10:50:42 42.37812 -72.53658   4     11     46  
650.0  10:50:50 42.378117 -72.53659   3     17     48  
650.0  10:50:59 42.378113 -72.53659   3     11     44  
651.0  10:51:00 42.378113 -72.53659   3     19     57  
651.0  10:51:14 42.378117 -72.53659   3     16     40  
651.0  10:51:26 42.378113 -72.536606   5     15     51  
651.0  10:51:34 42.378113 -72.536606   5     19     42  
651.0  10:51:43 42.378117 -72.5366   5     16     53  
651.0  10:51:51 42.378117 -72.5366   5     16     50  
651.0  10:51:59 42.378128 -72.53657   3     14     55  
652.0  10:52:00 42.37813 -72.53657   4     17     41  
652.0  10:52:12 42.37813 -72.53657   3     14     40  
652.0  10:52:22 42.378128 -72.536575   5     14     55  
652.0  10:52:31 42.378136 -72.53657   3     11     58  
652.0  10:52:42 42.378143 -72.53657   4     13     52  
652.0  10:52:51 42.37816 -72.53652   5     14     48  
652.0  10:52:59 42.378174 -72.5365   5     19     52  
653.0  10:53:00 42.378174 -72.53648   3     12     57  
653.0  10:53:07 42.378174 -72.536476   4     15     48  
653.0  10:53:17 42.37816 -72.53647   3     12     50  
653.0  10:53:26 42.37817 -72.53641   5     10     47  
653.0  10:53:34 42.378185 -72.53638   5     16     41  
653.0  10:53:43 42.378185 -72.53638   5     10     49  
653.0  10:53:51 42.378193 -72.53637   3     10     58  
654.0  10:54:00 42.378216 -72.53636   4     17     49  
654.0  10:54:00 42.37822 -72.53636   4     19     55  
654.0  10:54:11 42.37822 -72.53636   3     12     47  
654.0  10:54:19 42.37821 -72.53638   3     10     40  
654.0  10:54:27 42.378197 -72.53638   3     14     54  
654.0  10:54:36 42.37818 -72.53635   4     12     47  
654.0  10:54:44 42.378178 -72.53632   3     16     53  
654.0  10:54:52 42.378162 -72.53631   3     17     58  
655.0  10:55:00 42.37814 -72.53629   4     15     55  
655.0  10:55:04 42.378136 -72.5363   3     12     53  
655.0  10:55:13 42.37812 -72.5363   3     19     53  
655.0  10:55:22 42.378117 -72.5363   3     16     40  
655.0  10:55:30 42.37811 -72.53629   5     10     56  
655.0  10:55:39 42.37813 -72.536285   5     10     55  
655.0  10:55:47 42.378143 -72.536285   4     19     42  
655.0  10:55:58 42.378136 -72.53628   4     13     56  
656.0  10:56:00 42.378128 -72.536285   5     15     56  
656.0  10:56:06 42.37813 -72.536285   3     19     53  
656.0  10:56:18 42.378124 -72.536285   3     15     41  
656.0  10:56:27 42.378124 -72.53629   4     19     44  
656.0  10:56:35 42.37813 -72.53629   3     17     51  
656.0  10:56:44 42.378143 -72.53628   5     18     55  
656.0  10:56:54 42.37813 -72.536285   4     15     41  
657.0  10:57:00 42.378128 -72.536285   5     16     47  
657.0  10:57:03 42.378128 -72.536285   4     13     52  
657.0  10:57:11 42.378117 -72.53629   5     14     54  
657.0  10:57:20 42.378105 -72.5363   3     16     58  
657.0  10:57:29 42.378094 -72.5363   5     13     54  
657.0  10:57:37 42.378098 -72.5363   5     11     43  
657.0  10:57:48 42.37811 -72.5363   5     17     43  
657.0  10:57:56 42.378128 -72.5363   5     15     45  
658.0  10:58:00 42.37818 -72.536354   5     18     57  
658.0  10:58:05 42.378185 -72.53637   4     19     46  
658.0  10:58:13 42.37818 -72.53649   5     18     50  
658.0  10:58:21 42.378155 -72.536545   5     15     46  
658.0  10:58:30 42.378147 -72.53658   3     15     48  
658.0  10:58:41 42.37815 -72.53654   5     10     43  
658.0  10:58:50 42.378162 -72.53651   5     10     47  
658.0  10:58:58 42.37816 -72.53649   4     12     48  
659.0  10:59:00 42.378147 -72.53651   5     15     55  
659.0  10:59:08 42.378147 -72.5365   4     17     59  
659.0  10:59:16 42.37817 -72.53645   3     18     48  
659.0  10:59:25 42.378174 -72.536446   5     11     59  
659.0  10:59:35 42.378178 -72.53644   3     11     48  
659.0  10:59:44 42.37818 -72.53644   3     18     56  
659.0  10:59:52 42.378185 -72.53644   4     13     51  
660.0  11:00:00 42.37819 -72.53644   5     14     58  
660.0  11:00:01 42.37819 -72.53644   5     12     41  
660.0  11:00:11 42.37819 -72.53644   5     15     44  
660.0  11:00:20 42.378185 -72.536446   4     10     54  
660.0  11:00:31 42.37818 -72.53644   5     10     53  
660.0  11:00:39 42.378178 -72.53644   4     12     53  
660.0  11:00:47 42.378166 -72.536446   3     15     58  
660.0  11:00:55 42.37817 -72.536446   4     16     44  
661.0  11:01:00 42.378166 -72.53651   5     10     40  
661.0  11:01:03 42.378166 -72.53651   5     17     53  
661.0  11:01:11 42.378136 -72.53656   3     16     56  
661.0  11:01:22 42.378128 -72.53661   3     17     45  
661.0  11:01:29 42.37813 -72.536606   4     14     50  
661.0  11:01:38 42.378136 -72.536575   4     18     47  
661.0  11:01:46 42.378147 -72.53655   5     15     45  
661.0  11:01:54 42.378155 -72.536514   5     18     56  
662.0  11:02:00 42.378147 -72.53649   5     11     58  
662.0  11:02:03 42.378147 -72.53649   4     13     59  
662.0  11:02:13 42.378155 -72.536446   3     12     57  
662.0  11:02:22 42.378155 -72.53643   3     16     55  
662.0  11:02:31 42.37815 -72.53642   3     11     48  
662.0  11:02:39 42.37816 -72.53642   5     19     42  
662.0  11:02:48 42.37817 -72.53642   5     14     42  
662.0  11:02:57 42.378178 -72.53642   3     15     48  
663.0  11:03:00 42.378178 -72.53642   4     19     54  
663.0  11:03:07 42.378178 -72.53642   5     13     52  
663.0  11:03:15 42.378174 -72.53643   5     11     54  
663.0  11:03:23 42.37817 -72.53643   3     15     49  
663.0  11:03:34 42.37817 -72.53643   5     11     59  
663.0  11:03:43 42.37816 -72.53639   3     17     45  
663.0  11:03:51 42.37816 -72.53636   3     11     53  
664.0  11:04:00 42.378174 -72.53632   5     14     43  
664.0  11:04:03 42.37817 -72.53632   4     16     59  
664.0  11:04:12 42.378166 -72.53632   5     11     53  
664.0  11:04:21 42.378174 -72.53632   3     17     56  
664.0  11:04:30 42.37816 -72.53632   3     19     57  
664.0  11:04:38 42.378162 -72.53633   3     12     46  
664.0  11:04:47 42.37817 -72.53633   4     15     45  
664.0  11:04:57 42.378174 -72.53634   3     14     51  
665.0  11:05:00 42.378174 -72.53634   5     18     59  
665.0  11:05:06 42.378174 -72.53634   5     13     56  
665.0  11:05:15 42.378174 -72.53634   3     14     41  
665.0  11:05:25 42.37817 -72.53634   5     17     59  
665.0  11:05:34 42.378178 -72.53647   5     16     44  
665.0  11:05:42 42.37813 -72.53656   3     15     51  
665.0  11:05:54 42.378124 -72.5366   5     13     48  
666.0  11:06:00 42.37813 -72.53656   5     17     49  
666.0  11:06:02 42.378128 -72.53657   4     16     48  
666.0  11:06:12 42.378136 -72.53654   5     15     41  
666.0  11:06:20 42.37814 -72.53652   3     16     56  
666.0  11:06:29 42.37814 -72.53651   3     12     49  
666.0  11:06:38 42.378147 -72.53649   3     16     54  
666.0  11:06:48 42.378147 -72.53648   4     15     41  
666.0  11:06:56 42.378136 -72.53649   3     15     47  
667.0  11:07:00 42.37813 -72.53649   3     16     43  
667.0  11:07:05 42.37813 -72.53649   3     16     56  
667.0  11:07:14 42.37813 -72.53649   3     14     42  
667.0  11:07:26 42.37814 -72.53649   3     16     41  
667.0  11:07:33 42.378166 -72.53649   3     16     57  
667.0  11:07:44 42.378178 -72.53651   5     10     41  
667.0  11:07:52 42.37817 -72.53651   5     12     46  
668.0  11:08:00 42.378162 -72.53651   3     14     40  
668.0  11:08:01 42.378166 -72.53651   3     13     49  
668.0  11:08:10 42.378162 -72.53651   4     17     58  
668.0  11:08:18 42.37816 -72.53651   3     12     52  
668.0  11:08:27 42.378162 -72.5365   4     10     58  
668.0  11:08:37 42.378166 -72.5365   5     11     58  
668.0  11:08:45 42.37817 -72.53649   3     19     58  
668.0  11:08:53 42.378162 -72.53651   3     17     43  
669.0  11:09:00 42.378147 -72.53651   5     11     49  
669.0  11:09:01 42.378147 -72.53651   3     10     57  
669.0  11:09:10 42.378143 -72.53651   3     15     56  
669.0  11:09:18 42.378147 -72.53651   3     13     55  
669.0  11:09:34 42.378155 -72.536514   4     13     40  
669.0  11:09:43 42.378155 -72.53649   4     11     49  
669.0  11:09:52 42.378155 -72.53648   3     11     42  
670.0  11:10:00 42.378155 -72.53646   3     18     49  
670.0  11:10:00 42.37816 -72.53646   3     18     47  
670.0  11:10:08 42.378162 -72.53646   5     11     43  
670.0  11:10:19 42.37817 -72.536446   3     13     50  
670.0  11:10:36 42.37818 -72.5364   5     17     47  
670.0  11:10:45 42.37817 -72.536354   3     19     44  
670.0  11:10:53 42.37814 -72.53633   3     12     58  
671.0  11:11:00 42.378113 -72.536316   3     12     51  
671.0  11:11:01 42.378117 -72.53632   5     10     58  
671.0  11:11:10 42.378098 -72.536316   4     13     57  
671.0  11:11:21 42.378105 -72.5363   3     17     53  
671.0  11:11:30 42.37814 -72.536285   5     11     42  
671.0  11:11:39 42.378143 -72.536285   3     18     51  
671.0  11:11:48 42.378136 -72.536285   5     19     59  
671.0  11:11:56 42.37813 -72.53629   4     16     44  
672.0  11:12:00 42.37812 -72.53629   3     15     50  
672.0  11:12:05 42.378117 -72.53629   3     13     55  
672.0  11:12:15 42.378124 -72.536285   4     18     40  
672.0  11:12:23 42.378128 -72.536285   4     13     52  
672.0  11:12:31 42.378124 -72.536285   5     14     49  
672.0  11:12:40 42.37812 -72.53629   5     19     51  
672.0  11:12:52 42.378117 -72.53629   4     10     53  
673.0  11:13:00 42.378105 -72.5363   4     11     41  
673.0  11:13:01 42.378105 -72.53629   3     18     56  
673.0  11:13:12 42.378105 -72.53629   3     19     50  
673.0  11:13:21 42.378105 -72.53629   4     18     45  
673.0  11:13:29 42.378105 -72.53629   5     12     44  
673.0  11:13:38 42.37811 -72.53629   3     14     46  
673.0  11:13:47 42.378117 -72.53629   4     14     45  
673.0  11:13:56 42.378143 -72.536285   3     10     46  
674.0  11:14:00 42.378174 -72.53628   4     19     46  
674.0  11:14:07 42.37818 -72.53628   3     19     52  
674.0  11:14:16 42.378212 -72.53628   3     18     56  
674.0  11:14:25 42.37827 -72.53623   4     11     40  
674.0  11:14:33 42.378292 -72.53599   5     13     50  
674.0  11:14:41 42.378338 -72.535706   3     16     51  
674.0  11:14:56 42.378323 -72.53554   5     16     44  
681.0  11:21:26 42.378304 -72.53549   5     16     47  
681.0  11:21:36 42.378292 -72.53548   4     19     46  
681.0  11:21:37 42.378296 -72.53548   4     18     57  
681.0  11:21:48 42.378292 -72.53546   5     10     54  
681.0  11:21:56 42.378292 -72.53546   3     10     58  
682.0  11:22:00 42.3783 -72.53548   5     17     41  
682.0  11:22:05 42.3783 -72.53548   5     12     44  
682.0  11:22:13 42.378307 -72.53549   3     15     58  
682.0  11:22:22 42.378307 -72.53549   5     15     48  
682.0  11:22:31 42.378304 -72.535484   4     13     57  
682.0  11:22:41 42.3783 -72.53548   4     11     51  
682.0  11:22:50 42.3783 -72.53548   4     14     59  
682.0  11:22:58 42.378296 -72.53548   5     19     52  
683.0  11:23:00 42.378296 -72.535484   4     13     56  
683.0  11:23:07 42.378296 -72.53549   5     19     40  
683.0  11:23:15 42.378304 -72.53548   4     11     54  
683.0  11:23:24 42.378307 -72.535484   4     15     54  
683.0  11:23:34 42.378307 -72.53546   3     16     49  
683.0  11:23:43 42.378323 -72.53545   5     19     51  
683.0  11:23:51 42.378323 -72.53545   3     19     59  
684.0  11:24:00 42.378315 -72.53544   5     18     54  
684.0  11:24:00 42.37831 -72.53544   4     17     40  
684.0  11:24:08 42.37832 -72.53545   5     13     50  
684.0  11:24:16 42.378334 -72.535484   4     15     45  
684.0  11:24:27 42.37832 -72.535484   3     11     54  
684.0  11:24:36 42.378345 -72.53548   3     14     54  
684.0  11:24:45 42.37833 -72.53547   5     14     40  
684.0  11:24:54 42.378292 -72.53546   5     16     52  
685.0  11:25:00 42.37828 -72.5355   5     13     57  
685.0  11:25:03 42.378284 -72.53549   3     17     53  
685.0  11:25:11 42.37827 -72.53551   4     13     47  
685.0  11:25:23 42.37826 -72.5355   5     11     43  
685.0  11:25:32 42.378273 -72.5355   4     13     45  
685.0  11:25:40 42.378246 -72.5355   5     10     55  
685.0  11:25:49 42.378292 -72.535545   5     19     53  
685.0  11:25:58 42.3783 -72.53555   3     15     55  
686.0  11:26:00 42.378304 -72.53556   5     14     48  
696.0  11:36:00 42.378357 -72.535355   3     18     42  
696.0  11:36:03 42.378357 -72.535355   4     16     58  
696.0  11:36:14 42.378357 -72.53536   3     13     43  
696.0  11:36:22 42.37836 -72.53537   4     11     54  
696.0  11:36:32 42.378353 -72.53537   5     12     58  
696.0  11:36:41 42.378353 -72.53538   3     17     53  
696.0  11:36:50 42.378384 -72.535385   4     10     49  
696.0  11:36:58 42.37838 -72.53539   5     19     42  
697.0  11:37:00 42.378372 -72.5354   3     14     49  
697.0  11:37:09 42.378365 -72.5354   3     12     56  
697.0  11:37:17 42.378353 -72.53541   5     16     48  
697.0  11:37:26 42.37834 -72.5354   4     16     51  
697.0  11:37:34 42.378334 -72.53541   5     14     49  
697.0  11:37:43 42.378323 -72.5354   3     12     48  
697.0  11:37:52 42.37833 -72.53541   3     16     50  
698.0  11:38:00 42.37833 -72.535416   4     19     53  
698.0  11:38:02 42.378326 -72.53541   5     12     59  
698.0  11:38:10 42.378338 -72.53543   5     10     48  
698.0  11:38:18 42.378334 -72.53542   3     13     45  
698.0  11:38:26 42.37835 -72.535446   3     13     57  
698.0  11:38:35 42.37835 -72.535446   4     10     45  
698.0  11:38:44 42.378345 -72.535446   5     18     47  
698.0  11:38:55 42.37834 -72.53544   3     14     50  
699.0  11:39:00 42.37831 -72.535416   5     17     48  
699.0  11:39:03 42.37831 -72.535416   3     10     58  
699.0  11:39:11 42.3783 -72.53541   4     17     42  
699.0  11:39:20 42.37829 -72.5354   3     13     56  
699.0  11:39:28 42.37826 -72.53537   3     17     43  
699.0  11:39:36 42.378273 -72.535385   3     12     49  
699.0  11:39:47 42.378254 -72.53537   4     18     48  
703.0  11:43:00 42.378254 -72.535324   3     14     55  
703.0  11:43:08 42.37827 -72.53533   3     12     54  
703.0  11:43:22 42.378292 -72.53535   4     17     59  
703.0  11:43:30 42.378292 -72.53534   4     12     46  
703.0  11:43:37 42.378296 -72.53533   4     13     48  
703.0  11:43:46 42.378304 -72.53534   3     14     49  
703.0  11:43:55 42.37829 -72.535324   3     19     46  
704.0  11:44:00 42.378292 -72.535324   5     15     47  
704.0  11:44:03 42.378292 -72.535324   3     19     56  
704.0  11:44:14 42.378292 -72.535324   4     11     53  
704.0  11:44:22 42.3783 -72.535324   5     14     50  
704.0  11:44:31 42.37832 -72.53535   5     17     42  
704.0  11:44:39 42.378304 -72.53533   4     10     57  
704.0  11:44:46 42.378284 -72.53531   3     18     43  
704.0  11:44:55 42.378254 -72.53528   3     16     58  
705.0  11:45:00 42.378242 -72.535225   5     10     51  
705.0  11:45:06 42.378216 -72.53521   5     16     50  
705.0  11:45:14 42.37809 -72.53529   5     15     46  
705.0  11:45:23 42.37807 -72.535515   3     18     47  
705.0  11:45:32 42.378082 -72.53582   3     19     55  
705.0  11:45:42 42.37809 -72.536   3     19     44  
705.0  11:45:50 42.378105 -72.5362   5     13     52  
706.0  11:46:00 42.37811 -72.536285   5     11     45  
706.0  11:46:02 42.37811 -72.536285   4     10     57  
706.0  11:46:12 42.37811 -72.53629   3     13     59  
706.0  11:46:20 42.37811 -72.53629   4     17     58  
706.0  11:46:31 42.37811 -72.53629   4     10     43  
706.0  11:46:40 42.37811 -72.5363   4     17     58  
706.0  11:46:48 42.378113 -72.5363   5     19     40  
706.0  11:46:58 42.378113 -72.5363   3     13     46  
707.0  11:47:00 42.378117 -72.5363   4     13     40  
707.0  11:47:07 42.378117 -72.5363   4     13     42  
707.0  11:47:16 42.378117 -72.5363   3     10     58  
707.0  11:47:24 42.378117 -72.53631   4     14     59  
707.0  11:47:33 42.378117 -72.53631   3     14     40  
707.0  11:47:41 42.378117 -72.53631   4     11     47  
707.0  11:47:52 42.378117 -72.53631   5     10     54  
708.0  11:48:00 42.378117 -72.5363   5     15     42  
708.0  11:48:01 42.378117 -72.5363   5     16     47  
708.0  11:48:10 42.378117 -72.5363   5     10     50  
708.0  11:48:18 42.378117 -72.5363   5     15     58  
708.0  11:48:27 42.378113 -72.5363   3     18     52  
708.0  11:48:36 42.378113 -72.5363   3     14     48  
708.0  11:48:47 42.378105 -72.536316   3     19     55  
708.0  11:48:56 42.3781 -72.53634   5     13     55  
709.0  11:49:00 42.3781 -72.53635   3     11     40  
709.0  11:49:05 42.3781 -72.53634   4     18     49  
709.0  11:49:13 42.378105 -72.53632   4     19     58  
709.0  11:49:22 42.378105 -72.53631   3     12     50  
709.0  11:49:30 42.37811 -72.536354   5     11     54  
709.0  11:49:41 42.37813 -72.536705   3     14     46  
709.0  11:49:49 42.37809 -72.53705   3     14     54  
709.0  11:49:58 42.37808 -72.5373   5     19     50  
710.0  11:50:00 42.37818 -72.5373   3     12     41  
710.0  11:50:07 42.37825 -72.53728   5     18     48  
710.0  11:50:15 42.378407 -72.5372   5     15     51  
710.0  11:50:24 42.378468 -72.53718   4     19     45  
710.0  11:50:34 42.37857 -72.53716   4     11     54  
710.0  11:50:43 42.378754 -72.53716   4     15     43  
710.0  11:50:51 42.37891 -72.53714   3     15     46  
711.0  11:51:00 42.378956 -72.53706   4     12     41  
711.0  11:51:00 42.37897 -72.53698   4     14     52  
711.0  11:51:09 42.378944 -72.53686   3     18     58  
711.0  11:51:17 42.37888 -72.53653   5     19     45  
711.0  11:51:29 42.37883 -72.53604   3     13     54  
711.0  11:51:37 42.378788 -72.53555   5     15     43  
711.0  11:51:46 42.378757 -72.535   3     19     42  
711.0  11:51:54 42.37874 -72.53444   5     14     52  
712.0  11:52:00 42.37875 -72.534225   4     14     58  
712.0  11:52:03 42.378746 -72.53423   5     17     56  
712.0  11:52:11 42.378765 -72.53417   3     18     42  
712.0  11:52:22 42.378975 -72.53404   4     13     59  
712.0  11:52:31 42.379383 -72.534035   5     15     46  
712.0  11:52:40 42.379604 -72.53402   5     13     47  
712.0  11:52:48 42.379948 -72.53399   5     12     50  
712.0  11:52:58 42.380314 -72.533966   3     17     59  
713.0  11:53:00 42.38058 -72.53398   3     10     48  
713.0  11:53:06 42.380657 -72.53398   4     18     49  
713.0  11:53:17 42.38116 -72.53391   3     13     49  
713.0  11:53:26 42.38158 -72.53386   3     17     50  
713.0  11:53:35 42.38194 -72.53383   3     17     56  
713.0  11:53:43 42.382103 -72.53381   5     19     52  
713.0  11:53:51 42.38221 -72.53372   4     17     47  
714.0  11:54:00 42.382183 -72.53347   3     11     45  
714.0  11:54:00 42.382187 -72.53332   3     14     47  
714.0  11:54:10 42.38219 -72.53303   4     14     51  
714.0  11:54:19 42.38228 -72.53249   4     16     59  
714.0  11:54:28 42.38236 -72.53201   5     14     47  
714.0  11:54:36 42.382355 -72.53188   5     17     54  
714.0  11:54:45 42.382435 -72.531715   3     13     57  
714.0  11:54:53 42.3827 -72.53176   5     15     50  
715.0  11:55:00 42.383396 -72.53191   4     18     46  
715.0  11:55:03 42.38332 -72.5319   3     15     47  
715.0  11:55:12 42.384037 -72.53216   5     19     47  
715.0  11:55:21 42.384583 -72.53237   4     15     56  
715.0  11:55:30 42.38478 -72.53248   4     13     52  
715.0  11:55:39 42.384865 -72.53237   3     15     55  
715.0  11:55:47 42.385 -72.531944   5     15     40  
715.0  11:55:57 42.38511 -72.53121   5     12     41  
716.0  11:56:00 42.385162 -72.53092   5     17     44  
716.0  11:56:05 42.38528 -72.530876   4     14     58  
716.0  11:56:14 42.38566 -72.530914   4     15     59  
716.0  11:56:22 42.386368 -72.53115   3     16     52  
716.0  11:56:33 42.387154 -72.53149   5     16     59  
716.0  11:56:42 42.388035 -72.531845   3     10     43  
717.0  11:57:00 42.389915 -72.53266   5     18     44  
717.0  11:57:01 42.389 -72.532265   3     17     43  
717.0  11:57:06 42.389 -72.532265   4     18     50  
717.0  11:57:14 42.390884 -72.53307   5     14     52  
717.0  11:57:23 42.39154 -72.53334   3     11     50  
717.0  11:57:32 42.392128 -72.53359   4     19     56  
717.0  11:57:42 42.39263 -72.533775   5     13     55  
717.0  11:57:51 42.392735 -72.53347   4     10     47  
717.0  11:57:59 42.392864 -72.53308   5     14     55  
718.0  11:58:00 42.393005 -72.53282   3     16     48  
718.0  11:58:08 42.393124 -72.53258   5     13     57  
718.0  11:58:22 42.39324 -72.532455   3     11     51  
718.0  11:58:34 42.393414 -72.532455   5     10     52  
718.0  11:58:44 42.39349 -72.53253   3     19     54  
718.0  11:58:53 42.393555 -72.532684   3     15     47  
719.0  11:59:00 42.393517 -72.53288   5     19     54  
719.0  11:59:03 42.393517 -72.532875   3     17     41  
719.0  11:59:14 42.39348 -72.53297   4     15     59  
719.0  11:59:24 42.393448 -72.53296   3     18     59  
719.0  11:59:32 42.393425 -72.53309   3     18     40  
719.0  11:59:41 42.39346 -72.53327   3     15     56  
719.0  11:59:51 42.3936 -72.53328   4     19     41  
719.0  11:59:59 42.393642 -72.53327   3     10     55  
720.0  12:00:00 42.393654 -72.533264   3     12     55  
720.0  12:00:15 42.393654 -72.53326   4     13     59  
720.0  12:00:28 42.39363 -72.53328   3     13     56  
720.0  12:00:43 42.39363 -72.53328   4     18     40  
720.0  12:00:55 42.393642 -72.533264   4     19     58  
