562.0  09:22:18 0.0 -0.0   5     18     51  
562.0  09:22:30 0.0 -1.1095744E27   4     14     56  
562.0  09:22:43 42.3254 -72.530846   3     14     56  
562.0  09:22:56 42.325397 -72.53088   4     11     48  
563.0  09:23:52 42.325333 -72.53101   3     10     56  
564.0  09:24:00 42.325325 -72.53103   3     19     44  
564.0  09:24:02 42.325325 -72.53103   4     17     43  
564.0  09:24:10 42.325317 -72.53103   4     15     53  
564.0  09:24:18 42.32531 -72.53104   5     14     46  
564.0  09:24:26 42.325302 -72.53104   4     16     53  
564.0  09:24:34 42.3253 -72.53104   5     10     40  
564.0  09:24:43 42.325294 -72.53104   4     19     42  
564.0  09:24:52 42.325294 -72.53103   3     19     42  
565.0  09:25:00 42.32529 -72.53103   5     13     41  
565.0  09:25:00 42.32529 -72.53103   4     16     53  
565.0  09:25:08 42.325287 -72.53103   3     14     41  
565.0  09:25:16 42.325287 -72.53103   3     14     50  
565.0  09:25:24 42.325287 -72.53103   4     19     56  
565.0  09:25:32 42.325287 -72.53103   5     15     42  
565.0  09:25:40 42.325287 -72.53103   4     11     57  
565.0  09:25:50 42.325283 -72.53103   3     13     53  
565.0  09:25:58 42.325283 -72.53103   3     12     43  
566.0  09:26:00 42.32528 -72.53102   3     13     46  
566.0  09:26:06 42.32528 -72.53102   3     17     56  
566.0  09:26:14 42.325275 -72.53102   4     14     46  
566.0  09:26:22 42.325283 -72.53101   3     17     54  
566.0  09:26:30 42.325283 -72.53101   4     12     46  
566.0  09:26:40 42.325275 -72.53102   4     18     53  
566.0  09:26:48 42.32527 -72.53103   3     12     59  
566.0  09:26:56 42.32527 -72.53103   3     10     42  
567.0  09:27:00 42.325275 -72.53103   4     19     56  
567.0  09:27:04 42.325275 -72.53103   3     16     44  
567.0  09:27:13 42.325275 -72.53104   3     14     44  
567.0  09:27:21 42.32528 -72.53104   3     19     53  
567.0  09:27:31 42.325283 -72.53104   3     19     46  
567.0  09:27:39 42.325283 -72.53104   4     19     44  
567.0  09:27:47 42.325287 -72.53104   4     10     53  
567.0  09:27:55 42.325287 -72.53104   4     11     45  
568.0  09:28:00 42.325287 -72.53104   3     13     51  
568.0  09:28:03 42.325287 -72.53104   3     19     43  
568.0  09:28:11 42.325287 -72.531044   4     15     59  
568.0  09:28:22 42.325287 -72.531044   3     12     44  
568.0  09:28:30 42.32527 -72.53106   5     15     59  
568.0  09:28:37 42.32527 -72.531075   3     17     41  
833.0  13:53:05 42.325485 -72.53076   5     17     49  
833.0  13:53:18 42.32527 -72.531105   4     17     44  
833.0  13:53:30 42.32526 -72.53112   4     11     55  
833.0  13:53:43 42.325256 -72.53113   5     12     48  
834.0  13:54:33 42.325264 -72.53111   5     11     54  
834.0  13:54:38 42.325268 -72.531105   3     11     53  
834.0  13:54:40 42.325268 -72.531105   4     14     45  
834.0  13:54:51 42.32527 -72.53109   4     19     42  
835.0  13:55:00 42.325268 -72.53109   4     13     44  
835.0  13:55:00 42.325268 -72.5311   4     16     57  
835.0  13:55:08 42.325264 -72.531105   4     14     52  
835.0  13:55:17 42.32526 -72.53111   4     16     52  
835.0  13:55:25 42.32526 -72.53111   3     13     47  
835.0  13:55:34 42.325226 -72.53118   4     15     57  
835.0  13:55:44 42.325222 -72.53119   3     12     49  
835.0  13:55:52 42.325222 -72.53118   4     14     50  
836.0  13:56:00 42.325222 -72.53118   3     10     54  
836.0  13:56:03 42.325222 -72.53118   3     16     44  
836.0  13:56:12 42.32523 -72.531166   4     15     49  
836.0  13:56:20 42.325245 -72.531136   4     13     42  
836.0  13:56:29 42.325245 -72.531136   3     12     40  
836.0  13:56:39 42.325237 -72.53115   3     18     48  
836.0  13:56:48 42.325226 -72.53117   4     15     48  
836.0  13:56:57 42.32525 -72.53113   4     14     53  
837.0  13:57:00 42.325233 -72.53115   5     12     48  
837.0  13:57:05 42.32523 -72.531166   5     12     41  
837.0  13:57:14 42.325233 -72.53114   5     18     46  
837.0  13:57:22 42.325237 -72.531136   4     12     41  
837.0  13:57:33 42.325253 -72.53111   4     18     59  
837.0  13:57:41 42.325256 -72.53111   4     14     59  
837.0  13:57:50 42.32525 -72.53113   4     12     52  
837.0  13:57:59 42.325245 -72.531136   4     13     56  
838.0  13:58:00 42.32525 -72.531136   3     18     43  
838.0  13:58:09 42.32525 -72.53113   5     12     47  
838.0  13:58:17 42.32525 -72.531136   3     19     45  
838.0  13:58:28 42.325256 -72.53112   4     12     42  
838.0  13:58:36 42.325253 -72.53113   5     10     41  
838.0  13:58:45 42.32525 -72.531136   4     17     52  
838.0  13:58:54 42.325245 -72.53114   3     13     53  
839.0  13:59:00 42.32522 -72.53119   5     15     48  
839.0  13:59:03 42.32522 -72.53119   3     16     48  
839.0  13:59:11 42.32523 -72.53117   4     10     48  
839.0  13:59:21 42.325233 -72.53116   3     12     43  
839.0  13:59:30 42.325207 -72.53121   3     14     59  
839.0  13:59:38 42.325222 -72.53117   3     16     45  
839.0  13:59:47 42.325214 -72.53119   3     17     48  
1126.0  18:46:17 42.253567 -72.57491   3     17     48  
1126.0  18:46:30 42.253895 -72.576065   5     14     40  
1126.0  18:46:42 42.25395 -72.57621   5     14     56  
1126.0  18:46:56 42.25394 -72.57669   3     19     48  
1127.0  18:47:09 42.25403 -72.577095   3     17     48  
1127.0  18:47:55 42.25717 -72.57578   4     13     46  
1127.0  18:47:59 42.257523 -72.57579   3     12     44  
1128.0  18:48:00 42.257687 -72.5758   4     12     58  
1128.0  18:48:11 42.257683 -72.57581   5     12     51  
1128.0  18:48:20 42.257713 -72.575874   4     10     57  
1128.0  18:48:28 42.258034 -72.5758   5     18     42  
1128.0  18:48:37 42.25844 -72.57543   5     17     55  
1128.0  18:48:47 42.25927 -72.574615   4     11     51  
1128.0  18:48:55 42.260044 -72.5736   4     14     41  
1129.0  18:49:00 42.261017 -72.57279   5     17     58  
1129.0  18:49:05 42.26114 -72.57276   4     10     47  
1129.0  18:49:14 42.26228 -72.572495   4     19     53  
1129.0  18:49:23 42.263466 -72.57219   3     19     42  
1129.0  18:49:31 42.26484 -72.571815   5     15     40  
1129.0  18:49:43 42.26618 -72.5715   3     16     53  
1129.0  18:49:50 42.266872 -72.570656   4     13     58  
1130.0  18:50:00 42.26659 -72.5689   3     11     42  
1130.0  18:50:00 42.26655 -72.5684   3     11     45  
1130.0  18:50:09 42.266773 -72.56759   4     17     51  
1130.0  18:50:17 42.267757 -72.566734   3     17     45  
1130.0  18:50:26 42.2693 -72.56606   4     12     52  
1130.0  18:50:39 42.27055 -72.56582   4     18     56  
1130.0  18:50:47 42.27278 -72.56539   4     13     53  
1130.0  18:50:57 42.274284 -72.56508   5     10     56  
1131.0  18:51:00 42.27548 -72.56494   5     11     46  
1131.0  18:51:05 42.275623 -72.56488   5     13     54  
1131.0  18:51:13 42.276867 -72.56401   4     11     50  
1131.0  18:51:22 42.277725 -72.56267   4     11     43  
1131.0  18:51:30 42.27833 -72.56114   4     13     40  
1131.0  18:51:39 42.278988 -72.559715   5     10     56  
1131.0  18:51:48 42.280083 -72.55891   4     19     45  
1131.0  18:51:57 42.280724 -72.55785   3     16     41  
1132.0  18:52:00 42.281204 -72.55667   5     18     48  
1132.0  18:52:05 42.281284 -72.55648   5     10     41  
1132.0  18:52:13 42.281944 -72.554985   3     11     54  
1132.0  18:52:22 42.2826 -72.55325   4     13     56  
1132.0  18:52:30 42.283245 -72.55165   3     17     41  
1132.0  18:52:42 42.2842 -72.54913   5     11     57  
1132.0  18:52:52 42.284927 -72.54733   4     16     43  
1133.0  18:53:00 42.285397 -72.54543   3     11     56  
1133.0  18:53:00 42.285557 -72.54454   5     11     42  
1133.0  18:53:08 42.285755 -72.54363   5     19     42  
1133.0  18:53:17 42.286247 -72.541954   4     18     43  
1133.0  18:53:25 42.28693 -72.54023   4     19     46  
1133.0  18:53:35 42.287777 -72.538315   3     13     52  
1133.0  18:53:43 42.288574 -72.53719   5     19     54  
1133.0  18:53:52 42.289116 -72.53558   4     19     43  
1134.0  18:54:00 42.28972 -72.53406   4     13     50  
1134.0  18:54:00 42.290222 -72.533455   4     13     50  
1134.0  18:54:10 42.290966 -72.532936   5     14     58  
1134.0  18:54:18 42.29236 -72.53207   4     10     59  
1134.0  18:54:29 42.29399 -72.53124   3     15     41  
1134.0  18:54:37 42.29566 -72.53114   3     10     43  
1134.0  18:54:46 42.29729 -72.53093   4     15     57  
1134.0  18:54:55 42.298542 -72.530136   4     15     51  
1135.0  18:55:00 42.299885 -72.5291   5     17     47  
1135.0  18:55:04 42.299885 -72.5291   4     13     44  
1135.0  18:55:13 42.30093 -72.52836   4     13     54  
1135.0  18:55:25 42.30212 -72.52773   4     11     48  
1135.0  18:55:39 42.303642 -72.5277   5     15     44  
1135.0  18:55:47 42.305492 -72.52902   4     14     40  
1135.0  18:55:56 42.30629 -72.53004   3     19     45  
1136.0  18:56:00 42.30704 -72.53072   4     18     40  
1136.0  18:56:05 42.30704 -72.53072   3     11     48  
1136.0  18:56:15 42.30826 -72.53026   3     11     59  
1136.0  18:56:24 42.30899 -72.52954   3     13     47  
1136.0  18:56:33 42.310547 -72.52979   4     12     45  
1136.0  18:56:41 42.312164 -72.53036   5     15     57  
1136.0  18:56:50 42.3135 -72.53077   4     11     58  
1136.0  18:56:59 42.315025 -72.53062   3     14     58  
1137.0  18:57:00 42.31586 -72.53034   4     11     41  
1137.0  18:57:11 42.315025 -72.53062   3     19     40  
1137.0  18:57:21 42.318317 -72.52898   5     19     42  
1137.0  18:57:29 42.319077 -72.52815   3     12     54  
1137.0  18:57:38 42.319424 -72.52813   4     14     42  
1137.0  18:57:46 42.3197 -72.528854   4     10     46  
1137.0  18:57:55 42.320126 -72.53021   3     17     59  
1138.0  18:58:00 42.32025 -72.53179   4     13     45  
1138.0  18:58:03 42.320248 -72.5316   4     19     40  
1138.0  18:58:14 42.320305 -72.53349   4     10     52  
1138.0  18:58:22 42.32033 -72.53442   5     10     40  
1138.0  18:58:31 42.320675 -72.53436   3     18     48  
1138.0  18:58:39 42.320805 -72.53392   5     17     55  
1138.0  18:58:47 42.321053 -72.53362   3     10     47  
1138.0  18:58:56 42.321114 -72.53364   4     11     48  
1139.0  18:59:00 42.32118 -72.53398   4     16     57  
1139.0  18:59:07 42.32118 -72.53416   4     12     46  
1139.0  18:59:16 42.321404 -72.534256   3     11     50  
1139.0  18:59:25 42.321705 -72.5342   5     15     52  
1139.0  18:59:34 42.321774 -72.53378   4     12     54  
1139.0  18:59:42 42.321716 -72.53284   4     19     43  
1139.0  18:59:50 42.32189 -72.53172   3     17     44  
1140.0  19:00:00 42.321903 -72.53054   4     12     47  
1140.0  19:00:00 42.321983 -72.53024   4     11     46  
1140.0  19:00:09 42.3221 -72.52992   3     10     50  
1140.0  19:00:17 42.322178 -72.52975   4     15     53  
1140.0  19:00:26 42.32231 -72.52943   4     12     44  
1140.0  19:00:35 42.32275 -72.52865   4     14     51  
1140.0  19:00:44 42.323593 -72.52837   3     15     40  
1140.0  19:00:54 42.324493 -72.52868   4     14     49  
1141.0  19:01:00 42.325092 -72.52871   4     13     52  
1141.0  19:01:03 42.32507 -72.52871   5     16     45  
1141.0  19:01:11 42.325195 -72.528885   3     19     57  
1141.0  19:01:19 42.32516 -72.529594   3     17     41  
1141.0  19:01:27 42.32516 -72.53034   5     18     44  
1141.0  19:01:36 42.325317 -72.53083   5     14     49  
1141.0  19:01:46 42.32529 -72.53117   4     19     54  
1141.0  19:01:55 42.325268 -72.5312   3     10     41  
1142.0  19:02:00 42.32526 -72.53121   3     16     45  
1142.0  19:02:03 42.32526 -72.53121   3     12     58  
1142.0  19:02:12 42.32526 -72.5312   5     12     52  
1142.0  19:02:23 42.32526 -72.5312   4     13     43  
1142.0  19:02:32 42.325005 -72.53123   4     19     46  
1142.0  19:02:46 42.325035 -72.53035   5     14     54  
1142.0  19:02:55 42.32509 -72.52948   3     16     51  
1143.0  19:03:00 42.3251 -72.52884   4     13     56  
1143.0  19:03:07 42.3251 -72.52885   5     18     53  
1143.0  19:03:15 42.3251 -72.52797   5     18     45  
1143.0  19:03:25 42.32474 -72.527084   5     17     45  
1143.0  19:03:36 42.323776 -72.52659   4     19     53  
1143.0  19:03:47 42.323284 -72.52512   3     12     49  
1143.0  19:03:56 42.32328 -72.52486   4     14     40  
1144.0  19:04:00 42.323517 -72.52468   3     15     43  
1144.0  19:04:04 42.323517 -72.52468   4     17     58  
1144.0  19:04:13 42.324535 -72.52458   3     10     49  
1144.0  19:04:21 42.325737 -72.52444   5     15     57  
1144.0  19:04:30 42.327324 -72.5243   3     10     40  
1144.0  19:04:40 42.329136 -72.52407   4     10     51  
1144.0  19:04:49 42.3308 -72.52384   3     18     41  
1144.0  19:04:58 42.33219 -72.523636   3     19     41  
1145.0  19:05:00 42.333263 -72.52349   3     12     49  
1145.0  19:05:06 42.333557 -72.52346   3     19     54  
1145.0  19:05:14 42.33476 -72.523254   3     19     54  
1145.0  19:05:23 42.335983 -72.52281   4     11     45  
1145.0  19:05:33 42.337265 -72.52179   4     17     45  
1145.0  19:05:42 42.33836 -72.52105   5     14     51  
1145.0  19:05:50 42.33918 -72.52054   3     10     46  
1145.0  19:05:59 42.339764 -72.52024   3     18     44  
1146.0  19:06:00 42.339886 -72.520195   5     10     42  
1146.0  19:06:07 42.33997 -72.520164   3     14     59  
1146.0  19:06:16 42.340584 -72.52   3     15     40  
1146.0  19:06:26 42.341717 -72.51989   3     12     46  
1146.0  19:06:34 42.34279 -72.5201   3     14     55  
1146.0  19:06:43 42.343906 -72.52038   3     18     57  
1146.0  19:06:51 42.345207 -72.52043   4     12     52  
1147.0  19:07:00 42.34693 -72.52035   3     13     58  
1147.0  19:07:01 42.346443 -72.52042   5     13     54  
1147.0  19:07:10 42.347664 -72.52019   3     16     59  
1147.0  19:07:20 42.348957 -72.519936   3     13     43  
1147.0  19:07:29 42.350136 -72.51989   4     13     45  
1147.0  19:07:37 42.351105 -72.52008   4     12     53  
1147.0  19:07:52 42.352047 -72.520546   5     13     52  
1148.0  19:08:00 42.354366 -72.52058   4     15     42  
1148.0  19:08:06 42.35399 -72.520546   5     18     48  
1148.0  19:08:19 42.355545 -72.52081   5     13     50  
1148.0  19:08:29 42.35556 -72.52083   3     11     49  
1148.0  19:08:38 42.355885 -72.52089   5     17     47  
1148.0  19:08:46 42.356823 -72.52094   4     12     51  
1148.0  19:08:55 42.357864 -72.520874   3     15     51  
1149.0  19:09:00 42.359364 -72.5208   5     14     55  
1149.0  19:09:03 42.359207 -72.52081   3     17     45  
1149.0  19:09:13 42.360947 -72.52076   4     19     59  
1149.0  19:09:29 42.362255 -72.52073   3     13     42  
1149.0  19:09:38 42.364708 -72.52058   5     11     45  
1149.0  19:09:47 42.366234 -72.52033   3     15     59  
1149.0  19:09:56 42.367645 -72.520096   5     13     41  
1150.0  19:10:00 42.36894 -72.519936   5     15     54  
1150.0  19:10:07 42.369205 -72.51991   5     16     49  
1150.0  19:10:16 42.370415 -72.51978   3     19     46  
1150.0  19:10:25 42.371437 -72.519745   5     14     46  
1150.0  19:10:34 42.372242 -72.51969   4     14     45  
1150.0  19:10:43 42.3722 -72.519394   5     19     48  
1150.0  19:10:52 42.372036 -72.51886   4     16     51  
1151.0  19:11:00 42.372753 -72.518845   3     17     59  
1151.0  19:11:02 42.372597 -72.51884   4     15     40  
1151.0  19:11:11 42.37306 -72.51884   3     12     41  
1151.0  19:11:20 42.373146 -72.518845   4     18     40  
1151.0  19:11:28 42.373173 -72.51884   5     18     43  
1151.0  19:11:37 42.373215 -72.518845   4     15     43  
1151.0  19:11:45 42.373222 -72.518845   5     13     56  
1151.0  19:11:56 42.373314 -72.51924   5     17     54  
1152.0  19:12:00 42.373295 -72.51962   4     15     41  
1152.0  19:12:04 42.373295 -72.51962   3     11     47  
1152.0  19:12:13 42.373283 -72.51963   5     18     52  
1152.0  19:12:21 42.373287 -72.51963   5     10     50  
1152.0  19:12:29 42.373287 -72.51964   4     11     57  
1152.0  19:12:38 42.37329 -72.51963   4     19     49  
1152.0  19:12:48 42.373283 -72.51964   3     12     54  
1152.0  19:12:57 42.37335 -72.5198   4     11     53  
1153.0  19:13:00 42.37362 -72.51983   3     17     54  
1153.0  19:13:08 42.37368 -72.51984   4     12     49  
1153.0  19:13:16 42.37438 -72.519844   3     16     41  
1153.0  19:13:25 42.374767 -72.519806   4     18     40  
1153.0  19:13:34 42.374683 -72.51981   3     10     46  
1153.0  19:13:44 42.374874 -72.519806   5     13     56  
1153.0  19:13:53 42.3749 -72.51985   3     18     56  
1154.0  19:14:00 42.375137 -72.51986   3     11     47  
1154.0  19:14:02 42.37504 -72.51985   4     14     50  
1154.0  19:14:10 42.37534 -72.519875   3     11     42  
1154.0  19:14:19 42.375397 -72.519844   5     10     41  
1154.0  19:14:27 42.375427 -72.51982   4     17     45  
1154.0  19:14:37 42.37543 -72.519806   4     17     44  
1154.0  19:14:46 42.375465 -72.51981   4     19     41  
1154.0  19:14:54 42.375443 -72.51982   4     13     59  
1155.0  19:15:00 42.37543 -72.519844   3     19     59  
1155.0  19:15:03 42.37543 -72.51984   3     10     57  
1155.0  19:15:11 42.375423 -72.519844   3     13     54  
1155.0  19:15:20 42.375515 -72.51985   4     16     49  
1155.0  19:15:30 42.37598 -72.51985   3     19     40  
1155.0  19:15:38 42.376625 -72.51988   5     18     59  
1155.0  19:15:47 42.37723 -72.51988   5     12     50  
1155.0  19:15:56 42.377403 -72.51988   3     11     50  
1156.0  19:16:00 42.37742 -72.519875   4     10     49  
1156.0  19:16:05 42.37742 -72.519875   5     12     59  
1156.0  19:16:13 42.377426 -72.51989   5     11     52  
1156.0  19:16:24 42.377537 -72.51988   4     13     59  
1156.0  19:16:33 42.378082 -72.51989   3     14     54  
1156.0  19:16:42 42.378685 -72.519905   4     15     43  
1156.0  19:16:50 42.379444 -72.51967   5     15     52  
1156.0  19:16:58 42.37984 -72.519485   5     10     45  
1157.0  19:17:00 42.37984 -72.51948   5     10     45  
1157.0  19:17:07 42.379837 -72.51948   5     16     50  
1157.0  19:17:18 42.379887 -72.519485   4     18     47  
1157.0  19:17:27 42.380096 -72.51946   3     11     43  
1157.0  19:17:35 42.38087 -72.519325   5     10     52  
1157.0  19:17:44 42.38135 -72.519264   5     11     55  
1157.0  19:17:52 42.38136 -72.51926   5     17     42  
1158.0  19:18:00 42.381363 -72.51924   3     11     47  
1158.0  19:18:02 42.381363 -72.51924   4     11     41  
1158.0  19:18:12 42.38137 -72.51923   4     19     44  
1158.0  19:18:20 42.38139 -72.519226   4     19     57  
1158.0  19:18:29 42.381466 -72.51922   3     11     49  
1158.0  19:18:37 42.38168 -72.51933   5     19     43  
1158.0  19:18:46 42.38228 -72.51994   3     12     52  
1158.0  19:18:55 42.38305 -72.52043   3     11     54  
1159.0  19:19:00 42.383156 -72.52053   5     12     42  
1159.0  19:19:05 42.383152 -72.52052   3     10     45  
1159.0  19:19:14 42.383133 -72.52054   5     18     50  
1159.0  19:19:22 42.38335 -72.52074   3     15     49  
1159.0  19:19:31 42.38398 -72.52109   4     17     54  
1159.0  19:19:39 42.384834 -72.52155   4     14     54  
1159.0  19:19:48 42.385555 -72.52192   4     18     55  
1159.0  19:19:58 42.38591 -72.52227   4     18     51  
1160.0  19:20:00 42.38595 -72.52238   5     12     46  
1160.0  19:20:11 42.385998 -72.5225   5     13     57  
1160.0  19:20:19 42.38606 -72.52366   5     15     56  
1160.0  19:20:28 42.385918 -72.52417   4     14     56  
1160.0  19:20:39 42.385693 -72.52511   5     14     47  
1160.0  19:20:50 42.38634 -72.52543   3     15     49  
1160.0  19:20:58 42.38695 -72.525696   3     11     45  
1161.0  19:21:00 42.387222 -72.52586   3     17     44  
1161.0  19:21:08 42.38731 -72.52606   5     14     41  
1161.0  19:21:16 42.3871 -72.52648   3     17     52  
1161.0  19:21:25 42.387074 -72.52646   4     16     54  
1161.0  19:21:33 42.387062 -72.52644   4     18     59  
1161.0  19:21:43 42.38693 -72.52639   4     11     45  
1161.0  19:21:52 42.386543 -72.52624   4     15     41  
1162.0  19:22:00 42.386005 -72.52604   4     10     54  
1162.0  19:22:00 42.385834 -72.52597   3     13     45  
1162.0  19:22:09 42.385605 -72.525894   5     16     52  
1162.0  19:22:18 42.38545 -72.52587   5     13     50  
1162.0  19:22:27 42.385353 -72.526375   3     17     58  
1162.0  19:22:38 42.385075 -72.52762   5     17     45  
1162.0  19:22:47 42.384888 -72.52858   3     12     46  
1162.0  19:22:55 42.385 -72.52974   3     14     45  
1163.0  19:23:00 42.38518 -72.53071   5     14     45  
1163.0  19:23:04 42.38518 -72.53071   5     10     45  
1163.0  19:23:12 42.385193 -72.53079   3     16     58  
1163.0  19:23:21 42.385365 -72.53094   4     16     43  
1163.0  19:23:31 42.38603 -72.53103   5     16     55  
1163.0  19:23:40 42.386467 -72.53119   4     18     44  
1163.0  19:23:48 42.38673 -72.53129   3     12     51  
1163.0  19:23:57 42.387226 -72.53149   3     11     57  
1164.0  19:24:00 42.387825 -72.53173   3     14     52  
1164.0  19:24:05 42.387905 -72.53176   5     19     41  
1164.0  19:24:14 42.388523 -72.53201   5     14     52  
1164.0  19:24:25 42.389153 -72.53228   4     19     45  
1164.0  19:24:34 42.389683 -72.5325   3     11     58  
1164.0  19:24:43 42.389732 -72.53251   5     19     51  
1164.0  19:24:52 42.389725 -72.532486   4     17     45  
1165.0  19:25:00 42.390045 -72.53264   4     11     44  
1165.0  19:25:00 42.390347 -72.53276   4     16     50  
1165.0  19:25:09 42.39068 -72.5329   5     14     44  
1165.0  19:25:20 42.391556 -72.53328   3     11     41  
1165.0  19:25:28 42.39223 -72.53358   3     13     50  
1165.0  19:25:36 42.392563 -72.533714   5     15     46  
1165.0  19:25:45 42.39274 -72.533585   3     13     46  
1165.0  19:25:55 42.392975 -72.5329   3     15     56  
1166.0  19:26:00 42.393227 -72.532455   3     10     53  
1166.0  19:26:04 42.39322 -72.53246   5     13     44  
1166.0  19:26:14 42.39351 -72.532684   5     11     55  
1166.0  19:26:23 42.39344 -72.533104   4     10     57  
1166.0  19:26:32 42.3937 -72.533226   4     15     48  
1166.0  19:26:41 42.39376 -72.53284   4     10     44  
1166.0  19:26:49 42.393772 -72.532814   4     11     57  
1166.0  19:26:58 42.393764 -72.5328   4     10     49  
1167.0  19:27:00 42.393757 -72.53278   4     19     56  
1167.0  19:27:08 42.393753 -72.53278   3     13     51  
