0.0  00:00:00 42.390972 -72.53309   4     15     51  
1.0  00:01:00 42.394104 -72.53286   5     18     47  
2.0  00:02:00 42.394436 -72.53398   5     13     44  
12.0  00:12:00 0.0 -0.0   3     19     54  
425.0  07:05:00 0.0 -0.0   5     18     58  
426.0  07:06:00 0.0 -0.0   4     15     45  
427.0  07:07:00 0.0 -0.0   4     12     58  
428.0  07:08:00 42.393826 -72.53287   4     13     53  
429.0  07:09:00 42.39385 -72.53286   3     16     54  
430.0  07:10:00 42.393795 -72.53287   5     13     42  
431.0  07:11:00 42.393307 -72.53251   3     19     49  
432.0  07:12:00 42.39501 -72.5342   3     16     46  
433.0  07:13:00 42.394855 -72.52774   4     14     56  
434.0  07:14:00 42.39702 -72.52777   3     16     57  
435.0  07:15:00 42.404312 -72.52971   4     10     51  
436.0  07:16:00 42.411526 -72.53145   4     10     55  
437.0  07:17:00 42.41912 -72.53514   4     16     45  
438.0  07:18:00 42.426075 -72.53938   4     19     40  
439.0  07:19:00 42.435955 -72.54667   4     12     49  
440.0  07:20:00 42.445663 -72.5542   4     16     40  
441.0  07:21:00 42.45306 -72.56487   5     19     55  
442.0  07:22:00 42.4626 -72.5733   3     19     54  
443.0  07:23:00 42.46593 -72.57985   5     15     57  
444.0  07:24:00 42.460426 -72.58188   4     13     41  
445.0  07:25:00 42.45775 -72.58147   5     18     49  
453.0  07:33:00 42.45912 -72.5768   3     10     40  
454.0  07:34:00 42.455738 -72.5688   5     16     55  
455.0  07:35:00 42.454647 -72.566666   4     13     53  
456.0  07:36:00 42.451492 -72.56278   3     14     43  
457.0  07:37:00 42.44691 -72.55522   4     15     43  
458.0  07:38:00 42.43728 -72.54725   3     17     58  
459.0  07:39:00 42.432964 -72.54492   3     17     45  
460.0  07:40:00 42.4247 -72.53859   3     18     54  
461.0  07:41:00 42.413387 -72.53738   4     13     48  
462.0  07:42:00 42.409462 -72.535225   4     19     42  
463.0  07:43:00 42.4098 -72.53215   4     13     49  
464.0  07:44:00 42.408516 -72.53051   4     14     48  
465.0  07:45:00 42.40314 -72.52908   4     12     42  
466.0  07:46:00 42.398155 -72.52811   4     16     59  
467.0  07:47:00 42.39592 -72.527275   4     14     50  
468.0  07:48:00 42.393425 -72.52602   4     15     50  
469.0  07:49:00 42.390846 -72.52529   4     18     57  
470.0  07:50:00 42.387802 -72.52386   3     10     57  
471.0  07:51:00 42.386417 -72.52238   5     16     45  
472.0  07:52:00 42.38266 -72.52033   5     16     55  
473.0  07:53:00 42.37965 -72.51967   3     13     48  
474.0  07:54:00 42.377766 -72.51994   3     14     46  
475.0  07:55:00 42.37611 -72.51994   4     14     52  
476.0  07:56:00 42.374443 -72.51985   3     11     55  
477.0  07:57:00 42.373787 -72.51984   4     17     41  
478.0  07:58:00 42.370396 -72.51984   5     11     45  
480.0  08:00:00 42.35778 -72.520905   3     14     48  
481.0  08:01:00 42.352592 -72.52329   4     18     46  
482.0  08:02:00 42.35132 -72.52743   3     11     52  
483.0  08:03:00 42.34949 -72.52849   5     14     56  
484.0  08:04:00 42.34895 -72.52894   5     10     55  
485.0  08:05:00 42.348934 -72.52889   4     12     57  
486.0  08:06:00 42.348934 -72.52889   3     12     47  
487.0  08:07:00 42.34895 -72.52891   4     15     41  
488.0  08:08:00 42.348946 -72.52891   5     12     42  
489.0  08:09:00 42.34874 -72.52893   4     14     48  
490.0  08:10:00 42.34909 -72.5305   4     19     50  
491.0  08:11:00 42.350574 -72.53031   3     15     49  
492.0  08:12:00 42.351593 -72.52648   5     18     46  
493.0  08:13:00 42.35402 -72.52217   3     13     54  
494.0  08:14:00 42.35574 -72.52096   4     14     51  
495.0  08:15:00 42.36271 -72.520744   3     11     40  
496.0  08:16:00 42.368656 -72.520004   4     12     44  
497.0  08:17:00 42.37301 -72.51983   3     10     52  
498.0  08:18:00 42.37471 -72.5198   4     14     50  
499.0  08:19:00 42.37557 -72.519875   4     18     50  
500.0  08:20:00 42.37673 -72.51991   5     18     41  
501.0  08:21:00 42.377434 -72.51986   4     11     52  
502.0  08:22:00 42.379875 -72.5195   4     18     52  
503.0  08:23:00 42.382984 -72.520485   5     19     50  
504.0  08:24:00 42.38596 -72.52229   3     13     40  
505.0  08:25:00 42.387722 -72.52358   4     14     41  
506.0  08:26:00 42.39032 -72.52514   5     14     40  
507.0  08:27:00 42.393173 -72.5258   4     13     47  
508.0  08:28:00 42.39453 -72.526596   4     11     41  
509.0  08:29:00 42.39775 -72.528046   4     13     42  
510.0  08:30:00 42.404102 -72.529625   5     12     58  
511.0  08:31:00 42.40942 -72.530815   4     11     55  
512.0  08:32:00 42.40984 -72.5309   5     14     51  
513.0  08:33:00 42.409393 -72.536026   5     17     46  
514.0  08:34:00 42.416367 -72.53705   5     18     51  
515.0  08:35:00 42.428116 -72.54074   5     11     58  
516.0  08:36:00 42.43841 -72.547874   5     12     44  
517.0  08:37:00 42.447987 -72.55653   5     17     44  
518.0  08:38:00 42.45234 -72.56373   5     10     59  
525.0  08:45:00 42.46487 -72.58028   5     17     48  
526.0  08:46:00 42.45771 -72.58265   3     13     42  
527.0  08:47:00 42.457767 -72.58144   3     11     57  
528.0  08:48:00 42.458244 -72.582596   4     17     40  
529.0  08:49:00 42.459133 -72.576584   4     17     49  
530.0  08:50:00 42.4562 -72.56919   4     15     56  
531.0  08:51:00 42.452347 -72.56385   4     18     41  
532.0  08:52:00 42.451546 -72.56278   5     12     40  
533.0  08:53:00 42.449028 -72.55872   5     14     46  
534.0  08:54:00 42.445198 -72.55383   4     10     57  
535.0  08:55:00 42.438324 -72.54783   3     10     41  
536.0  08:56:00 42.43276 -72.54474   5     15     49  
537.0  08:57:00 42.423706 -72.53802   4     12     50  
538.0  08:58:00 42.412243 -72.53751   5     10     51  
539.0  08:59:00 42.40912 -72.53723   3     16     54  
540.0  09:00:00 42.40965 -72.53321   5     15     46  
541.0  09:01:00 42.409054 -72.53073   3     10     57  
542.0  09:02:00 42.403404 -72.52919   3     14     49  
543.0  09:03:00 42.401222 -72.52803   4     11     47  
544.0  09:04:00 42.39532 -72.52704   3     15     42  
545.0  09:05:00 42.393406 -72.52599   5     15     52  
546.0  09:06:00 42.393227 -72.52582   3     14     41  
547.0  09:07:00 42.39088 -72.52525   3     10     51  
548.0  09:08:00 42.388245 -72.52419   5     17     48  
549.0  09:09:00 42.387665 -72.52359   5     17     52  
550.0  09:10:00 42.383453 -72.520836   4     10     42  
551.0  09:11:00 42.379574 -72.51955   4     17     47  
552.0  09:12:00 42.377464 -72.51994   5     16     42  
553.0  09:13:00 42.376022 -72.5199   4     19     44  
554.0  09:14:00 42.372803 -72.51981   5     16     41  
555.0  09:15:00 42.365437 -72.5205   5     13     52  
556.0  09:16:00 42.356346 -72.52102   4     14     47  
557.0  09:17:00 42.35172 -72.52508   5     10     43  
558.0  09:18:00 42.3499 -72.5276   4     12     41  
559.0  09:19:00 42.34889 -72.52887   5     11     56  
560.0  09:20:00 42.3489 -72.528885   3     17     43  
561.0  09:21:00 42.348896 -72.52889   4     10     58  
562.0  09:22:00 42.348885 -72.52888   3     11     45  
563.0  09:23:00 42.348877 -72.52888   4     17     56  
564.0  09:24:00 42.348743 -72.528885   3     18     44  
565.0  09:25:00 42.348812 -72.53057   4     13     46  
566.0  09:26:00 42.350925 -72.53029   5     14     49  
567.0  09:27:00 42.351532 -72.5265   5     17     41  
568.0  09:28:00 42.353992 -72.52219   3     10     44  
569.0  09:29:00 42.360134 -72.5208   5     12     49  
570.0  09:30:00 42.363705 -72.52067   5     17     57  
571.0  09:31:00 42.36872 -72.52002   5     19     45  
572.0  09:32:00 42.372982 -72.519806   5     10     50  
573.0  09:33:00 42.37491 -72.51978   5     11     55  
574.0  09:34:00 42.376686 -72.519844   3     10     50  
575.0  09:35:00 42.37869 -72.51989   4     17     44  
576.0  09:36:00 42.381668 -72.51943   3     10     54  
577.0  09:37:00 42.386005 -72.52238   5     18     58  
578.0  09:38:00 42.387684 -72.52367   4     11     55  
579.0  09:39:00 42.391068 -72.52525   3     10     59  
580.0  09:40:00 42.39349 -72.52602   5     18     54  
581.0  09:41:00 42.394867 -72.52673   4     12     46  
582.0  09:42:00 42.396465 -72.527626   5     17     52  
583.0  09:43:00 42.400784 -72.52798   5     19     57  
584.0  09:44:00 42.40833 -72.53047   5     17     59  
585.0  09:45:00 42.409714 -72.530914   3     18     43  
586.0  09:46:00 42.409267 -72.53682   4     17     42  
587.0  09:47:00 42.413628 -72.537346   4     10     54  
588.0  09:48:00 42.424465 -72.538414   5     14     59  
589.0  09:49:00 42.43335 -72.54516   4     14     49  
590.0  09:50:00 42.440655 -72.549774   3     17     44  
591.0  09:51:00 42.448563 -72.557846   5     19     57  
592.0  09:52:00 42.453568 -72.565506   4     10     45  
593.0  09:53:00 42.462593 -72.573296   5     18     52  
594.0  09:54:00 42.466106 -72.57974   3     19     53  
595.0  09:55:00 42.46505 -72.580215   3     10     52  
596.0  09:56:00 42.46505 -72.58023   5     19     47  
597.0  09:57:00 42.46079 -72.581604   4     11     58  
598.0  09:58:00 42.457638 -72.58145   4     12     47  
599.0  09:59:00 42.45776 -72.581474   5     12     50  
600.0  10:00:00 42.45775 -72.58151   4     18     47  
601.0  10:01:00 42.4579 -72.5819   4     19     40  
602.0  10:02:00 42.459698 -72.58052   4     13     43  
603.0  10:03:00 42.45832 -72.57249   5     15     48  
604.0  10:04:00 42.4546 -72.56674   3     18     54  
605.0  10:05:00 42.451492 -72.562805   3     11     53  
606.0  10:06:00 42.45133 -72.56243   5     14     57  
607.0  10:07:00 42.444595 -72.55355   5     13     43  
608.0  10:08:00 42.43486 -72.54612   3     17     46  
609.0  10:09:00 42.425053 -72.53878   5     17     49  
610.0  10:10:00 42.41389 -72.53732   4     14     49  
611.0  10:11:00 42.409225 -72.53674   5     17     45  
612.0  10:12:00 42.409763 -72.53208   5     19     46  
613.0  10:13:00 42.407825 -72.53027   3     13     48  
614.0  10:14:00 42.40327 -72.52915   5     10     54  
615.0  10:15:00 42.397686 -72.52808   4     17     46  
616.0  10:16:00 42.395264 -72.52694   4     18     56  
617.0  10:17:00 42.393383 -72.526   3     14     46  
618.0  10:18:00 42.39087 -72.52529   3     15     55  
619.0  10:19:00 42.38777 -72.52392   3     12     46  
620.0  10:20:00 42.38621 -72.52244   4     18     55  
621.0  10:21:00 42.383957 -72.52116   3     15     41  
622.0  10:22:00 42.378742 -72.519966   5     19     51  
623.0  10:23:00 42.377773 -72.519966   3     11     43  
624.0  10:24:00 42.375603 -72.519905   3     14     50  
625.0  10:25:00 42.371277 -72.519775   3     10     52  
626.0  10:26:00 42.362534 -72.520805   5     18     47  
627.0  10:27:00 42.35515 -72.52143   5     14     43  
628.0  10:28:00 42.351494 -72.52747   4     18     57  
629.0  10:29:00 42.349556 -72.52843   3     16     40  
630.0  10:30:00 42.34886 -72.528854   3     15     53  
641.0  10:41:00 42.351517 -72.530304   5     16     47  
642.0  10:42:00 42.35156 -72.526535   4     14     51  
643.0  10:43:00 42.354103 -72.522125   5     15     47  
644.0  10:44:00 42.35744 -72.52095   3     12     47  
645.0  10:45:00 42.36274 -72.52074   3     17     43  
646.0  10:46:00 42.36919 -72.519936   5     11     59  
647.0  10:47:00 42.37378 -72.51979   4     13     43  
648.0  10:48:00 42.37504 -72.519844   4     17     48  
649.0  10:49:00 42.3768 -72.51999   4     18     51  
650.0  10:50:00 42.37799 -72.51993   3     17     41  
651.0  10:51:00 42.38109 -72.51934   3     11     53  
652.0  10:52:00 42.38422 -72.521164   5     10     46  
653.0  10:53:00 42.387367 -72.523125   4     15     46  
654.0  10:54:00 42.387722 -72.52357   4     12     45  
655.0  10:55:00 42.387745 -72.523605   5     11     42  
656.0  10:56:00 42.388176 -72.52413   5     10     53  
657.0  10:57:00 42.39 -72.52505   4     14     56  
658.0  10:58:00 42.39115 -72.525276   5     17     59  
659.0  10:59:00 42.392685 -72.52568   4     12     57  
660.0  11:00:00 42.393063 -72.52581   3     11     53  
661.0  11:01:00 42.3934 -72.52596   3     16     51  
662.0  11:02:00 42.393906 -72.52623   5     11     55  
663.0  11:03:00 42.394337 -72.526505   3     17     44  
664.0  11:04:00 42.395035 -72.52691   4     12     56  
665.0  11:05:00 42.400253 -72.52794   5     17     53  
666.0  11:06:00 42.403957 -72.529594   5     19     42  
667.0  11:07:00 42.405926 -72.529785   3     12     57  
668.0  11:08:00 42.409523 -72.530624   5     18     41  
669.0  11:09:00 42.40968 -72.533516   4     19     42  
670.0  11:10:00 42.409103 -72.53747   4     17     44  
671.0  11:11:00 42.417545 -72.536896   4     12     55  
672.0  11:12:00 42.427757 -72.54054   5     16     51  
673.0  11:13:00 42.43708 -72.5471   4     16     42  
674.0  11:14:00 42.44643 -72.55473   3     10     52  
675.0  11:15:00 42.452057 -72.56339   5     19     51  
676.0  11:16:00 42.454067 -72.566   3     12     53  
677.0  11:17:00 42.46266 -72.573326   5     14     55  
678.0  11:18:00 42.466396 -72.57936   3     11     41  
679.0  11:19:00 42.464443 -72.580505   3     16     47  
680.0  11:20:00 42.4578 -72.58277   4     19     57  
681.0  11:21:00 42.457863 -72.5819   4     18     57  
682.0  11:22:00 42.459763 -72.58087   5     18     56  
683.0  11:23:00 42.459023 -72.57629   5     13     49  
684.0  11:24:00 42.45693 -72.56999   4     18     57  
685.0  11:25:00 42.454617 -72.566734   5     18     47  
686.0  11:26:00 42.451508 -72.562775   5     19     42  
687.0  11:27:00 42.44879 -72.55833   4     12     42  
688.0  11:28:00 42.44122 -72.55032   5     10     43  
689.0  11:29:00 42.431686 -72.54389   5     13     46  
690.0  11:30:00 42.422195 -72.53746   5     17     53  
691.0  11:31:00 42.41157 -72.53764   4     12     52  
692.0  11:32:00 42.409298 -72.536575   5     12     56  
693.0  11:33:00 42.409817 -72.532196   3     13     58  
694.0  11:34:00 42.409035 -72.530685   4     13     59  
695.0  11:35:00 42.403194 -72.529106   4     15     44  
696.0  11:36:00 42.39959 -72.528015   3     19     56  
697.0  11:37:00 42.395687 -72.52721   5     19     46  
698.0  11:38:00 42.393585 -72.526024   4     14     54  
699.0  11:39:00 42.391037 -72.52529   5     16     52  
700.0  11:40:00 42.388626 -72.52446   3     16     42  
701.0  11:41:00 42.386967 -72.52274   4     11     51  
702.0  11:42:00 42.383526 -72.52083   4     11     55  
703.0  11:43:00 42.381603 -72.51939   3     14     58  
704.0  11:44:00 42.379654 -72.519615   3     15     49  
705.0  11:45:00 42.37788 -72.520004   3     15     46  
706.0  11:46:00 42.37673 -72.51991   5     19     52  
707.0  11:47:00 42.37443 -72.519875   3     13     49  
708.0  11:48:00 42.371983 -72.51974   3     19     47  
709.0  11:49:00 42.36498 -72.52054   4     11     59  
710.0  11:50:00 42.356934 -72.520996   5     16     43  
711.0  11:51:00 42.352043 -72.52383   5     13     55  
712.0  11:52:00 42.351494 -72.52738   5     11     58  
713.0  11:53:00 42.350506 -72.52741   5     13     46  
714.0  11:54:00 42.348915 -72.52888   5     19     55  
715.0  11:55:00 42.34835 -72.52938   4     18     50  
716.0  11:56:00 42.350124 -72.53036   5     19     54  
717.0  11:57:00 42.351498 -72.53032   3     14     54  
718.0  11:58:00 42.35153 -72.52649   5     17     44  
719.0  11:59:00 42.354977 -72.52146   3     18     49  
720.0  12:00:00 42.356472 -72.52094   3     14     50  
721.0  12:01:00 42.362663 -72.52075   4     13     58  
722.0  12:02:00 42.36878 -72.52003   3     17     54  
723.0  12:03:00 42.37286 -72.51974   4     14     48  
724.0  12:04:00 42.37305 -72.51975   3     14     53  
725.0  12:05:00 42.373333 -72.519745   4     11     56  
726.0  12:06:00 42.374607 -72.51981   3     19     48  
727.0  12:07:00 42.375263 -72.519875   5     11     50  
728.0  12:08:00 42.375454 -72.51992   5     13     54  
729.0  12:09:00 42.377247 -72.51994   3     11     48  
730.0  12:10:00 42.377396 -72.51983   5     17     57  
731.0  12:11:00 42.379566 -72.51967   4     18     45  
732.0  12:12:00 42.381393 -72.51931   5     16     48  
733.0  12:13:00 42.383125 -72.520584   5     14     56  
734.0  12:14:00 42.386536 -72.522385   3     11     46  
735.0  12:15:00 42.38803 -72.52397   5     15     47  
736.0  12:16:00 42.391056 -72.52521   4     15     47  
737.0  12:17:00 42.392414 -72.52549   4     14     44  
738.0  12:18:00 42.39395 -72.52623   3     11     53  
739.0  12:19:00 42.39506 -72.526855   3     11     40  
740.0  12:20:00 42.401505 -72.5281   3     18     59  
741.0  12:21:00 42.404167 -72.52974   4     10     56  
742.0  12:22:00 42.409378 -72.5306   5     15     47  
743.0  12:23:00 42.409897 -72.53167   3     19     54  
744.0  12:24:00 42.40935 -72.53646   3     17     52  
745.0  12:25:00 42.41564 -72.53707   3     19     48  
746.0  12:26:00 42.42584 -72.53931   4     14     47  
747.0  12:27:00 42.435165 -72.54617   5     13     54  
748.0  12:28:00 42.44434 -72.55339   3     12     50  
749.0  12:29:00 42.45107 -72.562004   4     13     55  
750.0  12:30:00 42.452484 -72.56407   5     15     40  
751.0  12:31:00 42.459343 -72.57103   3     12     44  
752.0  12:32:00 42.465866 -72.57703   3     12     59  
753.0  12:33:00 42.464294 -72.58058   3     16     57  
754.0  12:34:00 42.457787 -72.58275   3     13     51  
755.0  12:35:00 42.457733 -72.58147   5     14     51  
756.0  12:36:00 42.459854 -72.581985   4     11     46  
757.0  12:37:00 42.459335 -72.578026   5     11     48  
758.0  12:38:00 42.45832 -72.57247   3     14     49  
759.0  12:39:00 42.454723 -72.56764   3     18     54  
760.0  12:40:00 42.452015 -72.56342   3     11     44  
761.0  12:41:00 42.450287 -72.56091   5     18     56  
762.0  12:42:00 42.443577 -72.552765   5     14     59  
763.0  12:43:00 42.4349 -72.54598   3     18     54  
764.0  12:44:00 42.426003 -72.5394   5     19     47  
765.0  12:45:00 42.416325 -72.53704   4     12     46  
766.0  12:46:00 42.408985 -72.53792   5     17     40  
767.0  12:47:00 42.40967 -72.53337   4     18     41  
768.0  12:48:00 42.40977 -72.53087   5     14     43  
769.0  12:49:00 42.40619 -72.52987   4     15     58  
770.0  12:50:00 42.40037 -72.527885   4     19     42  
772.0  12:52:00 42.393517 -72.52611   4     15     40  
773.0  12:53:00 42.39346 -72.52601   5     11     53  
774.0  12:54:00 42.391 -72.52524   4     16     55  
775.0  12:55:00 42.390835 -72.52519   5     10     46  
776.0  12:56:00 42.388493 -72.52442   4     16     49  
777.0  12:57:00 42.387577 -72.52347   5     15     51  
778.0  12:58:00 42.38458 -72.521416   3     11     41  
779.0  12:59:00 42.38155 -72.51935   5     12     50  
780.0  13:00:00 42.37936 -72.51971   4     12     52  
781.0  13:01:00 42.377903 -72.51998   3     14     52  
782.0  13:02:00 42.37698 -72.51992   3     10     58  
783.0  13:03:00 42.37512 -72.51982   4     16     48  
784.0  13:04:00 42.37392 -72.51983   3     12     40  
785.0  13:05:00 42.367275 -72.520195   5     19     47  
786.0  13:06:00 42.3589 -72.52082   3     13     54  
787.0  13:07:00 42.353985 -72.522194   4     16     46  
788.0  13:08:00 42.351585 -72.526054   4     19     43  
789.0  13:09:00 42.350048 -72.527435   3     11     43  
790.0  13:10:00 42.348885 -72.52884   4     15     58  
791.0  13:11:00 42.348793 -72.53061   5     12     59  
792.0  13:12:00 42.35094 -72.530334   4     19     43  
793.0  13:13:00 42.35155 -72.526566   3     14     44  
794.0  13:14:00 42.35317 -72.52282   3     14     41  
795.0  13:15:00 42.355637 -72.52112   3     10     46  
796.0  13:16:00 42.36086 -72.520805   3     19     51  
797.0  13:17:00 42.36919 -72.51997   4     14     57  
798.0  13:18:00 42.37282 -72.51984   4     15     47  
799.0  13:19:00 42.374645 -72.51985   3     18     53  
800.0  13:20:00 42.37534 -72.51986   3     15     55  
801.0  13:21:00 42.375507 -72.51987   3     10     54  
802.0  13:22:00 42.377377 -72.51991   4     10     58  
803.0  13:23:00 42.377457 -72.51997   3     17     57  
804.0  13:24:00 42.379723 -72.519516   3     18     42  
805.0  13:25:00 42.383064 -72.52056   4     12     50  
806.0  13:26:00 42.38691 -72.52265   4     15     54  
807.0  13:27:00 42.38768 -72.523575   5     14     59  
808.0  13:28:00 42.39064 -72.525215   4     17     47  
809.0  13:29:00 42.392128 -72.525475   5     19     53  
810.0  13:30:00 42.39386 -72.526245   5     17     44  
811.0  13:31:00 42.394943 -72.52687   3     10     51  
812.0  13:32:00 42.399055 -72.52806   4     16     40  
813.0  13:33:00 42.40397 -72.529625   3     18     44  
814.0  13:34:00 42.408848 -72.530594   4     15     57  
815.0  13:35:00 42.40967 -72.53327   4     13     54  
816.0  13:36:00 42.409046 -72.53771   5     18     57  
817.0  13:37:00 42.41774 -72.536835   3     12     45  
818.0  13:38:00 42.427265 -72.54024   3     19     51  
819.0  13:39:00 42.436375 -72.54682   3     14     58  
820.0  13:40:00 42.44555 -72.55416   4     10     55  
821.0  13:41:00 42.45176 -72.56305   5     13     44  
822.0  13:42:00 42.452267 -72.5637   3     14     53  
823.0  13:43:00 42.457314 -72.56917   3     18     59  
824.0  13:44:00 42.46491 -72.57527   5     11     59  
825.0  13:45:00 42.466347 -72.57948   4     13     43  
826.0  13:46:00 42.463825 -72.580635   4     16     50  
827.0  13:47:00 42.457634 -72.582596   3     11     51  
828.0  13:48:00 42.457764 -72.58149   4     11     55  
829.0  13:49:00 42.459858 -72.58154   3     16     50  
830.0  13:50:00 42.458817 -72.57495   3     19     58  
831.0  13:51:00 42.455013 -72.56797   3     17     45  
832.0  13:52:00 42.45432 -72.56631   5     15     41  
833.0  13:53:00 42.451527 -72.562775   4     17     58  
834.0  13:54:00 42.446644 -72.55486   4     12     48  
835.0  13:55:00 42.438034 -72.54758   3     15     43  
836.0  13:56:00 42.429035 -72.54157   5     18     51  
837.0  13:57:00 42.419 -72.53687   4     15     45  
838.0  13:58:00 42.40912 -72.53789   3     16     56  
839.0  13:59:00 42.409634 -72.5334   5     13     52  
840.0  14:00:00 42.40921 -72.53071   4     19     53  
841.0  14:01:00 42.406326 -72.52985   4     14     50  
842.0  14:02:00 42.403065 -72.529076   4     15     57  
843.0  14:03:00 42.39728 -72.52789   4     12     58  
844.0  14:04:00 42.39479 -72.52674   5     18     56  
845.0  14:05:00 42.39342 -72.52598   3     13     55  
846.0  14:06:00 42.39088 -72.52521   4     19     57  
847.0  14:07:00 42.389248 -72.52474   3     15     42  
848.0  14:08:00 42.3878 -72.523834   4     18     51  
849.0  14:09:00 42.38778 -72.5238   4     16     44  
850.0  14:10:00 42.387207 -72.52297   4     19     49  
851.0  14:11:00 42.386425 -72.52239   4     11     47  
852.0  14:12:00 42.382008 -72.5199   3     12     53  
853.0  14:13:00 42.379513 -72.5196   3     17     48  
854.0  14:14:00 42.37794 -72.51998   4     13     50  
855.0  14:15:00 42.376495 -72.51988   3     15     48  
856.0  14:16:00 42.374424 -72.51989   5     11     44  
857.0  14:17:00 42.37345 -72.51978   3     12     46  
858.0  14:18:00 42.36964 -72.519905   3     11     44  
859.0  14:19:00 42.36257 -72.52074   5     15     47  
860.0  14:20:00 42.356174 -72.52096   3     18     55  
861.0  14:21:00 42.351578 -72.525986   4     10     50  
862.0  14:22:00 42.34984 -72.52764   5     13     46  
863.0  14:23:00 42.348877 -72.52898   3     17     55  
864.0  14:24:00 42.348873 -72.52894   3     12     46  
865.0  14:25:00 42.349194 -72.53042   4     11     44  
866.0  14:26:00 42.350548 -72.5303   4     13     55  
867.0  14:27:00 42.35153 -72.52643   4     15     43  
868.0  14:28:00 42.3557 -72.52096   5     18     55  
869.0  14:29:00 42.364754 -72.520584   5     11     46  
870.0  14:30:00 42.373085 -72.519775   3     17     42  
871.0  14:31:00 42.37377 -72.5198   3     15     47  
872.0  14:32:00 42.375263 -72.519875   5     10     55  
873.0  14:33:00 42.37599 -72.51991   5     12     45  
874.0  14:34:00 42.377235 -72.51987   5     13     51  
875.0  14:35:00 42.37941 -72.5197   5     15     53  
876.0  14:36:00 42.381855 -72.51962   5     19     47  
877.0  14:37:00 42.386524 -72.52239   5     19     51  
878.0  14:38:00 42.387722 -72.523544   5     19     41  
879.0  14:39:00 42.389874 -72.524994   3     10     56  
880.0  14:40:00 42.391792 -72.52538   3     11     53  
881.0  14:41:00 42.39381 -72.52622   4     18     43  
882.0  14:42:00 42.39649 -72.52754   3     15     45  
883.0  14:43:00 42.400085 -72.52797   5     14     44  
884.0  14:44:00 42.40414 -72.52963   3     12     58  
885.0  14:45:00 42.40977 -72.53095   4     17     40  
886.0  14:46:00 42.40938 -72.53535   4     19     46  
887.0  14:47:00 42.416584 -72.53693   5     17     49  
888.0  14:48:00 42.429058 -72.541565   3     19     56  
889.0  14:49:00 42.43453 -72.54587   3     12     45  
890.0  14:50:00 42.44569 -72.55433   3     11     42  
891.0  14:51:00 42.452293 -72.56373   3     11     45  
892.0  14:52:00 42.45556 -72.56754   5     10     50  
893.0  14:53:00 42.465347 -72.5759   3     10     41  
894.0  14:54:00 42.464703 -72.58044   4     16     51  
895.0  14:55:00 42.457676 -72.58251   4     17     55  
905.0  15:05:00 42.454792 -72.56782   3     18     43  
906.0  15:06:00 42.45228 -72.56383   3     13     41  
907.0  15:07:00 42.451553 -72.562874   5     17     43  
908.0  15:08:00 42.45153 -72.56287   5     14     46  
909.0  15:09:00 42.451523 -72.562805   4     16     59  
910.0  15:10:00 42.451504 -72.56278   4     15     47  
911.0  15:11:00 42.451496 -72.562805   3     15     44  
912.0  15:12:00 42.451557 -72.56285   5     10     42  
913.0  15:13:00 42.444885 -72.55367   5     16     50  
914.0  15:14:00 42.433956 -72.545494   5     11     51  
915.0  15:15:00 42.4284 -72.54111   5     13     55  
916.0  15:16:00 42.418358 -72.53679   4     17     56  
917.0  15:17:00 42.408825 -72.537766   5     14     51  
918.0  15:18:00 42.40941 -72.53587   3     11     58  
919.0  15:19:00 42.40975 -72.53092   4     10     45  
920.0  15:20:00 42.40395 -72.52959   5     12     55  
921.0  15:21:00 42.39724 -72.52792   3     10     58  
922.0  15:22:00 42.39421 -72.52649   4     18     52  
923.0  15:23:00 42.392822 -72.525696   5     19     51  
924.0  15:24:00 42.390793 -72.52526   4     11     53  
925.0  15:25:00 42.388687 -72.52454   3     15     59  
926.0  15:26:00 42.386986 -72.52276   4     11     42  
927.0  15:27:00 42.383823 -72.52102   5     14     40  
928.0  15:28:00 42.38079 -72.51936   4     12     42  
929.0  15:29:00 42.378044 -72.51997   3     10     44  
930.0  15:30:00 42.376335 -72.51986   4     17     56  
931.0  15:31:00 42.37367 -72.51988   3     13     54  
932.0  15:32:00 42.366528 -72.520325   3     14     47  
933.0  15:33:00 42.36217 -72.52075   3     10     52  
934.0  15:34:00 42.3556 -72.521126   5     15     56  
935.0  15:35:00 42.351616 -72.52603   4     16     48  
936.0  15:36:00 42.34952 -72.5284   3     11     42  
937.0  15:37:00 42.34897 -72.52895   4     12     45  
938.0  15:38:00 42.348797 -72.528946   5     16     42  
939.0  15:39:00 42.348778 -72.52892   5     15     52  
940.0  15:40:00 42.3488 -72.529   5     15     40  
941.0  15:41:00 42.34878 -72.52894   3     19     48  
942.0  15:42:00 42.34833 -72.52995   4     17     53  
943.0  15:43:00 42.351227 -72.53031   3     13     56  
944.0  15:44:00 42.351635 -72.526375   4     10     59  
945.0  15:45:00 42.355637 -72.521255   4     12     51  
946.0  15:46:00 42.3632 -72.52077   4     11     41  
947.0  15:47:00 42.37195 -72.51972   5     12     50  
949.0  15:49:00 42.37489 -72.51983   5     18     58  
950.0  15:50:00 42.376904 -72.519875   3     18     43  
951.0  15:51:00 42.377544 -72.51986   3     16     54  
952.0  15:52:00 42.37752 -72.51991   5     16     45  
953.0  15:53:00 42.379948 -72.5196   3     19     59  
954.0  15:54:00 42.381325 -72.51924   4     10     50  
955.0  15:55:00 42.38235 -72.52013   4     17     48  
956.0  15:56:00 42.38694 -72.52264   5     13     55  
957.0  15:57:00 42.3879 -72.52385   3     15     47  
958.0  15:58:00 42.390854 -72.52518   4     18     49  
959.0  15:59:00 42.392555 -72.52558   4     18     51  
960.0  16:00:00 42.393906 -72.5261   3     12     43  
961.0  16:01:00 42.39457 -72.526505   3     10     52  
962.0  16:02:00 42.39533 -72.52689   5     13     52  
963.0  16:03:00 42.395668 -72.52727   5     11     42  
964.0  16:04:00 42.403725 -72.52945   3     14     55  
965.0  16:05:00 42.409184 -72.53059   3     17     53  
966.0  16:06:00 42.40996 -72.53098   3     11     41  
967.0  16:07:00 42.40942 -72.53593   4     11     55  
968.0  16:08:00 42.4173 -72.53689   3     17     51  
969.0  16:09:00 42.42867 -72.54125   4     10     40  
970.0  16:10:00 42.438705 -72.548096   3     13     47  
971.0  16:11:00 42.44734 -72.5555   5     18     41  
972.0  16:12:00 42.44964 -72.55988   4     12     53  
973.0  16:13:00 42.452385 -72.5639   5     10     52  
974.0  16:14:00 42.46085 -72.57224   3     10     40  
975.0  16:15:00 42.46559 -72.57643   4     19     51  
976.0  16:16:00 42.466026 -72.57983   5     19     58  
977.0  16:17:00 42.457672 -72.58271   5     17     56  
978.0  16:18:00 42.457775 -72.581665   4     17     49  
979.0  16:19:00 42.459393 -72.57834   4     18     43  
980.0  16:20:00 42.458355 -72.57249   5     14     45  
981.0  16:21:00 42.45465 -72.5667   5     18     54  
982.0  16:22:00 42.45151 -72.56272   3     12     58  
984.0  16:24:00 42.438435 -72.54798   3     18     43  
985.0  16:25:00 42.432945 -72.544846   4     17     45  
986.0  16:26:00 42.425148 -72.538795   5     19     59  
987.0  16:27:00 42.412376 -72.53751   5     13     55  
988.0  16:28:00 42.40889 -72.53781   5     11     41  
989.0  16:29:00 42.4097 -72.53291   4     18     55  
990.0  16:30:00 42.40861 -72.53051   3     10     50  
991.0  16:31:00 42.40016 -72.52795   4     10     58  
992.0  16:32:00 42.39535 -72.52699   5     19     57  
993.0  16:33:00 42.394135 -72.52634   3     11     50  
994.0  16:34:00 42.391315 -72.52526   4     16     54  
995.0  16:35:00 42.388203 -72.52422   4     15     54  
996.0  16:36:00 42.386143 -72.52246   3     14     54  
997.0  16:37:00 42.381477 -72.51929   3     14     40  
998.0  16:38:00 42.378044 -72.51999   5     10     51  
999.0  16:39:00 42.376682 -72.5199   5     15     58  
1000.0  16:40:00 42.374462 -72.51983   3     11     45  
1001.0  16:41:00 42.37384 -72.51983   4     14     47  
1002.0  16:42:00 42.369366 -72.51993   3     13     56  
1003.0  16:43:00 42.36056 -72.520805   4     12     53  
1004.0  16:44:00 42.355373 -72.52138   3     18     58  
1005.0  16:45:00 42.351536 -72.52595   3     16     44  
1006.0  16:46:00 42.34951 -72.528435   4     14     58  
1016.0  16:56:00 42.35159 -72.530205   3     19     45  
1017.0  16:57:00 42.35153 -72.5265   3     12     53  
1018.0  16:58:00 42.35581 -72.52091   4     13     41  
1019.0  16:59:00 42.364708 -72.52058   5     10     41  
1020.0  17:00:00 42.372784 -72.519745   5     10     44  
1021.0  17:01:00 42.373775 -72.51982   5     14     50  
1022.0  17:02:00 42.374622 -72.51981   4     10     45  
1023.0  17:03:00 42.37561 -72.51977   3     10     47  
1024.0  17:04:00 42.37737 -72.51982   4     16     59  
1025.0  17:05:00 42.381172 -72.51926   5     15     53  
1026.0  17:06:00 42.385643 -72.52194   3     18     53  
1027.0  17:07:00 42.387707 -72.52356   3     16     53  
1028.0  17:08:00 42.390953 -72.52518   5     14     46  
1029.0  17:09:00 42.39365 -72.525986   3     19     53  
1030.0  17:10:00 42.39515 -72.52695   3     11     56  
1031.0  17:11:00 42.403145 -72.528946   3     10     47  
1032.0  17:12:00 42.40793 -72.53023   4     10     46  
1033.0  17:13:00 42.41003 -72.53103   4     18     45  
1034.0  17:14:00 42.40942 -72.5359   3     10     44  
1035.0  17:15:00 42.414993 -72.53715   4     13     42  
1036.0  17:16:00 42.42759 -72.54045   3     11     56  
1037.0  17:17:00 42.433235 -72.54509   5     16     44  
1038.0  17:18:00 42.444347 -72.55336   5     10     44  
1039.0  17:19:00 42.452087 -72.563446   5     15     53  
1040.0  17:20:00 42.45265 -72.56435   4     10     43  
1041.0  17:21:00 42.462574 -72.57321   5     18     49  
1042.0  17:22:00 42.466286 -72.57849   3     11     56  
1043.0  17:23:00 42.46296 -72.580956   3     19     46  
1044.0  17:24:00 42.4577 -72.5815   3     10     46  
1054.0  17:34:00 42.45454 -72.56669   5     17     42  
1055.0  17:35:00 42.450333 -72.56087   4     11     43  
1056.0  17:36:00 42.4436 -72.55271   5     18     49  
1057.0  17:37:00 42.439957 -72.54903   4     15     53  
1058.0  17:38:00 42.439957 -72.54903   3     13     55  
1059.0  17:39:00 42.439957 -72.54903   4     14     45  
1060.0  17:40:00 42.409924 -72.53191   3     14     48  
1061.0  17:41:00 42.40636 -72.529854   5     10     59  
1062.0  17:42:00 42.402756 -72.52885   5     16     48  
1063.0  17:43:00 42.395283 -72.52702   5     16     51  
1064.0  17:44:00 42.394184 -72.5264   3     17     45  
1065.0  17:45:00 42.393402 -72.52605   4     14     45  
1066.0  17:46:00 42.393196 -72.52582   4     13     49  
1067.0  17:47:00 42.39086 -72.52515   3     11     59  
1068.0  17:48:00 42.387802 -72.52384   3     14     42  
1069.0  17:49:00 42.38486 -72.52158   4     10     45  
1070.0  17:50:00 42.381687 -72.5195   3     12     43  
1071.0  17:51:00 42.378178 -72.51987   4     12     49  
1072.0  17:52:00 42.377846 -72.51994   4     15     47  
1073.0  17:53:00 42.376244 -72.519905   5     18     52  
1074.0  17:54:00 42.37437 -72.5198   3     10     43  
1075.0  17:55:00 42.373337 -72.51972   4     11     54  
1076.0  17:56:00 42.3716 -72.51974   5     16     43  
1077.0  17:57:00 42.362926 -72.52078   4     11     43  
1078.0  17:58:00 42.35876 -72.5208   5     13     41  
1079.0  17:59:00 42.35223 -72.523575   5     19     52  
1080.0  18:00:00 42.350693 -72.52739   3     18     50  
1081.0  18:01:00 42.348866 -72.52888   3     11     54  
1094.0  18:14:00 42.35267 -72.523094   4     10     57  
1095.0  18:15:00 42.35568 -72.52129   3     10     53  
1096.0  18:16:00 42.364548 -72.52061   5     11     44  
1097.0  18:17:00 42.37279 -72.51978   3     19     48  
1098.0  18:18:00 42.373886 -72.51981   3     12     56  
1099.0  18:19:00 42.3747 -72.51979   3     13     50  
1100.0  18:20:00 42.37469 -72.51981   4     14     46  
1101.0  18:21:00 42.376453 -72.51978   3     19     43  
1102.0  18:22:00 42.379463 -72.519646   5     16     45  
1103.0  18:23:00 42.382927 -72.5205   5     18     48  
1104.0  18:24:00 42.386974 -72.5227   5     15     57  
1105.0  18:25:00 42.38995 -72.52499   3     14     59  
1106.0  18:26:00 42.393124 -72.52574   4     18     47  
1107.0  18:27:00 42.394424 -72.52653   4     11     48  
1108.0  18:28:00 42.3977 -72.52794   4     16     56  
1109.0  18:29:00 42.40404 -72.52951   4     18     43  
1110.0  18:30:00 42.409214 -72.53077   3     10     53  
1111.0  18:31:00 42.40963 -72.53375   4     15     46  
1112.0  18:32:00 42.4144 -72.53722   4     19     54  
1113.0  18:33:00 42.426765 -72.539856   3     14     57  
1114.0  18:34:00 42.437847 -72.547516   5     16     42  
1115.0  18:35:00 42.448044 -72.5569   4     15     55  
1116.0  18:36:00 42.45228 -72.56377   4     17     47  
1117.0  18:37:00 42.461296 -72.57259   5     11     43  
1118.0  18:38:00 42.46631 -72.57942   5     13     46  
1119.0  18:39:00 42.458584 -72.582375   4     17     48  
1132.0  18:52:00 42.45522 -72.56819   4     12     43  
1133.0  18:53:00 42.452805 -72.56448   5     14     55  
1134.0  18:54:00 42.44564 -72.55416   4     13     57  
1135.0  18:55:00 42.43624 -72.54673   4     11     57  
1136.0  18:56:00 42.425957 -72.5394   5     15     59  
1137.0  18:57:00 42.41466 -72.53719   3     15     47  
1138.0  18:58:00 42.408985 -72.53745   3     13     57  
1139.0  18:59:00 42.408566 -72.53046   5     14     53  
1140.0  19:00:00 42.39986 -72.52793   4     17     48  
1141.0  19:01:00 42.39543 -72.52708   4     19     41  
1142.0  19:02:00 42.393276 -72.52605   3     18     43  
1143.0  19:03:00 42.390095 -72.525024   3     10     46  
1144.0  19:04:00 42.387135 -72.52295   4     10     47  
1145.0  19:05:00 42.385117 -72.52735   4     17     48  
1146.0  19:06:00 42.38669 -72.53137   3     14     52  
1147.0  19:07:00 42.38862 -72.53213   3     18     44  
1148.0  19:08:00 42.39019 -72.53284   4     12     59  
1149.0  19:09:00 42.394314 -72.53296   3     11     47  
1150.0  19:10:00 42.39476 -72.534   3     16     46  
1151.0  19:11:00 42.3949 -72.53405   3     18     40  
1152.0  19:12:00 42.394814 -72.534   4     12     40  
1160.0  19:20:00 42.39383 -72.53381   4     15     40  
1161.0  19:21:00 42.393913 -72.53372   4     13     47  
1176.0  19:36:00 42.39379 -72.53347   4     11     57  
1177.0  19:37:00 42.393784 -72.53347   4     19     46  
1178.0  19:38:00 42.3927 -72.53368   3     13     50  
1179.0  19:39:00 42.39124 -72.53323   3     15     51  
1180.0  19:40:00 42.386337 -72.53121   3     15     56  
1181.0  19:41:00 42.3852 -72.530975   3     18     49  
1182.0  19:42:00 42.385323 -72.52557   3     10     54  
1183.0  19:43:00 42.387085 -72.52644   4     16     49  
1184.0  19:44:00 42.385952 -72.526024   3     16     55  
1185.0  19:45:00 42.385906 -72.5228   5     16     58  
1186.0  19:46:00 42.381523 -72.51935   4     19     49  
1187.0  19:47:00 42.377842 -72.51998   4     14     41  
1188.0  19:48:00 42.37607 -72.51995   5     13     52  
1189.0  19:49:00 42.374443 -72.519844   4     11     51  
1190.0  19:50:00 42.373337 -72.51984   4     12     49  
1191.0  19:51:00 42.37308 -72.51887   3     15     41  
1192.0  19:52:00 42.373127 -72.51891   3     14     42  
1193.0  19:53:00 42.372334 -72.519806   5     15     50  
1194.0  19:54:00 42.36459 -72.520584   5     11     50  
1195.0  19:55:00 42.356243 -72.520996   5     19     40  
1196.0  19:56:00 42.353916 -72.5206   4     19     40  
1197.0  19:57:00 42.34542 -72.52047   3     16     50  
1198.0  19:58:00 42.340286 -72.52019   4     15     41  
1199.0  19:59:00 42.333744 -72.52347   4     16     59  
1200.0  20:00:00 42.323765 -72.52471   3     16     59  
1201.0  20:01:00 42.32515 -72.528496   5     14     54  
1202.0  20:02:00 42.3253 -72.531105   4     18     55  
1203.0  20:03:00 42.324955 -72.52869   5     13     44  
1204.0  20:04:00 42.32213 -72.52984   5     13     47  
1205.0  20:05:00 42.321735 -72.53394   4     17     56  
1206.0  20:06:00 42.321136 -72.53389   5     13     50  
1207.0  20:07:00 42.31974 -72.529106   3     17     58  
1208.0  20:08:00 42.317448 -72.52975   3     19     51  
1209.0  20:09:00 42.307995 -72.52984   5     12     53  
1210.0  20:10:00 42.299274 -72.52941   5     15     57  
1211.0  20:11:00 42.28928 -72.534454   3     15     44  
1212.0  20:12:00 42.28523 -72.54644   4     14     40  
1213.0  20:13:00 42.280933 -72.557274   5     16     50  
1214.0  20:14:00 42.275467 -72.5649   4     15     44  
1215.0  20:15:00 42.267048 -72.56756   5     16     55  
1216.0  20:16:00 42.262905 -72.572365   3     19     46  
1217.0  20:17:00 42.25939 -72.5745   4     14     54  
1218.0  20:18:00 42.257416 -72.57202   4     12     48  
1219.0  20:19:00 42.25552 -72.57264   5     14     55  
1220.0  20:20:00 42.254166 -72.574165   3     10     55  
1221.0  20:21:00 42.253567 -72.575   3     14     51  
1222.0  20:22:00 42.2548 -72.57695   3     13     54  
1223.0  20:23:00 42.25768 -72.57592   5     10     44  
1224.0  20:24:00 42.2624 -72.57247   5     11     52  
1225.0  20:25:00 42.26708 -72.56745   5     15     58  
1226.0  20:26:00 42.275967 -72.56459   4     11     58  
1227.0  20:27:00 42.281464 -72.555916   4     17     59  
1228.0  20:28:00 42.28566 -72.54408   4     11     56  
1229.0  20:29:00 42.29089 -72.532974   3     11     54  
1230.0  20:30:00 42.301388 -72.5279   3     13     59  
1231.0  20:31:00 42.30851 -72.529785   5     11     49  
1232.0  20:32:00 42.316593 -72.53005   4     12     56  
1233.0  20:33:00 42.32022 -72.531654   4     14     55  
1234.0  20:34:00 42.32106 -72.5336   5     15     53  
1235.0  20:35:00 42.321804 -72.53214   4     14     58  
1236.0  20:36:00 42.32289 -72.5285   5     16     53  
1237.0  20:37:00 42.325115 -72.530426   4     12     44  
1238.0  20:38:00 42.324883 -72.53058   5     11     52  
1239.0  20:39:00 42.323776 -72.52656   5     17     43  
1240.0  20:40:00 42.326485 -72.52437   5     15     41  
1241.0  20:41:00 42.33724 -72.52176   5     11     46  
1242.0  20:42:00 42.34078 -72.51993   3     18     57  
1243.0  20:43:00 42.34744 -72.5202   5     13     40  
1244.0  20:44:00 42.35268 -72.52068   3     12     47  
1245.0  20:45:00 42.358387 -72.520805   4     10     40  
1246.0  20:46:00 42.36401 -72.52067   3     15     59  
1247.0  20:47:00 42.37207 -72.519714   5     19     55  
1248.0  20:48:00 42.373055 -72.51891   4     18     47  
1249.0  20:49:00 42.3733 -72.51978   3     13     43  
1250.0  20:50:00 42.374485 -72.51972   4     14     40  
1251.0  20:51:00 42.375362 -72.5199   5     11     44  
1252.0  20:52:00 42.377453 -72.51987   3     10     46  
1253.0  20:53:00 42.380264 -72.51933   4     19     53  
1254.0  20:54:00 42.383007 -72.52055   5     15     45  
1255.0  20:55:00 42.38573 -72.524925   3     14     49  
1256.0  20:56:00 42.38715 -72.52645   3     18     58  
1257.0  20:57:00 42.38533 -72.5257   3     15     55  
1258.0  20:58:00 42.386024 -72.5227   4     11     52  
1259.0  20:59:00 42.38155 -72.51937   5     10     49  
1260.0  21:00:00 42.37773 -72.51994   4     14     48  
1261.0  21:01:00 42.37592 -72.51994   3     16     43  
1262.0  21:02:00 42.37412 -72.51973   3     11     42  
1263.0  21:03:00 42.37204 -72.518974   5     10     57  
1264.0  21:04:00 42.373093 -72.51876   5     19     48  
1265.0  21:05:00 42.37307 -72.518936   4     14     49  
1266.0  21:06:00 42.373283 -72.51928   4     10     48  
1267.0  21:07:00 42.37003 -72.51989   5     11     56  
1268.0  21:08:00 42.362267 -72.520775   5     15     43  
1269.0  21:09:00 42.3557 -72.52086   3     11     46  
1270.0  21:10:00 42.34749 -72.52028   5     18     55  
1271.0  21:11:00 42.34023 -72.52012   3     10     43  
1272.0  21:12:00 42.33436 -72.52339   4     14     43  
1273.0  21:13:00 42.325024 -72.52459   3     18     52  
1274.0  21:14:00 42.325047 -72.52755   4     15     49  
1275.0  21:15:00 42.325256 -72.53106   5     11     49  
1276.0  21:16:00 42.32498 -72.53119   4     18     44  
1277.0  21:17:00 42.324547 -72.528725   3     16     59  
1278.0  21:18:00 42.32224 -72.52975   5     16     56  
1279.0  21:19:00 42.321712 -72.53349   5     19     44  
1280.0  21:20:00 42.32111 -72.53367   4     19     46  
1281.0  21:21:00 42.32015 -72.53266   3     14     43  
1282.0  21:22:00 42.31838 -72.52891   3     10     45  
1283.0  21:23:00 42.309883 -72.52954   5     18     55  
1284.0  21:24:00 42.304165 -72.52766   5     17     47  
1285.0  21:25:00 42.294827 -72.53125   4     17     45  
1286.0  21:26:00 42.28784 -72.53834   4     14     58  
1287.0  21:27:00 42.28442 -72.54863   3     12     58  
1288.0  21:28:00 42.28059 -72.55821   5     12     50  
1289.0  21:29:00 42.275265 -72.56494   5     12     46  
1290.0  21:30:00 42.267975 -72.56687   5     17     54  
1291.0  21:31:00 42.264854 -72.571915   5     16     51  
1292.0  21:32:00 42.25904 -72.574875   5     15     51  
1293.0  21:33:00 42.256847 -72.572105   3     13     50  
1294.0  21:34:00 42.25422 -72.574165   4     13     53  
1295.0  21:35:00 42.254288 -72.574135   3     16     50  
1296.0  21:36:00 42.25424 -72.57418   4     18     54  
1297.0  21:37:00 42.254242 -72.5742   3     13     49  
1298.0  21:38:00 42.254246 -72.57429   4     11     54  
1299.0  21:39:00 42.25422 -72.57412   3     10     41  
1300.0  21:40:00 42.254227 -72.57417   5     18     57  
1301.0  21:41:00 42.254192 -72.57419   3     15     57  
1302.0  21:42:00 42.254208 -72.57432   5     13     55  
1303.0  21:43:00 42.254192 -72.57422   3     12     42  
1304.0  21:44:00 42.254128 -72.57422   4     13     55  
1305.0  21:45:00 42.253902 -72.57591   5     11     59  
1306.0  21:46:00 42.256924 -72.57621   4     19     56  
1307.0  21:47:00 42.259075 -72.57485   4     16     51  
1308.0  21:48:00 42.26637 -72.571526   4     14     46  
1309.0  21:49:00 42.271675 -72.56571   4     15     49  
1310.0  21:50:00 42.27931 -72.559494   5     13     40  
1311.0  21:51:00 42.284145 -72.54925   3     13     47  
1312.0  21:52:00 42.288513 -72.53733   3     16     41  
1313.0  21:53:00 42.296837 -72.531136   5     13     47  
1314.0  21:54:00 42.305637 -72.52923   3     10     50  
1315.0  21:55:00 42.312683 -72.53058   5     16     42  
1316.0  21:56:00 42.319424 -72.52799   4     19     57  
1317.0  21:57:00 42.32085 -72.534294   5     19     45  
1318.0  21:58:00 42.321774 -72.534134   4     14     54  
1319.0  21:59:00 42.322227 -72.52973   4     17     47  
1320.0  22:00:00 42.32519 -72.52899   3     13     45  
1321.0  22:01:00 42.325317 -72.53092   4     18     43  
1322.0  22:02:00 42.32532 -72.5309   5     15     53  
1323.0  22:03:00 42.325302 -72.53095   5     10     45  
1324.0  22:04:00 42.325123 -72.52853   4     16     44  
1325.0  22:05:00 42.324158 -72.52466   5     10     59  
1326.0  22:06:00 42.333767 -72.52348   5     17     49  
1327.0  22:07:00 42.33988 -72.520226   4     19     58  
1328.0  22:08:00 42.343544 -72.52037   5     12     48  
1329.0  22:09:00 42.348835 -72.52003   4     15     57  
1330.0  22:10:00 42.357124 -72.52102   5     15     47  
1331.0  22:11:00 42.366837 -72.52029   4     13     51  
1332.0  22:12:00 42.37224 -72.51881   3     17     44  
1333.0  22:13:00 42.37329 -72.51929   5     16     41  
1334.0  22:14:00 42.37466 -72.51983   3     19     40  
1335.0  22:15:00 42.377403 -72.519875   4     12     40  
1336.0  22:16:00 42.381054 -72.51934   5     10     52  
1337.0  22:17:00 42.384453 -72.52137   4     14     45  
1338.0  22:18:00 42.38599 -72.5239   5     16     41  
1339.0  22:19:00 42.387085 -72.52653   5     13     47  
1340.0  22:20:00 42.385525 -72.52588   3     15     42  
1341.0  22:21:00 42.38545 -72.521866   4     16     58  
1342.0  22:22:00 42.38024 -72.51943   4     12     43  
1343.0  22:23:00 42.37788 -72.51996   4     13     59  
1344.0  22:24:00 42.375107 -72.51981   3     13     54  
1345.0  22:25:00 42.37337 -72.51981   3     19     45  
1346.0  22:26:00 42.373108 -72.51885   5     17     55  
1347.0  22:27:00 42.37327 -72.51956   3     16     42  
1348.0  22:28:00 42.367626 -72.52016   3     17     56  
1349.0  22:29:00 42.358402 -72.520836   4     14     55  
1350.0  22:30:00 42.349625 -72.51985   4     15     53  
1351.0  22:31:00 42.340645 -72.51999   4     17     56  
1352.0  22:32:00 42.33617 -72.52268   5     18     53  
1353.0  22:33:00 42.331512 -72.52376   5     19     42  
1354.0  22:34:00 42.32327 -72.52496   4     17     47  
1355.0  22:35:00 42.325127 -72.530235   5     12     40  
1356.0  22:36:00 42.325146 -72.531204   5     18     44  
1357.0  22:37:00 42.32349 -72.52838   3     15     49  
1358.0  22:38:00 42.321907 -72.53148   4     16     55  
1359.0  22:39:00 42.320957 -72.533615   4     19     53  
1360.0  22:40:00 42.320183 -72.531364   4     18     46  
1361.0  22:41:00 42.316513 -72.53015   4     11     48  
1362.0  22:42:00 42.30785 -72.53037   4     15     49  
1363.0  22:43:00 42.30002 -72.52895   4     13     51  
1364.0  22:44:00 42.289867 -72.533844   4     14     52  
1365.0  22:45:00 42.2853 -72.546005   5     11     44  
1366.0  22:46:00 42.2806 -72.55819   3     19     58  
1367.0  22:47:00 42.27375 -72.56508   3     17     59  
1368.0  22:48:00 42.266624 -72.56983   5     17     47  
1369.0  22:49:00 42.26074 -72.57294   4     19     52  
1370.0  22:50:00 42.25788 -72.57211   3     10     49  
1371.0  22:51:00 42.256283 -72.57217   4     18     48  
1380.0  23:00:00 42.2542 -72.574165   5     18     42  
1381.0  23:01:00 42.25382 -72.57451   4     14     55  
1382.0  23:02:00 42.255585 -72.5767   5     19     59  
1383.0  23:03:00 42.2596 -72.57423   5     11     55  
1384.0  23:04:00 42.26656 -72.57141   4     13     58  
1385.0  23:05:00 42.27133 -72.56577   3     10     50  
1386.0  23:06:00 42.278744 -72.56022   4     19     43  
1387.0  23:07:00 42.283585 -72.550735   5     17     41  
1388.0  23:08:00 42.28783 -72.538284   3     14     58  
1389.0  23:09:00 42.29641 -72.531136   5     16     57  
1390.0  23:10:00 42.305378 -72.528915   3     10     47  
1391.0  23:11:00 42.312237 -72.53041   5     13     52  
1392.0  23:12:00 42.31935 -72.52805   4     11     43  
1393.0  23:13:00 42.32092 -72.534355   3     15     47  
1394.0  23:14:00 42.322136 -72.52994   4     10     54  
1395.0  23:15:00 42.325058 -72.5287   5     19     48  
1396.0  23:16:00 42.32496 -72.53112   4     18     43  
1397.0  23:17:00 42.32375 -72.52651   5     10     51  
1398.0  23:18:00 42.32667 -72.52441   3     13     56  
1399.0  23:19:00 42.336353 -72.52261   4     13     43  
1400.0  23:20:00 42.344826 -72.52046   4     14     58  
1401.0  23:21:00 42.35362 -72.52058   5     19     47  
1402.0  23:22:00 42.362606 -72.520744   4     17     43  
1403.0  23:23:00 42.371143 -72.519775   3     11     56  
1404.0  23:24:00 42.372986 -72.51887   3     15     50  
1405.0  23:25:00 42.37297 -72.5189   3     15     52  
1406.0  23:26:00 42.372974 -72.5189   5     14     53  
1407.0  23:27:00 42.37425 -72.51978   5     18     47  
1408.0  23:28:00 42.37701 -72.51989   3     17     47  
1409.0  23:29:00 42.37879 -72.51988   3     11     45  
1410.0  23:30:00 42.382725 -72.52038   4     11     57  
1411.0  23:31:00 42.386013 -72.52271   5     12     44  
1412.0  23:32:00 42.38733 -72.526344   4     17     53  
1413.0  23:33:00 42.387074 -72.52642   3     16     57  
1414.0  23:34:00 42.38702 -72.52644   5     19     40  
1415.0  23:35:00 42.38653 -72.526276   3     12     55  
1416.0  23:36:00 42.38503 -72.527596   3     18     51  
1417.0  23:37:00 42.385128 -72.530716   4     12     49  
1418.0  23:38:00 42.390488 -72.53291   3     17     56  
1419.0  23:39:00 42.39316 -72.53261   5     19     43  
1420.0  23:40:00 42.393456 -72.53252   3     17     51  
1421.0  23:41:00 42.39471 -72.534   3     12     49  
1422.0  23:42:00 42.39464 -72.53393   3     11     48  
1423.0  23:43:00 42.39463 -72.53395   4     13     48  
1424.0  23:44:00 42.39467 -72.53395   3     13     53  
1425.0  23:45:00 42.39464 -72.534004   3     11     50  
1426.0  23:46:00 42.39469 -72.53401   3     10     41  
1435.0  23:55:00 42.393982 -72.53361   3     13     50  
1436.0  23:56:00 42.393745 -72.533585   4     18     40  
1437.0  23:57:00 42.394047 -72.53348   3     17     41  
