604.0  10:04:49 42.3945 -72.5337   4     19     48  
604.0  10:04:59 42.394493 -72.53368   4     13     53  
605.0  10:05:00 42.394493 -72.53367   3     14     41  
605.0  10:05:08 42.39453 -72.53363   5     11     56  
605.0  10:05:16 42.394608 -72.53352   3     18     48  
605.0  10:05:24 42.39465 -72.53345   4     11     43  
605.0  10:05:32 42.394695 -72.53342   4     12     42  
605.0  10:05:41 42.39473 -72.53338   5     12     57  
605.0  10:05:52 42.39482 -72.53324   5     14     45  
606.0  10:06:00 42.394737 -72.533325   4     10     46  
606.0  10:06:00 42.394665 -72.53341   5     13     50  
606.0  10:06:08 42.394653 -72.5334   5     19     52  
606.0  10:06:17 42.394653 -72.53341   4     12     47  
606.0  10:06:25 42.394665 -72.533424   3     10     48  
606.0  10:06:34 42.39467 -72.53345   3     19     47  
606.0  10:06:45 42.394665 -72.5334   3     14     44  
606.0  10:06:54 42.394665 -72.53338   4     18     52  
607.0  10:07:00 42.394665 -72.53338   5     12     57  
607.0  10:07:02 42.394665 -72.53338   5     11     53  
607.0  10:07:11 42.394657 -72.533394   3     15     56  
607.0  10:07:19 42.39465 -72.53338   4     18     41  
607.0  10:07:27 42.39465 -72.53338   3     17     42  
607.0  10:07:37 42.39465 -72.53338   4     19     41  
607.0  10:07:46 42.394653 -72.533394   3     14     44  
607.0  10:07:54 42.394646 -72.53339   4     18     58  
608.0  10:08:00 42.39463 -72.53336   5     13     42  
608.0  10:08:03 42.39463 -72.53336   3     14     54  
608.0  10:08:11 42.394627 -72.53333   4     16     50  
608.0  10:08:20 42.394615 -72.533295   4     11     52  
608.0  10:08:30 42.394653 -72.53322   3     13     41  
608.0  10:08:39 42.394627 -72.53321   5     11     47  
608.0  10:08:47 42.39465 -72.533165   3     18     47  
608.0  10:08:56 42.394623 -72.53318   3     17     52  
609.0  10:09:00 42.39461 -72.53323   5     18     46  
609.0  10:09:04 42.39461 -72.53323   5     11     51  
609.0  10:09:13 42.39468 -72.53321   4     19     44  
609.0  10:09:23 42.394646 -72.53303   5     13     54  
609.0  10:09:33 42.394264 -72.53289   5     14     41  
609.0  10:09:41 42.393917 -72.532684   4     19     54  
609.0  10:09:49 42.39373 -72.53265   4     18     54  
609.0  10:09:57 42.393703 -72.53273   4     14     43  
610.0  10:10:00 42.39369 -72.53275   3     16     43  
610.0  10:10:06 42.393677 -72.53277   4     13     57  
610.0  10:10:16 42.39376 -72.53263   3     10     54  
610.0  10:10:25 42.393772 -72.53262   3     17     41  
610.0  10:10:33 42.393764 -72.53262   3     14     48  
610.0  10:10:42 42.393784 -72.532616   3     17     47  
610.0  10:10:51 42.393814 -72.5326   5     18     59  
610.0  10:10:59 42.393806 -72.532585   3     19     46  
611.0  10:11:00 42.3938 -72.53259   4     17     51  
611.0  10:11:10 42.393795 -72.53261   3     12     44  
611.0  10:11:18 42.393787 -72.53262   4     14     54  
611.0  10:11:26 42.393795 -72.53262   4     19     45  
611.0  10:11:33 42.393803 -72.53262   4     14     56  
611.0  10:11:42 42.393806 -72.53262   4     10     55  
611.0  10:11:50 42.393806 -72.53263   5     16     52  
612.0  10:12:00 42.393795 -72.53264   3     19     43  
612.0  10:12:00 42.393784 -72.53265   3     17     58  
612.0  10:12:09 42.39379 -72.53266   4     13     48  
612.0  10:12:17 42.39378 -72.53265   3     15     47  
612.0  10:12:26 42.393784 -72.53264   3     18     57  
612.0  10:12:35 42.393787 -72.53261   4     15     51  
612.0  10:12:43 42.393814 -72.53262   4     17     41  
612.0  10:12:54 42.393826 -72.53258   3     11     51  
613.0  10:13:00 42.393814 -72.53257   4     19     45  
613.0  10:13:02 42.393818 -72.53256   4     12     50  
613.0  10:13:10 42.39376 -72.532684   4     10     41  
613.0  10:13:19 42.393726 -72.53271   3     16     53  
613.0  10:13:27 42.393764 -72.53266   3     12     50  
613.0  10:13:35 42.39377 -72.53262   5     18     51  
613.0  10:13:45 42.393757 -72.532616   3     11     48  
613.0  10:13:53 42.393753 -72.532616   3     15     41  
614.0  10:14:00 42.393757 -72.532616   4     14     58  
614.0  10:14:00 42.39376 -72.53261   4     12     41  
614.0  10:14:09 42.393757 -72.532616   5     14     42  
614.0  10:14:16 42.39376 -72.53261   4     11     45  
614.0  10:14:24 42.393776 -72.53257   4     15     56  
614.0  10:14:34 42.39378 -72.53256   5     12     43  
614.0  10:14:42 42.393772 -72.53258   3     17     54  
614.0  10:14:50 42.39377 -72.532585   4     14     46  
614.0  10:14:58 42.393772 -72.53259   5     11     45  
615.0  10:15:00 42.39377 -72.5326   4     14     57  
615.0  10:15:07 42.39377 -72.53261   3     12     40  
615.0  10:15:16 42.393764 -72.532616   4     15     46  
615.0  10:15:26 42.39363 -72.5326   4     13     47  
615.0  10:15:34 42.3933 -72.53246   4     14     53  
615.0  10:15:42 42.39301 -72.533005   5     13     46  
615.0  10:15:50 42.392776 -72.53371   4     15     46  
615.0  10:15:58 42.392605 -72.53415   4     10     52  
616.0  10:16:00 42.392735 -72.53378   5     10     49  
616.0  10:16:06 42.39274 -72.53377   4     13     56  
616.0  10:16:16 42.39213 -72.53371   4     19     51  
616.0  10:16:24 42.391296 -72.53332   3     13     47  
616.0  10:16:32 42.39053 -72.533   4     16     56  
616.0  10:16:40 42.389908 -72.53272   3     16     52  
616.0  10:16:48 42.389038 -72.53231   4     18     51  
616.0  10:16:56 42.38811 -72.5319   5     13     46  
617.0  10:17:00 42.38721 -72.531525   5     16     43  
617.0  10:17:06 42.38681 -72.53138   4     10     50  
617.0  10:17:16 42.385803 -72.53096   4     18     58  
617.0  10:17:25 42.385273 -72.530975   4     16     48  
617.0  10:17:33 42.385296 -72.53099   3     18     55  
617.0  10:17:42 42.385284 -72.53102   5     11     56  
617.0  10:17:50 42.3851 -72.53101   5     12     41  
618.0  10:18:00 42.384937 -72.52999   5     18     54  
618.0  10:18:00 42.38483 -72.52947   3     16     43  
618.0  10:18:08 42.384727 -72.52878   4     16     50  
618.0  10:18:16 42.38477 -72.5278   3     12     51  
618.0  10:18:24 42.385094 -72.526566   3     11     57  
618.0  10:18:33 42.385338 -72.5255   5     12     58  
618.0  10:18:41 42.385574 -72.52449   4     15     54  
618.0  10:18:51 42.385914 -72.52315   5     19     52  
619.0  10:19:00 42.385906 -72.522644   5     17     58  
619.0  10:19:00 42.385952 -72.52234   3     11     44  
619.0  10:19:08 42.386208 -72.52218   5     14     48  
619.0  10:19:17 42.386948 -72.52259   3     13     50  
619.0  10:19:25 42.387493 -72.52329   4     16     43  
619.0  10:19:34 42.387768 -72.52359   5     10     45  
619.0  10:19:44 42.387814 -72.52361   5     13     56  
619.0  10:19:52 42.387817 -72.523636   3     12     42  
620.0  10:20:00 42.387783 -72.523605   4     17     47  
620.0  10:20:01 42.38779 -72.52361   3     19     40  
620.0  10:20:09 42.387802 -72.52372   3     11     51  
620.0  10:20:18 42.38829 -72.524216   3     14     59  
620.0  10:20:27 42.388885 -72.52456   3     18     49  
620.0  10:20:38 42.389866 -72.524994   5     16     53  
620.0  10:20:46 42.390614 -72.52522   3     14     48  
620.0  10:20:54 42.391323 -72.52535   4     17     41  
621.0  10:21:00 42.392097 -72.52549   3     13     55  
621.0  10:21:02 42.392014 -72.525475   4     15     41  
621.0  10:21:10 42.39263 -72.525635   5     15     42  
621.0  10:21:18 42.393326 -72.52586   4     14     41  
621.0  10:21:29 42.393913 -72.52613   3     15     56  
621.0  10:21:38 42.39395 -72.526146   3     14     58  
621.0  10:21:46 42.39397 -72.52618   5     11     48  
621.0  10:21:55 42.393967 -72.526215   5     11     59  
622.0  10:22:00 42.39396 -72.52623   3     12     55  
622.0  10:22:03 42.39396 -72.52623   5     17     44  
622.0  10:22:12 42.39393 -72.52627   3     17     45  
622.0  10:22:22 42.39391 -72.52624   5     12     43  
622.0  10:22:31 42.3939 -72.526215   3     12     43  
622.0  10:22:39 42.393887 -72.52621   3     12     51  
622.0  10:22:48 42.393883 -72.52619   4     17     59  
622.0  10:22:56 42.39386 -72.526184   4     19     41  
623.0  10:23:00 42.39386 -72.52621   4     14     55  
623.0  10:23:04 42.39386 -72.52621   3     12     49  
623.0  10:23:14 42.393883 -72.5262   3     18     48  
623.0  10:23:23 42.39389 -72.52623   5     19     46  
623.0  10:23:32 42.3939 -72.52622   4     18     49  
623.0  10:23:40 42.39389 -72.52619   4     19     57  
623.0  10:23:49 42.393856 -72.526184   5     19     53  
623.0  10:23:57 42.393867 -72.526184   4     13     57  
624.0  10:24:00 42.39391 -72.52627   4     14     57  
624.0  10:24:11 42.39409 -72.52636   5     11     58  
624.0  10:24:20 42.394833 -72.52677   5     10     58  
624.0  10:24:28 42.39509 -72.52692   5     11     45  
624.0  10:24:37 42.395454 -72.5271   3     13     51  
624.0  10:24:46 42.396336 -72.527504   3     18     44  
624.0  10:24:54 42.397263 -72.527916   5     12     53  
625.0  10:25:00 42.398346 -72.52808   3     10     43  
625.0  10:25:05 42.39847 -72.528076   5     10     51  
625.0  10:25:15 42.39958 -72.52798   4     19     50  
625.0  10:25:23 42.40083 -72.527885   3     17     45  
625.0  10:25:31 42.401863 -72.5282   4     17     40  
625.0  10:25:39 42.40287 -72.52867   4     16     46  
625.0  10:25:47 42.403725 -72.529205   5     12     50  
625.0  10:25:57 42.40485 -72.52979   4     15     46  
626.0  10:26:00 42.405636 -72.52979   5     11     55  
626.0  10:26:06 42.405865 -72.52981   3     12     44  
626.0  10:26:14 42.406487 -72.52988   4     11     55  
626.0  10:26:22 42.40643 -72.53053   5     17     42  
626.0  10:26:31 42.406403 -72.53129   3     15     49  
626.0  10:26:40 42.406292 -72.53158   4     14     41  
626.0  10:26:51 42.406116 -72.53208   5     11     42  
626.0  10:26:59 42.406067 -72.53242   5     13     52  
627.0  10:27:00 42.405907 -72.532555   3     12     48  
627.0  10:27:08 42.405785 -72.53252   5     17     40  
627.0  10:27:16 42.405785 -72.53253   4     16     46  
627.0  10:27:24 42.40579 -72.532524   4     12     40  
627.0  10:27:32 42.405792 -72.53249   3     12     53  
627.0  10:27:43 42.405792 -72.532486   4     19     41  
627.0  10:27:51 42.40579 -72.53248   3     19     46  
627.0  10:27:59 42.40578 -72.53248   5     17     40  
628.0  10:28:00 42.405777 -72.53248   5     10     51  
628.0  10:28:08 42.405777 -72.53248   5     12     43  
628.0  10:28:16 42.40578 -72.53248   3     10     45  
628.0  10:28:25 42.405785 -72.53248   3     10     54  
628.0  10:28:35 42.40579 -72.53248   5     10     55  
628.0  10:28:43 42.40579 -72.53248   3     17     52  
628.0  10:28:52 42.405773 -72.53246   3     16     50  
629.0  10:29:00 42.405777 -72.53245   4     18     44  
629.0  10:29:00 42.405785 -72.53243   5     16     44  
629.0  10:29:09 42.405792 -72.53244   5     10     42  
629.0  10:29:17 42.4058 -72.53245   5     15     54  
629.0  10:29:27 42.40579 -72.532455   4     13     53  
629.0  10:29:35 42.405777 -72.532455   4     19     45  
629.0  10:29:44 42.405785 -72.53248   4     18     51  
629.0  10:29:52 42.405785 -72.53249   3     13     51  
630.0  10:30:00 42.405777 -72.532486   5     13     49  
630.0  10:30:00 42.405777 -72.53249   3     18     57  
630.0  10:30:09 42.405766 -72.532486   3     17     51  
630.0  10:30:20 42.405766 -72.53249   3     19     53  
630.0  10:30:29 42.40576 -72.532486   5     16     51  
630.0  10:30:37 42.405537 -72.53242   3     11     58  
630.0  10:30:46 42.405354 -72.532364   4     17     56  
630.0  10:30:54 42.404984 -72.53231   5     18     53  
631.0  10:31:00 42.40489 -72.53178   5     10     50  
631.0  10:31:03 42.40489 -72.531815   4     14     50  
631.0  10:31:13 42.404865 -72.53134   5     17     54  
631.0  10:31:21 42.404957 -72.53071   3     19     44  
631.0  10:31:30 42.404964 -72.53069   3     14     45  
631.0  10:31:38 42.40497 -72.53069   5     14     40  
631.0  10:31:47 42.405037 -72.530396   5     11     40  
631.0  10:31:55 42.405052 -72.52992   3     13     54  
632.0  10:32:00 42.405014 -72.52971   5     19     55  
632.0  10:32:05 42.40501 -72.52969   5     11     42  
632.0  10:32:13 42.404648 -72.52966   5     18     44  
632.0  10:32:22 42.403694 -72.52941   5     18     58  
632.0  10:32:30 42.403133 -72.529106   4     14     53  
632.0  10:32:39 42.403057 -72.52914   5     18     57  
632.0  10:32:47 42.403126 -72.5292   3     16     43  
633.0  10:33:00 42.403137 -72.52913   4     19     44  
633.0  10:33:00 42.40291 -72.52888   3     10     44  
633.0  10:33:08 42.402363 -72.528595   4     12     53  
633.0  10:33:16 42.40124 -72.52808   5     16     56  
633.0  10:33:23 42.400066 -72.52798   4     19     57  
633.0  10:33:32 42.398922 -72.52808   3     16     42  
633.0  10:33:41 42.397804 -72.52808   3     14     55  
633.0  10:33:54 42.39605 -72.527374   4     16     51  
634.0  10:34:00 42.395317 -72.52704   3     12     45  
634.0  10:34:02 42.395355 -72.52706   5     12     40  
634.0  10:34:11 42.395294 -72.52705   4     11     43  
634.0  10:34:20 42.39529 -72.527084   3     10     54  
634.0  10:34:28 42.395287 -72.52707   4     12     45  
634.0  10:34:37 42.395287 -72.527054   3     19     50  
634.0  10:34:47 42.39529 -72.52705   3     19     49  
634.0  10:34:55 42.395115 -72.526955   3     19     46  
635.0  10:35:00 42.394516 -72.52662   4     19     50  
635.0  10:35:03 42.394516 -72.52662   4     19     52  
635.0  10:35:12 42.393913 -72.52628   3     16     50  
635.0  10:35:19 42.393448 -72.52606   3     11     50  
635.0  10:35:28 42.393383 -72.52603   5     19     46  
635.0  10:35:40 42.393375 -72.52607   3     16     41  
635.0  10:35:48 42.393364 -72.52603   5     19     47  
635.0  10:35:57 42.392914 -72.52577   4     15     48  
636.0  10:36:00 42.39216 -72.52552   3     18     58  
636.0  10:36:05 42.39194 -72.52545   3     12     54  
636.0  10:36:14 42.391132 -72.52527   3     18     42  
636.0  10:36:23 42.39085 -72.525246   3     11     48  
636.0  10:36:34 42.390835 -72.52525   5     19     58  
636.0  10:36:42 42.390427 -72.52512   5     10     41  
636.0  10:36:50 42.389618 -72.52493   5     10     44  
636.0  10:36:58 42.388878 -72.52463   5     16     52  
637.0  10:37:00 42.3885 -72.52445   5     11     57  
637.0  10:37:06 42.388264 -72.52431   3     12     54  
637.0  10:37:14 42.38779 -72.52395   3     18     52  
637.0  10:37:24 42.387775 -72.52386   4     15     41  
637.0  10:37:34 42.3878 -72.52384   4     10     53  
637.0  10:37:43 42.38781 -72.523834   3     16     55  
637.0  10:37:53 42.387836 -72.52386   3     15     46  
638.0  10:38:00 42.387833 -72.52388   4     15     40  
638.0  10:38:01 42.38784 -72.52389   4     16     46  
638.0  10:38:10 42.387814 -72.52388   3     18     46  
638.0  10:38:20 42.387787 -72.5238   5     17     53  
638.0  10:38:28 42.387623 -72.52351   3     11     52  
638.0  10:38:36 42.387226 -72.52291   5     11     42  
638.0  10:38:44 42.3867 -72.52242   3     17     40  
638.0  10:38:53 42.386307 -72.5224   3     19     47  
639.0  10:39:00 42.386013 -72.52245   4     17     42  
639.0  10:39:01 42.386143 -72.52246   3     15     42  
639.0  10:39:11 42.38564 -72.522095   5     11     45  
639.0  10:39:19 42.38496 -72.521645   5     11     43  
639.0  10:39:28 42.384167 -72.52125   3     17     49  
639.0  10:39:36 42.383327 -72.52081   3     17     46  
639.0  10:39:45 42.38267 -72.52037   3     10     40  
639.0  10:39:54 42.38185 -72.51974   4     19     40  
640.0  10:40:00 42.381382 -72.51929   3     19     57  
640.0  10:40:06 42.381176 -72.51932   5     14     48  
640.0  10:40:14 42.380367 -72.51942   4     15     58  
640.0  10:40:22 42.379593 -72.51966   3     11     57  
640.0  10:40:30 42.37886 -72.519966   4     12     42  
640.0  10:40:38 42.378193 -72.51998   3     10     42  
640.0  10:40:46 42.37786 -72.520004   5     16     56  
640.0  10:40:56 42.377888 -72.52005   5     11     41  
641.0  10:41:00 42.377853 -72.520096   5     11     41  
641.0  10:41:04 42.377853 -72.52007   4     11     50  
641.0  10:41:12 42.377865 -72.52003   3     18     59  
641.0  10:41:20 42.377865 -72.51999   5     18     55  
641.0  10:41:28 42.377747 -72.519936   5     11     44  
641.0  10:41:36 42.377224 -72.51993   5     11     42  
641.0  10:41:47 42.376534 -72.51992   3     12     53  
641.0  10:41:55 42.376 -72.51989   4     13     59  
642.0  10:42:00 42.375954 -72.51991   4     15     43  
642.0  10:42:04 42.375954 -72.51991   3     18     49  
642.0  10:42:12 42.375954 -72.51993   3     18     45  
642.0  10:42:21 42.37595 -72.51995   3     10     45  
642.0  10:42:29 42.375954 -72.519936   3     12     56  
642.0  10:42:41 42.375965 -72.51993   3     16     49  
642.0  10:42:49 42.37595 -72.51993   3     10     49  
642.0  10:42:58 42.375946 -72.519936   4     17     59  
643.0  10:43:00 42.37579 -72.519936   3     16     55  
643.0  10:43:07 42.375687 -72.51993   5     13     47  
643.0  10:43:16 42.375633 -72.519905   4     12     45  
643.0  10:43:25 42.375633 -72.519875   4     19     48  
643.0  10:43:35 42.375572 -72.51976   4     10     44  
643.0  10:43:44 42.375607 -72.5192   5     14     45  
643.0  10:43:55 42.37562 -72.51915   3     16     59  
644.0  10:44:00 42.375675 -72.51899   3     15     52  
644.0  10:44:03 42.375675 -72.51899   3     17     47  
644.0  10:44:12 42.375813 -72.51833   4     18     44  
644.0  10:44:24 42.37584 -72.51733   4     15     52  
645.0  10:45:00 42.37586 -72.51326   3     10     49  
645.0  10:45:32 42.375828 -72.51178   5     11     45  
645.0  10:45:43 42.37583 -72.51178   5     18     41  
645.0  10:45:51 42.375874 -72.51156   4     11     50  
646.0  10:46:00 42.375816 -72.5108   4     15     53  
646.0  10:46:00 42.375824 -72.51078   5     17     55  
646.0  10:46:08 42.37583 -72.51066   3     15     42  
646.0  10:46:17 42.375828 -72.509415   4     11     44  
646.0  10:46:25 42.375725 -72.50785   5     10     47  
646.0  10:46:36 42.37571 -72.50731   3     12     56  
646.0  10:46:44 42.375694 -72.50733   3     11     57  
646.0  10:46:53 42.375683 -72.50731   4     12     41  
647.0  10:47:00 42.3757 -72.50692   4     10     49  
647.0  10:47:02 42.375698 -72.507095   5     19     54  
647.0  10:47:11 42.37569 -72.505974   4     10     49  
647.0  10:47:19 42.37567 -72.504906   4     13     59  
647.0  10:47:29 42.375862 -72.50313   4     14     47  
647.0  10:47:38 42.376125 -72.50158   3     17     49  
647.0  10:47:46 42.376266 -72.5009   5     17     50  
647.0  10:47:55 42.3763 -72.50082   3     16     51  
648.0  10:48:00 42.376347 -72.5006   3     15     57  
648.0  10:48:04 42.376347 -72.5006   5     10     55  
648.0  10:48:12 42.376137 -72.500534   3     17     55  
648.0  10:48:22 42.375423 -72.50067   4     18     47  
648.0  10:48:30 42.37441 -72.500885   5     18     51  
648.0  10:48:38 42.373566 -72.50112   3     11     51  
648.0  10:48:47 42.37315 -72.501205   5     13     44  
648.0  10:48:55 42.37305 -72.50124   3     15     43  
649.0  10:49:00 42.37306 -72.50123   3     11     49  
649.0  10:49:04 42.37306 -72.50123   5     13     51  
649.0  10:49:14 42.373077 -72.501205   5     11     44  
649.0  10:49:22 42.372963 -72.501236   4     13     46  
649.0  10:49:31 42.37216 -72.50139   3     16     44  
649.0  10:49:39 42.371063 -72.501656   5     18     48  
649.0  10:49:49 42.36977 -72.502   5     19     47  
649.0  10:49:57 42.369293 -72.50188   4     19     45  
650.0  10:50:00 42.369278 -72.50133   5     11     59  
650.0  10:50:08 42.36927 -72.50074   4     17     50  
650.0  10:50:17 42.36924 -72.500175   5     11     42  
650.0  10:50:25 42.369244 -72.49962   3     17     46  
650.0  10:50:34 42.36961 -72.49901   4     19     42  
650.0  10:50:42 42.37015 -72.49903   4     12     49  
650.0  10:50:50 42.3703 -72.49906   5     10     45  
651.0  10:51:00 42.370316 -72.49907   4     15     49  
651.0  10:51:00 42.370354 -72.49908   5     11     43  
651.0  10:51:09 42.37061 -72.499115   5     16     57  
651.0  10:51:17 42.37111 -72.49874   3     18     57  
651.0  10:51:26 42.371143 -72.49848   3     10     42  
651.0  10:51:34 42.371136 -72.498375   4     18     47  
651.0  10:51:43 42.37061 -72.49783   4     19     44  
651.0  10:51:54 42.369507 -72.49658   4     12     54  
652.0  10:52:00 42.368214 -72.494934   3     13     46  
652.0  10:52:03 42.368347 -72.4951   4     15     42  
652.0  10:52:11 42.367188 -72.49359   4     12     42  
652.0  10:52:20 42.36619 -72.49235   5     14     46  
652.0  10:52:28 42.365067 -72.49089   4     11     56  
652.0  10:52:37 42.36398 -72.48964   4     10     45  
652.0  10:52:48 42.362274 -72.4882   5     14     54  
652.0  10:52:56 42.36106 -72.48717   5     14     51  
653.0  10:53:00 42.359943 -72.4862   5     14     48  
653.0  10:53:04 42.35979 -72.48607   4     18     49  
653.0  10:53:13 42.358765 -72.48513   5     18     52  
653.0  10:53:22 42.35824 -72.48495   3     17     41  
653.0  10:53:30 42.357918 -72.48545   5     19     57  
653.0  10:53:41 42.35726 -72.485306   4     16     50  
653.0  10:53:50 42.356663 -72.4854   3     14     53  
653.0  10:53:58 42.356586 -72.48542   3     10     57  
654.0  10:54:00 42.35657 -72.48543   3     16     40  
654.0  10:54:07 42.356487 -72.48543   3     15     57  
654.0  10:54:15 42.356167 -72.48565   5     12     45  
654.0  10:54:24 42.355804 -72.4858   3     19     46  
654.0  10:54:34 42.35566 -72.48531   3     18     52  
654.0  10:54:42 42.355946 -72.48499   4     16     40  
654.0  10:54:51 42.356174 -72.485   4     18     47  
654.0  10:54:59 42.356316 -72.48539   3     17     51  
655.0  10:55:00 42.356495 -72.485435   5     12     58  
655.0  10:55:08 42.356678 -72.485245   5     11     45  
655.0  10:55:17 42.357525 -72.4853   4     17     45  
655.0  10:55:31 42.35817 -72.48502   4     13     50  
655.0  10:55:41 42.35825 -72.484695   4     10     53  
655.0  10:55:49 42.35812 -72.48442   4     17     54  
655.0  10:55:58 42.3575 -72.483536   4     16     52  
656.0  10:56:00 42.356937 -72.48266   3     16     53  
656.0  10:56:07 42.356644 -72.48216   3     18     49  
656.0  10:56:16 42.355843 -72.48045   3     15     59  
656.0  10:56:24 42.35512 -72.47876   5     12     50  
656.0  10:56:34 42.354134 -72.476395   4     12     56  
656.0  10:56:47 42.35368 -72.475266   4     19     54  
657.0  10:57:00 42.35343 -72.47638   3     19     58  
657.0  10:57:02 42.35342 -72.475975   4     14     52  
657.0  10:57:11 42.353416 -72.476425   5     17     54  
657.0  10:57:19 42.353355 -72.47645   3     19     43  
657.0  10:57:30 42.35336 -72.47733   4     19     43  
657.0  10:57:40 42.353455 -72.47867   3     19     48  
657.0  10:57:51 42.354187 -72.479935   3     16     48  
657.0  10:57:59 42.35522 -72.48042   4     11     48  
658.0  10:58:00 42.35557 -72.48054   5     10     56  
658.0  10:58:08 42.355736 -72.48044   5     16     52  
658.0  10:58:16 42.355766 -72.48042   5     10     49  
658.0  10:58:27 42.35576 -72.48042   3     18     56  
658.0  10:58:35 42.356037 -72.48073   3     17     55  
658.0  10:58:44 42.35652 -72.48192   5     18     42  
658.0  10:58:52 42.35681 -72.482475   5     18     54  
659.0  10:59:00 42.356915 -72.48244   5     11     58  
659.0  10:59:01 42.356903 -72.482445   5     15     56  
659.0  10:59:09 42.356953 -72.48255   4     10     53  
659.0  10:59:20 42.357594 -72.483665   3     18     58  
659.0  10:59:29 42.358585 -72.48493   4     19     58  
659.0  10:59:38 42.36012 -72.48641   4     14     56  
659.0  10:59:46 42.361214 -72.48735   5     11     50  
659.0  10:59:54 42.362003 -72.487976   3     12     42  
660.0  11:00:00 42.36231 -72.48813   4     16     40  
660.0  11:00:03 42.36231 -72.48813   4     10     44  
660.0  11:00:13 42.362274 -72.48812   4     10     42  
660.0  11:00:22 42.362312 -72.48811   4     11     54  
660.0  11:00:31 42.36234 -72.48812   5     14     58  
660.0  11:00:40 42.36238 -72.48812   3     16     41  
660.0  11:00:48 42.36241 -72.48823   5     11     46  
660.0  11:00:56 42.36299 -72.4887   3     10     57  
661.0  11:01:00 42.363853 -72.489426   3     19     43  
661.0  11:01:07 42.364384 -72.49001   3     17     56  
661.0  11:01:16 42.365467 -72.491394   3     10     57  
661.0  11:01:25 42.36661 -72.49285   4     12     57  
661.0  11:01:33 42.367718 -72.494194   4     13     55  
661.0  11:01:42 42.368694 -72.4955   5     18     57  
661.0  11:01:51 42.36956 -72.49663   5     15     44  
662.0  11:02:00 42.370895 -72.498146   4     15     55  
662.0  11:02:01 42.37072 -72.49797   4     16     44  
662.0  11:02:10 42.371216 -72.49849   4     18     41  
662.0  11:02:19 42.37088 -72.499054   4     12     44  
662.0  11:02:28 42.370277 -72.49919   5     19     42  
662.0  11:02:41 42.370193 -72.4992   3     14     44  
662.0  11:02:52 42.369507 -72.49916   3     12     53  
663.0  11:03:00 42.36926 -72.50003   4     10     41  
663.0  11:03:01 42.36925 -72.49971   5     15     40  
663.0  11:03:09 42.369274 -72.500465   5     15     54  
663.0  11:03:18 42.369293 -72.50092   4     14     54  
663.0  11:03:31 42.36935 -72.50178   4     12     42  
663.0  11:03:43 42.369347 -72.50201   3     10     48  
663.0  11:03:53 42.369385 -72.50214   5     10     51  
664.0  11:04:00 42.369926 -72.50202   3     10     58  
664.0  11:04:02 42.36975 -72.50208   3     15     58  
664.0  11:04:11 42.370773 -72.501854   4     15     58  
664.0  11:04:19 42.371853 -72.50153   3     14     57  
664.0  11:04:28 42.372364 -72.50137   5     19     54  
664.0  11:04:38 42.37259 -72.50129   5     17     47  
664.0  11:04:47 42.372623 -72.50128   4     12     42  
664.0  11:04:59 42.372635 -72.501274   4     11     41  
665.0  11:05:00 42.37269 -72.501274   5     12     52  
665.0  11:05:07 42.37269 -72.50128   5     19     46  
665.0  11:05:16 42.372986 -72.501205   5     11     44  
665.0  11:05:30 42.373848 -72.50099   4     14     44  
665.0  11:05:40 42.37566 -72.500595   3     19     52  
665.0  11:05:49 42.376328 -72.500534   3     19     43  
665.0  11:05:58 42.376347 -72.50107   5     16     46  
666.0  11:06:00 42.376266 -72.50141   3     11     48  
666.0  11:06:06 42.376266 -72.5014   4     11     54  
666.0  11:06:15 42.37626 -72.501396   3     18     50  
666.0  11:06:23 42.376175 -72.501816   4     17     42  
666.0  11:06:33 42.375862 -72.50371   4     13     45  
666.0  11:06:41 42.375713 -72.50531   4     18     47  
666.0  11:06:49 42.37574 -72.506714   4     17     49  
666.0  11:06:58 42.375767 -72.50719   3     13     44  
667.0  11:07:00 42.37577 -72.50718   4     12     40  
667.0  11:07:06 42.375767 -72.5072   3     14     54  
667.0  11:07:15 42.375786 -72.50761   5     17     58  
667.0  11:07:25 42.375793 -72.50897   5     14     52  
667.0  11:07:33 42.375847 -72.51022   3     13     43  
667.0  11:07:42 42.37585 -72.51077   5     14     49  
667.0  11:07:50 42.375866 -72.51118   5     18     47  
667.0  11:07:59 42.37591 -72.5121   4     17     50  
668.0  11:08:00 42.375935 -72.51228   4     12     52  
668.0  11:08:07 42.37591 -72.51229   5     12     56  
668.0  11:08:17 42.375877 -72.512344   3     16     43  
668.0  11:08:25 42.375904 -72.51236   3     12     52  
668.0  11:08:34 42.375923 -72.5126   5     13     50  
668.0  11:08:42 42.375927 -72.51267   5     10     40  
668.0  11:08:50 42.375935 -72.51275   5     12     45  
669.0  11:09:00 42.37595 -72.51355   3     14     52  
669.0  11:09:00 42.37594 -72.51406   3     13     48  
669.0  11:09:10 42.3759 -72.51521   4     12     53  
669.0  11:09:19 42.375862 -72.516495   5     10     54  
669.0  11:09:54 42.375706 -72.51959   3     10     43  
669.0  11:09:59 42.375725 -72.5196   4     13     48  
670.0  11:10:00 42.375725 -72.51961   3     12     40  
670.0  11:10:04 42.375725 -72.519615   4     17     52  
670.0  11:10:12 42.375732 -72.5196   4     15     55  
670.0  11:10:16 42.375725 -72.519615   4     17     57  
670.0  11:10:27 42.375706 -72.51956   5     14     42  
670.0  11:10:32 42.37569 -72.51955   4     10     40  
670.0  11:10:38 42.37567 -72.519554   3     11     48  
670.0  11:10:43 42.375668 -72.51956   3     11     58  
670.0  11:10:49 42.375675 -72.51952   3     17     46  
670.0  11:10:54 42.375675 -72.51949   4     16     53  
670.0  11:10:59 42.375675 -72.51952   3     16     43  
671.0  11:11:00 42.37568 -72.51954   3     17     50  
671.0  11:11:04 42.37568 -72.51955   5     17     45  
671.0  11:11:08 42.375675 -72.51951   4     12     48  
671.0  11:11:19 42.375908 -72.51989   4     18     51  
671.0  11:11:33 42.376694 -72.519875   3     18     42  
671.0  11:11:41 42.377132 -72.5199   4     14     58  
671.0  11:11:50 42.3774 -72.51983   4     18     50  
671.0  11:11:58 42.377495 -72.51982   3     10     45  
672.0  11:12:00 42.37751 -72.51983   4     16     59  
672.0  11:12:08 42.37752 -72.51984   3     18     58  
672.0  11:12:17 42.37754 -72.51987   5     16     54  
672.0  11:12:26 42.37752 -72.519875   3     12     45  
672.0  11:12:34 42.377495 -72.51985   3     13     54  
673.0  11:13:00 42.377487 -72.519875   4     10     49  
673.0  11:13:13 42.377647 -72.519905   5     10     58  
673.0  11:13:18 42.378002 -72.519936   3     11     47  
673.0  11:13:23 42.378353 -72.519936   5     15     48  
673.0  11:13:26 42.37844 -72.51993   3     10     45  
673.0  11:13:34 42.37915 -72.51982   5     13     51  
673.0  11:13:44 42.380127 -72.51944   4     14     45  
673.0  11:13:57 42.38129 -72.51928   3     14     48  
674.0  11:14:00 42.38184 -72.51952   3     10     43  
674.0  11:14:06 42.381958 -72.51968   3     12     42  
674.0  11:14:15 42.3827 -72.52042   5     19     43  
674.0  11:14:31 42.383125 -72.52056   5     14     49  
674.0  11:14:40 42.38319 -72.52057   3     19     53  
674.0  11:14:48 42.38319 -72.52056   5     10     58  
674.0  11:14:57 42.38321 -72.52057   5     16     53  
675.0  11:15:00 42.38333 -72.52073   5     14     49  
675.0  11:15:06 42.383446 -72.520805   5     11     42  
675.0  11:15:17 42.38446 -72.521385   3     15     47  
675.0  11:15:25 42.385162 -72.52172   3     17     47  
675.0  11:15:37 42.38587 -72.52219   4     18     56  
675.0  11:15:46 42.386517 -72.52235   5     16     48  
675.0  11:15:54 42.387135 -72.52282   3     16     44  
676.0  11:16:00 42.387733 -72.52356   4     17     49  
676.0  11:16:03 42.387714 -72.52352   5     11     53  
676.0  11:16:15 42.38772 -72.5236   5     15     57  
676.0  11:16:23 42.387745 -72.523575   4     17     55  
676.0  11:16:31 42.3878 -72.52356   4     10     52  
676.0  11:16:40 42.38783 -72.52356   4     15     54  
676.0  11:16:49 42.38778 -72.52357   4     13     51  
676.0  11:16:56 42.38773 -72.523575   4     12     45  
677.0  11:17:00 42.38777 -72.523544   5     10     44  
677.0  11:17:07 42.387775 -72.52351   3     18     55  
677.0  11:17:15 42.387787 -72.52349   4     18     44  
677.0  11:17:24 42.38777 -72.52348   5     19     49  
677.0  11:17:32 42.387753 -72.523575   5     16     52  
677.0  11:17:41 42.388172 -72.52409   3     16     55  
677.0  11:17:49 42.388542 -72.52437   3     15     42  
678.0  11:18:00 42.38899 -72.52462   3     14     45  
678.0  11:18:00 42.389343 -72.52477   4     12     59  
678.0  11:18:09 42.389687 -72.524895   4     15     59  
678.0  11:18:17 42.390293 -72.52506   3     18     40  
678.0  11:18:25 42.390648 -72.52514   3     13     48  
678.0  11:18:35 42.390926 -72.525185   4     14     46  
678.0  11:18:44 42.391277 -72.525246   5     17     42  
678.0  11:18:53 42.391876 -72.52537   4     16     49  
679.0  11:19:00 42.39266 -72.52562   3     19     51  
679.0  11:19:01 42.392494 -72.52556   5     10     44  
679.0  11:19:12 42.39309 -72.52579   4     10     59  
679.0  11:19:20 42.393757 -72.5261   5     13     53  
679.0  11:19:29 42.3939 -72.52614   3     17     52  
679.0  11:19:36 42.3939 -72.52615   4     14     47  
679.0  11:19:47 42.39378 -72.52622   3     16     59  
679.0  11:19:54 42.393948 -72.526146   4     12     50  
680.0  11:20:00 42.393997 -72.52609   3     10     55  
680.0  11:20:02 42.393993 -72.52609   3     10     49  
680.0  11:20:11 42.394142 -72.52596   5     15     56  
680.0  11:20:19 42.39402 -72.526024   4     16     48  
680.0  11:20:28 42.393986 -72.526146   5     19     58  
680.0  11:20:38 42.394466 -72.52654   5     18     43  
680.0  11:20:47 42.39506 -72.52692   3     14     50  
680.0  11:20:56 42.395924 -72.527275   4     10     52  
681.0  11:21:00 42.39688 -72.52771   3     18     47  
681.0  11:21:04 42.397003 -72.52777   5     18     53  
681.0  11:21:13 42.398014 -72.52809   3     12     50  
681.0  11:21:21 42.39919 -72.52804   5     19     58  
681.0  11:21:32 42.400555 -72.52789   4     17     57  
681.0  11:21:45 42.40164 -72.52817   3     13     51  
681.0  11:21:54 42.403275 -72.52906   3     18     57  
682.0  11:22:00 42.403904 -72.52945   5     15     42  
682.0  11:22:02 42.40386 -72.52943   5     18     56  
682.0  11:22:11 42.403896 -72.529465   4     19     43  
682.0  11:22:22 42.40396 -72.52956   4     16     51  
682.0  11:22:30 42.40447 -72.5297   5     12     43  
682.0  11:22:39 42.40566 -72.5297   3     10     45  
682.0  11:22:48 42.406456 -72.52974   4     15     52  
682.0  11:22:56 42.40638 -72.5303   5     19     59  
683.0  11:23:00 42.406414 -72.53096   3     14     57  
683.0  11:23:05 42.40641 -72.53104   3     17     51  
683.0  11:23:15 42.4063 -72.531456   5     18     59  
683.0  11:23:23 42.406178 -72.53184   5     10     41  
683.0  11:23:31 42.40609 -72.53219   4     17     48  
683.0  11:23:40 42.40593 -72.53252   5     17     53  
683.0  11:23:49 42.40583 -72.53245   5     13     57  
683.0  11:23:57 42.405815 -72.53251   5     19     53  
684.0  11:24:00 42.40582 -72.53252   4     14     58  
684.0  11:24:07 42.40581 -72.53255   3     17     40  
684.0  11:24:16 42.405815 -72.53255   3     11     55  
684.0  11:24:25 42.40584 -72.53251   3     12     52  
684.0  11:24:33 42.40584 -72.53252   3     14     51  
685.0  11:25:35 42.405804 -72.53249   5     11     59  
685.0  11:25:48 42.405815 -72.53248   5     10     52  
686.0  11:26:03 42.405804 -72.53254   5     13     40  
686.0  11:26:15 42.40578 -72.53255   5     10     58  
687.0  11:27:00 42.405807 -72.532555   3     11     47  
687.0  11:27:10 42.405807 -72.53254   3     10     53  
687.0  11:27:21 42.405804 -72.53254   5     13     59  
687.0  11:27:29 42.405792 -72.53258   5     13     45  
687.0  11:27:37 42.40579 -72.532585   5     13     42  
687.0  11:27:45 42.405792 -72.53258   5     18     59  
687.0  11:27:53 42.405792 -72.532555   5     11     53  
688.0  11:28:00 42.405785 -72.532585   5     14     59  
688.0  11:28:01 42.405785 -72.532585   4     10     44  
688.0  11:28:12 42.40579 -72.53257   5     10     58  
688.0  11:28:20 42.405792 -72.532555   4     19     43  
688.0  11:28:28 42.405792 -72.53253   3     13     43  
688.0  11:28:37 42.405796 -72.532524   5     17     42  
688.0  11:28:45 42.40579 -72.53255   3     12     41  
688.0  11:28:54 42.405785 -72.53256   3     15     56  
689.0  11:29:00 42.40579 -72.53255   4     10     51  
689.0  11:29:05 42.40579 -72.53255   5     10     40  
689.0  11:29:13 42.405796 -72.5325   4     15     59  
689.0  11:29:22 42.405796 -72.5325   4     11     46  
689.0  11:29:30 42.405792 -72.53252   5     17     42  
689.0  11:29:39 42.405807 -72.53252   5     16     59  
