601.0  10:01:28 42.324924 -72.5309   4     17     43  
601.0  10:01:41 42.325115 -72.52998   4     18     44  
601.0  10:01:53 42.325127 -72.52886   5     16     51  
602.0  10:02:06 42.324394 -72.52866   3     11     56  
603.0  10:03:00 42.321915 -72.53119   5     11     53  
603.0  10:03:06 42.32192 -72.53144   4     17     49  
603.0  10:03:17 42.321724 -72.53276   5     14     59  
603.0  10:03:25 42.321754 -72.53376   4     18     48  
603.0  10:03:34 42.32178 -72.53405   4     15     54  
603.0  10:03:42 42.32163 -72.53425   3     15     52  
603.0  10:03:51 42.320942 -72.53433   4     11     47  
603.0  10:03:59 42.3208 -72.53387   5     11     54  
604.0  10:04:00 42.320908 -72.53365   3     10     41  
604.0  10:04:10 42.321102 -72.533676   5     15     58  
604.0  10:04:18 42.321163 -72.53418   3     14     52  
604.0  10:04:27 42.320824 -72.534355   3     13     40  
604.0  10:04:35 42.320576 -72.53436   4     10     43  
604.0  10:04:43 42.32039 -72.53436   4     13     44  
604.0  10:04:51 42.320366 -72.53434   4     12     50  
605.0  10:05:00 42.320248 -72.5328   3     17     50  
605.0  10:05:02 42.320255 -72.533   5     19     55  
605.0  10:05:11 42.3202 -72.531364   3     10     40  
605.0  10:05:18 42.319923 -72.52956   3     13     45  
605.0  10:05:26 42.31943 -72.52838   3     16     50  
605.0  10:05:34 42.319267 -72.528   3     17     44  
605.0  10:05:44 42.31897 -72.52833   3     12     59  
605.0  10:05:54 42.31769 -72.529594   4     10     42  
606.0  10:06:00 42.316216 -72.53025   5     11     51  
606.0  10:06:03 42.316395 -72.5302   4     18     54  
606.0  10:06:11 42.31478 -72.5307   4     12     52  
606.0  10:06:19 42.3133 -72.530785   3     10     42  
606.0  10:06:28 42.311653 -72.53025   5     19     48  
606.0  10:06:40 42.31028 -72.52977   5     11     57  
606.0  10:06:50 42.308136 -72.52995   5     14     44  
606.0  10:06:59 42.306923 -72.53074   5     18     50  
607.0  10:07:00 42.306263 -72.53032   5     11     50  
607.0  10:07:08 42.305874 -72.52968   4     11     51  
607.0  10:07:18 42.304653 -72.5282   4     13     51  
607.0  10:07:26 42.30314 -72.52755   5     15     43  
607.0  10:07:38 42.30156 -72.5279   3     12     54  
607.0  10:07:48 42.299232 -72.52932   5     14     49  
607.0  10:07:56 42.297867 -72.530525   4     10     43  
608.0  10:08:00 42.296494 -72.53114   5     18     59  
608.0  10:08:04 42.296284 -72.53117   5     12     52  
608.0  10:08:12 42.294586 -72.53125   4     10     48  
608.0  10:08:20 42.292923 -72.53167   3     15     43  
608.0  10:08:29 42.29135 -72.532745   3     16     56  
608.0  10:08:39 42.289577 -72.53426   4     17     51  
608.0  10:08:47 42.288837 -72.53651   3     18     53  
609.0  10:09:00 42.28791 -72.538284   4     13     51  
609.0  10:09:00 42.28718 -72.53961   3     17     49  
609.0  10:09:08 42.286777 -72.540695   5     11     48  
609.0  10:09:17 42.286095 -72.54244   3     18     51  
609.0  10:09:26 42.28555 -72.54455   4     15     56  
609.0  10:09:37 42.285072 -72.54705   3     18     53  
609.0  10:09:46 42.284298 -72.548965   5     10     50  
609.0  10:09:54 42.283524 -72.5509   5     19     51  
610.0  10:10:00 42.28273 -72.55284   5     10     55  
610.0  10:10:02 42.282814 -72.55262   4     10     59  
610.0  10:10:11 42.282135 -72.55436   5     10     45  
610.0  10:10:20 42.281384 -72.556274   5     17     44  
610.0  10:10:31 42.280483 -72.55854   4     18     48  
610.0  10:10:39 42.279484 -72.55952   5     17     52  
610.0  10:10:48 42.278503 -72.56038   5     12     51  
610.0  10:10:56 42.27769 -72.562195   5     11     54  
611.0  10:11:00 42.276997 -72.56367   4     10     49  
611.0  10:11:04 42.27677 -72.56406   5     10     57  
611.0  10:11:13 42.275696 -72.56486   4     18     41  
611.0  10:11:23 42.273804 -72.56514   5     19     41  
611.0  10:11:32 42.272434 -72.56553   3     12     55  
611.0  10:11:41 42.270905 -72.56583   4     16     50  
611.0  10:11:49 42.269375 -72.56608   5     11     43  
612.0  10:12:00 42.267353 -72.56729   3     12     41  
612.0  10:12:01 42.268173 -72.566696   4     14     41  
612.0  10:12:09 42.266647 -72.568   3     18     49  
612.0  10:12:22 42.266594 -72.56986   3     14     52  
612.0  10:12:31 42.26669 -72.57109   5     16     47  
612.0  10:12:39 42.26594 -72.57172   4     19     58  
612.0  10:12:48 42.264835 -72.57195   5     16     56  
612.0  10:12:56 42.263508 -72.57227   3     13     45  
613.0  10:13:00 42.26256 -72.5725   3     16     49  
613.0  10:13:05 42.2623 -72.572556   4     18     45  
613.0  10:13:15 42.261208 -72.57281   3     19     57  
613.0  10:13:23 42.260307 -72.5732   4     16     59  
613.0  10:13:32 42.25983 -72.57387   4     15     45  
613.0  10:13:41 42.259415 -72.57442   3     16     51  
613.0  10:13:49 42.25907 -72.57478   4     12     50  
613.0  10:13:58 42.25865 -72.57451   4     14     50  
614.0  10:14:00 42.258415 -72.574165   3     18     46  
614.0  10:14:09 42.258255 -72.573814   5     15     52  
614.0  10:14:17 42.258114 -72.57326   4     17     41  
614.0  10:14:26 42.258045 -72.57294   3     17     46  
614.0  10:14:34 42.258034 -72.572975   4     11     51  
614.0  10:14:43 42.25804 -72.573   3     11     52  
614.0  10:14:52 42.25793 -72.57262   4     16     41  
615.0  10:15:00 42.25769 -72.571915   4     15     54  
615.0  10:15:01 42.257767 -72.57195   4     17     54  
615.0  10:15:10 42.257404 -72.572   5     17     41  
615.0  10:15:17 42.256954 -72.57213   4     12     40  
615.0  10:15:25 42.256725 -72.57218   5     15     46  
615.0  10:15:34 42.256714 -72.572174   3     19     58  
615.0  10:15:43 42.256443 -72.572205   3     11     41  
615.0  10:15:54 42.256157 -72.572235   5     17     59  
616.0  10:16:00 42.255543 -72.57253   3     17     45  
616.0  10:16:02 42.255665 -72.572464   3     19     42  
616.0  10:16:11 42.25506 -72.57282   4     17     59  
616.0  10:16:19 42.254448 -72.57342   5     19     56  
616.0  10:16:29 42.254227 -72.574066   3     14     49  
616.0  10:16:38 42.2542 -72.5742   5     19     49  
616.0  10:16:48 42.25424 -72.5742   3     14     43  
616.0  10:16:55 42.254246 -72.574196   4     10     52  
617.0  10:17:00 42.25423 -72.57419   5     14     48  
617.0  10:17:04 42.25423 -72.57419   5     11     40  
617.0  10:17:12 42.25423 -72.57418   3     17     47  
617.0  10:17:21 42.254234 -72.57418   3     14     41  
617.0  10:17:30 42.254227 -72.57419   4     16     59  
617.0  10:17:40 42.254208 -72.57419   3     14     49  
617.0  10:17:49 42.254208 -72.574196   3     14     57  
617.0  10:17:57 42.254204 -72.5742   4     16     58  
618.0  10:18:00 42.254204 -72.57421   5     19     56  
618.0  10:18:06 42.254204 -72.57421   5     19     46  
618.0  10:18:14 42.254215 -72.57423   4     17     40  
618.0  10:18:23 42.254227 -72.57423   4     16     48  
618.0  10:18:34 42.254227 -72.574234   4     13     56  
618.0  10:18:42 42.25424 -72.57427   5     12     46  
618.0  10:18:51 42.254253 -72.5743   5     16     58  
618.0  10:18:59 42.25427 -72.574295   4     18     40  
619.0  10:19:00 42.254253 -72.57433   5     14     46  
619.0  10:19:08 42.25423 -72.57436   3     19     57  
619.0  10:19:16 42.2542 -72.57436   5     12     58  
619.0  10:19:27 42.254223 -72.57435   3     18     55  
619.0  10:19:35 42.254215 -72.57438   5     18     51  
619.0  10:19:43 42.254265 -72.57433   5     17     50  
619.0  10:19:52 42.25428 -72.57433   3     18     48  
620.0  10:20:00 42.254272 -72.57435   4     14     42  
620.0  10:20:00 42.254265 -72.57435   3     16     59  
620.0  10:20:09 42.25427 -72.57436   4     13     41  
620.0  10:20:21 42.254257 -72.57435   4     18     41  
620.0  10:20:29 42.254265 -72.57429   5     12     48  
620.0  10:20:37 42.254284 -72.57424   3     17     51  
620.0  10:20:47 42.25429 -72.57421   4     19     59  
620.0  10:20:55 42.254276 -72.574196   5     10     44  
621.0  10:21:00 42.254265 -72.57419   5     10     55  
621.0  10:21:03 42.254265 -72.57419   5     10     52  
621.0  10:21:14 42.254253 -72.57418   5     10     59  
621.0  10:21:23 42.25424 -72.57421   3     16     46  
621.0  10:21:31 42.253857 -72.57455   3     12     40  
621.0  10:21:40 42.253536 -72.574745   5     18     43  
621.0  10:21:49 42.25373 -72.57546   3     18     53  
621.0  10:21:57 42.25399 -72.57622   5     13     54  
622.0  10:22:00 42.254 -72.57633   5     15     40  
622.0  10:22:08 42.253998 -72.57632   5     17     42  
622.0  10:22:16 42.254116 -72.576645   3     11     41  
622.0  10:22:24 42.25419 -72.57712   3     13     52  
622.0  10:22:33 42.254597 -72.57707   3     12     56  
622.0  10:22:41 42.25574 -72.576645   5     14     43  
622.0  10:22:50 42.25658 -72.576324   3     19     54  
623.0  10:23:00 42.256832 -72.57622   4     12     57  
623.0  10:23:00 42.256832 -72.57622   5     13     53  
623.0  10:23:09 42.256836 -72.576225   3     11     50  
623.0  10:23:18 42.256855 -72.57618   4     17     42  
623.0  10:23:26 42.256847 -72.57616   5     14     40  
623.0  10:23:35 42.256847 -72.576164   5     16     54  
623.0  10:23:43 42.256863 -72.57618   4     13     51  
623.0  10:23:54 42.256897 -72.57622   4     14     45  
624.0  10:24:00 42.256935 -72.576164   4     13     49  
624.0  10:24:02 42.256905 -72.57619   3     13     41  
624.0  10:24:11 42.257195 -72.57603   5     13     41  
624.0  10:24:19 42.25756 -72.57589   4     15     54  
624.0  10:24:32 42.257668 -72.57587   5     17     48  
624.0  10:24:41 42.257683 -72.5759   4     13     47  
624.0  10:24:51 42.25779 -72.5759   3     17     47  
625.0  10:25:00 42.25807 -72.575806   3     18     47  
625.0  10:25:00 42.25826 -72.57572   3     13     55  
625.0  10:25:09 42.258488 -72.575485   3     16     59  
625.0  10:25:18 42.259026 -72.574875   4     16     46  
625.0  10:25:26 42.25954 -72.574265   5     15     46  
625.0  10:25:35 42.260075 -72.57357   5     16     43  
625.0  10:25:45 42.261005 -72.572784   5     13     47  
625.0  10:25:54 42.26149 -72.57266   5     14     40  
626.0  10:26:00 42.26156 -72.572624   3     18     43  
626.0  10:26:03 42.261517 -72.57263   4     16     50  
626.0  10:26:12 42.26227 -72.57248   3     11     58  
626.0  10:26:20 42.263493 -72.57219   4     13     57  
626.0  10:26:29 42.264687 -72.571915   5     14     50  
626.0  10:26:39 42.26627 -72.571556   3     17     50  
626.0  10:26:48 42.26674 -72.570786   5     15     59  
626.0  10:26:56 42.266586 -72.56945   4     18     45  
627.0  10:27:00 42.26662 -72.568115   5     12     56  
627.0  10:27:05 42.266693 -72.56797   3     18     52  
627.0  10:27:13 42.26765 -72.56704   3     16     41  
627.0  10:27:22 42.268993 -72.56621   3     18     56  
627.0  10:27:32 42.270657 -72.56584   3     17     51  
627.0  10:27:41 42.272377 -72.56549   5     19     57  
627.0  10:27:50 42.273712 -72.56511   5     11     45  
627.0  10:27:58 42.2752 -72.564865   4     15     54  
628.0  10:28:00 42.276028 -72.56459   3     19     55  
628.0  10:28:07 42.276497 -72.56427   5     17     43  
628.0  10:28:15 42.277424 -72.56282   4     19     45  
628.0  10:28:26 42.278515 -72.560555   3     12     56  
628.0  10:28:34 42.27942 -72.55944   3     11     42  
628.0  10:28:43 42.28053 -72.55853   5     10     45  
628.0  10:28:52 42.28106 -72.55703   4     19     48  
629.0  10:29:00 42.28177 -72.55522   3     12     52  
629.0  10:29:00 42.282097 -72.55439   3     10     54  
629.0  10:29:08 42.282516 -72.55336   4     17     58  
629.0  10:29:19 42.28337 -72.55124   5     13     53  
629.0  10:29:27 42.28405 -72.54956   4     11     44  
629.0  10:29:36 42.284843 -72.54765   3     11     57  
629.0  10:29:44 42.285362 -72.545845   3     18     50  
629.0  10:29:53 42.285732 -72.54371   3     10     55  
630.0  10:30:00 42.286568 -72.5412   3     11     44  
630.0  10:30:01 42.28629 -72.541855   5     10     46  
630.0  10:30:12 42.287292 -72.53941   4     15     43  
630.0  10:30:20 42.28816 -72.53785   4     17     55  
630.0  10:30:28 42.289013 -72.53615   5     15     49  
630.0  10:30:37 42.28956 -72.5344   3     15     51  
630.0  10:30:46 42.290604 -72.53317   5     14     56  
630.0  10:30:54 42.292286 -72.53211   5     10     56  
631.0  10:31:00 42.293865 -72.531265   3     17     59  
631.0  10:31:06 42.294052 -72.53122   3     18     57  
631.0  10:31:14 42.295986 -72.53112   4     10     55  
631.0  10:31:23 42.297516 -72.53083   3     19     57  
631.0  10:31:32 42.299072 -72.52973   5     11     41  
631.0  10:31:40 42.300304 -72.52883   3     19     57  
631.0  10:31:49 42.301666 -72.52792   4     18     45  
632.0  10:32:00 42.303913 -72.52772   4     12     45  
632.0  10:32:11 42.303265 -72.52759   3     14     40  
632.0  10:32:13 42.303265 -72.52759   4     14     56  
632.0  10:32:21 42.306168 -72.52989   4     12     59  
632.0  10:32:30 42.306934 -72.53075   3     16     56  
632.0  10:32:38 42.308113 -72.530556   3     10     40  
632.0  10:32:49 42.309555 -72.52955   3     13     53  
633.0  10:33:00 42.311016 -72.53003   3     19     53  
633.0  10:33:00 42.31217 -72.53041   5     16     45  
633.0  10:33:09 42.31315 -72.53075   4     12     46  
633.0  10:33:17 42.314842 -72.53074   4     19     44  
633.0  10:33:26 42.316372 -72.530205   4     10     57  
633.0  10:33:34 42.31787 -72.52948   3     13     55  
633.0  10:33:45 42.318954 -72.52838   4     13     52  
633.0  10:33:54 42.31928 -72.52796   5     15     41  
634.0  10:34:00 42.319675 -72.52883   4     11     43  
634.0  10:34:02 42.31962 -72.528694   4     14     45  
634.0  10:34:11 42.320057 -72.529945   5     18     44  
634.0  10:34:20 42.320248 -72.531715   3     11     54  
634.0  10:34:29 42.320293 -72.53349   4     13     55  
634.0  10:34:39 42.320465 -72.53443   4     11     49  
634.0  10:34:47 42.320763 -72.53433   4     12     45  
634.0  10:34:55 42.32081 -72.5343   5     11     54  
635.0  10:35:00 42.32084 -72.533905   3     17     47  
635.0  10:35:02 42.32084 -72.533966   3     12     55  
635.0  10:35:10 42.320946 -72.53363   4     14     57  
635.0  10:35:19 42.321163 -72.53373   5     10     42  
635.0  10:35:29 42.32116 -72.53399   4     14     50  
635.0  10:35:38 42.32118 -72.53417   3     19     44  
635.0  10:35:46 42.321575 -72.534225   4     18     57  
635.0  10:35:53 42.321663 -72.53425   4     14     45  
636.0  10:36:00 42.32179 -72.533936   4     14     58  
636.0  10:36:02 42.32179 -72.53409   4     10     45  
636.0  10:36:10 42.32174 -72.53313   5     14     42  
636.0  10:36:20 42.321888 -72.53196   5     10     46  
636.0  10:36:29 42.32193 -72.53098   5     13     42  
636.0  10:36:38 42.322105 -72.53004   3     15     56  
636.0  10:36:46 42.322197 -72.52985   3     14     51  
636.0  10:36:54 42.322178 -72.5299   5     12     45  
637.0  10:37:00 42.32218 -72.529884   4     18     42  
637.0  10:37:03 42.322174 -72.5299   3     11     46  
637.0  10:37:13 42.322273 -72.529655   5     17     50  
637.0  10:37:21 42.322422 -72.52928   5     14     45  
637.0  10:37:30 42.32288 -72.528595   4     11     58  
637.0  10:37:38 42.323635 -72.528404   4     12     46  
637.0  10:37:47 42.32452 -72.52869   3     17     50  
637.0  10:37:55 42.32504 -72.52872   3     14     41  
638.0  10:38:00 42.32516 -72.52908   4     14     59  
638.0  10:38:05 42.325157 -72.52921   4     10     55  
638.0  10:38:13 42.32514 -72.53032   5     14     42  
638.0  10:38:21 42.325306 -72.53084   4     13     45  
638.0  10:38:30 42.325306 -72.53099   5     15     42  
638.0  10:38:38 42.3253 -72.53102   3     13     48  
638.0  10:38:46 42.32529 -72.53102   3     18     51  
638.0  10:38:56 42.3253 -72.53098   4     19     51  
639.0  10:39:00 42.325294 -72.53097   5     12     49  
639.0  10:39:05 42.3253 -72.53097   5     14     49  
639.0  10:39:13 42.325302 -72.53097   4     19     47  
639.0  10:39:20 42.325294 -72.530975   4     15     55  
639.0  10:39:28 42.325314 -72.53099   3     15     53  
639.0  10:39:36 42.32531 -72.53101   5     15     49  
639.0  10:39:46 42.325325 -72.53101   3     17     51  
639.0  10:39:55 42.325336 -72.531   3     17     42  
640.0  10:40:00 42.325356 -72.53098   4     13     51  
640.0  10:40:03 42.32535 -72.53098   5     13     50  
640.0  10:40:11 42.32535 -72.53098   5     11     43  
640.0  10:40:20 42.32533 -72.53099   5     18     44  
640.0  10:40:28 42.325283 -72.53098   4     16     50  
640.0  10:40:38 42.325283 -72.53098   3     15     40  
640.0  10:40:46 42.325294 -72.53099   5     18     44  
640.0  10:40:55 42.32531 -72.531   4     13     50  
641.0  10:41:00 42.3253 -72.531136   3     18     46  
641.0  10:41:03 42.3253 -72.531136   3     10     55  
641.0  10:41:12 42.325024 -72.53123   4     18     42  
641.0  10:41:21 42.32497 -72.530716   5     10     55  
641.0  10:41:31 42.325138 -72.529915   5     16     44  
641.0  10:41:39 42.325127 -72.529106   3     11     58  
641.0  10:41:48 42.32513 -72.52866   3     17     43  
641.0  10:41:57 42.325115 -72.52782   4     11     47  
642.0  10:42:00 42.324745 -72.527054   5     10     40  
642.0  10:42:05 42.32466 -72.52699   4     12     52  
642.0  10:42:13 42.32378 -72.52657   4     10     49  
642.0  10:42:23 42.32333 -72.52547   3     12     55  
642.0  10:42:31 42.323315 -72.52485   3     14     40  
642.0  10:42:40 42.323666 -72.52468   3     13     40  
642.0  10:42:48 42.324677 -72.52458   4     16     45  
642.0  10:42:56 42.32619 -72.52441   3     17     42  
643.0  10:43:00 42.327454 -72.5243   5     12     48  
643.0  10:43:05 42.327644 -72.524284   3     13     58  
643.0  10:43:16 42.329853 -72.52397   3     17     51  
643.0  10:43:24 42.331394 -72.52376   4     10     47  
643.0  10:43:32 42.332676 -72.523544   3     17     55  
643.0  10:43:41 42.333225 -72.52345   5     13     50  
643.0  10:43:49 42.33321 -72.52346   4     10     58  
643.0  10:43:57 42.333252 -72.5235   5     11     49  
644.0  10:44:00 42.3339 -72.52344   5     16     43  
644.0  10:44:08 42.334606 -72.52331   5     17     51  
644.0  10:44:17 42.335793 -72.52292   3     12     50  
644.0  10:44:25 42.33689 -72.522156   3     14     52  
644.0  10:44:33 42.338097 -72.5212   5     15     43  
644.0  10:44:42 42.33922 -72.52052   4     13     49  
644.0  10:44:51 42.340313 -72.52007   5     14     54  
645.0  10:45:00 42.34071 -72.51993   3     15     43  
645.0  10:45:01 42.340717 -72.519936   4     11     50  
645.0  10:45:11 42.340714 -72.51993   5     14     46  
645.0  10:45:19 42.341618 -72.519905   4     13     58  
645.0  10:45:28 42.34289 -72.520164   3     11     48  
645.0  10:45:37 42.34421 -72.52045   4     14     49  
645.0  10:45:45 42.345734 -72.52047   4     12     53  
645.0  10:45:55 42.347107 -72.52034   5     18     51  
646.0  10:46:00 42.34741 -72.52021   3     14     43  
646.0  10:46:05 42.34741 -72.52021   4     10     58  
646.0  10:46:14 42.34738 -72.52021   5     12     59  
646.0  10:46:22 42.347767 -72.520195   4     19     43  
646.0  10:46:31 42.348804 -72.51998   5     15     45  
646.0  10:46:39 42.34992 -72.51991   3     15     54  
646.0  10:46:49 42.351345 -72.52025   4     12     40  
646.0  10:46:58 42.35252 -72.52066   4     11     50  
647.0  10:47:00 42.353443 -72.52058   4     11     43  
647.0  10:47:06 42.35391 -72.52056   5     18     56  
647.0  10:47:15 42.35493 -72.52069   3     13     56  
647.0  10:47:24 42.354996 -72.52071   5     11     44  
647.0  10:47:33 42.355186 -72.5208   3     11     49  
647.0  10:47:44 42.35554 -72.52088   5     13     58  
647.0  10:47:53 42.356308 -72.52099   5     15     48  
648.0  10:48:00 42.357887 -72.52091   5     19     42  
648.0  10:48:01 42.357574 -72.520935   4     10     54  
648.0  10:48:10 42.35888 -72.52087   3     16     53  
648.0  10:48:18 42.360455 -72.520775   3     17     54  
648.0  10:48:26 42.36179 -72.52074   4     13     59  
649.0  10:49:00 42.368 -72.52009   4     13     49  
649.0  10:49:05 42.36849 -72.520035   4     17     43  
650.0  10:50:00 42.372383 -72.518845   5     17     50  
650.0  10:50:15 42.372547 -72.518845   3     14     47  
650.0  10:50:26 42.37293 -72.518875   5     12     50  
650.0  10:50:29 42.372917 -72.51888   3     10     59  
650.0  10:50:38 42.372944 -72.51885   3     15     53  
650.0  10:50:46 42.37311 -72.51887   5     17     59  
650.0  10:50:55 42.37319 -72.5189   3     12     45  
651.0  10:51:00 42.373272 -72.51939   4     17     52  
651.0  10:51:04 42.373272 -72.51939   3     12     55  
651.0  10:51:13 42.37327 -72.51947   4     11     55  
651.0  10:51:25 42.373272 -72.51956   3     18     41  
651.0  10:51:35 42.373753 -72.51984   5     11     50  
651.0  10:51:43 42.37454 -72.5198   5     16     55  
651.0  10:51:52 42.37465 -72.519775   4     11     43  
652.0  10:52:00 42.37468 -72.51977   3     18     58  
652.0  10:52:01 42.374645 -72.51975   5     18     54  
652.0  10:52:09 42.374775 -72.5198   3     13     46  
652.0  10:52:21 42.37492 -72.51982   3     14     45  
652.0  10:52:29 42.37532 -72.51984   4     14     46  
652.0  10:52:38 42.375763 -72.51983   5     15     46  
652.0  10:52:47 42.376392 -72.51985   3     14     51  
652.0  10:52:55 42.376705 -72.519875   5     16     48  
653.0  10:53:00 42.376747 -72.51988   3     12     40  
653.0  10:53:04 42.376747 -72.51988   5     11     57  
653.0  10:53:14 42.377296 -72.51989   4     15     42  
653.0  10:53:23 42.377445 -72.51986   4     11     56  
653.0  10:53:31 42.377483 -72.51985   3     15     58  
653.0  10:53:40 42.377518 -72.51985   4     14     58  
653.0  10:53:48 42.3775 -72.51984   5     18     42  
653.0  10:53:57 42.377476 -72.51981   4     16     57  
654.0  10:54:00 42.377632 -72.519875   5     15     47  
654.0  10:54:07 42.37776 -72.51988   3     11     55  
654.0  10:54:16 42.378246 -72.519905   5     11     55  
654.0  10:54:25 42.379158 -72.51981   3     10     49  
654.0  10:54:34 42.379726 -72.51955   3     17     46  
654.0  10:54:43 42.37982 -72.519516   3     16     48  
654.0  10:54:51 42.379826 -72.5195   4     17     52  
655.0  10:55:00 42.380013 -72.51947   5     16     46  
655.0  10:55:02 42.379875 -72.51949   5     13     46  
655.0  10:55:10 42.38055 -72.519356   5     12     50  
655.0  10:55:18 42.38134 -72.519295   3     10     45  
655.0  10:55:27 42.382057 -72.519844   5     15     41  
655.0  10:55:35 42.382896 -72.52046   3     16     48  
655.0  10:55:44 42.38383 -72.521   4     10     48  
655.0  10:55:55 42.38504 -72.52169   4     15     57  
656.0  10:56:00 42.38588 -72.52222   5     18     46  
656.0  10:56:04 42.38588 -72.52222   5     11     53  
656.0  10:56:13 42.385937 -72.52233   3     18     55  
656.0  10:56:23 42.385937 -72.5223   5     13     53  
656.0  10:56:32 42.385925 -72.5223   4     18     45  
656.0  10:56:39 42.38592 -72.5223   5     13     57  
656.0  10:56:50 42.3861 -72.522896   4     15     54  
656.0  10:56:59 42.385956 -72.524   3     14     49  
657.0  10:57:00 42.385803 -72.52462   4     10     40  
657.0  10:57:07 42.385708 -72.52498   5     16     57  
657.0  10:57:16 42.38597 -72.5253   5     10     45  
657.0  10:57:25 42.386585 -72.52559   4     13     53  
657.0  10:57:34 42.387215 -72.5259   4     11     42  
657.0  10:57:45 42.387207 -72.52645   3     10     46  
657.0  10:57:54 42.387142 -72.526474   4     12     46  
658.0  10:58:00 42.387127 -72.52648   3     16     57  
658.0  10:58:02 42.38713 -72.526474   5     14     46  
658.0  10:58:11 42.387127 -72.526474   5     10     45  
658.0  10:58:20 42.38714 -72.52647   5     10     45  
658.0  10:58:28 42.38711 -72.526436   3     13     56  
658.0  10:58:39 42.387108 -72.52646   4     14     55  
658.0  10:58:48 42.387115 -72.52647   3     17     54  
658.0  10:58:57 42.38711 -72.526505   5     18     52  
659.0  10:59:00 42.38711 -72.52651   3     17     56  
659.0  10:59:05 42.38711 -72.52651   4     10     43  
659.0  10:59:14 42.387104 -72.52653   5     13     53  
659.0  10:59:22 42.387096 -72.526535   5     12     42  
659.0  10:59:33 42.387093 -72.52654   3     14     55  
659.0  10:59:41 42.38707 -72.52658   4     17     43  
659.0  10:59:49 42.387062 -72.5266   5     13     48  
659.0  10:59:58 42.387066 -72.5266   4     13     54  
660.0  11:00:00 42.387074 -72.5266   4     15     55  
660.0  11:00:06 42.387085 -72.526596   4     17     58  
660.0  11:00:15 42.38711 -72.5266   4     13     47  
660.0  11:00:25 42.38709 -72.52663   3     14     44  
660.0  11:00:34 42.387047 -72.52663   5     17     44  
660.0  11:00:43 42.387024 -72.52665   4     11     46  
660.0  11:00:51 42.38706 -72.5266   3     19     58  
660.0  11:00:59 42.38706 -72.52663   4     13     57  
661.0  11:01:00 42.387062 -72.52661   5     18     51  
661.0  11:01:08 42.38707 -72.5266   3     11     59  
661.0  11:01:18 42.38707 -72.526566   5     18     41  
661.0  11:01:27 42.38689 -72.52647   3     11     52  
661.0  11:01:36 42.38644 -72.526245   4     12     41  
661.0  11:01:45 42.385868 -72.526024   4     12     45  
661.0  11:01:53 42.385532 -72.52591   3     13     47  
662.0  11:02:00 42.385353 -72.52583   5     14     57  
662.0  11:02:02 42.385418 -72.52586   5     12     40  
662.0  11:02:12 42.385246 -72.52551   3     14     50  
662.0  11:02:20 42.3855 -72.52458   4     14     56  
662.0  11:02:29 42.385666 -72.52396   4     15     43  
662.0  11:02:37 42.385864 -72.523155   3     15     43  
662.0  11:02:46 42.385887 -72.52294   5     14     54  
662.0  11:02:55 42.38587 -72.52272   4     11     51  
663.0  11:03:00 42.38544 -72.52189   5     10     51  
663.0  11:03:06 42.385357 -72.521835   5     12     45  
663.0  11:03:15 42.38441 -72.52134   4     12     49  
663.0  11:03:24 42.383617 -72.520905   5     11     48  
663.0  11:03:32 42.38276 -72.5204   4     17     55  
663.0  11:03:41 42.38196 -72.519844   4     11     51  
663.0  11:03:49 42.381596 -72.519424   4     19     50  
664.0  11:04:00 42.38159 -72.51956   3     12     44  
664.0  11:04:00 42.381588 -72.519585   4     13     47  
664.0  11:04:08 42.38159 -72.519585   5     11     57  
664.0  11:04:16 42.38159 -72.51958   4     19     49  
664.0  11:04:24 42.381607 -72.519516   4     10     59  
664.0  11:04:32 42.38153 -72.51938   3     18     49  
664.0  11:04:41 42.38087 -72.5194   4     16     47  
664.0  11:04:51 42.37986 -72.51956   5     11     53  
665.0  11:05:00 42.379063 -72.5199   5     10     44  
665.0  11:05:00 42.378727 -72.51997   5     14     49  
665.0  11:05:08 42.37845 -72.51998   4     12     47  
665.0  11:05:17 42.377964 -72.52003   4     18     43  
665.0  11:05:26 42.377834 -72.52002   4     18     53  
665.0  11:05:34 42.377808 -72.52005   4     18     49  
665.0  11:05:44 42.37777 -72.51996   3     18     54  
665.0  11:05:53 42.37721 -72.51992   5     14     44  
666.0  11:06:00 42.37689 -72.51992   5     12     41  
666.0  11:06:02 42.37688 -72.51991   3     14     41  
666.0  11:06:11 42.376694 -72.51993   3     17     42  
666.0  11:06:19 42.376297 -72.51993   4     16     42  
666.0  11:06:29 42.376293 -72.51992   3     12     51  
666.0  11:06:40 42.376152 -72.51992   3     13     52  
666.0  11:06:49 42.37569 -72.51991   3     12     54  
666.0  11:06:57 42.375202 -72.51986   3     10     56  
667.0  11:07:00 42.374767 -72.51985   5     13     52  
667.0  11:07:06 42.374653 -72.51985   5     10     55  
667.0  11:07:15 42.374413 -72.51991   3     18     59  
667.0  11:07:23 42.374397 -72.51996   3     17     48  
667.0  11:07:34 42.374386 -72.51996   5     15     49  
667.0  11:07:43 42.373943 -72.51989   3     15     51  
667.0  11:07:51 42.37344 -72.519875   4     15     51  
668.0  11:08:00 42.37334 -72.51989   5     16     48  
668.0  11:08:00 42.37315 -72.51989   4     10     53  
668.0  11:08:09 42.37282 -72.51985   5     17     48  
668.0  11:08:17 42.37227 -72.51979   3     17     49  
668.0  11:08:28 42.372143 -72.51938   3     15     48  
668.0  11:08:36 42.37205 -72.51893   4     10     50  
668.0  11:08:45 42.37236 -72.518814   4     12     41  
668.0  11:08:53 42.37278 -72.51885   3     16     53  
669.0  11:09:00 42.37298 -72.518875   3     15     53  
669.0  11:09:02 42.37295 -72.51887   3     13     46  
669.0  11:09:11 42.373 -72.51886   3     13     40  
669.0  11:09:21 42.37288 -72.518845   4     14     43  
669.0  11:09:30 42.372833 -72.518814   4     18     43  
669.0  11:09:39 42.37282 -72.51879   3     11     58  
669.0  11:09:48 42.372856 -72.51882   5     15     54  
669.0  11:09:56 42.37287 -72.51876   5     11     57  
670.0  11:10:00 42.372913 -72.51879   4     13     41  
670.0  11:10:05 42.372913 -72.51879   3     11     48  
670.0  11:10:15 42.372936 -72.518745   5     14     42  
670.0  11:10:25 42.37292 -72.51871   4     16     47  
670.0  11:10:33 42.3729 -72.51876   5     18     50  
670.0  11:10:42 42.372902 -72.51875   5     14     44  
670.0  11:10:51 42.372925 -72.518745   5     15     41  
671.0  11:11:00 42.37297 -72.51874   3     16     47  
671.0  11:11:00 42.37299 -72.518745   3     16     41  
671.0  11:11:11 42.373104 -72.51882   3     18     53  
671.0  11:11:19 42.373146 -72.5189   5     16     51  
671.0  11:11:28 42.37313 -72.51895   3     19     48  
671.0  11:11:37 42.373127 -72.51896   3     14     55  
671.0  11:11:46 42.373123 -72.51897   4     11     54  
671.0  11:11:55 42.37312 -72.51897   4     11     45  
672.0  11:12:00 42.37311 -72.51894   3     12     51  
672.0  11:12:05 42.37315 -72.51895   4     13     50  
672.0  11:12:14 42.37322 -72.519424   4     18     48  
672.0  11:12:23 42.37322 -72.51965   3     13     56  
672.0  11:12:31 42.373165 -72.51964   4     19     40  
672.0  11:12:40 42.373123 -72.5196   3     13     59  
672.0  11:12:49 42.37311 -72.519585   4     18     44  
673.0  11:13:00 42.3731 -72.51956   3     14     47  
673.0  11:13:00 42.3731 -72.519554   5     14     48  
673.0  11:13:09 42.3731 -72.51975   3     11     59  
673.0  11:13:17 42.372555 -72.51986   3     18     44  
673.0  11:13:26 42.37165 -72.5198   3     16     48  
673.0  11:13:35 42.37029 -72.519875   5     11     51  
673.0  11:13:43 42.368782 -72.52007   3     13     53  
673.0  11:13:54 42.367123 -72.52025   4     14     47  
674.0  11:14:00 42.365417 -72.52049   3     19     54  
674.0  11:14:03 42.365417 -72.52049   3     18     42  
674.0  11:14:12 42.36387 -72.5208   4     14     44  
674.0  11:14:21 42.362694 -72.52083   4     16     44  
674.0  11:14:29 42.361366 -72.52084   3     15     51  
674.0  11:14:37 42.36005 -72.52086   4     16     56  
674.0  11:14:48 42.3584 -72.52095   4     19     41  
674.0  11:14:57 42.356937 -72.52106   5     12     53  
675.0  11:15:00 42.35589 -72.521   3     10     45  
675.0  11:15:06 42.355625 -72.520935   5     18     55  
675.0  11:15:14 42.35499 -72.52078   5     15     59  
675.0  11:15:25 42.35505 -72.5208   5     14     58  
675.0  11:15:35 42.354816 -72.52072   5     19     49  
675.0  11:15:45 42.353527 -72.52055   4     18     42  
675.0  11:15:53 42.352287 -72.52062   4     13     53  
676.0  11:16:00 42.35097 -72.52011   5     10     52  
676.0  11:16:02 42.351227 -72.52024   4     12     49  
676.0  11:16:11 42.349983 -72.51992   4     18     54  
676.0  11:16:19 42.348766 -72.51997   5     19     42  
676.0  11:16:28 42.34734 -72.52026   4     10     41  
676.0  11:16:38 42.345795 -72.5205   5     12     59  
676.0  11:16:47 42.344925 -72.52052   4     14     40  
676.0  11:16:56 42.344807 -72.520515   4     10     57  
677.0  11:17:00 42.344677 -72.520515   4     17     54  
677.0  11:17:04 42.344677 -72.520515   4     14     52  
677.0  11:17:12 42.343998 -72.52052   3     10     44  
677.0  11:17:20 42.342663 -72.52017   4     14     41  
677.0  11:17:30 42.341236 -72.51994   4     12     44  
677.0  11:17:38 42.340473 -72.52009   4     18     59  
677.0  11:17:47 42.340294 -72.520164   3     19     58  
677.0  11:17:55 42.34032 -72.520164   5     14     53  
678.0  11:18:00 42.340004 -72.52023   4     15     46  
678.0  11:18:04 42.340004 -72.52023   3     10     56  
678.0  11:18:13 42.33908 -72.52067   3     18     57  
678.0  11:18:23 42.3377 -72.52153   4     10     54  
678.0  11:18:32 42.336517 -72.522484   5     12     50  
678.0  11:18:40 42.335346 -72.52315   4     12     50  
678.0  11:18:49 42.333897 -72.5235   4     16     41  
678.0  11:18:57 42.332455 -72.52361   5     10     49  
679.0  11:19:00 42.331135 -72.52388   4     13     55  
679.0  11:19:05 42.330746 -72.52393   3     18     59  
679.0  11:19:15 42.328804 -72.52423   3     13     59  
679.0  11:19:24 42.327312 -72.52443   4     15     44  
679.0  11:19:33 42.325714 -72.52453   4     13     42  
679.0  11:19:41 42.32422 -72.52472   5     11     42  
679.0  11:19:50 42.32339 -72.52481   3     14     47  
679.0  11:19:58 42.32329 -72.52509   4     16     52  
680.0  11:20:00 42.323322 -72.52559   4     13     40  
680.0  11:20:08 42.323395 -72.52603   3     11     49  
680.0  11:20:17 42.32375 -72.52664   5     19     56  
680.0  11:20:26 42.324352 -72.52696   4     19     40  
680.0  11:20:34 42.324917 -72.52734   5     16     43  
680.0  11:20:43 42.325153 -72.527954   4     15     52  
680.0  11:20:51 42.325153 -72.52855   5     18     54  
681.0  11:21:00 42.325165 -72.529236   3     12     40  
681.0  11:21:02 42.32516 -72.52907   5     13     41  
681.0  11:21:11 42.325138 -72.52983   5     14     44  
681.0  11:21:19 42.32519 -72.53046   3     15     59  
681.0  11:21:28 42.325302 -72.53094   3     15     59  
681.0  11:21:37 42.32526 -72.53111   3     10     44  
681.0  11:21:45 42.32523 -72.53111   3     18     49  
681.0  11:21:56 42.32526 -72.53112   5     13     47  
682.0  11:22:00 42.32527 -72.53106   3     10     43  
682.0  11:22:05 42.32527 -72.53105   4     19     43  
682.0  11:22:13 42.325264 -72.531006   3     12     40  
682.0  11:22:25 42.325264 -72.53101   4     11     47  
682.0  11:22:34 42.32527 -72.531044   4     19     45  
682.0  11:22:43 42.325283 -72.53107   5     16     59  
682.0  11:22:53 42.325306 -72.53109   4     16     55  
683.0  11:23:00 42.32532 -72.53111   3     15     49  
683.0  11:23:02 42.325317 -72.53111   3     17     53  
683.0  11:23:10 42.325336 -72.531105   5     12     56  
683.0  11:23:19 42.32535 -72.53109   4     14     59  
683.0  11:23:28 42.32535 -72.53109   3     18     44  
683.0  11:23:36 42.325344 -72.53111   3     18     52  
683.0  11:23:47 42.325333 -72.53112   3     11     45  
683.0  11:23:55 42.325333 -72.5311   3     13     44  
684.0  11:24:00 42.32532 -72.531105   5     19     52  
684.0  11:24:04 42.32532 -72.531105   4     10     56  
684.0  11:24:12 42.32531 -72.53111   4     19     53  
684.0  11:24:21 42.325302 -72.53112   3     19     40  
684.0  11:24:29 42.325317 -72.53112   3     19     43  
684.0  11:24:40 42.32532 -72.5311   5     12     41  
684.0  11:24:48 42.325325 -72.531075   4     13     58  
684.0  11:24:57 42.32534 -72.53104   5     13     51  
685.0  11:25:00 42.32533 -72.53107   5     10     58  
685.0  11:25:05 42.325325 -72.531075   5     17     59  
685.0  11:25:14 42.325317 -72.53111   4     15     46  
685.0  11:25:22 42.3253 -72.531105   3     18     46  
685.0  11:25:32 42.32533 -72.53107   4     14     44  
685.0  11:25:40 42.32534 -72.53107   4     16     55  
685.0  11:25:48 42.325363 -72.53105   5     19     55  
685.0  11:25:56 42.325367 -72.53098   3     13     46  
686.0  11:26:00 42.325344 -72.53094   3     12     54  
686.0  11:26:03 42.325344 -72.53094   3     13     40  
686.0  11:26:11 42.325333 -72.53093   4     13     56  
686.0  11:26:19 42.325333 -72.53096   5     18     43  
686.0  11:26:29 42.325302 -72.53092   4     14     43  
686.0  11:26:38 42.32526 -72.530876   3     18     51  
690.0  11:30:57 42.3253 -72.531006   3     15     42  
691.0  11:31:09 42.32519 -72.53118   4     16     46  
691.0  11:31:22 42.32498 -72.53088   5     15     46  
691.0  11:31:34 42.32513 -72.530266   5     15     51  
692.0  11:32:35 42.322994 -72.528534   3     11     51  
692.0  11:32:45 42.32254 -72.52894   3     11     58  
692.0  11:32:53 42.322254 -72.52959   5     19     52  
693.0  11:33:00 42.32217 -72.52987   5     18     44  
693.0  11:33:01 42.322174 -72.52984   3     14     57  
693.0  11:33:10 42.322132 -72.53   4     15     44  
693.0  11:33:19 42.322117 -72.530106   5     11     41  
693.0  11:33:27 42.321983 -72.530495   4     14     52  
693.0  11:33:37 42.321884 -72.531296   3     17     41  
693.0  11:33:45 42.321823 -72.53198   3     11     53  
693.0  11:33:54 42.321693 -72.53271   3     16     59  
694.0  11:34:00 42.32171 -72.5336   3     10     43  
694.0  11:34:02 42.3217 -72.533516   5     19     54  
694.0  11:34:10 42.321743 -72.534134   3     10     48  
694.0  11:34:18 42.321484 -72.53426   3     19     48  
694.0  11:34:29 42.320915 -72.534325   5     12     58  
694.0  11:34:37 42.320816 -72.533905   4     12     56  
694.0  11:34:46 42.320942 -72.53364   3     10     40  
694.0  11:34:54 42.321163 -72.53379   4     13     44  
695.0  11:35:00 42.321163 -72.53418   3     13     44  
695.0  11:35:03 42.321167 -72.534164   5     18     44  
695.0  11:35:12 42.320934 -72.53437   3     14     57  
695.0  11:35:22 42.320374 -72.534386   5     18     59  
695.0  11:35:30 42.32027 -72.53417   3     18     58  
695.0  11:35:38 42.320244 -72.533195   5     10     42  
695.0  11:35:47 42.320213 -72.531555   5     17     46  
695.0  11:35:54 42.320095 -72.53009   4     15     41  
696.0  11:36:00 42.319664 -72.52893   5     16     43  
696.0  11:36:03 42.319714 -72.529045   5     12     51  
696.0  11:36:13 42.31953 -72.52864   5     14     54  
696.0  11:36:22 42.31951 -72.52866   5     18     45  
696.0  11:36:31 42.319355 -72.5282   3     17     59  
696.0  11:36:39 42.31919 -72.528015   3     17     48  
696.0  11:36:48 42.318813 -72.528496   5     19     48  
696.0  11:36:56 42.31802 -72.52928   4     13     51  
697.0  11:37:00 42.317265 -72.52988   5     14     42  
697.0  11:37:06 42.316727 -72.53009   3     11     56  
697.0  11:37:15 42.315647 -72.53045   4     11     56  
697.0  11:37:23 42.31425 -72.53087   3     17     59  
697.0  11:37:31 42.31293 -72.53071   4     11     42  
697.0  11:37:39 42.311676 -72.53024   5     13     44  
697.0  11:37:47 42.31055 -72.52984   4     17     57  
698.0  11:38:00 42.308872 -72.52957   4     13     57  
698.0  11:38:00 42.308533 -72.52973   3     18     58  
698.0  11:38:08 42.308 -72.53024   4     13     43  
698.0  11:38:16 42.30715 -72.53078   5     11     46  
698.0  11:38:24 42.30643 -72.53032   5     12     49  
698.0  11:38:32 42.30575 -72.52937   3     15     40  
698.0  11:38:42 42.304802 -72.52829   4     11     54  
698.0  11:38:53 42.303326 -72.527626   4     12     45  
699.0  11:39:00 42.30172 -72.527916   5     18     55  
699.0  11:39:05 42.302025 -72.52783   4     19     41  
699.0  11:39:13 42.300205 -72.528915   4     16     44  
699.0  11:39:22 42.29875 -72.53003   5     10     51  
699.0  11:39:31 42.296993 -72.53113   3     17     59  
699.0  11:39:40 42.29517 -72.53129   4     16     48  
699.0  11:39:50 42.293205 -72.53157   4     18     41  
699.0  11:39:58 42.2919 -72.53241   4     14     42  
700.0  11:40:00 42.29108 -72.53293   4     12     44  
700.0  11:40:06 42.290573 -72.53323   3     12     40  
700.0  11:40:15 42.28949 -72.53445   5     19     46  
700.0  11:40:23 42.288902 -72.53629   4     19     58  
700.0  11:40:32 42.288277 -72.53781   4     12     51  
700.0  11:40:42 42.28713 -72.539764   5     10     58  
700.0  11:40:51 42.286522 -72.54133   4     11     56  
700.0  11:40:59 42.2859 -72.54304   5     16     41  
701.0  11:41:00 42.2857 -72.54384   4     13     42  
701.0  11:41:08 42.28552 -72.54466   4     19     51  
701.0  11:41:16 42.2852 -72.54651   5     19     46  
701.0  11:41:25 42.284683 -72.54801   5     11     55  
701.0  11:41:36 42.28387 -72.550026   4     13     45  
701.0  11:41:44 42.28323 -72.55172   3     10     48  
701.0  11:41:53 42.282635 -72.553154   5     17     47  
702.0  11:42:00 42.281857 -72.55512   3     11     59  
702.0  11:42:01 42.28199 -72.55476   3     13     59  
702.0  11:42:10 42.28144 -72.55622   5     13     43  
702.0  11:42:19 42.280773 -72.557884   4     16     47  
702.0  11:42:29 42.280087 -72.55921   4     19     47  
702.0  11:42:38 42.279068 -72.55979   4     18     55  
702.0  11:42:47 42.278324 -72.56094   5     17     49  
702.0  11:42:55 42.277554 -72.56255   4     16     54  
703.0  11:43:00 42.27686 -72.563866   5     12     49  
703.0  11:43:03 42.27686 -72.563866   3     17     59  
703.0  11:43:12 42.27588 -72.56474   4     19     56  
703.0  11:43:23 42.27429 -72.56507   3     17     57  
703.0  11:43:32 42.272915 -72.56538   4     10     49  
703.0  11:43:40 42.271595 -72.56569   3     13     58  
703.0  11:43:49 42.270424 -72.56589   3     12     53  
703.0  11:43:57 42.269825 -72.566025   5     18     41  
704.0  11:44:00 42.269783 -72.56608   3     17     58  
704.0  11:44:06 42.269787 -72.566086   5     19     56  
704.0  11:44:17 42.269527 -72.566124   5     12     42  
704.0  11:44:25 42.268764 -72.5664   4     16     56  
704.0  11:44:36 42.2677 -72.56705   4     11     50  
704.0  11:44:44 42.266712 -72.56795   4     10     41  
704.0  11:44:52 42.266502 -72.568886   4     11     41  
705.0  11:45:00 42.26667 -72.57059   5     10     43  
705.0  11:45:01 42.266647 -72.570305   3     18     57  
705.0  11:45:12 42.26653 -72.57154   3     17     53  
705.0  11:45:20 42.265717 -72.57178   4     13     47  
705.0  11:45:28 42.264534 -72.57202   4     10     42  
705.0  11:45:37 42.263397 -72.572296   3     19     54  
705.0  11:45:47 42.262184 -72.57259   3     13     51  
705.0  11:45:56 42.261456 -72.57277   5     13     43  
706.0  11:46:00 42.2615 -72.57278   4     12     43  
706.0  11:46:07 42.2615 -72.572754   4     14     44  
706.0  11:46:16 42.26105 -72.57284   5     12     53  
706.0  11:46:24 42.260162 -72.573456   5     16     49  
706.0  11:46:33 42.259506 -72.574356   3     19     52  
706.0  11:46:41 42.259262 -72.57472   4     11     46  
706.0  11:46:50 42.259266 -72.57473   4     19     42  
707.0  11:47:00 42.259216 -72.57469   4     16     48  
707.0  11:47:01 42.25922 -72.57469   5     18     40  
707.0  11:47:09 42.25922 -72.57465   3     15     54  
707.0  11:47:17 42.259235 -72.57464   4     12     49  
707.0  11:47:25 42.25915 -72.5747   3     16     44  
707.0  11:47:33 42.25906 -72.57487   5     10     42  
707.0  11:47:42 42.25878 -72.574615   4     12     48  
707.0  11:47:52 42.25834 -72.57398   3     16     54  
708.0  11:48:00 42.25811 -72.5733   4     17     52  
708.0  11:48:00 42.25804 -72.57312   4     19     58  
708.0  11:48:09 42.258034 -72.57297   4     11     46  
708.0  11:48:18 42.25806 -72.57298   5     18     46  
708.0  11:48:27 42.258045 -72.57286   3     15     59  
708.0  11:48:35 42.257908 -72.57209   5     15     45  
708.0  11:48:46 42.257866 -72.57197   3     18     54  
708.0  11:48:55 42.257633 -72.57185   4     19     46  
709.0  11:49:00 42.257053 -72.572075   5     14     53  
709.0  11:49:05 42.257053 -72.572075   5     13     48  
709.0  11:49:14 42.2564 -72.5722   5     11     54  
709.0  11:49:23 42.256218 -72.572235   5     12     40  
709.0  11:49:31 42.25579 -72.57244   3     11     44  
709.0  11:49:42 42.25511 -72.57285   5     18     45  
709.0  11:49:50 42.254543 -72.57334   3     12     54  
709.0  11:49:59 42.254246 -72.57392   5     14     51  
710.0  11:50:00 42.25423 -72.57409   5     14     47  
710.0  11:50:08 42.25418 -72.57418   5     10     40  
710.0  11:50:17 42.254208 -72.57425   4     17     45  
710.0  11:50:25 42.254204 -72.574265   5     18     53  
710.0  11:50:36 42.254177 -72.57428   3     10     50  
710.0  11:50:44 42.25418 -72.57432   3     17     48  
710.0  11:50:52 42.25421 -72.5743   3     16     48  
710.0  11:50:59 42.254253 -72.574265   4     17     58  
711.0  11:51:00 42.254257 -72.57426   3     10     40  
711.0  11:51:08 42.254242 -72.57424   3     11     40  
711.0  11:51:17 42.254063 -72.57444   4     13     56  
711.0  11:51:27 42.253532 -72.57474   4     15     49  
711.0  11:51:37 42.253666 -72.575294   4     18     50  
711.0  11:51:45 42.253944 -72.57605   3     17     40  
711.0  11:51:53 42.254025 -72.57633   5     13     44  
712.0  11:52:00 42.254032 -72.57633   4     10     56  
712.0  11:52:02 42.254032 -72.57633   3     13     41  
712.0  11:52:10 42.25402 -72.57634   4     10     47  
712.0  11:52:21 42.254 -72.576355   4     16     51  
712.0  11:52:30 42.254 -72.57632   4     18     54  
712.0  11:52:38 42.254013 -72.57627   5     12     42  
712.0  11:52:47 42.254044 -72.57645   3     18     40  
712.0  11:52:59 42.254196 -72.5771   3     18     42  
713.0  11:53:00 42.25431 -72.57719   4     19     47  
713.0  11:53:08 42.2546 -72.57708   4     18     48  
713.0  11:53:19 42.255573 -72.5767   4     11     59  
713.0  11:53:28 42.25621 -72.57649   5     12     43  
713.0  11:53:36 42.256496 -72.57641   3     15     56  
713.0  11:53:45 42.256683 -72.57633   4     17     47  
713.0  11:53:53 42.257008 -72.57619   4     19     50  
714.0  11:54:00 42.25736 -72.576035   4     11     58  
714.0  11:54:02 42.25732 -72.57605   3     16     41  
714.0  11:54:12 42.257618 -72.57592   3     14     56  
714.0  11:54:22 42.257668 -72.57592   5     17     42  
714.0  11:54:31 42.25766 -72.57596   3     11     47  
714.0  11:54:39 42.25764 -72.57597   3     16     50  
714.0  11:54:47 42.257645 -72.576004   3     17     41  
714.0  11:54:56 42.25785 -72.57596   5     16     48  
715.0  11:55:00 42.25821 -72.57582   4     16     55  
715.0  11:55:07 42.25832 -72.57573   3     18     57  
715.0  11:55:16 42.25871 -72.57523   4     10     59  
715.0  11:55:25 42.25884 -72.575134   3     16     45  
715.0  11:55:33 42.258823 -72.575134   3     12     57  
715.0  11:55:42 42.25888 -72.575035   5     12     52  
715.0  11:55:51 42.259407 -72.57445   3     16     48  
716.0  11:56:00 42.26044 -72.57305   5     14     48  
716.0  11:56:02 42.26027 -72.57325   5     13     40  
716.0  11:56:10 42.26117 -72.57275   4     16     48  
716.0  11:56:18 42.262165 -72.57254   3     10     57  
716.0  11:56:26 42.263245 -72.57225   3     13     51  
716.0  11:56:34 42.26431 -72.57199   3     18     57  
716.0  11:56:43 42.265347 -72.571724   3     14     49  
716.0  11:56:57 42.266735 -72.57116   3     12     48  
717.0  11:57:00 42.26673 -72.57045   4     18     48  
717.0  11:57:05 42.266724 -72.57021   5     15     51  
717.0  11:57:14 42.266605 -72.56906   5     19     42  
717.0  11:57:22 42.2668 -72.56787   5     16     43  
717.0  11:57:31 42.2675 -72.56703   5     11     51  
717.0  11:57:39 42.268772 -72.566185   4     11     50  
717.0  11:57:53 42.27038 -72.56582   5     17     54  
718.0  11:58:00 42.272568 -72.565384   4     17     50  
718.0  11:58:02 42.272263 -72.56547   3     16     43  
718.0  11:58:10 42.273636 -72.565056   3     16     42  
718.0  11:58:18 42.27487 -72.56489   5     14     40  
718.0  11:58:27 42.276104 -72.56463   5     18     43  
718.0  11:58:36 42.277225 -72.56337   3     18     46  
718.0  11:58:46 42.27833 -72.56157   5     19     45  
718.0  11:58:55 42.278786 -72.560394   4     17     41  
719.0  11:59:00 42.27939 -72.55945   5     12     50  
719.0  11:59:04 42.27939 -72.55945   4     14     54  
719.0  11:59:13 42.28026 -72.55888   3     17     45  
719.0  11:59:21 42.280876 -72.5577   3     12     45  
719.0  11:59:29 42.28149 -72.556   4     14     50  
719.0  11:59:39 42.28227 -72.5541   3     11     53  
719.0  11:59:48 42.282887 -72.55254   4     16     54  
719.0  11:59:56 42.283592 -72.55075   4     18     44  
720.0  12:00:00 42.28414 -72.549355   3     12     55  
720.0  12:00:05 42.28422 -72.549164   3     17     57  
720.0  12:00:13 42.28485 -72.547615   3     10     44  
720.0  12:00:22 42.285378 -72.54581   5     12     54  
720.0  12:00:32 42.285767 -72.54361   3     17     45  
720.0  12:00:40 42.286316 -72.54179   5     18     48  
720.0  12:00:48 42.28697 -72.54022   4     10     46  
720.0  12:00:57 42.2876 -72.5387   3     18     58  
