600.0  10:00:08 42.293972 -72.531235   4     10     52  
600.0  10:00:16 42.295734 -72.53119   3     18     46  
600.0  10:00:26 42.297733 -72.53079   5     15     55  
600.0  10:00:35 42.299232 -72.52961   3     12     58  
600.0  10:00:44 42.300697 -72.52854   5     15     50  
600.0  10:00:53 42.302128 -72.52761   3     14     47  
601.0  10:01:20 42.30364 -72.52763   3     10     47  
601.0  10:01:30 42.306805 -72.530594   4     17     57  
601.0  10:01:39 42.307953 -72.53048   4     18     57  
601.0  10:01:48 42.308952 -72.52946   3     17     44  
601.0  10:01:57 42.310165 -72.52967   3     13     51  
602.0  10:02:05 42.311657 -72.53024   5     14     49  
602.0  10:02:14 42.313057 -72.5308   3     19     40  
602.0  10:02:24 42.315117 -72.530655   5     11     53  
602.0  10:02:38 42.316715 -72.530075   5     14     53  
602.0  10:02:46 42.318417 -72.528915   5     11     48  
602.0  10:02:55 42.31899 -72.52833   5     16     52  
603.0  10:03:04 42.319183 -72.52795   5     15     51  
603.0  10:03:14 42.31941 -72.52816   3     14     49  
603.0  10:03:23 42.319675 -72.528824   3     13     55  
603.0  10:03:32 42.31968 -72.52886   4     16     46  
603.0  10:03:40 42.319687 -72.52887   5     12     51  
603.0  10:03:49 42.319725 -72.52894   5     17     59  
603.0  10:03:57 42.320076 -72.52994   5     15     45  
604.0  10:04:07 42.32028 -72.53164   3     17     59  
604.0  10:04:16 42.320293 -72.53306   5     11     50  
604.0  10:04:24 42.320335 -72.534225   4     19     48  
604.0  10:04:33 42.32065 -72.53438   4     18     54  
604.0  10:04:41 42.320854 -72.53411   4     18     43  
604.0  10:04:50 42.32104 -72.53362   5     16     51  
605.0  10:05:02 42.32111 -72.53362   4     19     51  
605.0  10:05:10 42.321198 -72.5341   4     13     51  
605.0  10:05:18 42.321236 -72.53427   4     16     49  
605.0  10:05:26 42.321667 -72.53424   3     12     52  
605.0  10:05:34 42.321785 -72.53395   4     16     53  
605.0  10:05:44 42.321728 -72.532814   5     12     56  
605.0  10:05:54 42.321926 -72.53099   3     17     54  
606.0  10:06:03 42.322105 -72.52996   5     11     48  
606.0  10:06:10 42.322174 -72.52977   4     19     59  
606.0  10:06:19 42.322243 -72.52962   3     10     51  
606.0  10:06:27 42.32246 -72.529106   4     14     50  
606.0  10:06:34 42.323185 -72.528275   5     13     53  
606.0  10:06:45 42.32469 -72.52864   3     12     45  
606.0  10:06:53 42.325115 -72.528725   4     13     44  
607.0  10:07:02 42.325157 -72.52955   3     18     54  
607.0  10:07:10 42.325245 -72.53063   5     12     41  
607.0  10:07:18 42.325287 -72.53085   5     18     51  
607.0  10:07:26 42.325314 -72.53082   5     19     56  
607.0  10:07:37 42.325302 -72.53079   3     16     50  
607.0  10:07:45 42.3253 -72.53079   3     18     44  
607.0  10:07:54 42.325294 -72.53079   4     10     47  
608.0  10:08:02 42.3253 -72.53081   3     19     46  
608.0  10:08:11 42.325287 -72.53087   4     17     40  
608.0  10:08:20 42.32529 -72.53089   3     19     42  
608.0  10:08:30 42.325314 -72.53088   4     17     41  
608.0  10:08:38 42.3253 -72.53086   3     18     50  
608.0  10:08:47 42.325283 -72.53085   5     19     43  
608.0  10:08:54 42.325245 -72.530846   5     15     53  
609.0  10:09:03 42.325268 -72.530846   4     10     45  
609.0  10:09:11 42.325275 -72.530846   5     17     55  
609.0  10:09:22 42.32531 -72.53086   4     18     56  
609.0  10:09:31 42.325333 -72.53087   4     10     51  
609.0  10:09:39 42.32532 -72.530876   4     13     54  
609.0  10:09:47 42.325256 -72.53087   5     18     41  
609.0  10:09:56 42.32528 -72.53086   4     12     54  
610.0  10:10:04 42.32529 -72.530846   3     18     40  
610.0  10:10:15 42.32529 -72.530815   3     14     59  
610.0  10:10:23 42.325287 -72.530815   3     15     54  
610.0  10:10:31 42.325283 -72.53081   4     16     42  
610.0  10:10:40 42.32528 -72.530815   5     19     50  
610.0  10:10:49 42.325287 -72.5308   5     10     44  
610.0  10:10:56 42.325245 -72.53104   3     16     59  
611.0  10:11:07 42.32493 -72.53104   4     12     48  
611.0  10:11:16 42.32505 -72.53037   4     17     43  
611.0  10:11:23 42.325115 -72.529366   3     19     57  
611.0  10:11:31 42.325123 -72.52884   4     17     59  
611.0  10:11:40 42.325123 -72.52818   5     18     56  
611.0  10:11:49 42.32482 -72.52714   4     19     59  
612.0  10:12:01 42.32342 -72.526276   4     15     47  
612.0  10:12:10 42.323296 -72.524956   4     12     56  
612.0  10:12:18 42.32345 -72.52473   5     12     50  
612.0  10:12:27 42.32447 -72.52466   4     12     54  
612.0  10:12:36 42.325813 -72.524506   3     14     44  
612.0  10:12:45 42.327507 -72.524315   5     15     59  
612.0  10:12:55 42.32977 -72.52402   5     16     51  
613.0  10:13:03 42.331398 -72.52376   5     13     48  
613.0  10:13:11 42.33284 -72.52354   4     12     51  
613.0  10:13:19 42.33326 -72.52349   4     10     43  
613.0  10:13:27 42.333168 -72.523506   4     16     40  
613.0  10:13:35 42.33375 -72.52346   3     13     40  
613.0  10:13:46 42.335274 -72.52312   3     19     48  
613.0  10:13:54 42.336647 -72.52238   4     16     49  
614.0  10:14:03 42.337997 -72.521286   5     18     43  
614.0  10:14:10 42.339226 -72.52051   5     15     50  
614.0  10:14:19 42.340225 -72.52008   4     17     47  
614.0  10:14:27 42.340748 -72.51992   3     15     47  
614.0  10:14:38 42.341034 -72.519936   5     19     47  
614.0  10:14:47 42.342075 -72.519966   3     12     58  
614.0  10:14:55 42.34348 -72.5203   4     15     54  
615.0  10:15:04 42.344746 -72.52047   5     12     59  
615.0  10:15:12 42.34617 -72.52046   3     16     56  
615.0  10:15:20 42.347244 -72.520294   5     11     53  
615.0  10:15:30 42.34742 -72.52021   5     18     48  
615.0  10:15:38 42.34741 -72.52018   5     17     45  
615.0  10:15:47 42.34776 -72.52018   5     19     58  
615.0  10:15:55 42.348755 -72.52011   4     11     56  
616.0  10:16:04 42.349888 -72.52   4     13     57  
616.0  10:16:13 42.35108 -72.5201   5     14     56  
616.0  10:16:23 42.352486 -72.52058   5     10     52  
616.0  10:16:32 42.353893 -72.52058   5     10     41  
618.0  10:18:06 42.36858 -72.52004   3     11     51  
618.0  10:18:11 42.36933 -72.519966   4     17     52  
618.0  10:18:24 42.37134 -72.51975   4     15     41  
619.0  10:19:22 42.372967 -72.5188   4     17     40  
619.0  10:19:27 42.37299 -72.51878   4     11     45  
619.0  10:19:33 42.372986 -72.51879   3     17     54  
619.0  10:19:38 42.372982 -72.51879   3     17     53  
619.0  10:19:43 42.37298 -72.51879   4     19     48  
619.0  10:19:48 42.37298 -72.51879   3     11     43  
619.0  10:19:49 42.372982 -72.51879   5     15     52  
619.0  10:19:58 42.37295 -72.51877   3     19     53  
620.0  10:20:06 42.372944 -72.51875   5     11     42  
620.0  10:20:30 42.373146 -72.51879   4     12     40  
620.0  10:20:35 42.373146 -72.51885   5     19     49  
620.0  10:20:44 42.373146 -72.51879   3     15     40  
620.0  10:20:49 42.373146 -72.518875   3     18     52  
620.0  10:20:59 42.373272 -72.51935   5     11     58  
621.0  10:21:01 42.373146 -72.518875   4     16     43  
621.0  10:21:04 42.373272 -72.51952   4     13     49  
621.0  10:21:10 42.37325 -72.519615   3     16     56  
621.0  10:21:15 42.373234 -72.519615   3     18     54  
621.0  10:21:20 42.37323 -72.51959   4     18     51  
621.0  10:21:25 42.373264 -72.519615   5     10     59  
621.0  10:21:30 42.373276 -72.51964   4     13     46  
621.0  10:21:35 42.37328 -72.51964   4     18     44  
621.0  10:21:40 42.37326 -72.519646   5     18     50  
621.0  10:21:47 42.373333 -72.51986   3     16     59  
621.0  10:21:48 42.373276 -72.51964   5     14     52  
621.0  10:21:59 42.374104 -72.51984   3     11     59  
622.0  10:22:14 42.374584 -72.51986   4     18     55  
622.0  10:22:19 42.374657 -72.51988   5     11     43  
622.0  10:22:24 42.374996 -72.519844   5     14     50  
622.0  10:22:44 42.37513 -72.519745   5     11     50  
622.0  10:22:49 42.375145 -72.51976   4     11     43  
622.0  10:22:55 42.375153 -72.51976   5     14     41  
622.0  10:22:58 42.37515 -72.51976   4     15     48  
623.0  10:23:08 42.375423 -72.519775   3     13     58  
623.0  10:23:17 42.37616 -72.5198   4     12     52  
623.0  10:23:25 42.37691 -72.51984   3     10     52  
623.0  10:23:34 42.37746 -72.5198   4     19     44  
623.0  10:23:43 42.377453 -72.51978   3     15     47  
623.0  10:23:51 42.37742 -72.5198   5     15     41  
624.0  10:24:01 42.377434 -72.51983   3     16     48  
624.0  10:24:10 42.37801 -72.51985   5     10     43  
624.0  10:24:18 42.37873 -72.51987   5     15     46  
624.0  10:24:27 42.379566 -72.51959   5     17     50  
624.0  10:24:37 42.379833 -72.51943   4     14     55  
624.0  10:24:46 42.379856 -72.5195   3     17     58  
624.0  10:24:56 42.3808 -72.51937   3     19     55  
625.0  10:25:05 42.38148 -72.51925   4     12     52  
625.0  10:25:14 42.381466 -72.5193   5     15     40  
625.0  10:25:22 42.381474 -72.51927   3     11     52  
625.0  10:25:31 42.381485 -72.51923   4     12     53  
625.0  10:25:40 42.38155 -72.51922   5     11     47  
625.0  10:25:52 42.382236 -72.519905   5     17     46  
626.0  10:26:00 42.38311 -72.52045   3     13     51  
626.0  10:26:09 42.38317 -72.520424   5     15     43  
626.0  10:26:18 42.38334 -72.520615   3     12     42  
626.0  10:26:27 42.38418 -72.52104   3     15     41  
626.0  10:26:35 42.385033 -72.52162   4     13     46  
626.0  10:26:46 42.385952 -72.522316   4     12     52  
626.0  10:26:54 42.386105 -72.523476   5     11     54  
627.0  10:27:03 42.38581 -72.524635   5     18     41  
627.0  10:27:12 42.38581 -72.52534   4     13     49  
627.0  10:27:24 42.38651 -72.52554   3     19     57  
627.0  10:27:32 42.38732 -72.52604   5     10     50  
627.0  10:27:43 42.38711 -72.52647   4     16     52  
627.0  10:27:51 42.38708 -72.52647   3     18     47  
627.0  10:27:59 42.387074 -72.52647   5     12     44  
628.0  10:28:08 42.387062 -72.526474   4     13     53  
628.0  10:28:17 42.387066 -72.526474   4     10     57  
628.0  10:28:25 42.387047 -72.52651   5     15     51  
628.0  10:28:38 42.38703 -72.52654   3     14     48  
628.0  10:28:46 42.387043 -72.52651   4     18     54  
628.0  10:28:55 42.387047 -72.52651   4     19     56  
629.0  10:29:03 42.387035 -72.52657   5     17     47  
629.0  10:29:11 42.387028 -72.526596   5     17     41  
629.0  10:29:20 42.387035 -72.52657   5     18     58  
629.0  10:29:31 42.38705 -72.52659   4     12     58  
629.0  10:29:39 42.387043 -72.52661   4     19     48  
629.0  10:29:48 42.387035 -72.52663   4     11     55  
629.0  10:29:56 42.387024 -72.526634   3     14     52  
630.0  10:30:05 42.386993 -72.52667   3     14     56  
630.0  10:30:14 42.38699 -72.52668   3     11     53  
630.0  10:30:24 42.387012 -72.526634   4     12     59  
630.0  10:30:33 42.38703 -72.526596   4     13     56  
630.0  10:30:42 42.387035 -72.52657   4     15     40  
630.0  10:30:50 42.387028 -72.52658   4     15     46  
630.0  10:30:59 42.38703 -72.52656   4     12     47  
631.0  10:31:10 42.387043 -72.52648   4     19     40  
631.0  10:31:20 42.38703 -72.526474   5     16     42  
631.0  10:31:29 42.387047 -72.526474   3     15     47  
631.0  10:31:37 42.38698 -72.52648   5     12     43  
631.0  10:31:46 42.38669 -72.52632   4     10     55  
631.0  10:31:55 42.38623 -72.52611   5     18     56  
632.0  10:32:03 42.385857 -72.52593   5     19     53  
632.0  10:32:14 42.385468 -72.52578   3     18     40  
632.0  10:32:22 42.385296 -72.525406   3     17     51  
632.0  10:32:30 42.385506 -72.524666   5     19     57  
632.0  10:32:39 42.385757 -72.523575   5     17     48  
632.0  10:32:48 42.38592 -72.522736   5     18     40  
632.0  10:32:56 42.385883 -72.52275   3     14     58  
633.0  10:33:00 42.3859 -72.52274   4     18     56  
633.0  10:33:07 42.385918 -72.52273   4     16     53  
633.0  10:33:15 42.385906 -72.52274   3     11     55  
633.0  10:33:24 42.385845 -72.5224   3     16     45  
633.0  10:33:32 42.385296 -72.52176   5     18     48  
633.0  10:33:42 42.384422 -72.521324   5     13     50  
633.0  10:33:50 42.383522 -72.52084   5     14     55  
634.0  10:34:00 42.38212 -72.51995   3     13     58  
634.0  10:34:01 42.38252 -72.52025   5     17     53  
634.0  10:34:10 42.381718 -72.51958   3     15     54  
634.0  10:34:20 42.381588 -72.51942   3     10     42  
634.0  10:34:29 42.381073 -72.51938   5     16     48  
634.0  10:34:39 42.38011 -72.519485   5     16     46  
634.0  10:34:48 42.37914 -72.51983   3     18     55  
634.0  10:34:58 42.378185 -72.51996   5     12     46  
635.0  10:35:00 42.377876 -72.51998   5     10     46  
635.0  10:35:07 42.377853 -72.51998   5     11     49  
635.0  10:35:15 42.377846 -72.52   5     10     45  
635.0  10:35:24 42.37785 -72.52   3     16     47  
635.0  10:35:39 42.37781 -72.51995   5     15     42  
635.0  10:35:50 42.376392 -72.51996   3     10     48  
635.0  10:35:58 42.376072 -72.51994   5     10     51  
636.0  10:36:00 42.37603 -72.51994   4     12     58  
636.0  10:36:07 42.37603 -72.519966   4     10     59  
636.0  10:36:15 42.376 -72.52007   5     18     53  
636.0  10:36:24 42.37572 -72.51995   3     19     42  
636.0  10:36:32 42.375202 -72.519905   5     16     40  
637.0  10:37:00 42.37407 -72.51982   3     19     54  
638.0  10:38:00 42.373085 -72.518906   5     19     58  
638.0  10:38:15 42.373096 -72.5189   3     10     45  
638.0  10:38:53 42.373184 -72.518814   4     11     43  
638.0  10:38:58 42.373188 -72.51881   4     13     57  
639.0  10:39:00 42.373188 -72.518814   5     10     41  
639.0  10:39:03 42.37319 -72.518814   4     15     59  
639.0  10:39:07 42.373184 -72.518814   4     17     50  
639.0  10:39:31 42.373196 -72.5189   5     12     41  
639.0  10:39:34 42.373196 -72.5189   4     17     42  
640.0  10:40:00 42.373154 -72.518845   3     17     59  
640.0  10:40:06 42.373146 -72.51887   3     16     52  
640.0  10:40:11 42.37315 -72.51885   4     15     49  
640.0  10:40:35 42.37311 -72.51891   4     12     52  
640.0  10:40:39 42.37315 -72.518974   4     11     54  
641.0  10:41:00 42.37318 -72.51888   5     18     56  
641.0  10:41:27 42.37323 -72.51901   4     10     50  
641.0  10:41:35 42.373238 -72.51956   4     11     59  
641.0  10:41:40 42.373222 -72.51977   3     13     55  
641.0  10:41:45 42.37321 -72.519775   5     13     46  
641.0  10:41:50 42.37298 -72.519875   5     19     49  
642.0  10:42:00 42.37186 -72.51978   5     17     43  
642.0  10:42:06 42.371418 -72.519806   4     19     45  
642.0  10:42:06 42.3725 -72.519806   5     13     59  
642.0  10:42:21 42.369343 -72.51989   3     14     48  
642.0  10:42:26 42.368446 -72.520004   4     13     54  
643.0  10:43:00 42.363174 -72.52077   4     19     43  
643.0  10:43:32 42.361404 -72.52076   3     12     55  
644.0  10:44:00 42.357197 -72.52094   4     18     49  
644.0  10:44:02 42.357197 -72.52094   5     18     57  
644.0  10:44:28 42.355827 -72.520966   5     12     54  
644.0  10:44:39 42.355022 -72.520874   4     14     56  
644.0  10:44:47 42.354885 -72.52082   5     15     42  
644.0  10:44:55 42.354145 -72.52063   4     11     53  
645.0  10:45:00 42.353058 -72.520645   5     16     59  
645.0  10:45:28 42.349277 -72.51994   5     12     45  
645.0  10:45:38 42.347992 -72.52013   3     16     49  
645.0  10:45:48 42.346516 -72.520424   5     10     46  
645.0  10:45:57 42.3452 -72.52047   4     10     48  
646.0  10:46:00 42.34405 -72.52045   3     17     58  
646.0  10:46:05 42.343884 -72.52043   4     16     41  
646.0  10:46:14 42.342392 -72.520065   5     14     41  
646.0  10:46:23 42.341072 -72.51995   5     12     47  
646.0  10:46:31 42.340065 -72.520164   4     16     56  
646.0  10:46:41 42.338726 -72.52085   4     15     55  
646.0  10:46:50 42.3374 -72.5217   3     19     59  
646.0  10:46:58 42.33615 -72.52269   4     14     40  
647.0  10:47:00 42.335403 -72.52307   3     18     54  
647.0  10:47:06 42.33507 -72.523186   4     14     59  
647.0  10:47:14 42.33344 -72.523506   5     18     50  
647.0  10:47:22 42.331936 -72.523705   4     11     57  
647.0  10:47:33 42.330204 -72.52395   5     11     52  
647.0  10:47:41 42.32875 -72.524155   4     15     54  
647.0  10:47:49 42.32733 -72.52433   4     12     43  
647.0  10:47:58 42.325905 -72.52446   5     15     47  
648.0  10:48:00 42.325024 -72.52456   4     12     58  
648.0  10:48:06 42.324757 -72.5246   3     19     45  
648.0  10:48:15 42.323696 -72.52473   5     14     57  
648.0  10:48:26 42.32332 -72.52523   5     19     49  
648.0  10:48:34 42.32364 -72.52648   5     17     42  
648.0  10:48:43 42.3246 -72.52705   4     13     50  
648.0  10:48:51 42.32514 -72.52784   3     17     45  
649.0  10:49:00 42.325184 -72.52855   3     11     59  
649.0  10:49:00 42.32519 -72.52858   3     13     43  
649.0  10:49:08 42.325188 -72.52886   4     10     48  
649.0  10:49:19 42.32516 -72.52999   3     17     54  
649.0  10:49:28 42.325294 -72.53064   4     18     46  
649.0  10:49:36 42.325325 -72.531105   5     17     44  
649.0  10:49:44 42.325302 -72.53113   3     18     48  
649.0  10:49:53 42.325283 -72.53116   4     19     46  
660.0  11:00:38 42.325005 -72.5312   5     12     44  
660.0  11:00:51 42.325096 -72.53027   5     13     47  
661.0  11:01:05 42.32512 -72.529045   3     11     46  
661.0  11:01:17 42.32471 -72.528725   5     14     48  
663.0  11:03:21 42.320427 -72.534386   4     10     43  
663.0  11:03:36 42.320316 -72.53405   5     19     40  
663.0  11:03:48 42.32024 -72.5318   3     18     40  
664.0  11:04:01 42.319942 -72.529594   3     11     57  
664.0  11:04:14 42.319294 -72.52804   3     11     48  
665.0  11:05:16 42.311256 -72.53012   3     10     53  
665.0  11:05:29 42.31 -72.52968   3     11     50  
665.0  11:05:37 42.309113 -72.52955   3     10     45  
665.0  11:05:46 42.30856 -72.529785   5     14     48  
665.0  11:05:54 42.308113 -72.53018   4     11     43  
666.0  11:06:02 42.307564 -72.530624   5     10     43  
666.0  11:06:11 42.307095 -72.53071   5     14     50  
666.0  11:06:21 42.30649 -72.53047   4     19     48  
666.0  11:06:30 42.306053 -72.52984   5     19     49  
666.0  11:06:39 42.30555 -72.52921   5     11     46  
666.0  11:06:46 42.30475 -72.52836   3     12     46  
666.0  11:06:55 42.303875 -72.52784   4     14     40  
667.0  11:07:14 42.302914 -72.52765   4     18     43  
667.0  11:07:24 42.299957 -72.52912   3     11     56  
667.0  11:07:33 42.298527 -72.53025   4     12     55  
667.0  11:07:42 42.296967 -72.53116   4     17     57  
667.0  11:07:51 42.295177 -72.53125   4     13     52  
667.0  11:07:59 42.293682 -72.531395   3     18     56  
668.0  11:08:07 42.292297 -72.53218   3     18     48  
668.0  11:08:18 42.291306 -72.53286   3     14     42  
668.0  11:08:26 42.290806 -72.53317   4     13     40  
668.0  11:08:34 42.289806 -72.534035   4     17     55  
668.0  11:08:43 42.289135 -72.535484   4     16     58  
668.0  11:08:55 42.28871 -72.537025   4     17     43  
669.0  11:09:04 42.287457 -72.53907   4     13     47  
669.0  11:09:15 42.28665 -72.54098   3     12     50  
669.0  11:09:23 42.286118 -72.54227   5     19     43  
669.0  11:09:32 42.285606 -72.54407   5     14     50  
669.0  11:09:41 42.285305 -72.545815   3     19     55  
669.0  11:09:49 42.284805 -72.54769   3     19     43  
669.0  11:09:57 42.284187 -72.54917   4     18     59  
670.0  11:10:08 42.283375 -72.55116   5     11     40  
670.0  11:10:17 42.282722 -72.55281   3     16     42  
670.0  11:10:25 42.282135 -72.55429   4     13     42  
670.0  11:10:34 42.28158 -72.55571   5     16     58  
670.0  11:10:42 42.28099 -72.55725   5     11     47  
670.0  11:10:51 42.28039 -72.558754   3     17     48  
671.0  11:11:02 42.27917 -72.55973   4     17     41  
671.0  11:11:11 42.27829 -72.56096   3     19     58  
671.0  11:11:19 42.277576 -72.5624   5     19     52  
671.0  11:11:28 42.27677 -72.564   3     15     54  
671.0  11:11:36 42.275738 -72.564804   4     14     44  
671.0  11:11:45 42.274395 -72.56507   4     10     45  
671.0  11:11:56 42.27282 -72.56543   4     16     51  
672.0  11:12:04 42.27145 -72.56579   4     11     47  
672.0  11:12:13 42.270184 -72.565956   4     16     42  
672.0  11:12:22 42.26871 -72.56638   3     16     53  
672.0  11:12:34 42.267437 -72.567245   5     18     52  
672.0  11:12:42 42.26651 -72.568825   3     13     54  
672.0  11:12:53 42.266705 -72.57055   5     13     48  
673.0  11:13:01 42.266453 -72.571625   5     12     57  
673.0  11:13:10 42.265274 -72.57185   4     15     54  
673.0  11:13:19 42.263977 -72.57213   4     12     54  
673.0  11:13:28 42.262768 -72.57243   4     10     48  
673.0  11:13:36 42.261753 -72.5727   5     12     51  
673.0  11:13:46 42.260475 -72.5731   5     15     51  
673.0  11:13:55 42.259834 -72.57392   5     17     50  
674.0  11:14:04 42.259243 -72.57476   4     11     41  
674.0  11:14:12 42.258743 -72.57469   5     14     42  
674.0  11:14:21 42.258358 -72.57413   3     19     45  
674.0  11:14:30 42.25812 -72.57338   3     19     56  
674.0  11:14:41 42.258007 -72.57296   3     11     54  
674.0  11:14:49 42.25799 -72.57296   4     17     50  
674.0  11:14:58 42.257984 -72.57295   3     14     41  
675.0  11:15:06 42.257977 -72.57289   4     12     52  
675.0  11:15:15 42.257957 -72.57292   3     12     46  
675.0  11:15:24 42.25789 -72.572556   3     14     42  
675.0  11:15:35 42.257713 -72.57195   3     16     59  
675.0  11:15:44 42.257317 -72.57207   3     10     45  
675.0  11:15:52 42.256874 -72.57214   5     17     41  
676.0  11:16:01 42.256454 -72.572205   4     11     42  
676.0  11:16:09 42.256157 -72.57226   5     17     57  
676.0  11:16:18 42.255547 -72.57258   4     19     48  
676.0  11:16:30 42.25483 -72.573105   5     18     46  
676.0  11:16:38 42.254395 -72.57362   4     18     42  
676.0  11:16:47 42.25427 -72.57416   5     17     52  
676.0  11:16:56 42.254223 -72.5742   4     11     53  
681.0  11:21:36 42.253994 -72.576096   4     11     45  
681.0  11:21:49 42.2542 -72.57706   5     15     48  
682.0  11:22:02 42.254173 -72.57715   4     15     45  
682.0  11:22:15 42.2544 -72.57717   3     11     54  
683.0  11:23:00 42.25709 -72.576256   3     16     45  
683.0  11:23:15 42.257015 -72.57626   5     12     46  
683.0  11:23:25 42.257042 -72.576225   5     13     46  
683.0  11:23:34 42.257072 -72.57621   3     19     57  
683.0  11:23:41 42.25708 -72.576195   4     16     55  
683.0  11:23:49 42.25706 -72.57618   5     17     57  
683.0  11:23:58 42.257076 -72.57621   3     15     48  
684.0  11:24:00 42.257107 -72.57624   4     10     44  
684.0  11:24:06 42.25712 -72.57625   4     14     59  
684.0  11:24:17 42.257225 -72.57616   3     19     46  
684.0  11:24:25 42.257397 -72.57607   3     17     50  
684.0  11:24:34 42.25761 -72.57596   3     16     41  
684.0  11:24:43 42.25762 -72.576   5     10     43  
684.0  11:24:51 42.25761 -72.57601   4     12     44  
685.0  11:25:00 42.25764 -72.576   4     19     58  
685.0  11:25:00 42.25765 -72.57602   4     10     58  
685.0  11:25:10 42.25771 -72.576035   3     11     41  
685.0  11:25:19 42.258118 -72.575874   5     14     53  
685.0  11:25:28 42.25855 -72.5755   5     10     48  
685.0  11:25:37 42.259193 -72.5748   5     19     46  
685.0  11:25:45 42.259872 -72.57389   4     13     54  
685.0  11:25:54 42.26081 -72.57287   5     19     40  
686.0  11:26:00 42.26221 -72.572586   5     16     55  
686.0  11:26:04 42.26221 -72.572586   5     15     52  
686.0  11:26:12 42.263554 -72.57225   4     10     45  
686.0  11:26:20 42.264687 -72.571976   3     19     48  
686.0  11:26:29 42.26588 -72.57164   4     18     57  
686.0  11:26:38 42.266773 -72.571175   3     15     42  
686.0  11:26:46 42.26663 -72.56972   5     19     41  
686.0  11:26:57 42.266674 -72.568   4     17     48  
687.0  11:27:00 42.267387 -72.56732   3     10     54  
687.0  11:27:05 42.26764 -72.5671   4     11     58  
687.0  11:27:14 42.268684 -72.56643   5     16     55  
687.0  11:27:23 42.269913 -72.566025   5     15     56  
687.0  11:27:31 42.271034 -72.565865   4     10     41  
687.0  11:27:39 42.272297 -72.565575   3     14     59  
687.0  11:27:51 42.274006 -72.56511   4     19     46  
687.0  11:27:59 42.27524 -72.56494   4     14     40  
688.0  11:28:00 42.27596 -72.56467   4     13     51  
688.0  11:28:08 42.2765 -72.5643   3     12     48  
688.0  11:28:17 42.277393 -72.56286   4     14     54  
688.0  11:28:26 42.278107 -72.561386   3     13     40  
688.0  11:28:34 42.278908 -72.55988   5     18     52  
688.0  11:28:45 42.280125 -72.559006   4     11     55  
688.0  11:28:54 42.280743 -72.55792   5     11     50  
689.0  11:29:00 42.281483 -72.55604   3     13     54  
689.0  11:29:02 42.281406 -72.55623   5     15     48  
689.0  11:29:10 42.28201 -72.554695   5     13     43  
689.0  11:29:19 42.28269 -72.55302   5     18     41  
689.0  11:29:27 42.283417 -72.55121   5     14     42  
689.0  11:29:39 42.284164 -72.54931   3     19     56  
689.0  11:29:47 42.284843 -72.54763   5     10     50  
689.0  11:29:56 42.28534 -72.54589   4     13     59  
690.0  11:30:00 42.28558 -72.544556   4     13     48  
690.0  11:30:04 42.28561 -72.54438   4     13     53  
690.0  11:30:12 42.285923 -72.54299   5     17     55  
690.0  11:30:20 42.286526 -72.54131   5     12     54  
690.0  11:30:31 42.28737 -72.5393   3     13     53  
690.0  11:30:39 42.28823 -72.5378   3     12     53  
690.0  11:30:48 42.288998 -72.536   5     13     43  
690.0  11:30:57 42.289764 -72.534   5     10     48  
691.0  11:31:00 42.290695 -72.53309   3     11     53  
691.0  11:31:05 42.291058 -72.53286   3     10     51  
691.0  11:31:13 42.29253 -72.53196   4     12     47  
691.0  11:31:24 42.294636 -72.5312   5     18     54  
691.0  11:31:33 42.296482 -72.53117   5     13     42  
691.0  11:31:41 42.298077 -72.53055   4     15     48  
691.0  11:31:50 42.299652 -72.52934   3     19     56  
691.0  11:31:59 42.30082 -72.52851   4     10     40  
692.0  11:32:00 42.301426 -72.52806   5     19     43  
692.0  11:32:07 42.30195 -72.52779   3     17     57  
692.0  11:32:28 42.30343 -72.52765   3     11     45  
692.0  11:32:36 42.305878 -72.52947   3     11     53  
692.0  11:32:45 42.306625 -72.53047   4     12     41  
692.0  11:32:54 42.307438 -72.53083   5     15     43  
693.0  11:33:00 42.308537 -72.52983   4     19     59  
693.0  11:33:02 42.30843 -72.529945   5     18     47  
693.0  11:33:13 42.309708 -72.52949   4     17     54  
693.0  11:33:21 42.31112 -72.53009   4     19     52  
693.0  11:33:30 42.312473 -72.53058   3     10     42  
693.0  11:33:38 42.313847 -72.53097   3     17     58  
693.0  11:33:47 42.315315 -72.530594   3     15     45  
693.0  11:33:58 42.31674 -72.53008   5     10     45  
694.0  11:34:00 42.3178 -72.52956   4     19     52  
694.0  11:34:09 42.318287 -72.52909   4     17     42  
694.0  11:34:17 42.318962 -72.52836   3     11     48  
694.0  11:34:26 42.319164 -72.52804   5     18     45  
694.0  11:34:34 42.31936 -72.52814   5     14     48  
694.0  11:34:41 42.31964 -72.52886   5     19     49  
694.0  11:34:49 42.31965 -72.52893   5     10     44  
695.0  11:35:00 42.31987 -72.5295   3     18     49  
695.0  11:35:00 42.320053 -72.53006   3     12     45  
695.0  11:35:08 42.320198 -72.53086   3     13     40  
695.0  11:35:17 42.32027 -72.53249   5     13     41  
695.0  11:35:25 42.320305 -72.53389   4     12     56  
695.0  11:35:34 42.32032 -72.53426   4     19     54  
695.0  11:35:43 42.32062 -72.53439   5     15     47  
695.0  11:35:54 42.32085 -72.533844   5     10     46  
696.0  11:36:00 42.321175 -72.53379   4     11     59  
696.0  11:36:01 42.32114 -72.5337   5     15     49  
696.0  11:36:09 42.32119 -72.53419   4     13     49  
696.0  11:36:17 42.321415 -72.53431   3     11     48  
696.0  11:36:26 42.32171 -72.534256   4     17     54  
696.0  11:36:34 42.32178 -72.53403   3     12     42  
696.0  11:36:45 42.321724 -72.53277   5     13     50  
696.0  11:36:54 42.321896 -72.53173   4     16     56  
697.0  11:37:00 42.32199 -72.530334   5     11     56  
697.0  11:37:03 42.32194 -72.53058   5     11     42  
697.0  11:37:11 42.322155 -72.52996   4     12     46  
697.0  11:37:19 42.322243 -72.52966   5     16     44  
697.0  11:37:27 42.322483 -72.52909   3     10     50  
697.0  11:37:38 42.323406 -72.528366   4     19     52  
697.0  11:37:46 42.32444 -72.5287   4     13     53  
697.0  11:37:55 42.325077 -72.52879   5     14     54  
698.0  11:38:00 42.325172 -72.5294   5     19     41  
698.0  11:38:03 42.325176 -72.52928   5     12     59  
698.0  11:38:12 42.32513 -72.53027   5     14     54  
698.0  11:38:20 42.325294 -72.53079   3     12     55  
698.0  11:38:30 42.325268 -72.53093   3     19     52  
698.0  11:38:38 42.325268 -72.53088   4     16     57  
698.0  11:38:47 42.325275 -72.53089   3     13     58  
698.0  11:38:55 42.325287 -72.530914   4     10     47  
699.0  11:39:00 42.325294 -72.530914   5     13     54  
699.0  11:39:03 42.325294 -72.530914   4     10     43  
699.0  11:39:11 42.3253 -72.53092   3     19     57  
699.0  11:39:20 42.325306 -72.53094   3     11     47  
699.0  11:39:28 42.32531 -72.530945   3     15     55  
699.0  11:39:36 42.325314 -72.53093   5     13     48  
699.0  11:39:44 42.325317 -72.53093   4     14     53  
699.0  11:39:52 42.32531 -72.53094   3     18     41  
700.0  11:40:00 42.3253 -72.53094   4     18     46  
700.0  11:40:00 42.32529 -72.53094   5     19     55  
700.0  11:40:10 42.325287 -72.53092   3     16     55  
700.0  11:40:19 42.325283 -72.53091   5     14     44  
700.0  11:40:27 42.325268 -72.530876   4     18     54  
700.0  11:40:36 42.325245 -72.53088   5     17     44  
700.0  11:40:43 42.325222 -72.53097   5     16     51  
700.0  11:40:51 42.325073 -72.5312   4     14     58  
701.0  11:41:00 42.324947 -72.53066   5     16     47  
701.0  11:41:01 42.324936 -72.530815   3     10     52  
701.0  11:41:10 42.325096 -72.53023   3     13     51  
701.0  11:41:18 42.325104 -72.52932   3     10     58  
701.0  11:41:26 42.32509 -72.52886   4     15     54  
701.0  11:41:35 42.325073 -72.52821   5     10     52  
701.0  11:41:44 42.324825 -72.52721   3     17     44  
701.0  11:41:54 42.323654 -72.52652   3     18     46  
702.0  11:42:00 42.32332 -72.525314   3     11     48  
702.0  11:42:03 42.323322 -72.52555   3     10     51  
702.0  11:42:11 42.323303 -72.52491   5     14     44  
702.0  11:42:19 42.32358 -72.524704   5     11     54  
702.0  11:42:27 42.324455 -72.524666   3     14     41  
702.0  11:42:35 42.325726 -72.52449   4     11     50  
702.0  11:42:45 42.32742 -72.52434   5     15     44  
702.0  11:42:53 42.32884 -72.52418   4     11     54  
703.0  11:43:00 42.33062 -72.52393   4     14     45  
703.0  11:43:01 42.330265 -72.52398   4     11     53  
703.0  11:43:09 42.331696 -72.52378   5     12     49  
703.0  11:43:17 42.333004 -72.52359   5     17     58  
703.0  11:43:24 42.33428 -72.52343   5     19     56  
703.0  11:43:34 42.33582 -72.522964   5     19     43  
703.0  11:43:43 42.33691 -72.52223   4     12     49  
703.0  11:43:51 42.337936 -72.5214   3     14     59  
703.0  11:43:59 42.33895 -72.52072   4     12     41  
704.0  11:44:00 42.339443 -72.520424   3     12     42  
704.0  11:44:07 42.339905 -72.52021   5     13     58  
704.0  11:44:15 42.340645 -72.51999   3     15     54  
704.0  11:44:25 42.340763 -72.519966   5     13     47  
704.0  11:44:33 42.340893 -72.52   3     16     55  
704.0  11:44:41 42.34178 -72.51996   5     13     52  
704.0  11:44:49 42.343113 -72.520256   5     15     59  
704.0  11:44:58 42.34457 -72.520515   3     16     52  
705.0  11:45:00 42.345337 -72.5205   3     13     40  
705.0  11:45:07 42.3458 -72.52051   4     10     53  
705.0  11:45:17 42.347527 -72.52028   4     19     59  
705.0  11:45:26 42.34873 -72.520065   5     15     45  
705.0  11:45:34 42.349865 -72.519966   3     17     50  
705.0  11:45:43 42.35105 -72.5201   3     11     44  
705.0  11:45:51 42.35208 -72.52063   4     14     54  
706.0  11:46:00 42.353725 -72.520645   3     15     52  
706.0  11:46:01 42.35332 -72.52066   5     19     59  
707.0  11:47:00 42.3594 -72.520874   4     11     51  
707.0  11:47:05 42.35968 -72.52086   3     14     50  
707.0  11:47:23 42.36166 -72.520805   4     16     55  
707.0  11:47:36 42.36166 -72.520805   5     14     52  
708.0  11:48:00 42.36825 -72.52009   5     12     41  
708.0  11:48:20 42.366463 -72.520355   5     16     55  
709.0  11:49:00 42.3723 -72.51881   4     14     58  
709.0  11:49:32 42.373146 -72.51885   5     11     42  
709.0  11:49:38 42.373146 -72.518845   5     14     44  
709.0  11:49:43 42.37314 -72.518845   3     14     43  
709.0  11:49:48 42.373127 -72.518875   3     14     50  
709.0  11:49:53 42.373116 -72.51893   3     17     47  
709.0  11:49:58 42.37311 -72.51894   5     11     46  
710.0  11:50:00 42.37311 -72.518936   5     13     56  
710.0  11:50:03 42.37311 -72.51893   4     13     41  
710.0  11:50:08 42.373108 -72.51891   3     14     45  
710.0  11:50:14 42.37311 -72.51889   5     19     41  
710.0  11:50:15 42.37311 -72.51893   4     11     46  
710.0  11:50:29 42.373245 -72.518974   3     19     55  
710.0  11:50:34 42.373295 -72.51935   3     10     45  
710.0  11:50:38 42.373295 -72.51956   3     14     46  
710.0  11:50:49 42.37342 -72.51983   4     11     59  
710.0  11:50:58 42.37441 -72.519875   3     12     59  
711.0  11:51:00 42.374744 -72.519844   4     17     40  
711.0  11:51:06 42.374752 -72.51984   4     16     56  
711.0  11:51:17 42.37517 -72.51989   5     12     40  
711.0  11:51:26 42.375217 -72.51987   3     13     55  
711.0  11:51:35 42.375183 -72.51981   3     10     46  
711.0  11:51:44 42.3752 -72.51988   3     16     51  
711.0  11:51:52 42.37566 -72.519875   4     15     46  
712.0  11:52:00 42.37621 -72.520004   5     16     44  
712.0  11:52:01 42.376057 -72.51998   5     10     42  
712.0  11:52:11 42.376633 -72.52002   5     15     57  
712.0  11:52:20 42.376797 -72.520035   5     15     45  
712.0  11:52:29 42.376827 -72.52005   3     16     51  
712.0  11:52:38 42.377117 -72.52004   4     19     47  
712.0  11:52:46 42.377373 -72.51994   5     17     58  
712.0  11:52:55 42.377396 -72.519936   4     14     54  
713.0  11:53:00 42.377384 -72.51994   4     11     53  
713.0  11:53:05 42.377377 -72.519936   5     19     45  
713.0  11:53:14 42.377586 -72.519936   3     18     40  
713.0  11:53:23 42.378147 -72.51998   5     10     59  
713.0  11:53:32 42.378956 -72.51995   4     18     48  
713.0  11:53:40 42.379654 -72.51968   4     14     52  
713.0  11:53:49 42.379856 -72.51957   5     10     56  
714.0  11:54:00 42.38076 -72.51938   5     17     47  
714.0  11:54:00 42.38115 -72.51933   4     17     46  
714.0  11:54:08 42.381332 -72.51931   3     11     46  
714.0  11:54:17 42.381397 -72.519325   4     14     47  
714.0  11:54:25 42.381393 -72.51933   4     16     47  
714.0  11:54:33 42.38143 -72.519356   4     15     41  
714.0  11:54:42 42.381958 -72.51974   5     12     41  
714.0  11:54:52 42.38298 -72.52051   3     18     50  
715.0  11:55:00 42.38312 -72.52062   4     18     58  
715.0  11:55:00 42.383198 -72.52068   5     19     41  
715.0  11:55:09 42.38351 -72.52087   5     13     43  
715.0  11:55:17 42.38438 -72.521416   3     13     59  
715.0  11:55:26 42.38532 -72.52191   4     16     44  
715.0  11:55:34 42.385914 -72.522354   4     15     56  
715.0  11:55:45 42.386105 -72.52345   3     12     41  
715.0  11:55:54 42.385807 -72.52472   5     15     52  
716.0  11:56:00 42.385975 -72.525444   5     13     55  
716.0  11:56:03 42.38586 -72.52543   3     15     58  
716.0  11:56:11 42.38638 -72.52558   5     15     50  
716.0  11:56:19 42.386864 -72.52581   4     19     41  
716.0  11:56:27 42.3872 -72.526085   3     15     48  
716.0  11:56:37 42.387173 -72.52643   4     17     48  
716.0  11:56:54 42.387104 -72.5265   5     12     59  
717.0  11:57:00 42.38715 -72.52643   5     14     41  
717.0  11:57:03 42.38715 -72.526436   5     19     57  
717.0  11:57:11 42.387154 -72.526436   3     15     45  
717.0  11:57:19 42.387146 -72.52644   3     10     58  
717.0  11:57:30 42.387142 -72.52646   5     18     46  
717.0  11:57:39 42.387146 -72.52646   5     15     46  
717.0  11:57:48 42.38715 -72.52646   3     14     45  
717.0  11:57:56 42.387146 -72.52647   3     11     52  
718.0  11:58:00 42.387142 -72.52645   3     14     54  
718.0  11:58:05 42.387142 -72.52645   4     14     51  
718.0  11:58:13 42.387142 -72.52644   5     18     58  
718.0  11:58:24 42.387123 -72.52647   5     10     49  
718.0  11:58:33 42.387127 -72.52646   4     18     45  
718.0  11:58:41 42.387127 -72.52647   5     12     57  
718.0  11:58:50 42.387127 -72.526474   4     13     53  
718.0  11:58:58 42.387127 -72.526474   3     17     48  
719.0  11:59:00 42.387127 -72.526474   5     14     57  
719.0  11:59:07 42.387127 -72.526474   4     13     50  
719.0  11:59:17 42.38713 -72.52647   4     10     50  
719.0  11:59:25 42.387127 -72.52646   4     17     48  
719.0  11:59:34 42.387123 -72.52646   5     14     51  
719.0  11:59:42 42.387123 -72.52645   4     13     47  
719.0  11:59:51 42.387123 -72.52644   3     10     52  
720.0  12:00:00 42.38712 -72.52644   3     14     42  
720.0  12:00:00 42.38712 -72.52644   3     19     50  
720.0  12:00:10 42.387115 -72.526436   3     14     48  
720.0  12:00:18 42.38711 -72.526436   4     18     56  
720.0  12:00:27 42.38711 -72.526436   4     14     55  
720.0  12:00:35 42.38696 -72.526405   3     12     59  
720.0  12:00:44 42.386353 -72.52613   4     19     50  
720.0  12:00:53 42.38569 -72.525894   5     14     56  
