600.0  10:00:00 42.387062 -72.5265   5     10     45  
601.0  10:01:00 42.387016 -72.52652   3     17     41  
602.0  10:02:00 42.38646 -72.526215   3     12     40  
603.0  10:03:00 42.385483 -72.52475   3     14     41  
604.0  10:04:00 42.38361 -72.520874   5     19     54  
605.0  10:05:00 42.37955 -72.519684   4     19     51  
606.0  10:06:00 42.378803 -72.51998   4     12     46  
607.0  10:07:00 42.37741 -72.51991   3     19     41  
608.0  10:08:00 42.375908 -72.52002   3     12     54  
609.0  10:09:00 42.37438 -72.51983   5     19     47  
610.0  10:10:00 42.373363 -72.51977   4     14     47  
611.0  10:11:00 42.372093 -72.51925   4     11     43  
612.0  10:12:00 42.37319 -72.51887   5     16     53  
613.0  10:13:00 42.371037 -72.519775   5     17     47  
614.0  10:14:00 42.36189 -72.520744   3     13     57  
615.0  10:15:00 42.35497 -72.52076   4     10     50  
616.0  10:16:00 42.34989 -72.519905   3     13     46  
617.0  10:17:00 42.340397 -72.52007   3     13     51  
618.0  10:18:00 42.33078 -72.52384   3     14     40  
619.0  10:19:00 42.323452 -72.52619   3     19     55  
620.0  10:20:00 42.3253 -72.53067   3     19     51  
632.0  10:32:00 42.32499 -72.53044   4     16     54  
633.0  10:33:00 42.322525 -72.52884   4     14     47  
634.0  10:34:00 42.32193 -72.53096   4     14     46  
635.0  10:35:00 42.320953 -72.533646   3     13     40  
636.0  10:36:00 42.320255 -72.53412   5     17     40  
637.0  10:37:00 42.31929 -72.52803   5     15     41  
638.0  10:38:00 42.31362 -72.53085   4     14     49  
639.0  10:39:00 42.306343 -72.53026   4     17     49  
640.0  10:40:00 42.297935 -72.53065   4     18     42  
641.0  10:41:00 42.28874 -72.53683   4     19     46  
642.0  10:42:00 42.28446 -72.54854   4     11     53  
643.0  10:43:00 42.281742 -72.5554   5     10     59  
644.0  10:44:00 42.276096 -72.56461   5     18     47  
645.0  10:45:00 42.26762 -72.567055   5     12     53  
646.0  10:46:00 42.263306 -72.572235   4     13     50  
647.0  10:47:00 42.25891 -72.57476   5     15     46  
648.0  10:48:00 42.257946 -72.572395   3     16     43  
649.0  10:49:00 42.255283 -72.5727   5     15     50  
650.0  10:50:00 42.254215 -72.574135   5     13     53  
651.0  10:51:00 42.254223 -72.574165   4     19     54  
652.0  10:52:00 42.25392 -72.57597   3     17     48  
653.0  10:53:00 42.254208 -72.5771   4     19     47  
654.0  10:54:00 42.25659 -72.57636   4     19     53  
655.0  10:55:00 42.257004 -72.576195   5     12     55  
656.0  10:56:00 42.257645 -72.57584   5     14     40  
657.0  10:57:00 42.260574 -72.57293   4     10     52  
658.0  10:58:00 42.266644 -72.56916   3     15     58  
659.0  10:59:00 42.275177 -72.565   4     10     42  
660.0  11:00:00 42.281044 -72.55706   5     12     48  
661.0  11:01:00 42.285458 -72.545296   3     13     54  
662.0  11:02:00 42.28975 -72.53405   5     13     40  
663.0  11:03:00 42.29993 -72.529106   3     12     44  
664.0  11:04:00 42.30761 -72.53084   5     11     49  
665.0  11:05:00 42.31658 -72.530106   4     12     47  
666.0  11:06:00 42.320164 -72.53047   4     14     49  
667.0  11:07:00 42.321186 -72.53401   3     18     57  
668.0  11:08:00 42.32202 -72.53029   4     10     52  
669.0  11:09:00 42.325157 -72.52934   3     14     50  
670.0  11:10:00 42.325275 -72.53101   4     10     56  
671.0  11:11:00 42.32527 -72.531   5     10     53  
672.0  11:12:00 42.325115 -72.5297   3     16     47  
673.0  11:13:00 42.323288 -72.52493   4     14     47  
674.0  11:14:00 42.329353 -72.52404   3     18     50  
675.0  11:15:00 42.33618 -72.52274   3     11     54  
676.0  11:16:00 42.34429 -72.520485   3     18     50  
677.0  11:17:00 42.35336 -72.52064   4     14     58  
678.0  11:18:00 42.35842 -72.520905   3     17     55  
679.0  11:19:00 42.368256 -72.52008   4     19     56  
680.0  11:20:00 42.3728 -72.51891   4     10     44  
681.0  11:21:00 42.373116 -72.518875   3     18     55  
682.0  11:22:00 42.37317 -72.518974   3     19     47  
683.0  11:23:00 42.373302 -72.5194   4     10     58  
684.0  11:24:00 42.374687 -72.519875   4     17     48  
685.0  11:25:00 42.375435 -72.51986   3     18     49  
686.0  11:26:00 42.37743 -72.519905   5     12     46  
687.0  11:27:00 42.378883 -72.519936   4     15     50  
688.0  11:28:00 42.38353 -72.52086   5     10     45  
689.0  11:29:00 42.385967 -72.52245   4     15     50  
690.0  11:30:00 42.38717 -72.52648   3     12     43  
691.0  11:31:00 42.387104 -72.52652   5     11     53  
692.0  11:32:00 42.385597 -72.52593   4     14     45  
693.0  11:33:00 42.38425 -72.52124   4     19     51  
694.0  11:34:00 42.37899 -72.51994   3     17     59  
695.0  11:35:00 42.377773 -72.51991   5     11     59  
696.0  11:36:00 42.377666 -72.51997   5     19     51  
697.0  11:37:00 42.37533 -72.51985   4     13     53  
698.0  11:38:00 42.373795 -72.51991   4     11     56  
699.0  11:39:00 42.37319 -72.51896   5     11     56  
700.0  11:40:00 42.373116 -72.5189   4     12     55  
701.0  11:41:00 42.37314 -72.518906   5     18     47  
702.0  11:42:00 42.373306 -72.51967   3     10     51  
703.0  11:43:00 42.373188 -72.51964   5     11     45  
704.0  11:44:00 42.370712 -72.51986   4     11     57  
705.0  11:45:00 42.361317 -72.52079   5     15     54  
706.0  11:46:00 42.35502 -72.52079   3     16     54  
707.0  11:47:00 42.34688 -72.52039   3     13     57  
708.0  11:48:00 42.34011 -72.520195   4     14     49  
709.0  11:49:00 42.33058 -72.52393   4     13     54  
710.0  11:50:00 42.3235 -72.52627   3     14     57  
711.0  11:51:00 42.325256 -72.53089   3     19     51  
