649.0  10:49:33 42.392475 -72.536125   4     10     49  
649.0  10:49:45 42.39244 -72.53577   4     17     44  
649.0  10:49:53 42.392487 -72.53478   4     19     53  
650.0  10:50:00 42.392563 -72.5342   5     12     57  
650.0  10:50:02 42.392567 -72.534195   3     17     55  
650.0  10:50:11 42.392567 -72.5342   4     14     49  
650.0  10:50:19 42.392635 -72.53403   5     19     55  
650.0  10:50:28 42.392616 -72.53403   4     10     58  
651.0  10:51:00 42.394123 -72.53432   5     13     52  
651.0  10:51:22 42.39546 -72.53254   4     14     56  
651.0  10:51:33 42.395817 -72.530945   5     11     48  
651.0  10:51:41 42.395527 -72.52998   4     13     56  
651.0  10:51:50 42.39488 -72.52888   5     13     51  
651.0  10:51:58 42.39488 -72.527756   3     11     49  
652.0  10:52:00 42.394997 -72.52739   4     17     43  
652.0  10:52:06 42.39506 -72.52729   3     10     56  
652.0  10:52:16 42.395134 -72.52724   5     18     59  
652.0  10:52:27 42.39513 -72.52724   4     15     41  
652.0  10:52:37 42.395103 -72.527245   4     16     42  
652.0  10:52:46 42.39514 -72.527245   5     18     54  
652.0  10:52:55 42.395195 -72.52722   4     17     43  
653.0  10:53:00 42.39507 -72.52689   4     19     53  
653.0  10:53:03 42.395004 -72.52686   5     17     45  
653.0  10:53:12 42.39416 -72.52643   3     12     56  
653.0  10:53:23 42.393402 -72.52603   3     10     55  
653.0  10:53:32 42.393356 -72.52597   5     12     40  
653.0  10:53:41 42.39333 -72.52594   3     16     48  
653.0  10:53:50 42.39305 -72.525795   5     18     51  
653.0  10:53:58 42.3921 -72.52552   5     15     41  
654.0  10:54:00 42.39167 -72.52541   3     10     49  
654.0  10:54:07 42.39121 -72.52531   3     17     51  
654.0  10:54:18 42.390896 -72.52529   3     16     56  
654.0  10:54:26 42.3909 -72.52528   4     12     46  
654.0  10:54:34 42.39089 -72.52526   4     12     51  
654.0  10:54:44 42.39087 -72.52523   3     10     54  
654.0  10:54:52 42.39072 -72.52513   3     12     54  
655.0  10:55:00 42.38999 -72.52501   3     13     50  
655.0  10:55:00 42.3898 -72.52497   3     13     58  
655.0  10:55:11 42.388927 -72.52462   5     17     49  
655.0  10:55:19 42.3884 -72.524345   4     17     54  
655.0  10:55:28 42.38786 -72.52393   5     13     43  
655.0  10:55:37 42.387768 -72.523834   5     13     44  
655.0  10:55:45 42.38777 -72.523834   3     18     58  
655.0  10:55:54 42.387787 -72.52384   3     15     48  
656.0  10:56:00 42.3878 -72.52386   5     16     45  
656.0  10:56:04 42.387794 -72.52385   3     12     51  
656.0  10:56:13 42.387817 -72.52387   5     11     53  
656.0  10:56:22 42.387806 -72.52386   3     18     43  
656.0  10:56:30 42.387787 -72.52384   3     11     59  
656.0  10:56:39 42.38778 -72.52384   4     16     48  
656.0  10:56:48 42.387768 -72.523834   5     17     42  
656.0  10:56:59 42.387764 -72.523834   5     13     49  
657.0  10:57:00 42.387768 -72.52384   4     14     46  
657.0  10:57:07 42.38777 -72.52384   4     16     40  
657.0  10:57:16 42.38776 -72.52383   3     17     42  
657.0  10:57:24 42.387745 -72.52381   5     17     45  
657.0  10:57:33 42.387455 -72.523315   3     18     55  
657.0  10:57:42 42.38684 -72.52259   4     12     57  
657.0  10:57:53 42.386143 -72.52249   4     15     49  
658.0  10:58:00 42.38606 -72.52242   5     18     51  
658.0  10:58:01 42.386074 -72.52244   4     15     58  
658.0  10:58:09 42.38607 -72.52243   3     12     55  
658.0  10:58:18 42.386093 -72.52244   3     11     40  
658.0  10:58:26 42.38593 -72.5225   3     11     50  
658.0  10:58:34 42.385677 -72.52217   5     19     49  
658.0  10:58:46 42.38442 -72.521355   3     11     43  
658.0  10:58:54 42.383274 -72.52075   5     15     51  
659.0  10:59:00 42.38289 -72.52056   5     18     52  
659.0  10:59:15 42.38289 -72.52056   3     10     51  
659.0  10:59:25 42.382465 -72.520164   3     18     53  
659.0  10:59:42 42.38166 -72.51942   5     14     45  
659.0  10:59:52 42.381565 -72.519325   3     18     49  
660.0  11:00:00 42.381573 -72.51933   5     12     50  
660.0  11:00:01 42.381573 -72.51933   3     19     58  
660.0  11:00:10 42.381557 -72.519356   3     12     44  
660.0  11:00:18 42.381577 -72.519356   3     18     56  
660.0  11:00:29 42.381584 -72.519356   5     12     45  
660.0  11:00:37 42.38159 -72.519356   4     17     55  
660.0  11:00:45 42.38157 -72.51936   3     12     46  
660.0  11:00:53 42.381577 -72.51936   5     14     54  
661.0  11:01:00 42.381542 -72.51934   3     17     47  
661.0  11:01:01 42.381546 -72.51934   4     18     56  
661.0  11:01:10 42.38155 -72.519356   3     15     49  
661.0  11:01:20 42.381535 -72.51933   3     15     40  
661.0  11:01:28 42.381912 -72.519226   4     19     42  
661.0  11:01:39 42.38278 -72.51908   3     13     45  
661.0  11:01:49 42.38439 -72.51815   4     11     50  
661.0  11:01:57 42.38566 -72.51767   5     10     45  
662.0  11:02:00 42.386345 -72.51737   3     18     40  
662.0  11:02:06 42.38679 -72.5172   3     17     48  
662.0  11:02:16 42.388336 -72.51695   3     14     56  
662.0  11:02:25 42.38873 -72.516914   5     19     42  
662.0  11:02:33 42.38871 -72.51693   3     15     52  
662.0  11:02:41 42.38878 -72.51707   4     19     57  
662.0  11:02:50 42.388885 -72.51754   4     13     42  
662.0  11:02:58 42.3889 -72.51772   3     14     41  
663.0  11:03:00 42.388893 -72.51774   3     12     43  
663.0  11:03:08 42.388878 -72.51777   5     15     51  
663.0  11:03:16 42.388912 -72.51792   4     10     56  
663.0  11:03:24 42.389244 -72.518326   5     11     49  
663.0  11:03:32 42.389095 -72.51879   4     17     53  
663.0  11:03:40 42.389248 -72.51894   5     13     48  
663.0  11:03:49 42.389416 -72.518936   4     14     43  
664.0  11:04:00 42.389595 -72.51896   3     15     56  
664.0  11:04:01 42.38946 -72.51892   4     16     54  
664.0  11:04:09 42.39007 -72.5191   5     15     52  
664.0  11:04:18 42.390606 -72.519554   4     12     43  
664.0  11:04:27 42.391056 -72.51983   4     16     42  
664.0  11:04:39 42.391655 -72.52014   5     16     45  
664.0  11:04:49 42.391937 -72.52016   3     12     46  
664.0  11:04:57 42.39199 -72.52019   4     13     54  
665.0  11:05:00 42.392258 -72.52024   5     11     43  
665.0  11:05:05 42.39242 -72.520134   5     17     41  
665.0  11:05:14 42.39249 -72.51935   5     10     47  
665.0  11:05:23 42.392742 -72.51826   4     15     43  
665.0  11:05:32 42.3927 -72.51688   3     18     55  
665.0  11:05:43 42.392662 -72.51649   3     19     44  
665.0  11:05:51 42.393192 -72.51618   3     12     44  
665.0  11:05:59 42.394276 -72.51577   5     14     41  
666.0  11:06:00 42.394737 -72.51566   4     18     50  
666.0  11:06:07 42.39538 -72.515495   5     14     44  
666.0  11:06:15 42.3957 -72.515175   5     14     58  
666.0  11:06:24 42.395496 -72.51441   4     18     51  
666.0  11:06:34 42.39522 -72.513336   3     11     44  
666.0  11:06:44 42.395157 -72.512375   4     13     47  
666.0  11:06:52 42.39482 -72.51203   5     18     52  
667.0  11:07:00 42.394833 -72.51118   5     15     46  
667.0  11:07:01 42.394794 -72.51126   4     10     54  
667.0  11:07:10 42.394886 -72.51111   3     18     40  
667.0  11:07:19 42.39503 -72.51096   4     19     51  
667.0  11:07:29 42.395588 -72.51127   5     13     49  
667.0  11:07:38 42.395935 -72.51118   5     18     55  
667.0  11:07:47 42.396 -72.51117   3     14     51  
667.0  11:07:55 42.396 -72.51115   4     14     52  
668.0  11:08:00 42.395985 -72.51117   4     13     53  
668.0  11:08:04 42.395985 -72.51117   5     13     49  
668.0  11:08:12 42.39598 -72.5112   5     16     50  
668.0  11:08:24 42.396088 -72.5112   3     18     58  
668.0  11:08:33 42.396484 -72.51136   3     10     43  
668.0  11:08:41 42.39636 -72.51249   3     14     57  
668.0  11:08:50 42.3959 -72.51308   3     13     41  
668.0  11:08:59 42.395363 -72.513245   3     17     53  
669.0  11:09:00 42.395336 -72.51326   3     15     57  
669.0  11:09:07 42.395313 -72.51326   3     18     51  
669.0  11:09:18 42.39528 -72.51373   5     14     44  
669.0  11:09:26 42.395622 -72.51482   4     14     51  
669.0  11:09:35 42.395737 -72.51546   3     19     49  
669.0  11:09:45 42.395794 -72.51556   4     12     59  
669.0  11:09:54 42.396915 -72.51544   4     10     53  
670.0  11:10:00 42.398045 -72.5157   5     11     54  
670.0  11:10:03 42.398045 -72.5157   3     11     47  
670.0  11:10:18 42.39847 -72.51575   5     18     43  
670.0  11:10:27 42.39812 -72.5169   3     11     54  
670.0  11:10:38 42.397663 -72.518295   5     13     48  
670.0  11:10:47 42.39731 -72.520134   5     13     40  
670.0  11:10:56 42.3972 -72.52146   4     17     51  
671.0  11:11:00 42.397224 -72.521774   3     15     49  
671.0  11:11:08 42.39724 -72.521805   5     16     48  
671.0  11:11:17 42.397247 -72.52184   3     10     43  
671.0  11:11:26 42.397224 -72.52194   3     12     50  
671.0  11:11:35 42.397205 -72.52206   5     16     53  
671.0  11:11:43 42.39708 -72.5227   5     19     43  
671.0  11:11:51 42.396526 -72.52361   5     17     59  
672.0  11:12:00 42.39584 -72.52506   4     18     57  
672.0  11:12:02 42.39588 -72.524925   5     12     41  
672.0  11:12:10 42.39573 -72.525536   3     11     45  
672.0  11:12:19 42.395737 -72.52553   3     12     47  
672.0  11:12:28 42.395706 -72.52555   3     16     40  
672.0  11:12:37 42.395542 -72.526024   4     13     51  
672.0  11:12:46 42.39532 -72.52672   4     15     56  
672.0  11:12:56 42.39528 -72.52683   5     11     52  
673.0  11:13:00 42.39527 -72.52684   3     11     58  
673.0  11:13:05 42.39527 -72.52684   3     18     44  
673.0  11:13:14 42.395275 -72.5268   5     16     58  
673.0  11:13:23 42.39528 -72.52681   4     17     45  
673.0  11:13:33 42.39518 -72.52702   5     12     52  
673.0  11:13:41 42.39489 -72.5269   3     19     42  
673.0  11:13:52 42.39411 -72.526535   5     18     49  
674.0  11:14:00 42.393723 -72.526245   3     18     52  
674.0  11:14:01 42.39373 -72.52625   5     16     52  
674.0  11:14:11 42.393658 -72.52617   4     19     50  
674.0  11:14:20 42.393517 -72.52613   3     13     45  
674.0  11:14:29 42.39351 -72.5261   3     11     59  
674.0  11:14:39 42.393463 -72.52604   5     15     40  
674.0  11:14:50 42.393467 -72.526024   5     12     43  
674.0  11:14:59 42.393436 -72.52597   4     10     41  
675.0  11:15:00 42.39344 -72.525986   5     18     46  
675.0  11:15:08 42.393448 -72.52601   4     19     57  
675.0  11:15:16 42.393383 -72.52598   5     11     44  
675.0  11:15:25 42.39338 -72.52596   5     10     44  
675.0  11:15:34 42.393063 -72.525826   5     15     45  
675.0  11:15:44 42.392395 -72.525604   5     15     56  
675.0  11:15:53 42.39192 -72.525444   5     16     45  
676.0  11:16:00 42.39143 -72.525345   5     10     54  
676.0  11:16:01 42.39147 -72.525345   3     11     54  
676.0  11:16:10 42.391098 -72.52532   4     18     52  
676.0  11:16:19 42.39091 -72.52525   5     11     51  
676.0  11:16:30 42.39091 -72.52522   4     14     54  
676.0  11:16:42 42.390903 -72.52516   4     17     41  
676.0  11:16:51 42.39085 -72.525116   5     13     45  
677.0  11:17:00 42.390427 -72.52511   5     13     49  
677.0  11:17:04 42.39063 -72.5251   3     17     52  
677.0  11:17:13 42.389412 -72.52482   3     17     52  
677.0  11:17:24 42.388905 -72.524605   4     18     59  
677.0  11:17:34 42.38875 -72.52456   4     19     53  
677.0  11:17:43 42.3883 -72.524315   3     13     56  
677.0  11:17:51 42.38783 -72.52394   3     10     53  
678.0  11:18:00 42.387814 -72.523926   5     10     53  
678.0  11:18:01 42.387814 -72.52392   4     11     54  
678.0  11:18:10 42.387825 -72.52394   4     17     40  
678.0  11:18:18 42.387806 -72.52389   3     11     54  
678.0  11:18:28 42.387398 -72.52325   5     15     54  
678.0  11:18:37 42.386784 -72.52259   5     14     47  
678.0  11:18:45 42.386192 -72.522575   3     10     52  
678.0  11:18:55 42.38605 -72.522896   4     15     46  
679.0  11:19:00 42.38592 -72.52395   4     13     46  
679.0  11:19:03 42.385902 -72.524   3     16     59  
679.0  11:19:12 42.385765 -72.52466   5     12     50  
679.0  11:19:22 42.385803 -72.52531   4     18     58  
679.0  11:19:31 42.3864 -72.525505   4     17     50  
679.0  11:19:40 42.38717 -72.52582   3     11     41  
679.0  11:19:48 42.38728 -72.52631   3     14     44  
679.0  11:19:57 42.387253 -72.52637   4     14     49  
680.0  11:20:00 42.387245 -72.52639   4     17     50  
680.0  11:20:05 42.387238 -72.526405   5     19     58  
680.0  11:20:17 42.38685 -72.52643   3     15     57  
680.0  11:20:26 42.38631 -72.52623   4     12     41  
680.0  11:20:35 42.385654 -72.52599   5     11     58  
680.0  11:20:45 42.385445 -72.526054   5     11     46  
680.0  11:20:56 42.385136 -72.527534   4     11     54  
681.0  11:21:00 42.385014 -72.528175   4     12     41  
681.0  11:21:09 42.384964 -72.5284   4     15     42  
681.0  11:21:18 42.38496 -72.52841   5     11     52  
681.0  11:21:26 42.38496 -72.528404   4     13     54  
681.0  11:21:35 42.38488 -72.528534   5     11     48  
681.0  11:21:44 42.384872 -72.52854   4     19     47  
681.0  11:21:52 42.384895 -72.52916   3     14     52  
682.0  11:22:00 42.385143 -72.53043   3     13     49  
682.0  11:22:04 42.38515 -72.53053   4     14     42  
682.0  11:22:15 42.385162 -72.53081   4     14     59  
682.0  11:22:25 42.385178 -72.53073   4     13     40  
682.0  11:22:33 42.38517 -72.53074   3     16     57  
682.0  11:22:42 42.385155 -72.53078   3     13     56  
682.0  11:22:50 42.38515 -72.53079   4     10     50  
683.0  11:23:00 42.385162 -72.53077   4     12     52  
683.0  11:23:00 42.385162 -72.53077   5     17     43  
683.0  11:23:09 42.385155 -72.530785   5     19     54  
683.0  11:23:17 42.385166 -72.53076   5     17     59  
683.0  11:23:25 42.385166 -72.53106   5     14     41  
683.0  11:23:35 42.38503 -72.53207   4     11     42  
683.0  11:23:44 42.384876 -72.532555   5     16     56  
683.0  11:23:55 42.38417 -72.53231   3     18     56  
684.0  11:24:00 42.383244 -72.531975   4     12     51  
684.0  11:24:04 42.38313 -72.53195   3     11     55  
684.0  11:24:12 42.382637 -72.531815   5     15     54  
684.0  11:24:21 42.382584 -72.53179   4     18     47  
684.0  11:24:30 42.382072 -72.53162   4     13     48  
684.0  11:24:38 42.381695 -72.5318   5     18     44  
684.0  11:24:49 42.38117 -72.53186   4     10     56  
684.0  11:24:58 42.379967 -72.53202   3     18     50  
685.0  11:25:00 42.379147 -72.53213   3     15     58  
685.0  11:25:07 42.37864 -72.5322   4     10     46  
685.0  11:25:16 42.377613 -72.53239   3     19     58  
685.0  11:25:24 42.37759 -72.533134   5     16     53  
685.0  11:25:32 42.377598 -72.53395   5     19     44  
685.0  11:25:42 42.377747 -72.5343   5     11     52  
685.0  11:25:51 42.378536 -72.53421   5     15     44  
685.0  11:25:59 42.379433 -72.53416   4     17     53  
686.0  11:26:00 42.37954 -72.53415   3     14     52  
686.0  11:26:08 42.37962 -72.53413   5     13     58  
686.0  11:26:17 42.37988 -72.53408   5     16     47  
686.0  11:26:26 42.380096 -72.534065   3     13     44  
686.0  11:26:36 42.38053 -72.53404   5     10     41  
686.0  11:26:45 42.381393 -72.534004   3     14     53  
686.0  11:26:53 42.382008 -72.53392   4     17     40  
687.0  11:27:00 42.38226 -72.533775   4     13     41  
687.0  11:27:02 42.38223 -72.53384   4     10     41  
687.0  11:27:10 42.382267 -72.5329   5     19     45  
687.0  11:27:19 42.38238 -72.53193   5     15     53  
687.0  11:27:29 42.38238 -72.53193   3     16     53  
687.0  11:27:39 42.38278 -72.53183   3     18     47  
687.0  11:27:47 42.38376 -72.53208   3     11     44  
687.0  11:27:56 42.384594 -72.532425   4     13     51  
688.0  11:28:00 42.38476 -72.53249   4     17     42  
688.0  11:28:04 42.384792 -72.53249   3     13     55  
688.0  11:28:13 42.38507 -72.531815   4     13     49  
688.0  11:28:23 42.385128 -72.53127   3     13     49  
688.0  11:28:32 42.38512 -72.53126   4     18     58  
688.0  11:28:40 42.38512 -72.53124   3     17     40  
688.0  11:28:49 42.385117 -72.53123   5     18     42  
688.0  11:28:57 42.38508 -72.53116   4     13     47  
689.0  11:29:00 42.38509 -72.53116   5     15     52  
689.0  11:29:06 42.38509 -72.53115   3     19     42  
689.0  11:29:19 42.385136 -72.53093   3     15     47  
689.0  11:29:28 42.385788 -72.53092   4     18     51  
689.0  11:29:36 42.386784 -72.53133   5     12     41  
689.0  11:29:45 42.387604 -72.53168   4     15     44  
689.0  11:29:54 42.388138 -72.5319   4     16     50  
690.0  11:30:00 42.38859 -72.53208   5     13     59  
690.0  11:30:06 42.388138 -72.5319   5     10     55  
690.0  11:30:16 42.38983 -72.532646   5     19     47  
690.0  11:30:25 42.390175 -72.5328   5     14     42  
690.0  11:30:34 42.390583 -72.53297   3     10     52  
690.0  11:30:43 42.391586 -72.53338   5     17     44  
690.0  11:30:51 42.39237 -72.53371   3     14     41  
691.0  11:31:00 42.392525 -72.53377   3     18     54  
691.0  11:31:02 42.392525 -72.53377   5     15     48  
691.0  11:31:13 42.392597 -72.53429   3     17     57  
691.0  11:31:22 42.392426 -72.535065   3     13     50  
691.0  11:31:31 42.392437 -72.53593   5     10     56  
691.0  11:31:39 42.39252 -72.5367   4     18     58  
691.0  11:31:48 42.392532 -72.53694   3     17     45  
691.0  11:31:58 42.392403 -72.53634   4     16     57  
692.0  11:32:00 42.392395 -72.53615   3     19     52  
692.0  11:32:09 42.392395 -72.53614   4     12     58  
692.0  11:32:18 42.39238 -72.536095   4     12     58  
692.0  11:32:27 42.392384 -72.53607   5     11     56  
692.0  11:32:36 42.3924 -72.536095   3     11     51  
692.0  11:32:44 42.392414 -72.53613   3     19     41  
692.0  11:32:52 42.392384 -72.53609   5     17     40  
693.0  11:33:00 42.39238 -72.53606   3     13     45  
693.0  11:33:04 42.39238 -72.53606   3     19     44  
693.0  11:33:13 42.392414 -72.53611   4     13     45  
693.0  11:33:22 42.392426 -72.536125   5     17     55  
693.0  11:33:30 42.392426 -72.53612   4     17     55  
693.0  11:33:39 42.39242 -72.5361   5     17     46  
693.0  11:33:47 42.392406 -72.53606   3     12     45  
693.0  11:33:57 42.392406 -72.536064   5     10     58  
694.0  11:34:00 42.392403 -72.53604   4     12     50  
694.0  11:34:06 42.3924 -72.53604   3     19     53  
694.0  11:34:15 42.3924 -72.53604   4     17     42  
694.0  11:34:23 42.39242 -72.53591   3     15     48  
694.0  11:34:32 42.392406 -72.53529   3     15     57  
694.0  11:34:40 42.392525 -72.53459   5     14     59  
694.0  11:34:50 42.392647 -72.53401   3     12     49  
694.0  11:34:59 42.392643 -72.534035   5     14     50  
695.0  11:35:00 42.392666 -72.53396   3     19     40  
695.0  11:35:08 42.39295 -72.53394   3     19     43  
695.0  11:35:16 42.39374 -72.534225   3     10     58  
695.0  11:35:25 42.394745 -72.53438   5     18     41  
695.0  11:35:33 42.39531 -72.533714   3     13     53  
695.0  11:35:44 42.39553 -72.53215   5     18     42  
695.0  11:35:53 42.39579 -72.5311   3     13     51  
696.0  11:36:00 42.395714 -72.530304   5     15     55  
696.0  11:36:02 42.395752 -72.530396   5     13     57  
696.0  11:36:10 42.395226 -72.52951   3     18     40  
696.0  11:36:19 42.394806 -72.528366   5     10     55  
696.0  11:36:28 42.3949 -72.527626   3     10     53  
696.0  11:36:38 42.39501 -72.52759   4     11     50  
696.0  11:36:47 42.395073 -72.527504   3     19     54  
696.0  11:36:56 42.395172 -72.52704   3     12     58  
697.0  11:37:00 42.39484 -72.52682   4     15     53  
697.0  11:37:04 42.394676 -72.52675   5     18     45  
697.0  11:37:13 42.393856 -72.526245   3     11     54  
697.0  11:37:21 42.393394 -72.52604   4     19     40  
697.0  11:37:32 42.393356 -72.52599   4     17     57  
697.0  11:37:41 42.393364 -72.52603   5     13     58  
697.0  11:37:49 42.393356 -72.52601   3     10     57  
697.0  11:37:58 42.393066 -72.52583   4     12     50  
698.0  11:38:00 42.39277 -72.525665   4     14     41  
698.0  11:38:06 42.392414 -72.525505   5     17     55  
698.0  11:38:15 42.391582 -72.52525   3     13     51  
698.0  11:38:26 42.390877 -72.5252   4     19     46  
698.0  11:38:34 42.390877 -72.52519   4     14     45  
698.0  11:38:43 42.39083 -72.525215   3     17     42  
698.0  11:38:51 42.390347 -72.52507   5     12     47  
699.0  11:39:00 42.38953 -72.52467   3     10     40  
699.0  11:39:00 42.38933 -72.52457   5     17     59  
699.0  11:39:08 42.3888 -72.52439   3     12     48  
699.0  11:39:19 42.388256 -72.52415   5     17     41  
699.0  11:39:28 42.38779 -72.52383   3     17     58  
699.0  11:39:36 42.387802 -72.52384   3     19     47  
699.0  11:39:45 42.38781 -72.523865   3     14     52  
699.0  11:39:55 42.38755 -72.523445   3     14     47  
700.0  11:40:00 42.38694 -72.52268   4     19     52  
700.0  11:40:03 42.386856 -72.52261   3     19     57  
700.0  11:40:15 42.38618 -72.52246   5     10     45  
700.0  11:40:24 42.386147 -72.522545   5     12     54  
700.0  11:40:33 42.38603 -72.52259   5     11     46  
700.0  11:40:42 42.38553 -72.52211   3     15     46  
700.0  11:40:51 42.384758 -72.521576   4     13     57  
701.0  11:41:00 42.383705 -72.52101   3     13     48  
701.0  11:41:00 42.383335 -72.52084   5     11     50  
701.0  11:41:11 42.38232 -72.52012   5     11     47  
701.0  11:41:19 42.38159 -72.51937   3     12     40  
701.0  11:41:33 42.381718 -72.51916   5     14     42  
701.0  11:41:42 42.38209 -72.519165   5     16     42  
701.0  11:41:52 42.38234 -72.51918   4     17     48  
702.0  11:42:00 42.383484 -72.51885   3     12     54  
702.0  11:42:05 42.38362 -72.51876   3     16     46  
702.0  11:42:20 42.38362 -72.51876   5     14     58  
702.0  11:42:28 42.387268 -72.5172   4     19     58  
702.0  11:42:37 42.388584 -72.517006   4     16     58  
702.0  11:42:45 42.388897 -72.517136   5     17     45  
702.0  11:42:56 42.38895 -72.51764   4     15     41  
703.0  11:43:00 42.38892 -72.51771   4     10     50  
703.0  11:43:05 42.38891 -72.51773   4     12     55  
703.0  11:43:14 42.388874 -72.51779   4     15     44  
703.0  11:43:23 42.388878 -72.517784   3     10     48  
703.0  11:43:32 42.388916 -72.51772   3     14     59  
703.0  11:43:40 42.388893 -72.51776   3     12     50  
703.0  11:43:50 42.388927 -72.5177   3     17     55  
703.0  11:43:59 42.38897 -72.517624   4     19     50  
704.0  11:44:00 42.388992 -72.51758   4     16     54  
704.0  11:44:07 42.38902 -72.51753   3     18     58  
704.0  11:44:16 42.389034 -72.5175   3     12     56  
704.0  11:44:24 42.389088 -72.5174   3     18     41  
704.0  11:44:33 42.38913 -72.51731   5     13     40  
704.0  11:44:44 42.388958 -72.5176   3     14     58  
704.0  11:44:53 42.38895 -72.51762   4     13     58  
705.0  11:45:00 42.389023 -72.517494   4     11     58  
705.0  11:45:01 42.38899 -72.517555   3     11     43  
705.0  11:45:10 42.38902 -72.51752   3     18     40  
705.0  11:45:18 42.388947 -72.51765   5     11     57  
705.0  11:45:26 42.38896 -72.51763   5     15     56  
705.0  11:45:37 42.389027 -72.51751   5     17     59  
705.0  11:45:46 42.38901 -72.51754   4     16     52  
705.0  11:45:55 42.38897 -72.51763   4     18     42  
706.0  11:46:00 42.38893 -72.5177   4     13     50  
706.0  11:46:03 42.38893 -72.5177   3     12     46  
706.0  11:46:12 42.38893 -72.51767   4     14     55  
706.0  11:46:22 42.388935 -72.517654   5     16     54  
706.0  11:46:34 42.388943 -72.51763   5     17     48  
706.0  11:46:43 42.38896 -72.5176   4     11     44  
706.0  11:46:52 42.388966 -72.51761   4     13     47  
707.0  11:47:00 42.388954 -72.51764   5     12     45  
707.0  11:47:00 42.38893 -72.517685   3     10     48  
707.0  11:47:09 42.38891 -72.51772   5     14     55  
707.0  11:47:17 42.388878 -72.517746   5     12     56  
707.0  11:47:30 42.389015 -72.51806   4     10     56  
707.0  11:47:39 42.389126 -72.51858   5     15     53  
707.0  11:47:48 42.389183 -72.51891   3     17     41  
708.0  11:48:00 42.390217 -72.51914   5     10     51  
708.0  11:48:01 42.389782 -72.51901   3     11     42  
708.0  11:48:09 42.390583 -72.519516   4     17     54  
708.0  11:48:20 42.39105 -72.519775   5     16     59  
708.0  11:48:29 42.39171 -72.520065   3     14     57  
708.0  11:48:38 42.391922 -72.52009   5     11     59  
708.0  11:48:46 42.391914 -72.52007   3     14     42  
708.0  11:48:55 42.39192 -72.52002   3     18     49  
709.0  11:49:00 42.391914 -72.52003   4     14     42  
709.0  11:49:03 42.391926 -72.520035   4     10     59  
709.0  11:49:14 42.392406 -72.52005   4     19     58  
709.0  11:49:22 42.392555 -72.51943   4     19     41  
709.0  11:49:30 42.39275 -72.51856   5     12     41  
709.0  11:49:40 42.39279 -72.51757   4     14     45  
709.0  11:49:48 42.392666 -72.51654   3     13     46  
709.0  11:49:56 42.39265 -72.51643   4     12     59  
710.0  11:50:00 42.39299 -72.51622   3     18     51  
710.0  11:50:07 42.39357 -72.51606   5     12     53  
710.0  11:50:16 42.39462 -72.51573   3     13     52  
710.0  11:50:24 42.395706 -72.51555   5     18     57  
710.0  11:50:32 42.39564 -72.514946   4     19     50  
710.0  11:50:40 42.39537 -72.51418   4     13     45  
710.0  11:50:48 42.39515 -72.51332   5     12     48  
710.0  11:50:59 42.395145 -72.512375   4     12     59  
711.0  11:51:00 42.394993 -72.51219   5     12     45  
711.0  11:51:07 42.394794 -72.51196   5     10     55  
711.0  11:51:15 42.394768 -72.51132   3     10     44  
711.0  11:51:24 42.394882 -72.511086   5     10     51  
711.0  11:51:33 42.394947 -72.511116   3     18     40  
711.0  11:51:41 42.395306 -72.51096   4     19     52  
711.0  11:51:51 42.395683 -72.511314   5     14     40  
712.0  11:52:00 42.39583 -72.51121   5     14     40  
712.0  11:52:00 42.395844 -72.5112   5     18     47  
712.0  11:52:10 42.395893 -72.5112   3     15     43  
712.0  11:52:18 42.395927 -72.51121   4     15     54  
712.0  11:52:26 42.395977 -72.51118   3     11     43  
712.0  11:52:34 42.396328 -72.51117   5     12     49  
712.0  11:52:45 42.396423 -72.51209   3     11     53  
712.0  11:52:53 42.395912 -72.512985   5     11     45  
713.0  11:53:00 42.39525 -72.51326   3     11     50  
713.0  11:53:01 42.395275 -72.51326   5     10     51  
713.0  11:53:10 42.395184 -72.51332   3     12     48  
713.0  11:53:18 42.395386 -72.5142   5     18     57  
713.0  11:53:27 42.395676 -72.5152   3     10     52  
713.0  11:53:40 42.395874 -72.5155   3     10     42  
713.0  11:53:49 42.397232 -72.5155   4     16     45  
713.0  11:53:58 42.398415 -72.51564   5     17     50  
714.0  11:54:00 42.39846 -72.51564   4     13     46  
714.0  11:54:06 42.398525 -72.51565   5     19     47  
714.0  11:54:14 42.398457 -72.51621   4     16     59  
714.0  11:54:23 42.398052 -72.51734   4     15     52  
714.0  11:54:34 42.397514 -72.51892   3     12     40  
714.0  11:54:43 42.397285 -72.52028   5     11     51  
714.0  11:54:51 42.3972 -72.52146   5     13     51  
715.0  11:55:00 42.397015 -72.521965   4     11     58  
715.0  11:55:00 42.397003 -72.52199   4     12     40  
715.0  11:55:10 42.39692 -72.52211   4     11     54  
715.0  11:55:19 42.396904 -72.52215   3     12     56  
715.0  11:55:29 42.396988 -72.522   3     15     44  
715.0  11:55:38 42.397003 -72.52197   4     17     57  
715.0  11:55:46 42.39702 -72.52194   4     17     48  
715.0  11:55:55 42.39704 -72.52191   5     11     45  
716.0  11:56:00 42.397038 -72.521904   4     14     54  
716.0  11:56:03 42.397038 -72.521904   3     13     50  
716.0  11:56:12 42.39704 -72.5219   3     16     54  
716.0  11:56:23 42.397068 -72.52186   3     12     55  
716.0  11:56:31 42.397057 -72.52201   5     16     43  
716.0  11:56:40 42.396862 -72.52279   3     11     58  
716.0  11:56:48 42.39639 -72.52368   4     14     58  
716.0  11:56:56 42.39589 -72.52478   5     13     44  
717.0  11:57:00 42.39573 -72.52543   3     14     55  
717.0  11:57:05 42.395702 -72.525505   3     14     42  
717.0  11:57:16 42.395687 -72.52552   4     18     51  
717.0  11:57:25 42.395405 -72.52636   4     18     47  
717.0  11:57:33 42.39522 -72.52692   5     12     53  
717.0  11:57:42 42.39515 -72.527016   3     13     53  
717.0  11:57:50 42.394573 -72.52671   4     13     49  
717.0  11:57:58 42.393993 -72.52634   5     19     50  
718.0  11:58:00 42.393913 -72.52626   3     15     45  
718.0  11:58:07 42.393703 -72.52614   5     17     43  
718.0  11:58:16 42.393383 -72.52601   3     16     49  
718.0  11:58:25 42.393375 -72.52597   5     19     44  
718.0  11:58:33 42.3934 -72.52601   4     10     42  
718.0  11:58:42 42.39341 -72.52603   4     13     44  
718.0  11:58:51 42.393414 -72.52604   5     19     50  
719.0  11:59:00 42.393387 -72.52597   5     11     53  
719.0  11:59:01 42.393387 -72.52597   3     15     55  
719.0  11:59:10 42.393185 -72.52586   3     13     53  
719.0  11:59:18 42.392357 -72.52556   3     11     48  
719.0  11:59:27 42.391586 -72.52535   4     17     54  
719.0  11:59:36 42.3909 -72.52529   3     18     56  
719.0  11:59:44 42.390854 -72.52526   3     15     40  
719.0  11:59:54 42.39086 -72.52522   3     14     59  
720.0  12:00:00 42.39085 -72.5252   4     17     41  
720.0  12:00:03 42.39085 -72.5252   3     13     59  
720.0  12:00:11 42.390636 -72.52516   3     12     58  
720.0  12:00:19 42.38999 -72.52505   3     12     54  
720.0  12:00:28 42.389202 -72.52478   5     18     52  
720.0  12:00:36 42.38874 -72.52456   4     12     55  
720.0  12:00:47 42.38806 -72.524124   5     17     52  
720.0  12:00:55 42.38777 -72.52385   5     16     56  
