502.0  08:22:59 0.0 -0.0   5     18     56  
503.0  08:23:11 0.0 -1.1095744E27   5     13     47  
503.0  08:23:23 0.0 -1.8111362E22   5     16     57  
503.0  08:23:35 0.0 -1.8111362E22   3     19     56  
504.0  08:24:39 42.349792 -72.53029   4     12     42  
504.0  08:24:49 42.35037 -72.53028   4     17     42  
504.0  08:24:58 42.35047 -72.53027   3     12     59  
505.0  08:25:00 42.35045 -72.53028   5     12     48  
505.0  08:25:06 42.350452 -72.53028   4     19     40  
505.0  08:25:14 42.35053 -72.5303   4     13     49  
505.0  08:25:23 42.350937 -72.53028   4     17     44  
505.0  08:25:31 42.35145 -72.53028   3     11     52  
505.0  08:25:42 42.351494 -72.53029   5     19     40  
505.0  08:25:51 42.351505 -72.53027   3     11     41  
506.0  08:26:00 42.351505 -72.530266   4     16     43  
506.0  08:26:00 42.351547 -72.53027   5     18     56  
506.0  08:26:08 42.351566 -72.53025   5     14     48  
506.0  08:26:16 42.35157 -72.53022   5     13     57  
506.0  08:26:24 42.351536 -72.52975   4     13     52  
506.0  08:26:35 42.35153 -72.52829   4     12     49  
506.0  08:26:43 42.351524 -72.52713   3     14     51  
506.0  08:26:52 42.351505 -72.52654   5     11     48  
507.0  08:27:00 42.351494 -72.526474   4     13     45  
507.0  08:27:01 42.351494 -72.52648   4     11     59  
507.0  08:27:09 42.35148 -72.52645   4     14     42  
507.0  08:27:19 42.351494 -72.52644   3     14     56  
507.0  08:27:30 42.351627 -72.52538   4     17     42  
508.0  08:28:00 42.35436 -72.52186   4     13     54  
508.0  08:28:05 42.3519 -72.52401   3     19     52  
508.0  08:28:19 42.355663 -72.52112   5     10     52  
508.0  08:28:30 42.35564 -72.521034   4     19     49  
508.0  08:28:39 42.355827 -72.52088   5     17     58  
508.0  08:28:48 42.356716 -72.52096   4     19     58  
508.0  08:28:56 42.357887 -72.520874   5     10     42  
509.0  08:29:00 42.358753 -72.52084   4     15     41  
509.0  08:29:05 42.35906 -72.52083   3     18     42  
509.0  08:29:14 42.3603 -72.52079   4     19     56  
509.0  08:29:31 42.36203 -72.52076   3     17     44  
509.0  08:29:40 42.3646 -72.52062   5     16     46  
509.0  08:29:48 42.36588 -72.52041   5     11     44  
509.0  08:29:57 42.367317 -72.52016   4     12     42  
510.0  08:30:00 42.36806 -72.52005   3     14     57  
510.0  08:30:07 42.368656 -72.51999   3     13     57  
510.0  08:30:18 42.370327 -72.519806   5     17     40  
510.0  08:30:27 42.371426 -72.51976   5     13     50  
510.0  08:30:36 42.372482 -72.51974   5     17     47  
510.0  08:30:45 42.37298 -72.51978   5     18     47  
510.0  08:30:54 42.373005 -72.519775   5     15     59  
511.0  08:31:00 42.37299 -72.51977   4     11     46  
511.0  08:31:02 42.37299 -72.51977   5     17     54  
511.0  08:31:13 42.37299 -72.51977   4     10     58  
511.0  08:31:26 42.37298 -72.51979   5     19     56  
511.0  08:31:34 42.372993 -72.51978   4     10     53  
511.0  08:31:43 42.373356 -72.51979   5     14     46  
511.0  08:31:52 42.374245 -72.51982   4     19     49  
512.0  08:32:00 42.374714 -72.51979   4     18     52  
512.0  08:32:01 42.374706 -72.51978   4     13     52  
512.0  08:32:11 42.374718 -72.51977   4     12     44  
512.0  08:32:20 42.37496 -72.5198   3     16     58  
512.0  08:32:29 42.37523 -72.51984   3     17     40  
512.0  08:32:38 42.37526 -72.51987   5     13     49  
512.0  08:32:46 42.375248 -72.51988   3     11     41  
512.0  08:32:55 42.375237 -72.519875   5     10     40  
513.0  08:33:00 42.37523 -72.51988   3     13     44  
513.0  08:33:06 42.375225 -72.519875   3     15     56  
513.0  08:33:14 42.375248 -72.51988   4     12     50  
513.0  08:33:23 42.375645 -72.51987   4     16     42  
513.0  08:33:31 42.37623 -72.51989   3     10     45  
513.0  08:33:40 42.37688 -72.51991   3     18     43  
513.0  08:33:48 42.377407 -72.51987   4     11     53  
513.0  08:33:59 42.377415 -72.51985   3     12     45  
514.0  08:34:00 42.37743 -72.51986   3     15     58  
514.0  08:34:07 42.37747 -72.51987   3     19     51  
514.0  08:34:16 42.377495 -72.51987   4     17     50  
514.0  08:34:24 42.377956 -72.51991   5     17     43  
514.0  08:34:33 42.37865 -72.51994   4     19     49  
514.0  08:34:41 42.379364 -72.519775   3     18     44  
514.0  08:34:52 42.379818 -72.519516   5     16     49  
515.0  08:35:00 42.37981 -72.51953   5     12     47  
515.0  08:35:00 42.37981 -72.51952   3     11     50  
515.0  08:35:09 42.379864 -72.51952   3     12     42  
515.0  08:35:17 42.38053 -72.51936   3     19     47  
515.0  08:35:26 42.38129 -72.519295   4     17     46  
515.0  08:35:35 42.381886 -72.51966   3     15     40  
515.0  08:35:46 42.382874 -72.52047   4     15     56  
515.0  08:35:54 42.38382 -72.52103   4     16     54  
516.0  08:36:00 42.384693 -72.52152   4     16     42  
516.0  08:36:03 42.384693 -72.52152   3     12     59  
516.0  08:36:11 42.38552 -72.52194   4     19     57  
516.0  08:36:20 42.385952 -72.522354   4     16     40  
516.0  08:36:29 42.38608 -72.52245   4     12     49  
516.0  08:36:39 42.386875 -72.52256   4     17     42  
516.0  08:36:48 42.387516 -72.52332   3     14     51  
517.0  08:37:00 42.38773 -72.5236   3     12     53  
517.0  08:37:00 42.38777 -72.5236   4     10     49  
517.0  08:37:08 42.38777 -72.523605   3     17     41  
517.0  08:37:17 42.387768 -72.52363   4     18     59  
517.0  08:37:26 42.387794 -72.52379   5     16     57  
517.0  08:37:37 42.388557 -72.52447   4     12     53  
517.0  08:37:45 42.389458 -72.52489   3     19     46  
517.0  08:37:55 42.390427 -72.52513   4     15     43  
518.0  08:38:00 42.39106 -72.52522   3     18     47  
518.0  08:38:03 42.391087 -72.52523   3     19     53  
518.0  08:38:12 42.39108 -72.52524   4     15     56  
518.0  08:38:21 42.391087 -72.52524   4     10     53  
518.0  08:38:32 42.391804 -72.525375   3     17     53  
518.0  08:38:41 42.39266 -72.52562   5     11     59  
518.0  08:38:49 42.393456 -72.52594   3     19     50  
518.0  08:38:58 42.393875 -72.52612   4     11     45  
519.0  08:39:00 42.393887 -72.52614   5     10     58  
519.0  08:39:07 42.39388 -72.526146   5     17     42  
519.0  08:39:15 42.393875 -72.526146   3     15     58  
519.0  08:39:26 42.393875 -72.52613   5     10     48  
519.0  08:39:34 42.39388 -72.52616   3     12     45  
519.0  08:39:43 42.39419 -72.5264   5     16     41  
519.0  08:39:52 42.394737 -72.5267   4     19     46  
520.0  08:40:00 42.39499 -72.52686   3     16     40  
520.0  08:40:01 42.394985 -72.526855   3     17     53  
520.0  08:40:09 42.394985 -72.52688   5     14     56  
520.0  08:40:20 42.39522 -72.52701   4     10     48  
520.0  08:40:29 42.396084 -72.52739   4     12     56  
520.0  08:40:37 42.397156 -72.52785   5     11     48  
520.0  08:40:46 42.398136 -72.52808   5     14     55  
520.0  08:40:54 42.399395 -72.52801   5     14     47  
521.0  08:41:00 42.40059 -72.52786   3     16     47  
521.0  08:41:03 42.40059 -72.52786   4     11     40  
521.0  08:41:15 42.402374 -72.52847   3     19     41  
521.0  08:41:23 42.40329 -72.52912   3     15     56  
521.0  08:41:32 42.403934 -72.529564   4     14     42  
521.0  08:41:40 42.40498 -72.5297   3     15     51  
521.0  08:41:51 42.405945 -72.52977   3     10     57  
521.0  08:41:59 42.407078 -72.530014   4     11     54  
522.0  08:42:00 42.407482 -72.530136   3     10     47  
522.0  08:42:10 42.408436 -72.530426   3     18     44  
522.0  08:42:20 42.409225 -72.53064   3     16     59  
522.0  08:42:29 42.409275 -72.53069   5     11     41  
522.0  08:42:37 42.40927 -72.53072   5     19     42  
522.0  08:42:46 42.409275 -72.53074   5     14     53  
522.0  08:42:55 42.40969 -72.53093   3     14     55  
523.0  08:43:00 42.40979 -72.53096   5     17     41  
523.0  08:43:07 42.40979 -72.53096   5     17     51  
523.0  08:43:16 42.40978 -72.53096   4     16     45  
523.0  08:43:24 42.409775 -72.53097   4     18     48  
523.0  08:43:33 42.409836 -72.53098   3     12     54  
523.0  08:43:42 42.40987 -72.530975   3     14     40  
523.0  08:43:51 42.40995 -72.53128   5     19     46  
524.0  08:44:00 42.40973 -72.53295   5     15     57  
524.0  08:44:01 42.40975 -72.532776   4     12     52  
524.0  08:44:10 42.409595 -72.53421   5     12     41  
524.0  08:44:18 42.409393 -72.53586   4     12     47  
524.0  08:44:27 42.409206 -72.53712   5     18     49  
524.0  08:44:36 42.409115 -72.537834   3     12     53  
524.0  08:44:44 42.409725 -72.53781   4     15     44  
524.0  08:44:57 42.411533 -72.537575   4     15     41  
525.0  08:45:00 42.413044 -72.537384   4     11     47  
525.0  08:45:08 42.411533 -72.537575   4     14     52  
525.0  08:45:16 42.41573 -72.537056   5     10     53  
525.0  08:45:24 42.41707 -72.53689   4     15     41  
525.0  08:45:33 42.4188 -72.53677   3     15     40  
525.0  08:45:42 42.42052 -72.53695   5     10     44  
525.0  08:45:54 42.42259 -72.53749   3     15     54  
526.0  08:46:00 42.424404 -72.538345   3     19     50  
526.0  08:46:02 42.424404 -72.538345   5     17     44  
526.0  08:46:14 42.425797 -72.539215   4     15     53  
526.0  08:46:23 42.427677 -72.540504   5     16     53  
526.0  08:46:31 42.429173 -72.54167   5     14     58  
526.0  08:46:40 42.430534 -72.542854   4     13     55  
526.0  08:46:53 42.43133 -72.54352   3     11     51  
527.0  08:47:00 42.43135 -72.54355   4     13     52  
527.0  08:47:02 42.431324 -72.54352   3     14     45  
527.0  08:47:10 42.43174 -72.54391   4     11     46  
527.0  08:47:50 42.43771 -72.547485   5     13     46  
528.0  08:48:00 42.439426 -72.54864   3     12     57  
528.0  08:48:00 42.43975 -72.54891   5     12     57  
528.0  08:48:09 42.440697 -72.54979   3     15     47  
528.0  08:48:17 42.442043 -72.55125   4     16     49  
528.0  08:48:26 42.443256 -72.552505   3     14     56  
528.0  08:48:34 42.444763 -72.553635   3     10     52  
528.0  08:48:43 42.44615 -72.55452   5     13     55  
528.0  08:48:54 42.447857 -72.55649   4     13     42  
529.0  08:49:00 42.44871 -72.55814   5     16     59  
529.0  08:49:03 42.44882 -72.55834   4     13     41  
529.0  08:49:11 42.449677 -72.55992   5     18     57  
529.0  08:49:19 42.45071 -72.561455   3     15     54  
529.0  08:49:28 42.451496 -72.56259   3     13     49  
530.0  08:50:00 42.452286 -72.56365   5     10     43  
615.0  10:15:01 42.457798 -72.58148   5     19     40  
615.0  10:15:14 42.45784 -72.581436   5     14     40  
615.0  10:15:27 42.45784 -72.58142   4     18     52  
615.0  10:15:39 42.457867 -72.58161   5     19     58  
616.0  10:16:37 42.459747 -72.5808   5     18     40  
617.0  10:17:00 42.459354 -72.57843   4     14     56  
617.0  10:17:19 42.459152 -72.57713   4     16     47  
617.0  10:17:28 42.458973 -72.576065   3     11     57  
617.0  10:17:34 42.459476 -72.57912   5     10     45  
617.0  10:17:38 42.458725 -72.574715   3     10     50  
617.0  10:17:47 42.458515 -72.57356   5     17     54  
617.0  10:17:55 42.458298 -72.57235   4     15     58  
618.0  10:18:00 42.457943 -72.57116   4     15     43  
618.0  10:18:39 42.45458 -72.56685   4     16     58  
618.0  10:18:49 42.454605 -72.56657   3     14     58  
618.0  10:18:57 42.454014 -72.566   5     18     43  
619.0  10:19:00 42.45338 -72.5653   5     16     53  
619.0  10:19:06 42.453163 -72.56503   3     13     56  
619.0  10:19:14 42.45228 -72.56384   5     15     55  
619.0  10:19:23 42.451626 -72.562935   3     17     44  
619.0  10:19:31 42.45149 -72.562775   3     19     52  
619.0  10:19:42 42.451496 -72.5628   5     17     58  
619.0  10:19:50 42.451252 -72.56238   4     15     54  
619.0  10:19:59 42.450584 -72.5614   3     16     45  
620.0  10:20:00 42.450066 -72.56063   4     12     43  
620.0  10:20:08 42.449635 -72.55996   4     11     41  
620.0  10:20:19 42.44871 -72.55826   3     14     42  
620.0  10:20:28 42.447586 -72.55609   3     16     42  
620.0  10:20:40 42.44564 -72.55415   3     15     49  
620.0  10:20:48 42.44425 -72.55328   5     19     53  
621.0  10:21:00 42.44186 -72.55114   4     10     52  
621.0  10:21:29 42.437714 -72.54747   4     10     51  
621.0  10:21:42 42.435375 -72.54625   5     14     45  
621.0  10:21:42 42.44277 -72.55211   3     16     41  
621.0  10:21:50 42.43393 -72.54552   4     18     50  
621.0  10:21:59 42.43239 -72.54447   4     10     48  
622.0  10:22:00 42.43157 -72.543785   5     12     49  
622.0  10:22:07 42.430923 -72.54322   5     18     57  
622.0  10:22:16 42.429485 -72.54197   5     18     51  
622.0  10:22:25 42.42817 -72.5409   4     10     53  
622.0  10:22:36 42.42629 -72.53958   4     18     49  
622.0  10:22:45 42.42473 -72.538574   5     19     52  
622.0  10:22:54 42.42311 -72.53776   4     10     51  
623.0  10:23:00 42.42124 -72.537155   4     10     56  
623.0  10:23:02 42.42143 -72.53721   5     14     41  
623.0  10:23:11 42.419918 -72.5369   3     10     56  
623.0  10:23:19 42.418205 -72.536804   3     14     47  
623.0  10:23:31 42.416092 -72.537025   5     13     44  
623.0  10:23:39 42.414555 -72.53723   3     11     46  
623.0  10:23:48 42.41283 -72.53746   4     19     48  
623.0  10:23:57 42.411186 -72.53766   5     11     48  
624.0  10:24:00 42.410168 -72.53778   3     11     47  
624.0  10:24:05 42.40988 -72.53781   4     19     47  
624.0  10:24:14 42.40906 -72.537926   4     10     44  
624.0  10:24:25 42.40897 -72.538   5     17     50  
624.0  10:24:35 42.40891 -72.53772   3     12     51  
624.0  10:24:44 42.409275 -72.536865   3     14     47  
624.0  10:24:52 42.40941 -72.535545   4     14     40  
625.0  10:25:00 42.409584 -72.53383   5     17     43  
625.0  10:25:01 42.409554 -72.534096   4     17     47  
625.0  10:25:10 42.409657 -72.53335   3     14     43  
625.0  10:25:24 42.409634 -72.53331   5     17     50  
625.0  10:25:32 42.409706 -72.53284   4     15     55  
625.0  10:25:41 42.40991 -72.53176   4     18     55  
625.0  10:25:50 42.409958 -72.53119   5     15     48  
626.0  10:26:00 42.409863 -72.53113   4     18     53  
626.0  10:26:30 42.40984 -72.53109   5     13     52  
626.0  10:26:40 42.409885 -72.53099   3     19     44  
626.0  10:26:48 42.40947 -72.53083   3     14     48  
626.0  10:26:57 42.40907 -72.53071   5     11     45  
627.0  10:27:00 42.40905 -72.53068   3     17     58  
627.0  10:27:05 42.40906 -72.53067   3     18     40  
627.0  10:27:14 42.408894 -72.5306   4     12     58  
627.0  10:27:22 42.407993 -72.530304   4     18     57  
627.0  10:27:32 42.406597 -72.52991   5     10     57  
627.0  10:27:41 42.405415 -72.52972   4     10     59  
627.0  10:27:49 42.4041 -72.52962   4     13     55  
627.0  10:27:58 42.40321 -72.529144   5     11     50  
628.0  10:28:00 42.403107 -72.52907   5     17     55  
628.0  10:28:06 42.40311 -72.52907   5     15     57  
628.0  10:28:14 42.40312 -72.52906   4     14     41  
628.0  10:28:25 42.403156 -72.529076   5     17     57  
628.0  10:28:33 42.403133 -72.52905   4     13     53  
628.0  10:28:42 42.40278 -72.52878   5     18     53  
628.0  10:28:50 42.401913 -72.52829   4     12     54  
628.0  10:28:58 42.400723 -72.527885   4     11     50  
629.0  10:29:00 42.399982 -72.52792   3     18     48  
629.0  10:29:07 42.39953 -72.527985   4     13     47  
629.0  10:29:21 42.39787 -72.5281   4     14     54  
629.0  10:29:30 42.39653 -72.52757   5     15     50  
629.0  10:29:39 42.395744 -72.52723   5     18     43  
629.0  10:29:47 42.395504 -72.527145   4     18     59  
629.0  10:29:56 42.3955 -72.52714   4     15     56  
630.0  10:30:00 42.39551 -72.52718   5     11     41  
630.0  10:30:05 42.39551 -72.52718   3     16     41  
630.0  10:30:16 42.395348 -72.527115   3     18     46  
630.0  10:30:25 42.39518 -72.52701   5     18     55  
630.0  10:30:34 42.394386 -72.526566   3     12     54  
630.0  10:30:42 42.393574 -72.52611   3     17     47  
630.0  10:30:51 42.39334 -72.52599   3     16     47  
631.0  10:31:00 42.393345 -72.526   4     10     49  
631.0  10:31:00 42.39336 -72.52601   4     14     49  
631.0  10:31:12 42.39337 -72.52602   5     18     59  
631.0  10:31:21 42.39316 -72.52586   5     16     45  
631.0  10:31:30 42.39241 -72.52557   3     15     56  
631.0  10:31:38 42.391514 -72.5253   3     11     58  
631.0  10:31:48 42.390926 -72.52527   5     12     56  
631.0  10:31:57 42.390835 -72.525215   4     12     43  
632.0  10:32:00 42.390835 -72.525215   5     14     42  
632.0  10:32:12 42.390846 -72.525215   5     16     47  
632.0  10:32:23 42.390816 -72.52516   3     19     53  
632.0  10:32:32 42.390816 -72.52516   3     19     44  
632.0  10:32:40 42.39043 -72.52509   4     18     58  
632.0  10:32:49 42.389606 -72.5249   5     14     40  
632.0  10:32:58 42.388657 -72.524475   3     17     58  
633.0  10:33:00 42.388107 -72.524124   4     17     51  
633.0  10:33:07 42.387913 -72.524   3     12     44  
633.0  10:33:18 42.387753 -72.52386   4     12     58  
633.0  10:33:27 42.38776 -72.52387   3     13     43  
633.0  10:33:36 42.38774 -72.52383   5     10     49  
633.0  10:33:44 42.387356 -72.52325   3     18     41  
633.0  10:33:53 42.386696 -72.52248   5     11     46  
634.0  10:34:00 42.386078 -72.52247   4     15     58  
634.0  10:34:02 42.38614 -72.52244   3     14     59  
634.0  10:34:14 42.386066 -72.52251   4     10     48  
634.0  10:34:23 42.386093 -72.52253   4     13     41  
634.0  10:34:31 42.385765 -72.52245   4     16     43  
634.0  10:34:40 42.385212 -72.52179   4     11     41  
634.0  10:34:51 42.38424 -72.52124   3     11     57  
635.0  10:35:00 42.382923 -72.520584   4     13     50  
635.0  10:35:01 42.3832 -72.520706   3     16     55  
635.0  10:35:15 42.382828 -72.520546   4     13     43  
635.0  10:35:26 42.382828 -72.520546   4     13     46  
635.0  10:35:34 42.381706 -72.5196   4     11     43  
635.0  10:35:42 42.38154 -72.51937   3     14     40  
635.0  10:35:51 42.381115 -72.519356   5     10     54  
635.0  10:35:59 42.380203 -72.51949   3     19     58  
636.0  10:36:00 42.379833 -72.51957   5     18     47  
636.0  10:36:10 42.37953 -72.51971   3     11     49  
636.0  10:36:19 42.379528 -72.519714   4     13     44  
636.0  10:36:27 42.379295 -72.51979   5     17     46  
636.0  10:36:36 42.378582 -72.51998   3     16     45  
636.0  10:36:44 42.37793 -72.52   4     10     47  
636.0  10:36:52 42.377872 -72.51996   5     18     50  
637.0  10:37:00 42.377815 -72.51993   4     16     40  
637.0  10:37:03 42.377815 -72.519936   3     19     48  
637.0  10:37:12 42.3778 -72.51992   5     14     41  
637.0  10:37:21 42.37729 -72.51991   5     11     54  
637.0  10:37:29 42.376507 -72.519905   5     13     56  
637.0  10:37:38 42.376087 -72.51989   5     17     56  
637.0  10:37:46 42.376015 -72.5199   4     11     59  
637.0  10:37:57 42.37596 -72.519905   4     18     41  
638.0  10:38:00 42.37565 -72.51991   5     16     54  
638.0  10:38:06 42.375454 -72.51991   5     12     53  
638.0  10:38:15 42.375042 -72.51989   5     14     57  
638.0  10:38:23 42.374626 -72.51991   5     10     46  
638.0  10:38:32 42.374386 -72.51995   3     12     54  
638.0  10:38:41 42.374302 -72.51993   4     12     46  
638.0  10:38:52 42.37362 -72.519875   4     15     56  
639.0  10:39:00 42.37335 -72.51987   4     16     53  
639.0  10:39:03 42.373356 -72.51987   4     14     53  
639.0  10:39:12 42.373337 -72.519875   3     16     51  
639.0  10:39:20 42.37322 -72.519875   5     18     45  
639.0  10:39:29 42.372433 -72.519806   3     19     55  
639.0  10:39:38 42.371166 -72.51984   5     12     46  
639.0  10:39:52 42.368713 -72.520035   5     13     51  
640.0  10:40:00 42.366898 -72.52025   3     17     56  
640.0  10:40:02 42.36706 -72.52022   5     10     47  
640.0  10:40:11 42.36555 -72.52045   5     19     46  
640.0  10:40:20 42.36403 -72.52069   5     19     47  
640.0  10:40:29 42.362736 -72.52077   3     14     46  
640.0  10:40:37 42.36121 -72.5208   3     15     58  
640.0  10:40:47 42.359615 -72.52084   5     11     54  
641.0  10:41:00 42.35684 -72.521   4     16     52  
641.0  10:41:03 42.356987 -72.520996   5     11     57  
641.0  10:41:59 42.353504 -72.522606   4     19     50  
642.0  10:42:00 42.35295 -72.52301   5     13     45  
642.0  10:42:12 42.352093 -72.523796   4     19     58  
642.0  10:42:22 42.35169 -72.52521   5     18     52  
642.0  10:42:31 42.35161 -72.52602   4     17     44  
642.0  10:42:41 42.351616 -72.526   5     17     54  
642.0  10:42:50 42.351585 -72.526436   4     10     57  
643.0  10:43:00 42.351368 -72.52744   3     17     58  
643.0  10:43:03 42.351475 -72.52743   3     17     49  
643.0  10:43:11 42.35093 -72.527435   3     18     51  
643.0  10:43:20 42.350636 -72.52743   4     18     45  
643.0  10:43:30 42.35 -72.52751   3     17     54  
643.0  10:43:38 42.34975 -72.52783   5     18     46  
643.0  10:43:47 42.34955 -72.52841   3     15     57  
643.0  10:43:59 42.349045 -72.52887   4     16     56  
644.0  10:44:00 42.348907 -72.52892   4     12     47  
644.0  10:44:07 42.348892 -72.52893   3     12     49  
651.0  10:51:19 42.348885 -72.52893   3     18     51  
651.0  10:51:32 42.348858 -72.52895   4     18     46  
651.0  10:51:45 42.348873 -72.52894   3     18     47  
654.0  10:54:00 0.0 -0.0   4     19     44  
655.0  10:55:00 0.0 -0.0   3     13     40  
658.0  10:58:00 0.0 -0.0   3     18     55  
659.0  10:59:00 0.0 -0.0   4     18     54  
660.0  11:00:00 0.0 -0.0   3     16     54  
661.0  11:01:00 0.0 -0.0   4     12     57  
662.0  11:02:00 0.0 -0.0   3     11     50  
663.0  11:03:00 0.0 -0.0   5     15     43  
664.0  11:04:00 0.0 -0.0   5     11     44  
665.0  11:05:00 0.0 -0.0   5     12     54  
666.0  11:06:00 0.0 -0.0   4     16     51  
667.0  11:07:00 0.0 -0.0   5     15     40  
668.0  11:08:00 0.0 -0.0   5     16     51  
669.0  11:09:00 0.0 -0.0   4     10     46  
670.0  11:10:00 0.0 -0.0   3     19     56  
671.0  11:11:00 0.0 -0.0   5     16     52  
672.0  11:12:00 0.0 -0.0   3     15     44  
673.0  11:13:00 0.0 -0.0   5     18     46  
674.0  11:14:00 0.0 -0.0   4     14     53  
675.0  11:15:00 0.0 -0.0   3     18     52  
676.0  11:16:00 0.0 -0.0   3     17     52  
677.0  11:17:00 0.0 -0.0   3     11     50  
678.0  11:18:00 0.0 -0.0   4     16     58  
761.0  12:41:31 0.0 -0.0   5     13     45  
761.0  12:41:44 0.0 -1.1095744E27   5     15     51  
761.0  12:41:56 0.0 -1.8111362E22   4     18     46  
762.0  12:42:08 0.0 -1.8111362E22   3     19     52  
763.0  12:43:08 0.0 -0.0   5     12     55  
763.0  12:43:18 0.0 -0.0   3     15     53  
763.0  12:43:27 0.0 -0.0   4     13     56  
763.0  12:43:35 0.0 -0.0   3     17     49  
763.0  12:43:43 0.0 -0.0   4     14     55  
763.0  12:43:52 0.0 -0.0   3     18     47  
764.0  12:44:01 0.0 -0.0   3     14     53  
764.0  12:44:12 0.0 -0.0   5     15     48  
764.0  12:44:20 0.0 -0.0   3     15     55  
774.0  12:54:01 0.0 -0.0   4     11     48  
774.0  12:54:57 0.0 -0.0   3     19     53  
775.0  12:55:09 0.0 -0.0   3     15     47  
775.0  12:55:18 0.0 -0.0   4     11     55  
775.0  12:55:26 0.0 -0.0   4     10     48  
775.0  12:55:35 0.0 -0.0   3     17     46  
775.0  12:55:44 0.0 -0.0   5     16     58  
775.0  12:55:53 0.0 -0.0   5     11     58  
776.0  12:56:03 0.0 -0.0   3     12     56  
776.0  12:56:12 0.0 -0.0   4     11     50  
776.0  12:56:21 0.0 -0.0   4     19     47  
776.0  12:56:30 0.0 -0.0   5     19     58  
776.0  12:56:38 0.0 -0.0   4     16     46  
776.0  12:56:47 0.0 -0.0   3     14     53  
776.0  12:56:58 0.0 -0.0   4     10     51  
777.0  12:57:08 0.0 -0.0   5     11     56  
777.0  12:57:16 0.0 -0.0   4     14     45  
777.0  12:57:26 0.0 -0.0   4     15     40  
777.0  12:57:35 0.0 -0.0   5     17     45  
777.0  12:57:44 0.0 -0.0   4     11     46  
777.0  12:57:55 0.0 -0.0   4     12     59  
778.0  12:58:03 0.0 -0.0   5     19     46  
778.0  12:58:12 0.0 -0.0   4     19     42  
778.0  12:58:21 0.0 -0.0   5     17     47  
778.0  12:58:30 0.0 -0.0   5     10     55  
778.0  12:58:39 0.0 -0.0   3     11     57  
778.0  12:58:50 0.0 -0.0   3     11     46  
778.0  12:58:58 0.0 -0.0   3     14     49  
779.0  12:59:07 0.0 -0.0   4     12     44  
779.0  12:59:21 0.0 -0.0   3     15     44  
779.0  12:59:30 0.0 -0.0   3     15     58  
779.0  12:59:41 0.0 -0.0   4     15     55  
779.0  12:59:50 0.0 -0.0   4     17     48  
779.0  12:59:59 0.0 -0.0   3     11     53  
780.0  13:00:08 0.0 -0.0   3     16     45  
780.0  13:00:17 0.0 -0.0   5     19     58  
780.0  13:00:26 0.0 -0.0   3     14     57  
780.0  13:00:36 0.0 -0.0   4     15     51  
780.0  13:00:44 0.0 -0.0   4     14     49  
780.0  13:00:53 0.0 -0.0   5     15     49  
781.0  13:01:01 0.0 -0.0   4     11     59  
781.0  13:01:10 0.0 -0.0   4     10     50  
781.0  13:01:23 0.0 -0.0   3     17     44  
781.0  13:01:34 0.0 -0.0   3     11     46  
781.0  13:01:42 0.0 -0.0   4     13     52  
781.0  13:01:51 0.0 -0.0   4     13     58  
781.0  13:01:59 0.0 -0.0   3     14     49  
782.0  13:02:08 0.0 -0.0   3     11     41  
782.0  13:02:16 0.0 -0.0   5     13     44  
782.0  13:02:27 0.0 -0.0   5     17     41  
782.0  13:02:36 0.0 -0.0   3     17     55  
782.0  13:02:44 0.0 -0.0   4     17     47  
782.0  13:02:53 0.0 -0.0   4     14     40  
783.0  13:03:01 0.0 -0.0   3     15     41  
783.0  13:03:11 0.0 -0.0   3     10     48  
783.0  13:03:21 0.0 -0.0   4     12     46  
783.0  13:03:29 0.0 -0.0   3     11     40  
783.0  13:03:38 0.0 -0.0   5     15     45  
783.0  13:03:47 0.0 -0.0   4     12     57  
783.0  13:03:55 0.0 -0.0   4     13     53  
784.0  13:04:03 0.0 -0.0   5     17     51  
784.0  13:04:14 0.0 -0.0   3     17     47  
784.0  13:04:23 0.0 -0.0   4     15     52  
784.0  13:04:31 0.0 -0.0   4     17     55  
784.0  13:04:40 0.0 -0.0   4     17     46  
784.0  13:04:49 0.0 -0.0   3     18     57  
784.0  13:04:57 0.0 -0.0   5     18     52  
785.0  13:05:08 0.0 -0.0   3     19     57  
785.0  13:05:17 0.0 -0.0   3     18     49  
785.0  13:05:25 0.0 -0.0   4     14     43  
785.0  13:05:34 0.0 -0.0   4     18     50  
785.0  13:05:42 0.0 -0.0   5     15     53  
785.0  13:05:51 0.0 -0.0   3     16     52  
786.0  13:06:04 0.0 -0.0   5     14     59  
786.0  13:06:12 0.0 -0.0   5     12     45  
786.0  13:06:21 0.0 -0.0   4     14     54  
786.0  13:06:30 0.0 -0.0   5     15     55  
786.0  13:06:39 0.0 -0.0   5     12     52  
786.0  13:06:47 0.0 -0.0   3     17     42  
786.0  13:06:58 0.0 -0.0   4     17     54  
787.0  13:07:07 0.0 -0.0   4     12     41  
787.0  13:07:15 0.0 -0.0   4     15     44  
787.0  13:07:23 0.0 -0.0   3     18     42  
787.0  13:07:33 0.0 -0.0   3     12     58  
787.0  13:07:41 0.0 -0.0   5     17     48  
787.0  13:07:52 0.0 -0.0   4     15     56  
788.0  13:08:01 0.0 -0.0   4     15     50  
788.0  13:08:10 0.0 -0.0   3     15     58  
788.0  13:08:18 0.0 -0.0   4     11     48  
788.0  13:08:27 0.0 -0.0   3     19     47  
788.0  13:08:36 0.0 -0.0   5     11     56  
788.0  13:08:47 0.0 -0.0   4     13     57  
788.0  13:08:55 0.0 -0.0   4     12     42  
789.0  13:09:03 0.0 -0.0   3     16     52  
789.0  13:09:12 0.0 -0.0   4     12     42  
789.0  13:09:21 0.0 -0.0   3     10     44  
789.0  13:09:29 0.0 -0.0   5     16     45  
789.0  13:09:40 0.0 -0.0   3     12     44  
789.0  13:09:49 0.0 -0.0   3     11     42  
789.0  13:09:57 0.0 -0.0   5     13     50  
790.0  13:10:05 0.0 -0.0   5     15     47  
790.0  13:10:14 0.0 -0.0   5     18     44  
790.0  13:10:22 0.0 -0.0   3     13     47  
790.0  13:10:33 0.0 -0.0   3     13     48  
790.0  13:10:42 0.0 -0.0   5     15     51  
790.0  13:10:51 0.0 -0.0   5     10     53  
790.0  13:10:59 0.0 -0.0   4     14     43  
791.0  13:11:41 0.0 -0.0   5     11     43  
791.0  13:11:52 0.0 -0.0   3     10     40  
792.0  13:12:00 0.0 -0.0   4     18     54  
792.0  13:12:09 0.0 -0.0   5     15     45  
792.0  13:12:18 0.0 -0.0   4     16     59  
792.0  13:12:27 0.0 -0.0   3     13     49  
792.0  13:12:36 0.0 -0.0   3     18     57  
792.0  13:12:47 0.0 -0.0   5     16     58  
792.0  13:12:56 0.0 -0.0   4     13     50  
793.0  13:13:04 0.0 -0.0   4     12     42  
793.0  13:13:25 0.0 -0.0   5     15     54  
793.0  13:13:37 0.0 -0.0   3     13     44  
793.0  13:13:45 0.0 -0.0   5     17     49  
793.0  13:13:53 0.0 -0.0   5     14     52  
794.0  13:14:02 0.0 -0.0   4     11     48  
794.0  13:14:11 0.0 -0.0   5     13     40  
795.0  13:15:07 0.0 -0.0   5     10     44  
795.0  13:15:18 0.0 -0.0   5     12     48  
795.0  13:15:27 0.0 -0.0   3     13     55  
