10.0  00:10:22 0.0 -0.0   24     21     22  
10.0  00:10:33 0.0 -0.0   23     24     24  
10.0  00:10:42 0.0 -0.0   22     24     22  
10.0  00:10:51 0.0 -0.0   24     20     21  
10.0  00:10:59 0.0 -0.0   21     23     23  
11.0  00:11:00 0.0 -0.0   24     22     21  
11.0  00:11:07 0.0 -0.0   20     22     24  
11.0  00:11:16 0.0 -0.0   24     22     23  
11.0  00:11:28 0.0 -0.0   22     23     24  
11.0  00:11:37 0.0 -0.0   23     24     22  
11.0  00:11:47 0.0 -0.0   23     23     22  
11.0  00:11:59 0.0 -0.0   24     20     23  
12.0  00:12:00 0.0 -0.0   23     20     20  
12.0  00:12:08 0.0 -0.0   20     22     20  
12.0  00:12:20 0.0 -0.0   24     20     22  
12.0  00:12:34 0.0 -0.0   22     22     22  
12.0  00:12:44 0.0 -0.0   24     23     20  
12.0  00:12:59 0.0 -0.0   20     23     20  
13.0  00:13:00 0.0 -0.0   22     20     24  
14.0  00:14:00 0.0 -0.0   23     24     21  
15.0  00:15:00 0.0 -0.0   22     22     23  
15.0  00:15:27 0.0 -0.0   23     23     22  
15.0  00:15:45 0.0 -0.0   20     22     24  
15.0  00:15:56 0.0 -0.0   23     23     21  
16.0  00:16:00 0.0 -0.0   21     21     21  
16.0  00:16:05 0.0 -0.0   23     23     21  
16.0  00:16:14 0.0 -0.0   21     23     21  
16.0  00:16:22 0.0 -0.0   21     20     21  
16.0  00:16:30 0.0 -0.0   21     24     20  
16.0  00:16:39 0.0 -0.0   24     24     24  
16.0  00:16:49 0.0 -0.0   22     22     20  
17.0  00:17:00 0.0 -0.0   21     20     24  
17.0  00:17:01 0.0 -0.0   24     23     21  
17.0  00:17:10 0.0 -0.0   24     24     24  
17.0  00:17:40 0.0 -0.0   20     22     24  
576.0  09:36:57 0.0 -0.0   24     23     21  
577.0  09:37:11 0.0 -1.1095744E27   20     21     24  
577.0  09:37:23 0.0 -1.8111362E22   21     22     22  
577.0  09:37:36 0.0 -1.8111362E22   22     21     24  
791.0  13:11:28 0.0 -0.0   22     24     24  
791.0  13:11:41 0.0 -1.1095744E27   23     20     20  
791.0  13:11:54 0.0 -1.8111362E22   22     24     24  
792.0  13:12:08 0.0 -1.8111362E22   22     22     20  
793.0  13:13:13 0.0 -0.0   23     20     23  
793.0  13:13:27 0.0 -0.0   21     21     20  
793.0  13:13:37 0.0 -0.0   24     23     22  
793.0  13:13:48 0.0 -0.0   22     21     21  
793.0  13:13:58 0.0 -0.0   21     21     21  
794.0  13:14:00 0.0 -0.0   22     22     24  
794.0  13:14:07 0.0 -0.0   23     24     21  
794.0  13:14:16 0.0 -0.0   24     23     24  
794.0  13:14:25 0.0 -0.0   23     21     20  
794.0  13:14:34 0.0 -0.0   20     21     20  
794.0  13:14:43 0.0 -0.0   20     21     22  
794.0  13:14:51 0.0 -0.0   24     22     20  
794.0  13:14:59 0.0 -0.0   24     23     24  
795.0  13:15:00 0.0 -0.0   20     24     24  
795.0  13:15:00 0.0 -0.0   20     20     22  
795.0  13:15:09 0.0 -0.0   24     21     24  
795.0  13:15:22 0.0 -0.0   22     20     24  
795.0  13:15:31 0.0 -0.0   22     21     23  
795.0  13:15:40 0.0 -0.0   24     24     20  
795.0  13:15:48 0.0 -0.0   20     22     20  
795.0  13:15:59 0.0 -0.0   20     21     23  
796.0  13:16:00 0.0 -0.0   24     24     21  
796.0  13:16:08 0.0 -0.0   20     23     24  
796.0  13:16:17 0.0 -0.0   22     23     20  
796.0  13:16:27 0.0 -0.0   23     22     22  
796.0  13:16:37 0.0 -0.0   21     20     23  
796.0  13:16:47 0.0 -0.0   20     22     21  
796.0  13:16:58 0.0 -0.0   22     21     22  
797.0  13:17:00 0.0 -0.0   21     22     24  
797.0  13:17:07 0.0 -0.0   24     20     20  
797.0  13:17:17 0.0 -0.0   23     20     20  
797.0  13:17:26 0.0 -0.0   22     21     21  
797.0  13:17:35 0.0 -0.0   23     20     24  
797.0  13:17:44 0.0 -0.0   24     23     21  
797.0  13:17:57 0.0 -0.0   23     24     20  
798.0  13:18:00 0.0 -0.0   24     23     24  
798.0  13:18:07 0.0 -0.0   21     20     24  
798.0  13:18:17 0.0 -0.0   20     24     24  
798.0  13:18:38 0.0 -0.0   24     23     22  
798.0  13:18:50 0.0 -0.0   21     22     22  
798.0  13:18:59 0.0 -0.0   22     20     21  
799.0  13:19:00 0.0 -0.0   23     20     21  
799.0  13:19:08 0.0 -0.0   20     21     22  
799.0  13:19:18 0.0 -0.0   21     21     21  
799.0  13:19:27 0.0 -0.0   20     24     24  
799.0  13:19:39 0.0 -0.0   21     22     24  
799.0  13:19:50 0.0 -0.0   20     23     24  
799.0  13:19:59 0.0 -0.0   24     21     20  
800.0  13:20:00 0.0 -0.0   20     24     22  
800.0  13:20:08 0.0 -0.0   21     23     21  
800.0  13:20:25 0.0 -0.0   24     24     20  
800.0  13:20:35 0.0 -0.0   24     21     23  
800.0  13:20:48 0.0 -0.0   23     20     23  
800.0  13:20:57 0.0 -0.0   20     20     23  
801.0  13:21:00 0.0 -0.0   22     22     22  
801.0  13:21:06 0.0 -0.0   20     23     23  
801.0  13:21:14 0.0 -0.0   20     21     23  
801.0  13:21:23 0.0 -0.0   20     20     23  
801.0  13:21:31 0.0 -0.0   20     21     20  
801.0  13:21:42 0.0 -0.0   24     23     24  
801.0  13:21:52 0.0 -0.0   21     22     23  
802.0  13:22:00 0.0 -0.0   24     20     21  
802.0  13:22:01 0.0 -0.0   22     22     22  
802.0  13:22:11 0.0 -0.0   23     24     23  
802.0  13:22:21 0.0 -0.0   21     24     24  
802.0  13:22:35 0.0 -0.0   20     23     22  
802.0  13:22:45 0.0 -0.0   23     23     23  
802.0  13:22:53 0.0 -0.0   22     20     23  
803.0  13:23:00 0.0 -0.0   21     24     21  
803.0  13:23:04 0.0 -0.0   20     24     22  
803.0  13:23:12 0.0 -0.0   23     22     22  
803.0  13:23:23 0.0 -0.0   20     22     22  
803.0  13:23:32 0.0 -0.0   23     22     21  
803.0  13:23:40 0.0 -0.0   20     20     22  
803.0  13:23:49 0.0 -0.0   22     21     24  
803.0  13:23:58 0.0 -0.0   21     22     22  
804.0  13:24:00 0.0 -0.0   22     24     24  
804.0  13:24:07 0.0 -0.0   24     21     21  
804.0  13:24:19 42.393906 -72.53281   24     20     24  
804.0  13:24:27 42.394184 -72.53292   22     24     22  
804.0  13:24:36 42.394188 -72.53292   20     24     20  
804.0  13:24:45 42.393852 -72.532776   22     23     21  
804.0  13:24:54 42.393845 -72.53277   21     24     22  
805.0  13:25:00 42.393845 -72.53277   23     23     21  
805.0  13:25:04 42.393845 -72.53277   24     20     20  
805.0  13:25:15 42.39385 -72.53276   24     23     24  
805.0  13:25:23 42.39385 -72.53275   22     24     24  
805.0  13:25:33 42.39385 -72.53275   23     20     23  
805.0  13:25:42 42.393852 -72.53275   23     24     23  
805.0  13:25:51 42.393856 -72.53275   23     24     21  
805.0  13:25:59 42.39386 -72.532745   23     24     24  
806.0  13:26:00 42.39386 -72.53275   21     22     22  
806.0  13:26:10 42.393864 -72.53275   24     23     24  
806.0  13:26:19 42.39387 -72.53275   22     23     22  
806.0  13:26:28 42.39388 -72.53275   23     21     24  
806.0  13:26:37 42.393887 -72.53275   24     20     23  
806.0  13:26:45 42.393894 -72.53275   22     24     23  
806.0  13:26:54 42.393894 -72.53275   20     20     21  
807.0  13:27:00 42.39384 -72.53268   22     24     20  
807.0  13:27:05 42.39382 -72.53266   22     24     23  
807.0  13:27:14 42.39365 -72.53261   20     21     20  
807.0  13:27:23 42.393585 -72.53258   20     23     24  
807.0  13:27:31 42.39339 -72.53251   20     21     24  
807.0  13:27:40 42.393143 -72.53266   23     21     20  
807.0  13:27:48 42.39281 -72.533485   21     20     21  
808.0  13:28:00 42.392765 -72.53369   22     21     24  
808.0  13:28:00 42.39277 -72.53368   24     20     21  
808.0  13:28:08 42.39277 -72.53368   22     21     20  
808.0  13:28:16 42.392765 -72.53369   21     20     20  
808.0  13:28:24 42.39276 -72.5337   23     22     21  
808.0  13:28:32 42.392754 -72.53372   24     20     23  
808.0  13:28:40 42.392735 -72.53379   23     23     24  
808.0  13:28:51 42.392525 -72.53461   23     22     24  
809.0  13:29:00 42.39238 -72.53537   22     20     24  
809.0  13:29:00 42.392406 -72.53568   23     21     23  
809.0  13:29:08 42.39242 -72.53608   20     24     20  
809.0  13:29:17 42.39243 -72.536736   23     20     23  
809.0  13:29:25 42.3927 -72.53705   23     23     23  
809.0  13:29:36 42.392433 -72.53702   24     22     22  
809.0  13:29:46 42.392376 -72.53606   21     24     23  
809.0  13:29:54 42.39242 -72.53563   20     22     23  
810.0  13:30:00 42.392487 -72.534676   24     22     22  
810.0  13:30:02 42.39247 -72.53477   20     24     23  
810.0  13:30:10 42.39258 -72.53409   22     21     22  
810.0  13:30:18 42.39264 -72.53392   23     21     23  
810.0  13:30:26 42.39211 -72.53369   24     20     20  
810.0  13:30:38 42.39092 -72.53321   22     21     22  
810.0  13:30:47 42.38995 -72.53284   23     20     22  
810.0  13:30:56 42.389164 -72.532486   21     23     21  
811.0  13:31:00 42.389114 -72.53246   23     22     20  
811.0  13:31:04 42.389114 -72.53246   22     22     22  
811.0  13:31:12 42.389122 -72.53246   23     21     24  
811.0  13:31:22 42.388847 -72.53235   23     23     22  
811.0  13:31:33 42.387325 -72.531715   20     22     21  
811.0  13:31:41 42.386387 -72.53131   20     20     24  
811.0  13:31:50 42.385525 -72.53104   22     23     20  
811.0  13:31:59 42.38521 -72.53109   20     20     24  
812.0  13:32:00 42.385162 -72.53144   21     23     22  
812.0  13:32:07 42.385063 -72.53196   24     21     21  
812.0  13:32:16 42.384853 -72.532555   23     23     21  
812.0  13:32:26 42.38483 -72.532616   22     22     21  
812.0  13:32:36 42.384605 -72.53263   23     20     20  
812.0  13:32:50 42.383705 -72.53213   23     23     22  
813.0  13:33:00 42.382465 -72.53185   21     22     20  
813.0  13:33:00 42.38233 -72.53214   20     22     23  
813.0  13:33:08 42.382248 -72.532745   24     21     21  
813.0  13:33:19 42.382187 -72.53372   20     22     23  
813.0  13:33:27 42.381973 -72.53391   24     20     21  
813.0  13:33:35 42.38148 -72.53394   23     21     21  
813.0  13:33:43 42.380833 -72.53399   22     23     23  
813.0  13:33:53 42.380222 -72.53404   24     21     22  
814.0  13:34:00 42.379864 -72.53411   20     22     21  
814.0  13:34:01 42.379864 -72.5341   24     20     21  
814.0  13:34:12 42.37986 -72.53413   22     20     24  
814.0  13:34:21 42.3798 -72.534065   24     24     23  
814.0  13:34:30 42.379753 -72.53405   20     23     21  
814.0  13:34:39 42.379753 -72.534065   23     23     22  
814.0  13:34:47 42.37984 -72.53411   21     24     22  
814.0  13:34:56 42.379906 -72.53412   22     22     20  
815.0  13:35:00 42.379936 -72.53413   23     24     24  
815.0  13:35:08 42.37993 -72.534134   23     24     23  
815.0  13:35:16 42.37989 -72.53413   21     24     21  
815.0  13:35:24 42.37986 -72.53411   24     21     23  
815.0  13:35:33 42.379852 -72.53409   22     22     22  
815.0  13:35:43 42.379852 -72.53408   21     22     24  
815.0  13:35:52 42.37987 -72.53408   20     21     21  
816.0  13:36:00 42.379837 -72.53408   20     20     22  
816.0  13:36:04 42.379837 -72.53408   22     24     22  
816.0  13:36:13 42.37982 -72.53407   23     23     23  
816.0  13:36:24 42.37982 -72.53407   22     23     23  
816.0  13:36:34 42.379837 -72.53408   21     21     21  
816.0  13:36:43 42.379826 -72.53407   22     24     24  
816.0  13:36:54 42.379753 -72.534065   20     22     21  
817.0  13:37:00 42.379387 -72.53409   20     21     21  
817.0  13:37:03 42.379463 -72.53408   21     24     23  
817.0  13:37:13 42.378735 -72.534164   24     20     23  
817.0  13:37:22 42.37786 -72.53429   20     24     22  
817.0  13:37:33 42.37753 -72.53366   22     24     20  
817.0  13:37:48 42.37751 -72.53239   24     22     24  
818.0  13:38:00 42.37752 -72.53224   24     22     22  
818.0  13:38:34 42.38068 -72.53194   21     23     23  
818.0  13:38:55 42.38195 -72.53181   23     24     20  
819.0  13:39:00 42.383976 -72.53214   23     21     23  
819.0  13:39:03 42.383812 -72.5321   21     22     24  
819.0  13:39:11 42.384617 -72.53234   23     21     23  
819.0  13:39:19 42.384777 -72.532425   23     21     23  
819.0  13:39:27 42.38476 -72.53241   22     24     20  
819.0  13:39:38 42.38496 -72.53179   24     24     20  
819.0  13:39:47 42.385033 -72.53109   23     21     24  
819.0  13:39:56 42.385014 -72.53104   22     22     24  
820.0  13:40:00 42.38504 -72.53104   24     24     21  
820.0  13:40:04 42.385048 -72.53104   24     20     24  
820.0  13:40:13 42.385075 -72.53105   21     24     21  
820.0  13:40:23 42.385075 -72.53103   24     21     22  
820.0  13:40:36 42.38502 -72.530266   22     22     21  
820.0  13:40:45 42.38478 -72.52925   24     20     21  
820.0  13:40:54 42.384686 -72.52858   23     23     24  
821.0  13:41:00 42.384674 -72.528206   24     21     24  
821.0  13:41:03 42.384666 -72.52821   23     20     21  
821.0  13:41:12 42.3847 -72.5282   23     22     21  
821.0  13:41:21 42.384727 -72.52819   21     23     23  
821.0  13:41:32 42.384727 -72.52815   24     21     24  
821.0  13:41:41 42.3848 -72.52793   20     20     22  
821.0  13:41:49 42.384975 -72.527084   20     22     22  
821.0  13:41:58 42.385197 -72.525986   21     24     21  
822.0  13:42:00 42.385365 -72.525314   23     21     23  
822.0  13:42:07 42.38542 -72.52507   22     22     23  
822.0  13:42:15 42.38571 -72.52512   22     24     22  
822.0  13:42:27 42.386185 -72.525345   21     24     22  
822.0  13:42:36 42.38685 -72.52559   24     22     20  
822.0  13:42:44 42.387287 -72.526085   23     21     22  
822.0  13:42:53 42.38711 -72.526436   21     24     22  
823.0  13:43:00 42.387074 -72.52646   21     21     24  
823.0  13:43:02 42.387093 -72.52645   21     20     24  
823.0  13:43:11 42.386738 -72.526375   23     23     23  
823.0  13:43:22 42.38588 -72.52604   21     23     21  
823.0  13:43:31 42.385574 -72.52591   20     20     23  
823.0  13:43:40 42.385345 -72.52579   23     20     20  
823.0  13:43:49 42.385303 -72.52574   20     24     20  
823.0  13:43:57 42.38542 -72.52496   24     20     24  
824.0  13:44:00 42.385674 -72.52397   20     21     21  
824.0  13:44:06 42.38574 -72.5237   21     23     21  
824.0  13:44:17 42.385918 -72.52289   20     20     20  
824.0  13:44:26 42.38595 -72.522835   24     24     22  
824.0  13:44:34 42.385963 -72.52279   21     21     23  
824.0  13:44:42 42.386032 -72.52229   23     23     21  
824.0  13:44:51 42.386757 -72.52235   20     22     21  
825.0  13:45:00 42.38703 -72.52262   21     24     20  
825.0  13:45:00 42.387238 -72.52283   21     21     22  
825.0  13:45:12 42.387524 -72.52327   23     20     22  
825.0  13:45:21 42.387745 -72.52354   22     24     21  
825.0  13:45:32 42.38772 -72.52358   22     21     24  
825.0  13:45:41 42.387714 -72.5236   20     23     22  
825.0  13:45:49 42.38801 -72.52399   21     20     22  
825.0  13:45:58 42.38848 -72.52441   20     20     22  
826.0  13:46:00 42.3891 -72.52467   23     24     20  
826.0  13:46:08 42.389484 -72.524796   20     21     20  
826.0  13:46:16 42.39027 -72.52498   21     21     23  
826.0  13:46:25 42.391014 -72.525116   23     23     20  
826.0  13:46:33 42.391186 -72.5252   20     21     20  
826.0  13:46:42 42.391113 -72.52518   22     23     22  
826.0  13:46:51 42.391083 -72.5252   21     24     23  
827.0  13:47:00 42.39104 -72.52518   20     23     22  
827.0  13:47:03 42.39104 -72.52518   20     23     20  
827.0  13:47:13 42.391006 -72.525185   21     24     24  
827.0  13:47:21 42.391235 -72.52525   23     22     23  
827.0  13:47:30 42.39197 -72.52546   22     22     23  
827.0  13:47:38 42.39265 -72.52563   23     24     23  
827.0  13:47:46 42.39325 -72.52584   20     22     20  
827.0  13:47:58 42.39357 -72.52598   21     24     21  
828.0  13:48:00 42.393795 -72.52608   23     21     22  
828.0  13:48:07 42.39383 -72.52609   22     23     23  
828.0  13:48:16 42.393837 -72.52611   21     24     22  
828.0  13:48:25 42.393856 -72.52612   20     21     22  
828.0  13:48:33 42.39388 -72.52616   23     20     22  
828.0  13:48:42 42.39383 -72.526215   24     23     22  
828.0  13:48:52 42.393795 -72.526245   21     22     23  
829.0  13:49:00 42.393814 -72.52634   20     21     21  
829.0  13:49:01 42.3938 -72.52632   21     21     22  
829.0  13:49:08 42.39401 -72.526436   23     22     21  
829.0  13:49:17 42.39469 -72.52675   22     22     23  
829.0  13:49:25 42.395046 -72.52691   23     21     21  
829.0  13:49:34 42.394993 -72.52682   24     23     23  
829.0  13:49:44 42.39499 -72.52685   24     20     22  
829.0  13:49:53 42.39499 -72.52682   22     24     20  
830.0  13:50:00 42.39499 -72.52684   22     21     23  
830.0  13:50:01 42.39498 -72.526825   22     22     21  
830.0  13:50:09 42.395027 -72.52689   24     23     21  
830.0  13:50:17 42.39509 -72.52691   23     22     20  
830.0  13:50:26 42.39534 -72.526436   22     20     22  
830.0  13:50:36 42.39562 -72.525345   23     23     20  
830.0  13:50:44 42.395725 -72.52518   23     21     21  
830.0  13:50:51 42.395767 -72.52519   24     23     22  
831.0  13:51:00 42.395885 -72.524994   22     23     21  
831.0  13:51:00 42.395966 -72.5246   21     21     21  
831.0  13:51:08 42.396156 -72.524025   22     20     24  
831.0  13:51:17 42.396755 -72.52326   22     23     24  
831.0  13:51:29 42.397224 -72.5219   22     24     21  
831.0  13:51:37 42.397213 -72.52134   24     21     23  
831.0  13:51:46 42.397175 -72.52133   22     24     23  
831.0  13:51:54 42.397175 -72.52135   20     21     20  
832.0  13:52:00 42.39721 -72.52059   22     21     24  
832.0  13:52:03 42.397205 -72.52073   22     22     22  
832.0  13:52:12 42.39732 -72.51933   22     23     23  
832.0  13:52:22 42.3977 -72.517944   23     23     20  
832.0  13:52:31 42.39815 -72.51666   24     22     24  
832.0  13:52:40 42.398434 -72.5158   24     20     20  
832.0  13:52:48 42.398457 -72.51572   22     23     20  
832.0  13:52:57 42.398163 -72.51565   24     22     24  
833.0  13:53:00 42.397346 -72.51552   21     23     20  
834.0  13:54:00 42.394737 -72.511475   24     22     23  
834.0  13:54:11 42.39485 -72.511055   24     24     24  
834.0  13:54:23 42.394867 -72.511055   23     24     22  
834.0  13:54:31 42.394962 -72.51092   23     23     20  
834.0  13:54:40 42.39517 -72.511   22     21     24  
834.0  13:54:49 42.39526 -72.510994   21     22     21  
834.0  13:54:56 42.395363 -72.51097   21     20     21  
835.0  13:55:00 42.395542 -72.51098   21     20     23  
835.0  13:55:08 42.395638 -72.51096   21     24     23  
835.0  13:55:19 42.396076 -72.511185   23     20     22  
835.0  13:55:28 42.39628 -72.5121   21     20     24  
835.0  13:55:36 42.395893 -72.51296   23     22     21  
835.0  13:55:44 42.395355 -72.51318   21     22     21  
835.0  13:55:53 42.395187 -72.5133   23     22     23  
836.0  13:56:00 42.395386 -72.51437   21     23     20  
836.0  13:56:01 42.395313 -72.51402   24     22     22  
836.0  13:56:13 42.395718 -72.51529   20     24     24  
836.0  13:56:21 42.395718 -72.515594   20     21     21  
836.0  13:56:30 42.395164 -72.51569   20     24     24  
836.0  13:56:38 42.394066 -72.51592   20     21     21  
836.0  13:56:47 42.393097 -72.51633   22     22     21  
836.0  13:56:55 42.39266 -72.51668   22     20     22  
837.0  13:57:00 42.39287 -72.51768   21     23     20  
837.0  13:57:05 42.39289 -72.517815   21     24     24  
837.0  13:57:13 42.39283 -72.51856   20     24     20  
837.0  13:57:21 42.3927 -72.519035   22     21     20  
837.0  13:57:31 42.392605 -72.51934   22     24     20  
837.0  13:57:39 42.392555 -72.519356   20     20     20  
837.0  13:57:48 42.39252 -72.51942   22     20     21  
837.0  13:57:59 42.39235 -72.51994   22     22     24  
838.0  13:58:00 42.392273 -72.52021   23     23     24  
838.0  13:58:08 42.392124 -72.52031   22     24     23  
838.0  13:58:16 42.391888 -72.5202   20     23     23  
838.0  13:58:25 42.391315 -72.519966   21     21     21  
838.0  13:58:34 42.390827 -72.51977   21     21     20  
838.0  13:58:43 42.390694 -72.519745   24     22     24  
838.0  13:58:53 42.390118 -72.51914   21     22     21  
839.0  13:59:00 42.389484 -72.51894   22     22     24  
839.0  13:59:02 42.38956 -72.51897   23     24     24  
839.0  13:59:10 42.389423 -72.51891   22     20     23  
839.0  13:59:19 42.38938 -72.51888   21     20     22  
839.0  13:59:27 42.389343 -72.51884   22     20     20  
839.0  13:59:36 42.389206 -72.51878   20     21     24  
839.0  13:59:47 42.3891 -72.51881   20     24     21  
839.0  13:59:55 42.389137 -72.518845   20     20     21  
840.0  14:00:00 42.38912 -72.518616   23     21     23  
840.0  14:00:03 42.38912 -72.518616   22     20     22  
840.0  14:00:12 42.38917 -72.5181   20     21     20  
840.0  14:00:20 42.388794 -72.51753   21     20     22  
840.0  14:00:28 42.38874 -72.517426   22     24     21  
840.0  14:00:40 42.38872 -72.51719   24     23     23  
840.0  14:00:48 42.388695 -72.51704   21     22     20  
840.0  14:00:57 42.38872 -72.51688   21     21     23  
841.0  14:01:00 42.388744 -72.51683   23     21     24  
841.0  14:01:06 42.388744 -72.516815   21     24     20  
841.0  14:01:14 42.388454 -72.516815   21     21     20  
841.0  14:01:23 42.38743 -72.51715   24     23     22  
841.0  14:01:34 42.385895 -72.51762   22     20     20  
841.0  14:01:44 42.38482 -72.51796   23     21     24  
841.0  14:01:55 42.3836 -72.51868   24     21     23  
842.0  14:02:00 42.38241 -72.51923   23     23     21  
842.0  14:02:04 42.38241 -72.51923   21     24     21  
842.0  14:02:12 42.381824 -72.51943   22     21     22  
842.0  14:02:23 42.381817 -72.51967   23     24     23  
842.0  14:02:37 42.3831 -72.52048   21     20     24  
842.0  14:02:45 42.38323 -72.52054   22     20     24  
842.0  14:02:55 42.3832 -72.520615   24     22     22  
843.0  14:03:00 42.38412 -72.521164   24     24     21  
843.0  14:03:04 42.38412 -72.521164   24     24     22  
843.0  14:03:12 42.385128 -72.5217   24     22     24  
843.0  14:03:20 42.38587 -72.52207   24     24     20  
843.0  14:03:30 42.386047 -72.52229   20     21     21  
843.0  14:03:39 42.386078 -72.5223   23     22     20  
843.0  14:03:48 42.386562 -72.522285   24     23     20  
844.0  14:04:00 42.38756 -72.52328   21     20     23  
844.0  14:04:02 42.38719 -72.5228   24     21     23  
844.0  14:04:11 42.38783 -72.52355   22     22     24  
844.0  14:04:21 42.387783 -72.52358   22     20     22  
844.0  14:04:30 42.387745 -72.523605   24     22     22  
844.0  14:04:38 42.38769 -72.523636   23     23     21  
844.0  14:04:47 42.387695 -72.52362   21     20     21  
844.0  14:04:55 42.387825 -72.52385   24     21     23  
845.0  14:05:00 42.38828 -72.52427   24     21     22  
845.0  14:05:04 42.38828 -72.52427   22     23     20  
845.0  14:05:15 42.38872 -72.52448   23     24     20  
845.0  14:05:24 42.38895 -72.524605   23     23     21  
845.0  14:05:32 42.389557 -72.52486   22     21     20  
845.0  14:05:41 42.390224 -72.52505   23     21     20  
845.0  14:05:49 42.390896 -72.52516   21     23     22  
845.0  14:05:58 42.39112 -72.52518   23     21     23  
846.0  14:06:00 42.391033 -72.52512   24     22     20  
846.0  14:06:09 42.391003 -72.5251   20     23     24  
846.0  14:06:17 42.391006 -72.52507   22     20     22  
846.0  14:06:26 42.391304 -72.52521   22     23     21  
846.0  14:06:34 42.392063 -72.52538   24     23     20  
846.0  14:06:43 42.39269 -72.52557   24     21     23  
846.0  14:06:55 42.393402 -72.52584   20     21     21  
847.0  14:07:00 42.393963 -72.52612   22     22     20  
847.0  14:07:07 42.393944 -72.526115   20     24     20  
847.0  14:07:16 42.39394 -72.52607   22     21     24  
847.0  14:07:24 42.39392 -72.52609   24     21     21  
847.0  14:07:33 42.393967 -72.52623   21     22     21  
847.0  14:07:41 42.39441 -72.5265   24     20     24  
847.0  14:07:50 42.394974 -72.52682   22     21     20  
848.0  14:08:00 42.395107 -72.52684   22     22     22  
848.0  14:08:03 42.395103 -72.52684   20     24     21  
848.0  14:08:12 42.395172 -72.5269   23     24     20  
848.0  14:08:21 42.39524 -72.52696   24     23     23  
848.0  14:08:29 42.395226 -72.527176   21     21     23  
848.0  14:08:38 42.395073 -72.52756   21     21     24  
848.0  14:08:47 42.394775 -72.52865   24     24     20  
848.0  14:08:57 42.395386 -72.5298   20     24     24  
849.0  14:09:00 42.39575 -72.530426   24     23     21  
849.0  14:09:05 42.39583 -72.53061   23     20     21  
849.0  14:09:14 42.395744 -72.53157   23     21     21  
849.0  14:09:25 42.395542 -72.53251   24     24     20  
849.0  14:09:34 42.39551 -72.5327   24     22     23  
849.0  14:09:42 42.39538 -72.53341   23     20     24  
849.0  14:09:55 42.394665 -72.53447   23     22     23  
850.0  14:10:00 42.39349 -72.53427   23     21     23  
850.0  14:10:03 42.393612 -72.5343   24     22     22  
851.0  14:11:00 42.392574 -72.53725   21     22     24  
851.0  14:11:26 42.392475 -72.53614   21     24     21  
851.0  14:11:39 42.392414 -72.53538   22     20     21  
851.0  14:11:49 42.39254 -72.53445   21     24     22  
851.0  14:11:58 42.39252 -72.5338   20     24     24  
852.0  14:12:00 42.392033 -72.53365   20     24     24  
852.0  14:12:07 42.391766 -72.53355   20     21     24  
852.0  14:12:16 42.390957 -72.53319   23     24     23  
852.0  14:12:28 42.390453 -72.533005   24     23     22  
852.0  14:12:36 42.389786 -72.532715   24     22     24  
852.0  14:12:45 42.38915 -72.532425   23     22     22  
852.0  14:12:54 42.38834 -72.53208   24     21     24  
853.0  14:13:00 42.38729 -72.53166   20     21     23  
853.0  14:13:02 42.3874 -72.5317   22     21     23  
853.0  14:13:11 42.38649 -72.53133   20     23     23  
853.0  14:13:24 42.385334 -72.53105   20     20     22  
853.0  14:13:33 42.385105 -72.53199   22     20     22  
853.0  14:13:43 42.38493 -72.53249   20     23     22  
853.0  14:13:51 42.3849 -72.532585   23     24     24  
854.0  14:14:00 42.384556 -72.532524   23     24     20  
854.0  14:14:01 42.384815 -72.53265   22     22     23  
854.0  14:14:12 42.384003 -72.53222   20     21     21  
854.0  14:14:27 42.38253 -72.53184   20     24     23  
854.0  14:14:36 42.38251 -72.53184   22     21     23  
854.0  14:14:46 42.382534 -72.53185   23     20     20  
854.0  14:14:56 42.382412 -72.5321   22     24     20  
855.0  14:15:00 42.38225 -72.5332   22     23     20  
855.0  14:15:07 42.382236 -72.53332   20     24     22  
855.0  14:15:22 42.381897 -72.53392   22     22     24  
855.0  14:15:31 42.38135 -72.53394   20     23     21  
855.0  14:15:40 42.38067 -72.53399   24     23     24  
855.0  14:15:52 42.37997 -72.53407   21     20     23  
856.0  14:16:00 42.379906 -72.53408   24     22     21  
856.0  14:16:03 42.37989 -72.53408   23     20     23  
856.0  14:16:20 42.379913 -72.53409   21     22     24  
856.0  14:16:31 42.37996 -72.53411   23     22     22  
856.0  14:16:42 42.379982 -72.53411   21     22     23  
856.0  14:16:51 42.380016 -72.53413   22     20     20  
857.0  14:17:00 42.38 -72.53412   22     24     22  
857.0  14:17:01 42.380013 -72.53413   23     21     23  
857.0  14:17:15 42.37995 -72.53411   24     22     23  
857.0  14:17:25 42.37992 -72.5341   22     24     21  
857.0  14:17:34 42.37993 -72.5341   24     20     21  
857.0  14:17:44 42.37994 -72.5341   20     20     22  
857.0  14:17:53 42.37993 -72.5341   22     23     23  
858.0  14:18:00 42.379894 -72.53409   21     23     24  
858.0  14:18:11 42.379898 -72.53409   23     22     22  
858.0  14:18:19 42.379932 -72.53409   24     21     22  
858.0  14:18:28 42.379936 -72.53409   23     23     23  
858.0  14:18:37 42.379936 -72.53408   21     21     23  
858.0  14:18:47 42.379898 -72.53407   22     24     21  
858.0  14:18:59 42.379875 -72.534065   24     24     21  
859.0  14:19:00 42.379875 -72.534065   21     20     21  
859.0  14:19:08 42.37988 -72.534065   21     20     21  
859.0  14:19:17 42.3799 -72.53407   22     20     22  
859.0  14:19:26 42.379887 -72.53407   23     23     24  
859.0  14:19:35 42.379944 -72.53408   21     21     22  
859.0  14:19:44 42.37994 -72.53408   21     21     21  
859.0  14:19:59 42.379894 -72.53408   24     22     23  
860.0  14:20:00 42.37988 -72.53407   22     22     21  
860.0  14:20:09 42.37987 -72.53407   21     23     23  
860.0  14:20:24 42.379864 -72.53407   21     22     21  
860.0  14:20:33 42.38 -72.53412   23     21     20  
860.0  14:20:43 42.380016 -72.53413   23     24     20  
860.0  14:20:56 42.37989 -72.53411   22     24     22  
861.0  14:21:00 42.37978 -72.53411   22     21     23  
861.0  14:21:05 42.37973 -72.53412   22     21     24  
861.0  14:21:15 42.37902 -72.53417   22     22     24  
861.0  14:21:27 42.377964 -72.534294   20     23     22  
861.0  14:21:36 42.37758 -72.53368   21     20     24  
861.0  14:21:57 42.377563 -72.53255   24     21     20  
862.0  14:22:00 42.378017 -72.53219   24     22     20  
862.0  14:22:06 42.37818 -72.53219   23     21     24  
862.0  14:22:24 42.37966 -72.532036   22     22     24  
862.0  14:22:28 42.37966 -72.532036   20     21     24  
862.0  14:22:45 42.38199 -72.53173   21     21     22  
862.0  14:22:54 42.382145 -72.53177   24     24     21  
863.0  14:23:00 42.383385 -72.53193   20     24     24  
863.0  14:23:03 42.383266 -72.5319   21     20     22  
863.0  14:23:12 42.38412 -72.53217   20     22     22  
863.0  14:23:21 42.384686 -72.5324   21     23     22  
863.0  14:23:46 42.384872 -72.53246   21     23     22  
863.0  14:23:55 42.384983 -72.529755   22     23     22  
864.0  14:24:00 42.384777 -72.52874   23     24     24  
864.0  14:24:04 42.38479 -72.5288   21     21     21  
864.0  14:24:12 42.38475 -72.52862   22     20     23  
864.0  14:24:23 42.384712 -72.52847   24     24     21  
864.0  14:24:31 42.3847 -72.528206   23     24     21  
864.0  14:24:39 42.384842 -72.528175   22     20     21  
864.0  14:24:48 42.384884 -72.52818   20     24     22  
864.0  14:24:58 42.384876 -72.52818   20     21     20  
865.0  14:25:00 42.384888 -72.527985   20     21     21  
865.0  14:25:06 42.384933 -72.52768   20     20     23  
865.0  14:25:18 42.385166 -72.526276   20     22     24  
865.0  14:25:26 42.385365 -72.52544   24     20     21  
865.0  14:25:36 42.385628 -72.524956   24     24     21  
865.0  14:25:45 42.38575 -72.52505   23     21     23  
865.0  14:25:54 42.386307 -72.52534   23     22     24  
866.0  14:26:00 42.387085 -72.52569   22     20     24  
866.0  14:26:03 42.387016 -72.52565   24     20     21  
866.0  14:26:15 42.387367 -72.52614   23     21     22  
866.0  14:26:25 42.387302 -72.526215   23     21     22  
866.0  14:26:35 42.387245 -72.52622   23     20     21  
866.0  14:26:44 42.38715 -72.526375   23     20     20  
866.0  14:26:53 42.38687 -72.52641   24     24     23  
867.0  14:27:00 42.386368 -72.52618   23     23     22  
867.0  14:27:08 42.38622 -72.526115   21     20     23  
867.0  14:27:19 42.385853 -72.52597   22     23     21  
867.0  14:27:29 42.385765 -72.52594   21     21     22  
867.0  14:27:38 42.385746 -72.525925   21     24     20  
867.0  14:27:47 42.385735 -72.52591   22     22     24  
868.0  14:28:00 42.38566 -72.52588   22     24     24  
868.0  14:28:01 42.385708 -72.525894   23     21     22  
868.0  14:28:11 42.385593 -72.52586   24     24     22  
868.0  14:28:21 42.385513 -72.52584   21     21     23  
868.0  14:28:30 42.385303 -72.5256   21     24     22  
868.0  14:28:40 42.38542 -72.52507   21     21     23  
868.0  14:28:53 42.38569 -72.52403   20     22     20  
869.0  14:29:00 42.38609 -72.52296   20     21     20  
869.0  14:29:02 42.386055 -72.52305   23     24     24  
869.0  14:29:11 42.385998 -72.5229   22     20     24  
869.0  14:29:21 42.385975 -72.52238   24     21     20  
869.0  14:29:31 42.386726 -72.52235   20     20     20  
869.0  14:29:44 42.387325 -72.52304   22     22     22  
869.0  14:29:53 42.387707 -72.523544   20     22     21  
870.0  14:30:00 42.387726 -72.52359   21     23     23  
870.0  14:30:02 42.38772 -72.523575   20     23     23  
870.0  14:30:11 42.387768 -72.52367   22     22     20  
870.0  14:30:20 42.387894 -72.52385   22     23     24  
870.0  14:30:29 42.38838 -72.5243   23     21     23  
870.0  14:30:40 42.38879 -72.52451   22     21     20  
870.0  14:30:49 42.389423 -72.52481   21     22     20  
870.0  14:30:58 42.38986 -72.52495   23     24     21  
871.0  14:31:00 42.390083 -72.52499   20     23     24  
871.0  14:31:07 42.390198 -72.52501   22     24     22  
871.0  14:31:16 42.390434 -72.52506   22     20     23  
872.0  14:32:00 42.391468 -72.5253   22     24     20  
872.0  14:32:42 42.393024 -72.52571   20     21     21  
872.0  14:32:52 42.393246 -72.52584   24     23     24  
873.0  14:33:00 42.393547 -72.52601   22     22     21  
873.0  14:33:01 42.393486 -72.52597   22     20     22  
873.0  14:33:09 42.39368 -72.52603   23     22     23  
873.0  14:33:18 42.393944 -72.52616   24     21     22  
873.0  14:33:29 42.393963 -72.526184   22     24     21  
873.0  14:33:38 42.39398 -72.5262   22     20     21  
873.0  14:33:49 42.394257 -72.52643   23     21     22  
873.0  14:33:59 42.39453 -72.52659   23     21     23  
874.0  14:34:00 42.394554 -72.52659   20     22     24  
874.0  14:34:10 42.39456 -72.526596   22     20     22  
874.0  14:34:18 42.39455 -72.52657   24     24     20  
874.0  14:34:25 42.394524 -72.526566   24     24     21  
874.0  14:34:34 42.39449 -72.52655   20     24     20  
874.0  14:34:44 42.39452 -72.52656   24     21     20  
874.0  14:34:52 42.3948 -72.52672   20     24     22  
875.0  14:35:00 42.395344 -72.526794   24     22     24  
875.0  14:35:01 42.39529 -72.52692   23     21     23  
875.0  14:35:09 42.395355 -72.52654   22     21     20  
875.0  14:35:17 42.3956 -72.52577   24     21     24  
875.0  14:35:27 42.39563 -72.52563   21     23     24  
875.0  14:35:40 42.39613 -72.52408   23     22     21  
875.0  14:35:49 42.396336 -72.52377   24     21     20  
875.0  14:35:58 42.396633 -72.52337   21     20     23  
876.0  14:36:00 42.3969 -72.52291   20     23     21  
876.0  14:36:07 42.39703 -72.52253   24     20     21  
876.0  14:36:18 42.397175 -72.52148   20     24     24  
876.0  14:36:28 42.397213 -72.52135   20     23     23  
876.0  14:36:36 42.39719 -72.52138   22     22     22  
876.0  14:36:45 42.397243 -72.521454   22     22     24  
876.0  14:36:53 42.397293 -72.52144   23     23     21  
877.0  14:37:00 42.397255 -72.521324   21     22     22  
877.0  14:37:01 42.39727 -72.52133   22     24     21  
877.0  14:37:10 42.397118 -72.52133   20     20     23  
877.0  14:37:21 42.396965 -72.52134   22     23     24  
877.0  14:37:29 42.39705 -72.52113   23     20     23  
877.0  14:37:38 42.397182 -72.52021   22     23     23  
877.0  14:37:46 42.397346 -72.51913   24     23     21  
877.0  14:37:54 42.397633 -72.51821   20     24     20  
878.0  14:38:00 42.39798 -72.51722   21     21     24  
878.0  14:38:03 42.397923 -72.51736   22     24     20  
878.0  14:38:13 42.39836 -72.51616   21     23     21  
878.0  14:38:21 42.398396 -72.51599   21     24     24  
878.0  14:38:30 42.39831 -72.51603   24     21     22  
878.0  14:38:38 42.398273 -72.51604   20     24     24  
878.0  14:38:47 42.398304 -72.51601   24     23     23  
878.0  14:38:55 42.39837 -72.51589   20     21     23  
879.0  14:39:00 42.398354 -72.51567   23     22     24  
879.0  14:39:07 42.398212 -72.51567   20     22     23  
879.0  14:39:16 42.397194 -72.51553   24     23     23  
879.0  14:39:24 42.396214 -72.515465   20     20     22  
879.0  14:39:33 42.3956 -72.515396   24     21     22  
879.0  14:39:42 42.395515 -72.5146   20     21     23  
879.0  14:39:50 42.3953 -72.51391   22     23     21  
880.0  14:40:00 42.39519 -72.51251   23     22     23  
880.0  14:40:00 42.395275 -72.5122   22     24     23  
880.0  14:40:09 42.395058 -72.51213   20     21     24  
880.0  14:40:17 42.39467 -72.51157   21     20     24  
880.0  14:40:25 42.394653 -72.511024   21     22     20  
880.0  14:40:34 42.39487 -72.5111   24     23     24  
880.0  14:40:42 42.39501 -72.51136   23     23     21  
880.0  14:40:53 42.395424 -72.51112   24     20     20  
881.0  14:41:00 42.395817 -72.5121   20     22     20  
881.0  14:41:01 42.395782 -72.51182   21     23     22  
881.0  14:41:10 42.3959 -72.51275   23     20     20  
881.0  14:41:18 42.395485 -72.513214   21     20     24  
881.0  14:41:27 42.39531 -72.513275   20     20     24  
881.0  14:41:35 42.395313 -72.51331   24     20     22  
881.0  14:41:46 42.395226 -72.51361   21     20     24  
881.0  14:41:54 42.39549 -72.51448   21     20     23  
882.0  14:42:00 42.39573 -72.51542   23     23     22  
882.0  14:42:03 42.395725 -72.515366   24     23     22  
882.0  14:42:12 42.39572 -72.51545   22     24     22  
882.0  14:42:21 42.395454 -72.51564   20     22     20  
882.0  14:42:30 42.394405 -72.51583   22     23     20  
882.0  14:42:40 42.393044 -72.516335   21     22     21  
882.0  14:42:49 42.392643 -72.51667   23     24     24  
882.0  14:42:57 42.392788 -72.5176   24     20     22  
883.0  14:43:00 42.392784 -72.51838   21     20     21  
883.0  14:43:06 42.39276 -72.51854   23     20     23  
883.0  14:43:14 42.392662 -72.519104   20     21     23  
883.0  14:43:23 42.392616 -72.51938   23     24     22  
883.0  14:43:33 42.39259 -72.51939   21     24     21  
883.0  14:43:42 42.392433 -72.51975   21     24     24  
883.0  14:43:51 42.39236 -72.52012   20     22     20  
884.0  14:44:00 42.392365 -72.52014   22     24     21  
884.0  14:44:00 42.392365 -72.52017   21     21     24  
884.0  14:44:08 42.39237 -72.52021   21     23     23  
884.0  14:44:16 42.39213 -72.520386   23     22     21  
884.0  14:44:26 42.39134 -72.52   22     22     21  
884.0  14:44:34 42.39082 -72.51979   23     22     23  
884.0  14:44:43 42.390656 -72.51977   23     20     24  
884.0  14:44:51 42.3904 -72.51927   21     21     24  
885.0  14:45:00 42.389812 -72.51895   20     23     22  
885.0  14:45:00 42.389503 -72.51879   23     22     23  
885.0  14:45:08 42.389263 -72.518715   22     20     23  
885.0  14:45:19 42.389027 -72.51862   22     23     22  
885.0  14:45:28 42.389126 -72.518105   20     24     24  
885.0  14:45:36 42.388878 -72.51753   20     22     20  
885.0  14:45:45 42.388756 -72.51691   24     20     23  
885.0  14:45:53 42.388763 -72.51694   24     21     23  
886.0  14:46:00 42.38747 -72.517235   21     22     24  
886.0  14:46:02 42.387753 -72.51717   22     23     23  
886.0  14:46:13 42.38616 -72.517525   22     22     24  
886.0  14:46:23 42.3848 -72.51793   20     20     24  
886.0  14:46:35 42.383484 -72.51866   23     20     21  
886.0  14:46:47 42.382187 -72.51921   23     20     23  
886.0  14:46:56 42.382053 -72.51926   21     23     20  
887.0  14:47:00 42.38209 -72.51932   22     24     20  
887.0  14:47:09 42.3821 -72.51935   21     23     21  
887.0  14:47:20 42.3819 -72.51936   23     22     20  
887.0  14:47:29 42.38194 -72.519844   24     24     21  
887.0  14:47:39 42.38265 -72.52036   21     22     22  
887.0  14:47:48 42.383335 -72.520744   21     23     22  
888.0  14:48:00 42.384468 -72.52135   20     24     22  
888.0  14:48:02 42.384254 -72.52125   24     20     22  
888.0  14:48:12 42.384995 -72.52164   20     23     23  
888.0  14:48:21 42.385597 -72.521935   20     20     22  
888.0  14:48:29 42.385956 -72.522385   21     22     24  
888.0  14:48:37 42.386547 -72.52237   22     23     21  
888.0  14:48:46 42.387104 -72.52283   24     20     23  
888.0  14:48:57 42.387707 -72.52353   24     22     20  
889.0  14:49:00 42.38774 -72.52354   21     23     21  
889.0  14:49:05 42.38774 -72.52354   20     20     21  
889.0  14:49:14 42.387737 -72.52353   22     24     21  
889.0  14:49:22 42.38775 -72.52353   20     22     24  
889.0  14:49:31 42.387775 -72.52362   22     20     21  
889.0  14:49:40 42.388195 -72.5241   21     21     24  
889.0  14:49:50 42.388798 -72.524506   23     24     20  
889.0  14:49:59 42.38946 -72.524826   20     23     21  
890.0  14:50:00 42.3898 -72.52493   22     22     21  
890.0  14:50:07 42.390087 -72.52499   21     23     22  
890.0  14:50:16 42.390617 -72.52511   23     24     21  
890.0  14:50:25 42.39073 -72.52514   24     24     21  
890.0  14:50:34 42.39096 -72.52517   24     23     20  
890.0  14:50:43 42.39113 -72.52515   20     21     23  
890.0  14:50:53 42.391052 -72.52513   20     21     24  
891.0  14:51:00 42.391113 -72.52517   20     24     23  
891.0  14:51:02 42.391098 -72.52516   23     23     23  
891.0  14:51:36 42.39319 -72.52583   20     21     20  
891.0  14:51:41 42.393467 -72.52598   20     22     20  
891.0  14:51:44 42.393032 -72.52575   23     23     23  
891.0  14:51:51 42.393925 -72.526146   23     24     20  
891.0  14:51:56 42.393944 -72.52615   23     21     20  
892.0  14:52:00 42.39397 -72.52618   22     20     23  
892.0  14:52:01 42.393967 -72.52616   24     24     24  
892.0  14:52:06 42.39394 -72.526146   20     24     20  
892.0  14:52:16 42.394634 -72.52659   23     20     23  
892.0  14:52:24 42.395187 -72.52688   22     23     20  
892.0  14:52:29 42.395252 -72.52708   23     24     23  
892.0  14:52:32 42.395233 -72.52712   20     23     20  
892.0  14:52:40 42.39504 -72.52767   22     22     20  
892.0  14:52:51 42.394833 -72.52884   21     23     23  
893.0  14:53:00 42.395435 -72.529816   24     21     23  
893.0  14:53:00 42.39567 -72.530174   22     23     21  
893.0  14:53:08 42.39586 -72.5306   21     21     20  
893.0  14:53:17 42.395737 -72.53158   22     21     22  
893.0  14:53:28 42.395515 -72.532555   23     23     24  
893.0  14:53:36 42.39516 -72.53414   23     20     20  
893.0  14:53:48 42.393913 -72.53438   21     22     20  
893.0  14:53:57 42.393036 -72.53413   23     23     22  
894.0  14:54:00 42.392826 -72.53402   22     22     20  
894.0  14:54:40 42.3926 -72.53705   21     21     21  
894.0  14:54:51 42.392483 -72.53716   23     22     22  
894.0  14:54:52 42.392803 -72.534004   23     21     24  
894.0  14:54:59 42.392403 -72.53632   21     20     23  
895.0  14:55:00 42.392418 -72.53612   21     20     20  
895.0  14:55:08 42.392406 -72.53607   20     24     23  
895.0  14:55:17 42.392403 -72.53609   20     24     21  
895.0  14:55:26 42.392403 -72.536095   21     21     24  
906.0  15:06:19 42.39076 -72.533134   20     24     21  
906.0  15:06:32 42.38957 -72.53263   21     20     23  
906.0  15:06:45 42.388447 -72.532166   23     21     24  
906.0  15:06:57 42.387127 -72.53163   24     21     20  
908.0  15:08:00 42.384666 -72.528206   24     21     20  
908.0  15:08:03 42.384666 -72.528206   22     20     24  
908.0  15:08:15 42.3847 -72.52817   20     24     24  
908.0  15:08:30 42.384827 -72.527725   22     22     21  
908.0  15:08:38 42.385063 -72.52659   20     22     22  
908.0  15:08:47 42.38529 -72.525635   23     20     23  
908.0  15:08:55 42.38553 -72.525024   23     24     21  
909.0  15:09:00 42.385807 -72.5252   22     23     21  
909.0  15:09:06 42.386063 -72.5253   21     23     24  
909.0  15:09:15 42.386726 -72.52554   20     24     21  
909.0  15:09:24 42.387295 -72.52589   21     20     20  
909.0  15:09:32 42.38718 -72.52644   21     21     24  
909.0  15:09:41 42.387093 -72.526505   24     24     21  
909.0  15:09:51 42.387074 -72.52648   23     24     23  
910.0  15:10:00 42.386925 -72.52639   22     20     20  
910.0  15:10:02 42.387 -72.52642   20     22     22  
910.0  15:10:11 42.386456 -72.52622   24     21     20  
910.0  15:10:20 42.385822 -72.52599   23     21     22  
910.0  15:10:28 42.385612 -72.525925   22     22     21  
910.0  15:10:36 42.385406 -72.52582   24     22     24  
910.0  15:10:46 42.385464 -72.52496   20     20     22  
910.0  15:10:57 42.385857 -72.52334   23     20     20  
911.0  15:11:00 42.38592 -72.52268   21     21     23  
911.0  15:11:06 42.38598 -72.52242   21     23     22  
911.0  15:11:15 42.386707 -72.52237   24     21     23  
911.0  15:11:24 42.387287 -72.52304   20     23     20  
911.0  15:11:33 42.387684 -72.52353   20     20     21  
911.0  15:11:45 42.387672 -72.52354   22     24     20  
911.0  15:11:56 42.388023 -72.52398   20     23     22  
912.0  15:12:00 42.38842 -72.52431   22     23     23  
912.0  15:12:05 42.38849 -72.52436   22     21     24  
912.0  15:12:13 42.389122 -72.5247   21     24     22  
912.0  15:12:22 42.389763 -72.52498   22     23     21  
912.0  15:12:31 42.390503 -72.52509   21     24     21  
912.0  15:12:39 42.39108 -72.52516   20     24     23  
912.0  15:12:50 42.391136 -72.52524   24     24     22  
912.0  15:12:58 42.391163 -72.52526   21     21     24  
913.0  15:13:00 42.39117 -72.52526   24     20     24  
913.0  15:13:06 42.391174 -72.52527   21     21     20  
913.0  15:13:15 42.39147 -72.52534   20     20     21  
913.0  15:13:23 42.39231 -72.525536   21     23     23  
913.0  15:13:31 42.392952 -72.52574   20     22     23  
913.0  15:13:43 42.393654 -72.52605   23     23     22  
913.0  15:13:51 42.393913 -72.52616   21     22     23  
914.0  15:14:00 42.393887 -72.52614   20     24     20  
914.0  15:14:00 42.393898 -72.52613   24     24     22  
914.0  15:14:09 42.393898 -72.52614   21     24     22  
914.0  15:14:17 42.393925 -72.52614   23     23     21  
914.0  15:14:26 42.393936 -72.526215   23     20     22  
914.0  15:14:38 42.394512 -72.52661   20     21     24  
914.0  15:14:47 42.39509 -72.526924   23     23     20  
914.0  15:14:56 42.395184 -72.52692   22     23     21  
915.0  15:15:00 42.39533 -72.52664   21     21     20  
915.0  15:15:05 42.39535 -72.526566   20     22     20  
915.0  15:15:14 42.39563 -72.525665   21     24     24  
915.0  15:15:23 42.395737 -72.5252   21     23     23  
915.0  15:15:34 42.39575 -72.52518   22     23     23  
915.0  15:15:44 42.39595 -72.524635   24     21     23  
915.0  15:15:53 42.39646 -72.52358   23     23     21  
916.0  15:16:00 42.397038 -72.52252   24     22     22  
916.0  15:16:02 42.39696 -72.522766   24     21     23  
916.0  15:16:13 42.397137 -72.52166   22     20     22  
916.0  15:16:24 42.39718 -72.52132   23     24     24  
916.0  15:16:33 42.397213 -72.5212   24     20     23  
916.0  15:16:41 42.39731 -72.52066   22     20     24  
916.0  15:16:49 42.39739 -72.519615   21     20     24  
916.0  15:16:57 42.397614 -72.51836   24     21     20  
917.0  15:17:00 42.397926 -72.51752   20     22     21  
917.0  15:17:06 42.39802 -72.517265   23     21     21  
917.0  15:17:17 42.39842 -72.51612   22     20     23  
917.0  15:17:25 42.398483 -72.51577   22     21     20  
917.0  15:17:34 42.39816 -72.515686   23     23     23  
917.0  15:17:43 42.397152 -72.51554   23     22     21  
917.0  15:17:51 42.396023 -72.51546   24     23     24  
917.0  15:17:59 42.39559 -72.515396   21     20     24  
918.0  15:18:00 42.39558 -72.51496   21     24     22  
918.0  15:18:09 42.395397 -72.514336   22     22     21  
918.0  15:18:18 42.39514 -72.513336   22     22     21  
918.0  15:18:26 42.39517 -72.512245   23     21     21  
918.0  15:18:35 42.394787 -72.51195   23     24     20  
918.0  15:18:43 42.39479 -72.51129   21     24     22  
918.0  15:18:51 42.39493 -72.511024   23     21     22  
919.0  15:19:00 42.39516 -72.51084   23     20     24  
919.0  15:19:02 42.395077 -72.51086   24     24     23  
919.0  15:19:10 42.395504 -72.51105   20     21     24  
919.0  15:19:19 42.395626 -72.511246   20     24     24  
919.0  15:19:29 42.3959 -72.51116   20     22     23  
919.0  15:19:37 42.395966 -72.51122   24     21     20  
919.0  15:19:46 42.396015 -72.51119   21     20     24  
919.0  15:19:56 42.395977 -72.51123   21     24     20  
920.0  15:20:00 42.395947 -72.511246   20     20     23  
920.0  15:20:05 42.395947 -72.51124   24     23     24  
920.0  15:20:14 42.39592 -72.51123   24     21     21  
920.0  15:20:22 42.395905 -72.51126   20     24     21  
920.0  15:20:30 42.395866 -72.51129   20     24     22  
920.0  15:20:39 42.39587 -72.51129   21     24     20  
920.0  15:20:50 42.395836 -72.51122   20     22     24  
920.0  15:20:58 42.395798 -72.51116   23     21     21  
921.0  15:21:00 42.39586 -72.51111   22     22     24  
921.0  15:21:07 42.39591 -72.51106   23     20     23  
921.0  15:21:16 42.395927 -72.511055   20     22     22  
921.0  15:21:25 42.39591 -72.51108   20     21     23  
921.0  15:21:34 42.395885 -72.51111   24     20     21  
921.0  15:21:46 42.395878 -72.51113   23     23     24  
921.0  15:21:54 42.39587 -72.51114   20     24     20  
922.0  15:22:00 42.39587 -72.51112   22     24     21  
922.0  15:22:02 42.395878 -72.51113   23     24     24  
922.0  15:22:11 42.395855 -72.51109   20     21     22  
922.0  15:22:20 42.39585 -72.51108   22     24     23  
922.0  15:22:29 42.395844 -72.51106   21     22     21  
922.0  15:22:41 42.395836 -72.51103   23     20     23  
922.0  15:22:49 42.39584 -72.51104   20     22     22  
922.0  15:22:58 42.39584 -72.51104   20     24     21  
923.0  15:23:00 42.395844 -72.51104   24     20     24  
923.0  15:23:06 42.39585 -72.51104   22     21     22  
923.0  15:23:14 42.395844 -72.511055   20     21     24  
923.0  15:23:23 42.395874 -72.51108   23     20     22  
923.0  15:23:34 42.395893 -72.51111   22     20     22  
923.0  15:23:42 42.395927 -72.51114   22     23     20  
923.0  15:23:51 42.395947 -72.51116   22     21     24  
924.0  15:24:00 42.395954 -72.511185   23     22     22  
924.0  15:24:00 42.39594 -72.51117   20     21     21  
924.0  15:24:08 42.39593 -72.51118   22     21     20  
924.0  15:24:17 42.395927 -72.51119   21     24     21  
925.0  15:25:00 42.395485 -72.51319   22     24     24  
925.0  15:25:16 42.395157 -72.51341   23     22     20  
925.0  15:25:26 42.395485 -72.514496   21     20     21  
925.0  15:25:35 42.395718 -72.5153   20     21     21  
925.0  15:25:43 42.395737 -72.51552   21     24     20  
925.0  15:25:53 42.39537 -72.51568   24     24     23  
926.0  15:26:00 42.39398 -72.51594   22     21     20  
926.0  15:26:02 42.394264 -72.51586   23     20     21  
926.0  15:26:11 42.39309 -72.51625   20     24     21  
926.0  15:26:23 42.3927 -72.516396   23     22     23  
926.0  15:26:32 42.39274 -72.516975   24     21     24  
926.0  15:26:40 42.392834 -72.51793   23     21     20  
926.0  15:26:49 42.39274 -72.51871   22     22     23  
926.0  15:26:57 42.39266 -72.51929   21     24     23  
927.0  15:27:00 42.39262 -72.519325   24     20     20  
927.0  15:27:05 42.392616 -72.5193   20     22     23  
927.0  15:27:16 42.392597 -72.51928   20     20     24  
927.0  15:27:25 42.39245 -72.519806   22     24     21  
927.0  15:27:33 42.392082 -72.52029   23     20     22  
927.0  15:27:41 42.39146 -72.52003   21     24     24  
927.0  15:27:50 42.39092 -72.519745   21     23     24  
927.0  15:27:58 42.390614 -72.519684   23     20     22  
928.0  15:28:00 42.390537 -72.5196   20     24     22  
928.0  15:28:08 42.390335 -72.51926   21     20     20  
928.0  15:28:17 42.38976 -72.51903   20     20     23  
928.0  15:28:26 42.389378 -72.518875   24     21     20  
928.0  15:28:34 42.389336 -72.5189   22     22     23  
928.0  15:28:42 42.389374 -72.51893   23     21     20  
928.0  15:28:52 42.38932 -72.51885   24     24     24  
929.0  15:29:00 42.389286 -72.518845   20     21     24  
929.0  15:29:03 42.389286 -72.518845   23     20     24  
929.0  15:29:12 42.389297 -72.51884   22     23     24  
929.0  15:29:21 42.389305 -72.518814   24     22     22  
929.0  15:29:29 42.38931 -72.51881   23     23     22  
929.0  15:29:38 42.38907 -72.51875   24     23     21  
929.0  15:29:46 42.389023 -72.51875   20     23     20  
929.0  15:29:57 42.389034 -72.51882   22     21     23  
930.0  15:30:00 42.389084 -72.51852   21     20     20  
930.0  15:30:05 42.389107 -72.518456   23     23     22  
930.0  15:30:14 42.38895 -72.517876   20     24     21  
930.0  15:30:22 42.388756 -72.51716   24     24     20  
930.0  15:30:30 42.388718 -72.51688   21     22     24  
930.0  15:30:40 42.38843 -72.51679   21     24     20  
931.0  15:31:00 42.385063 -72.517876   21     21     20  
931.0  15:31:44 42.382267 -72.520035   22     22     22  
931.0  15:31:49 42.382782 -72.52038   20     20     24  
932.0  15:32:00 42.384186 -72.521194   21     24     22  
932.0  15:32:09 42.38473 -72.52151   20     21     24  
932.0  15:32:20 42.38581 -72.52205   22     20     22  
932.0  15:32:30 42.386196 -72.522415   23     20     21  
932.0  15:32:39 42.38698 -72.52264   24     20     24  
932.0  15:32:48 42.387585 -72.523384   23     21     22  
932.0  15:32:57 42.387714 -72.52359   20     23     23  
933.0  15:33:00 42.38768 -72.52361   20     24     22  
933.0  15:33:05 42.38768 -72.52361   21     23     23  
933.0  15:33:15 42.3877 -72.52367   22     20     23  
933.0  15:33:24 42.387997 -72.52399   23     24     21  
933.0  15:33:40 42.38827 -72.524216   23     24     23  
933.0  15:33:51 42.388836 -72.52457   23     22     24  
934.0  15:34:00 42.389847 -72.52495   22     20     20  
934.0  15:34:00 42.390312 -72.525055   23     20     22  
934.0  15:34:14 42.390778 -72.52512   22     20     21  
934.0  15:34:22 42.391068 -72.5252   24     22     22  
934.0  15:34:31 42.391087 -72.52523   21     21     20  
934.0  15:34:41 42.39119 -72.52529   23     24     21  
934.0  15:34:50 42.39187 -72.525406   22     20     20  
935.0  15:35:00 42.392967 -72.525696   22     20     22  
935.0  15:35:02 42.392807 -72.525635   21     24     24  
935.0  15:35:11 42.393353 -72.525856   20     23     22  
935.0  15:35:20 42.393875 -72.52609   23     21     20  
935.0  15:35:29 42.393906 -72.52613   20     24     23  
935.0  15:35:37 42.393913 -72.52613   20     24     23  
935.0  15:35:46 42.393948 -72.526215   20     20     21  
935.0  15:35:58 42.394516 -72.52658   24     21     24  
936.0  15:36:00 42.394844 -72.52674   24     22     20  
936.0  15:36:07 42.394917 -72.52678   23     21     21  
936.0  15:36:16 42.394985 -72.526825   23     20     21  
936.0  15:36:25 42.39499 -72.52683   24     24     21  
936.0  15:36:35 42.39512 -72.526886   22     24     20  
936.0  15:36:44 42.395164 -72.52723   24     24     23  
936.0  15:36:57 42.3948 -72.52841   23     22     23  
937.0  15:37:00 42.394943 -72.52912   21     24     20  
937.0  15:37:05 42.394993 -72.529205   23     24     23  
937.0  15:37:14 42.395638 -72.53013   22     24     24  
937.0  15:37:23 42.39588 -72.53109   22     21     24  
937.0  15:37:32 42.395603 -72.532074   20     21     22  
937.0  15:37:41 42.395367 -72.53341   24     24     21  
937.0  15:37:56 42.394314 -72.534424   22     21     21  
938.0  15:38:00 42.393158 -72.53412   24     21     20  
938.0  15:38:05 42.39307 -72.53408   20     20     23  
938.0  15:38:14 42.39278 -72.534   23     23     23  
938.0  15:38:23 42.39261 -72.53411   22     22     22  
938.0  15:38:32 42.39254 -72.534485   21     20     21  
939.0  15:39:00 42.39244 -72.53667   22     21     24  
940.0  15:40:00 42.392376 -72.536064   22     22     21  
940.0  15:40:51 42.392395 -72.536095   22     21     21  
941.0  15:41:00 42.39239 -72.53613   21     23     23  
941.0  15:41:01 42.392395 -72.53613   21     21     23  
941.0  15:41:09 42.392376 -72.536125   20     23     24  
941.0  15:41:17 42.39237 -72.536125   20     22     24  
941.0  15:41:26 42.39238 -72.536125   22     22     23  
941.0  15:41:34 42.392395 -72.5361   21     20     24  
941.0  15:41:43 42.39239 -72.535866   24     23     22  
941.0  15:41:54 42.392387 -72.53497   24     21     22  
942.0  15:42:00 42.392567 -72.534195   22     24     20  
942.0  15:42:02 42.39253 -72.53433   22     20     20  
942.0  15:42:11 42.392616 -72.53401   20     24     23  
942.0  15:42:19 42.392433 -72.53379   22     21     21  
942.0  15:42:28 42.39159 -72.53344   21     20     23  
942.0  15:42:37 42.390854 -72.533134   20     22     22  
942.0  15:42:47 42.390316 -72.53293   20     22     21  
942.0  15:42:56 42.390175 -72.53287   20     23     22  
943.0  15:43:00 42.38942 -72.532524   20     23     22  
943.0  15:43:04 42.38942 -72.532524   22     21     22  
943.0  15:43:13 42.388523 -72.532166   22     20     24  
943.0  15:43:23 42.38753 -72.53176   23     24     20  
943.0  15:43:32 42.386444 -72.531296   20     20     23  
943.0  15:43:42 42.385296 -72.53098   20     21     24  
943.0  15:43:50 42.385117 -72.531654   21     22     24  
943.0  15:43:58 42.38492 -72.53238   24     23     23  
944.0  15:44:00 42.384888 -72.53248   21     22     24  
944.0  15:44:11 42.384792 -72.53263   24     24     23  
944.0  15:44:20 42.38396 -72.53221   21     23     20  
945.0  15:45:00 42.382187 -72.533745   22     24     23  
946.0  15:46:00 42.379795 -72.53408   21     24     21  
947.0  15:47:00 42.379772 -72.534004   23     21     22  
948.0  15:48:00 42.37982 -72.53407   22     21     22  
949.0  15:49:00 42.3798 -72.53405   20     20     23  
950.0  15:50:00 42.379787 -72.53404   21     23     23  
951.0  15:51:00 42.379826 -72.534096   22     23     21  
952.0  15:52:00 42.379208 -72.53416   22     21     23  
953.0  15:53:00 42.378906 -72.53204   24     22     23  
954.0  15:54:00 42.384678 -72.532425   24     20     24  
955.0  15:55:00 42.385025 -72.53104   21     22     24  
955.0  15:55:53 42.38476 -72.52916   24     23     21  
955.0  15:55:58 42.384747 -72.52906   24     20     24  
956.0  15:56:00 42.384747 -72.52903   23     20     22  
956.0  15:56:03 42.384747 -72.52902   21     23     22  
956.0  15:56:08 42.384747 -72.52902   22     21     22  
956.0  15:56:13 42.384727 -72.5289   22     21     22  
956.0  15:56:18 42.384727 -72.5289   23     20     21  
956.0  15:56:22 42.384735 -72.528946   23     20     22  
957.0  15:57:00 42.384666 -72.52833   24     23     23  
958.0  15:58:00 42.385406 -72.52528   20     21     23  
959.0  15:59:00 42.387142 -72.52647   24     23     24  
960.0  16:00:00 42.38601 -72.52602   24     24     20  
961.0  16:01:00 42.385536 -72.52465   20     23     24  
961.0  16:01:51 42.38583 -72.52325   21     24     21  
962.0  16:02:00 42.385834 -72.523224   21     20     21  
963.0  16:03:00 42.385895 -72.52259   22     22     23  
963.0  16:03:17 42.386856 -72.52252   20     24     21  
963.0  16:03:22 42.387375 -72.523125   21     21     24  
963.0  16:03:27 42.387653 -72.52342   21     21     23  
963.0  16:03:32 42.387733 -72.52354   23     20     24  
963.0  16:03:36 42.387558 -72.52332   22     21     21  
963.0  16:03:43 42.387707 -72.52355   24     20     22  
963.0  16:03:48 42.387695 -72.52354   20     21     22  
963.0  16:03:53 42.387707 -72.523544   21     24     22  
963.0  16:03:58 42.387703 -72.52356   20     20     20  
964.0  16:04:00 42.3877 -72.523575   22     22     23  
965.0  16:05:00 42.390717 -72.525154   23     24     21  
965.0  16:05:01 42.390682 -72.52516   23     21     21  
965.0  16:05:06 42.39071 -72.52514   22     23     24  
965.0  16:05:11 42.390697 -72.52512   24     24     20  
966.0  16:06:00 42.391167 -72.52522   23     23     22  
966.0  16:06:30 42.392242 -72.52539   24     23     24  
966.0  16:06:38 42.392673 -72.52559   23     24     21  
966.0  16:06:44 42.39306 -72.52569   21     21     20  
966.0  16:06:49 42.39339 -72.52586   21     20     21  
966.0  16:06:54 42.393715 -72.526085   24     21     20  
966.0  16:06:57 42.39319 -72.52575   20     20     24  
967.0  16:07:00 42.39384 -72.52612   23     20     22  
967.0  16:07:04 42.393845 -72.52606   22     23     23  
967.0  16:07:09 42.393997 -72.52615   22     20     23  
967.0  16:07:14 42.393997 -72.52615   24     20     20  
967.0  16:07:19 42.394005 -72.52616   24     24     23  
967.0  16:07:24 42.39402 -72.52618   21     24     21  
967.0  16:07:29 42.394047 -72.526184   24     24     22  
967.0  16:07:34 42.39403 -72.52619   22     23     22  
967.0  16:07:39 42.39402 -72.5262   21     23     24  
967.0  16:07:45 42.393986 -72.5262   22     22     20  
967.0  16:07:49 42.39403 -72.5262   21     21     24  
968.0  16:08:00 42.394684 -72.526665   22     23     22  
968.0  16:08:06 42.39503 -72.52687   21     22     22  
968.0  16:08:11 42.395203 -72.52698   22     22     24  
968.0  16:08:16 42.39529 -72.52699   22     24     20  
968.0  16:08:21 42.395294 -72.52683   23     24     21  
968.0  16:08:26 42.395313 -72.52657   23     22     22  
969.0  16:09:00 42.395782 -72.524925   20     23     20  
970.0  16:10:00 42.397167 -72.52108   20     20     20  
970.0  16:10:35 42.398323 -72.51635   24     22     24  
970.0  16:10:40 42.398457 -72.51587   20     23     20  
970.0  16:10:46 42.39843 -72.51574   21     24     23  
970.0  16:10:54 42.39841 -72.51562   20     24     21  
971.0  16:11:00 42.39789 -72.51555   24     22     23  
972.0  16:12:00 42.394814 -72.51209   24     21     22  
972.0  16:12:39 42.39535 -72.51098   22     22     22  
972.0  16:12:44 42.395535 -72.51122   24     22     22  
973.0  16:13:00 42.39605 -72.51124   22     21     24  
974.0  16:14:00 42.395157 -72.51337   21     24     20  
975.0  16:15:00 42.39344 -72.51615   23     20     21  
976.0  16:16:00 42.392475 -72.51932   22     23     21  
977.0  16:17:00 42.39066 -72.51976   22     21     24  
977.0  16:17:42 42.389362 -72.51892   24     21     23  
977.0  16:17:52 42.389137 -72.5188   22     22     20  
978.0  16:18:00 42.38913 -72.518585   20     24     23  
978.0  16:18:01 42.389107 -72.51873   20     24     20  
978.0  16:18:09 42.38921 -72.51825   23     22     22  
978.0  16:18:18 42.388855 -72.51764   23     20     20  
978.0  16:18:26 42.38881 -72.51748   22     22     20  
978.0  16:18:34 42.3888 -72.51747   23     22     20  
978.0  16:18:45 42.38879 -72.51739   23     22     22  
978.0  16:18:54 42.388718 -72.51702   22     20     20  
979.0  16:19:00 42.388634 -72.51685   23     20     22  
979.0  16:19:02 42.388664 -72.516846   24     20     21  
979.0  16:19:11 42.388416 -72.51731   23     24     24  
979.0  16:19:20 42.387856 -72.51799   23     20     24  
979.0  16:19:28 42.38613 -72.518105   21     24     22  
979.0  16:19:42 42.384403 -72.518745   24     22     21  
979.0  16:19:51 42.382744 -72.51917   24     21     23  
979.0  16:19:59 42.381813 -72.51928   22     20     24  
980.0  16:20:00 42.381695 -72.51953   23     23     21  
980.0  16:20:08 42.38194 -72.519745   20     20     21  
980.0  16:20:17 42.382713 -72.52032   23     23     22  
980.0  16:20:25 42.383514 -72.520775   24     24     20  
980.0  16:20:36 42.384537 -72.521355   24     20     20  
980.0  16:20:45 42.384804 -72.52151   24     21     24  
980.0  16:20:59 42.385796 -72.52207   23     24     24  
981.0  16:21:00 42.385956 -72.52231   24     22     20  
981.0  16:21:07 42.38596 -72.52233   21     21     24  
981.0  16:21:16 42.38651 -72.522316   22     24     23  
981.0  16:21:26 42.387333 -72.523056   21     20     24  
981.0  16:21:35 42.387722 -72.52354   22     24     21  
981.0  16:21:43 42.387733 -72.52354   21     21     22  
981.0  16:21:52 42.38775 -72.523575   24     24     21  
982.0  16:22:00 42.388054 -72.52401   24     22     22  
982.0  16:22:00 42.38834 -72.52426   21     22     22  
982.0  16:22:35 42.388615 -72.52444   22     20     21  
982.0  16:22:48 42.391243 -72.525276   20     22     23  
982.0  16:22:59 42.391403 -72.52522   20     23     21  
983.0  16:23:00 42.39188 -72.525314   23     21     24  
983.0  16:23:08 42.392235 -72.52542   21     22     20  
983.0  16:23:17 42.393074 -72.525734   24     23     21  
983.0  16:23:27 42.393814 -72.52605   21     20     23  
983.0  16:23:36 42.39403 -72.52614   24     23     22  
983.0  16:23:45 42.39418 -72.52633   20     21     20  
983.0  16:23:57 42.394554 -72.526535   22     22     22  
984.0  16:24:00 42.394604 -72.52655   20     21     24  
984.0  16:24:06 42.394615 -72.52656   21     24     23  
984.0  16:24:24 42.395054 -72.52683   21     23     24  
985.0  16:25:00 42.395874 -72.531204   23     24     23  
985.0  16:25:35 42.39473 -72.53446   22     21     24  
985.0  16:25:47 42.39336 -72.53418   20     23     20  
985.0  16:25:55 42.392826 -72.53393   23     20     20  
986.0  16:26:00 42.39284 -72.53394   20     24     24  
986.0  16:26:04 42.392838 -72.53394   23     22     21  
986.0  16:26:13 42.39284 -72.53396   24     21     20  
986.0  16:26:21 42.392857 -72.53395   20     20     23  
986.0  16:26:29 42.39285 -72.53395   21     23     22  
986.0  16:26:41 42.392677 -72.53362   21     22     21  
986.0  16:26:50 42.39307 -72.532715   20     21     23  
986.0  16:26:59 42.39336 -72.53244   20     23     21  
987.0  16:27:00 42.39366 -72.53259   22     24     22  
987.0  16:27:08 42.393803 -72.53265   23     22     22  
987.0  16:27:18 42.394207 -72.53286   23     21     23  
987.0  16:27:26 42.39466 -72.5331   22     24     20  
987.0  16:27:37 42.3949 -72.5333   24     20     21  
987.0  16:27:45 42.394836 -72.533775   23     21     22  
987.0  16:27:54 42.394814 -72.53385   23     23     22  
988.0  16:28:00 42.394825 -72.53388   23     24     21  
988.0  16:28:03 42.394825 -72.533875   22     22     21  
1115.0  18:35:15 0.0 -0.0   23     24     24  
1115.0  18:35:27 0.0 -1.1095744E27   22     21     21  
1115.0  18:35:41 0.0 -1.8111362E22   22     23     20  
1115.0  18:35:56 0.0 -1.8111362E22   20     23     24  
1117.0  18:37:00 0.0 -0.0   21     21     24  
1117.0  18:37:03 0.0 -0.0   21     22     20  
1117.0  18:37:15 0.0 -0.0   21     24     22  
1117.0  18:37:25 0.0 -0.0   24     23     22  
1117.0  18:37:35 0.0 -0.0   23     21     23  
1117.0  18:37:44 0.0 -0.0   21     24     24  
1117.0  18:37:52 0.0 -0.0   24     23     21  
1118.0  18:38:00 0.0 -0.0   21     20     22  
1118.0  18:38:01 0.0 -0.0   24     20     24  
1118.0  18:38:12 0.0 -0.0   24     24     20  
1118.0  18:38:21 0.0 -0.0   21     23     23  
1118.0  18:38:30 0.0 -0.0   22     24     23  
1118.0  18:38:39 0.0 -0.0   24     20     23  
1118.0  18:38:47 0.0 -0.0   23     22     24  
1118.0  18:38:58 0.0 -0.0   24     21     24  
1119.0  18:39:00 0.0 -0.0   24     20     23  
1119.0  18:39:12 0.0 -0.0   22     24     24  
1130.0  18:50:07 0.0 -1.8111362E22   21     23     23  
1130.0  18:50:20 42.39426 -72.53286   21     21     20  
1130.0  18:50:32 42.394203 -72.532845   22     24     21  
1130.0  18:50:44 42.394226 -72.53291   24     20     20  
1130.0  18:50:57 42.394184 -72.53285   23     22     20  
1132.0  18:52:00 42.394176 -72.53293   23     21     21  
1132.0  18:52:15 42.394207 -72.53283   21     20     22  
1132.0  18:52:24 42.394215 -72.532875   21     22     20  
1132.0  18:52:32 42.3942 -72.53292   20     22     20  
