662.0  11:02:00 0.0 -0.0   5     11     50  
678.0  11:18:36 0.0 -0.0   5     14     44  
678.0  11:18:48 0.0 -1.1095744E27   5     12     40  
679.0  11:19:01 0.0 -1.8111362E22   3     18     47  
679.0  11:19:15 0.0 -1.8111362E22   3     10     45  
680.0  11:20:25 0.0 -0.0   4     11     51  
680.0  11:20:35 0.0 -0.0   5     18     45  
680.0  11:20:48 0.0 -0.0   3     13     57  
680.0  11:20:56 0.0 -0.0   3     17     45  
681.0  11:21:00 0.0 -0.0   4     14     59  
681.0  11:21:06 0.0 -0.0   3     19     53  
681.0  11:21:14 0.0 -0.0   3     15     47  
681.0  11:21:23 0.0 -0.0   3     12     50  
681.0  11:21:31 0.0 -0.0   5     19     40  
681.0  11:21:43 0.0 -0.0   4     14     57  
681.0  11:21:52 0.0 -0.0   3     10     59  
682.0  11:22:00 0.0 -0.0   3     18     43  
682.0  11:22:01 0.0 -0.0   3     13     40  
682.0  11:22:13 0.0 -0.0   5     15     57  
682.0  11:22:21 0.0 -0.0   3     13     45  
682.0  11:22:29 0.0 -0.0   5     16     51  
682.0  11:22:41 0.0 -0.0   4     15     40  
682.0  11:22:49 0.0 -0.0   4     10     47  
682.0  11:22:58 0.0 -0.0   3     11     57  
683.0  11:23:00 0.0 -0.0   4     19     58  
683.0  11:23:06 0.0 -0.0   4     19     53  
683.0  11:23:16 0.0 -0.0   3     11     42  
683.0  11:23:25 0.0 -0.0   4     11     50  
683.0  11:23:37 0.0 -0.0   3     15     55  
683.0  11:23:45 0.0 -0.0   3     15     40  
683.0  11:23:54 0.0 -0.0   3     14     46  
684.0  11:24:00 0.0 -0.0   3     15     59  
684.0  11:24:03 0.0 -0.0   3     18     48  
684.0  11:24:12 0.0 -0.0   5     17     41  
684.0  11:24:20 0.0 -0.0   4     19     55  
684.0  11:24:31 0.0 -0.0   5     17     52  
684.0  11:24:39 0.0 -0.0   5     19     49  
684.0  11:24:48 0.0 -0.0   3     19     55  
684.0  11:24:56 0.0 -0.0   3     17     40  
685.0  11:25:00 0.0 -0.0   4     10     49  
685.0  11:25:05 0.0 -0.0   5     17     59  
685.0  11:25:14 0.0 -0.0   3     15     53  
685.0  11:25:24 0.0 -0.0   5     10     45  
685.0  11:25:32 0.0 -0.0   4     17     53  
685.0  11:25:41 0.0 -0.0   5     15     48  
685.0  11:25:50 0.0 -0.0   4     11     57  
685.0  11:25:58 0.0 -0.0   4     19     54  
686.0  11:26:00 0.0 -0.0   4     18     50  
686.0  11:26:07 0.0 -0.0   3     12     45  
686.0  11:26:18 0.0 -0.0   5     18     45  
686.0  11:26:26 0.0 -0.0   5     17     56  
686.0  11:26:35 0.0 -0.0   4     15     48  
686.0  11:26:43 0.0 -0.0   3     17     49  
686.0  11:26:51 0.0 -0.0   3     12     42  
687.0  11:27:00 0.0 -0.0   5     11     45  
687.0  11:27:00 0.0 -0.0   5     18     44  
687.0  11:27:11 0.0 -0.0   4     15     42  
687.0  11:27:19 0.0 -0.0   5     13     44  
687.0  11:27:28 0.0 -0.0   5     16     40  
687.0  11:27:37 0.0 -0.0   3     16     41  
687.0  11:27:45 0.0 -0.0   3     17     41  
687.0  11:27:54 0.0 -0.0   4     16     49  
688.0  11:28:00 0.0 -0.0   3     11     41  
688.0  11:28:04 0.0 -0.0   3     10     40  
688.0  11:28:13 0.0 -0.0   4     13     41  
688.0  11:28:21 0.0 -0.0   3     17     57  
688.0  11:28:30 0.0 -0.0   4     18     42  
688.0  11:28:39 0.0 -0.0   4     19     42  
688.0  11:28:48 0.0 -0.0   3     14     52  
688.0  11:28:59 0.0 -0.0   4     19     42  
689.0  11:29:00 0.0 -0.0   4     18     50  
689.0  11:29:07 0.0 -0.0   5     15     48  
689.0  11:29:15 0.0 -0.0   3     12     52  
689.0  11:29:23 0.0 -0.0   5     11     50  
689.0  11:29:32 0.0 -0.0   4     10     45  
689.0  11:29:40 0.0 -0.0   3     10     45  
689.0  11:29:52 0.0 -0.0   4     19     56  
690.0  11:30:00 0.0 -0.0   3     10     57  
690.0  11:30:00 0.0 -0.0   3     15     54  
690.0  11:30:09 0.0 -0.0   5     10     56  
690.0  11:30:18 0.0 -0.0   3     15     55  
690.0  11:30:26 0.0 -0.0   5     17     47  
690.0  11:30:34 0.0 -0.0   5     17     51  
690.0  11:30:45 0.0 -0.0   5     13     41  
690.0  11:30:53 0.0 -0.0   5     11     54  
691.0  11:31:00 0.0 -0.0   4     16     40  
691.0  11:31:02 0.0 -0.0   4     18     44  
691.0  11:31:11 0.0 -0.0   5     18     45  
691.0  11:31:20 0.0 -0.0   4     14     53  
691.0  11:31:28 0.0 -0.0   5     15     56  
691.0  11:31:39 0.0 -0.0   3     18     50  
691.0  11:31:48 0.0 -0.0   4     14     59  
691.0  11:31:57 0.0 -0.0   4     10     55  
692.0  11:32:00 0.0 -0.0   4     17     42  
692.0  11:32:09 0.0 -0.0   3     19     57  
692.0  11:32:18 0.0 -0.0   5     13     47  
692.0  11:32:30 0.0 -0.0   3     11     50  
692.0  11:32:39 0.0 -0.0   4     19     58  
692.0  11:32:48 0.0 -0.0   3     10     52  
692.0  11:32:56 0.0 -0.0   3     10     53  
693.0  11:33:00 0.0 -0.0   4     10     52  
693.0  11:33:04 0.0 -0.0   4     12     45  
693.0  11:33:13 0.0 -0.0   5     19     43  
693.0  11:33:25 0.0 -0.0   3     11     42  
693.0  11:33:33 0.0 -0.0   5     18     59  
693.0  11:33:42 0.0 -0.0   3     13     44  
693.0  11:33:51 0.0 -0.0   5     12     59  
693.0  11:33:59 0.0 -0.0   5     11     51  
694.0  11:34:00 0.0 -0.0   4     13     59  
694.0  11:34:07 0.0 -0.0   3     10     48  
694.0  11:34:18 0.0 -0.0   4     13     57  
694.0  11:34:27 0.0 -0.0   5     15     56  
694.0  11:34:36 0.0 -0.0   3     14     40  
694.0  11:34:45 0.0 -0.0   3     17     44  
694.0  11:34:54 0.0 -0.0   5     19     47  
695.0  11:35:00 0.0 -0.0   4     17     47  
695.0  11:35:02 0.0 -0.0   5     12     57  
695.0  11:35:13 0.0 -0.0   5     13     58  
695.0  11:35:21 0.0 -0.0   4     14     47  
695.0  11:35:30 0.0 -0.0   4     17     55  
695.0  11:35:39 0.0 -0.0   4     17     52  
695.0  11:35:47 0.0 -0.0   3     13     55  
695.0  11:35:55 0.0 -0.0   3     10     40  
696.0  11:36:00 0.0 -0.0   4     10     45  
696.0  11:36:07 0.0 -0.0   5     12     59  
696.0  11:36:15 0.0 -0.0   3     15     44  
696.0  11:36:23 0.0 -0.0   3     16     59  
696.0  11:36:31 0.0 -0.0   5     14     54  
696.0  11:36:40 0.0 -0.0   5     17     59  
696.0  11:36:50 0.0 -0.0   4     19     50  
697.0  11:37:00 0.0 -0.0   3     10     58  
697.0  11:37:07 0.0 -0.0   3     10     56  
697.0  11:37:17 0.0 -0.0   3     19     59  
697.0  11:37:27 0.0 -0.0   3     12     57  
697.0  11:37:36 0.0 -0.0   3     16     40  
697.0  11:37:48 0.0 -0.0   3     12     55  
697.0  11:37:58 0.0 -0.0   5     18     48  
698.0  11:38:00 0.0 -0.0   3     11     56  
698.0  11:38:08 0.0 -0.0   3     15     50  
698.0  11:38:17 0.0 -0.0   5     10     49  
698.0  11:38:26 0.0 -0.0   5     18     59  
698.0  11:38:35 0.0 -0.0   4     18     43  
698.0  11:38:43 0.0 -0.0   3     12     56  
698.0  11:38:54 0.0 -0.0   4     11     40  
699.0  11:39:00 0.0 -0.0   3     12     50  
699.0  11:39:03 0.0 -0.0   3     10     52  
699.0  11:39:11 0.0 -0.0   4     16     41  
699.0  11:39:20 0.0 -0.0   5     19     44  
699.0  11:39:28 0.0 -0.0   5     14     46  
699.0  11:39:36 0.0 -0.0   5     17     58  
699.0  11:39:49 0.0 -0.0   4     13     50  
699.0  11:39:58 0.0 -0.0   5     10     46  
700.0  11:40:00 0.0 -0.0   5     10     48  
700.0  11:40:06 0.0 -0.0   3     12     51  
700.0  11:40:14 0.0 -0.0   3     15     59  
700.0  11:40:23 0.0 -0.0   4     13     46  
700.0  11:40:31 0.0 -0.0   5     12     53  
700.0  11:40:43 0.0 -0.0   3     16     55  
700.0  11:40:52 0.0 -0.0   5     17     40  
701.0  11:41:00 0.0 -0.0   3     11     40  
701.0  11:41:00 0.0 -0.0   5     15     58  
701.0  11:41:08 0.0 -0.0   4     14     44  
701.0  11:41:17 0.0 -0.0   4     18     47  
701.0  11:41:25 0.0 -0.0   5     14     55  
701.0  11:41:35 0.0 -0.0   4     13     43  
701.0  11:41:43 0.0 -0.0   3     18     57  
701.0  11:41:51 0.0 -0.0   4     13     47  
702.0  11:42:00 0.0 -0.0   3     10     52  
702.0  11:42:00 0.0 -0.0   3     19     52  
702.0  11:42:08 0.0 -0.0   3     19     44  
702.0  11:42:52 0.0 -0.0   4     19     55  
702.0  11:42:59 0.0 -0.0   4     19     46  
703.0  11:43:00 0.0 -0.0   3     10     43  
703.0  11:43:02 0.0 -0.0   3     13     59  
703.0  11:43:10 0.0 -0.0   3     13     45  
703.0  11:43:19 0.0 -0.0   4     10     43  
703.0  11:43:27 0.0 -0.0   5     15     58  
703.0  11:43:35 0.0 -0.0   3     11     59  
703.0  11:43:43 0.0 -0.0   5     15     53  
703.0  11:43:55 0.0 -0.0   4     15     58  
704.0  11:44:00 0.0 -0.0   3     11     45  
704.0  11:44:03 0.0 -0.0   5     14     56  
704.0  11:44:11 42.454037 -72.56793   3     10     50  
704.0  11:44:19 42.45473 -72.56648   5     19     57  
704.0  11:44:28 42.45472 -72.56657   4     10     48  
704.0  11:44:36 42.45434 -72.56608   3     10     59  
704.0  11:44:47 42.453396 -72.56472   3     18     43  
704.0  11:44:56 42.452557 -72.563805   3     11     49  
705.0  11:45:00 42.451927 -72.56321   5     14     43  
705.0  11:45:06 42.451855 -72.56312   3     13     54  
705.0  11:45:14 42.451096 -72.56223   5     15     40  
705.0  11:45:54 42.447052 -72.55504   4     13     51  
706.0  11:46:00 42.44585 -72.553604   4     11     56  
706.0  11:46:05 42.445675 -72.553505   3     16     50  
706.0  11:46:13 42.44457 -72.552666   4     12     49  
706.0  11:46:21 42.44457 -72.552666   3     16     52  
706.0  11:46:29 42.44457 -72.552666   3     14     56  
706.0  11:46:38 42.44457 -72.552666   4     19     44  
706.0  11:46:48 42.44457 -72.552666   5     15     50  
706.0  11:46:59 42.44457 -72.552666   5     15     46  
707.0  11:47:00 42.44457 -72.552666   5     11     59  
707.0  11:47:08 42.44457 -72.552666   4     16     42  
707.0  11:47:17 42.44457 -72.552666   3     18     40  
707.0  11:47:25 42.44457 -72.552666   4     13     55  
707.0  11:47:34 42.44457 -72.552666   5     12     53  
707.0  11:47:42 42.431046 -72.54315   5     16     44  
707.0  11:47:53 42.429436 -72.54209   3     11     49  
708.0  11:48:00 42.427895 -72.54099   5     12     51  
708.0  11:48:02 42.428055 -72.5411   4     12     53  
708.0  11:48:11 42.426823 -72.54022   3     16     43  
708.0  11:48:20 42.425392 -72.539345   3     12     43  
708.0  11:48:28 42.423897 -72.538445   5     17     48  
708.0  11:48:37 42.42227 -72.53767   4     15     40  
708.0  11:48:48 42.420486 -72.5374   4     13     44  
708.0  11:48:56 42.418926 -72.537224   5     15     41  
709.0  11:49:00 42.418926 -72.537224   5     16     52  
709.0  11:49:05 42.418926 -72.537224   5     18     48  
709.0  11:49:14 42.418926 -72.537224   4     14     41  
709.0  11:49:23 42.418926 -72.537224   4     18     51  
709.0  11:49:32 42.41765 -72.52972   3     14     56  
709.0  11:49:43 42.41765 -72.52972   4     17     56  
709.0  11:49:51 42.41765 -72.52972   3     15     45  
710.0  11:50:00 42.41765 -72.52972   4     12     40  
710.0  11:50:00 42.409508 -72.53697   3     10     40  
710.0  11:50:09 42.40908 -72.53752   3     13     50  
710.0  11:50:18 42.40915 -72.53721   3     16     46  
710.0  11:50:26 42.409397 -72.53662   5     18     56  
710.0  11:50:37 42.40951 -72.53537   5     19     52  
710.0  11:50:45 42.40964 -72.534325   5     10     44  
710.0  11:50:54 42.409763 -72.53322   4     15     44  
711.0  11:51:00 42.409874 -72.53214   3     15     46  
711.0  11:51:03 42.409874 -72.53214   5     11     48  
711.0  11:51:12 42.40994 -72.53139   4     16     56  
711.0  11:51:20 42.409912 -72.53108   4     13     44  
711.0  11:51:31 42.409756 -72.530815   5     15     56  
711.0  11:51:40 42.40921 -72.53072   4     18     58  
711.0  11:51:48 42.408104 -72.5306   3     17     59  
711.0  11:51:57 42.408104 -72.5306   3     15     50  
712.0  11:52:00 42.408104 -72.5306   3     14     40  
712.0  11:52:05 42.408104 -72.5306   5     19     53  
712.0  11:52:14 42.404613 -72.52985   5     14     42  
712.0  11:52:25 42.40429 -72.52921   5     11     50  
712.0  11:52:33 42.40242 -72.52903   5     13     44  
712.0  11:52:42 42.401745 -72.52826   5     17     52  
713.0  11:53:00 42.506157 -72.405655   5     14     55  
713.0  11:53:46 42.506157 -72.405655   3     14     56  
713.0  11:53:56 42.393875 -72.52656   4     10     42  
714.0  11:54:00 42.393467 -72.52639   3     17     41  
714.0  11:54:08 42.393116 -72.526085   4     19     52  
714.0  11:54:17 42.3925 -72.52573   5     14     43  
714.0  11:54:26 42.39179 -72.52534   3     17     52  
714.0  11:54:34 42.3912 -72.52524   5     18     45  
714.0  11:54:42 42.3909 -72.52533   4     15     59  
714.0  11:54:54 42.390842 -72.52527   4     17     58  
715.0  11:55:00 42.390675 -72.52526   4     19     45  
715.0  11:55:02 42.390522 -72.525505   3     12     49  
715.0  11:55:10 42.390736 -72.52369   3     19     48  
715.0  11:55:19 42.390137 -72.523476   5     13     58  
715.0  11:55:28 42.38944 -72.52346   5     19     44  
715.0  11:55:37 42.388657 -72.52346   5     12     53  
715.0  11:55:47 42.387764 -72.52344   5     19     59  
715.0  11:55:55 42.38733 -72.52309   3     14     51  
716.0  11:56:00 42.38678 -72.52258   5     16     46  
716.0  11:56:04 42.38678 -72.52258   4     12     57  
716.0  11:56:13 42.386044 -72.522156   3     12     46  
716.0  11:56:21 42.385975 -72.52231   5     15     49  
716.0  11:56:30 42.38591 -72.522484   3     15     43  
716.0  11:56:41 42.386147 -72.52344   3     17     50  
716.0  11:56:49 42.392296 -72.51373   4     11     53  
716.0  11:56:58 42.39199 -72.51403   3     14     55  
717.0  11:57:00 42.38555 -72.52563   4     14     44  
717.0  11:57:07 42.38555 -72.52563   3     10     56  
717.0  11:57:15 42.385124 -72.52719   3     11     52  
717.0  11:57:23 42.38489 -72.52808   5     14     59  
717.0  11:57:34 42.384796 -72.5295   5     17     56  
717.0  11:57:49 42.385136 -72.53042   5     12     45  
717.0  11:57:58 42.385044 -72.53092   3     11     58  
718.0  11:58:00 42.38509 -72.53095   5     10     46  
718.0  11:58:07 42.385174 -72.53088   3     16     59  
718.0  11:58:16 42.385662 -72.53096   4     12     45  
718.0  11:58:28 42.38672 -72.53132   3     19     54  
718.0  11:58:36 42.387585 -72.53164   4     12     51  
718.0  11:58:45 42.38846 -72.532   4     14     51  
718.0  11:58:53 42.38916 -72.532295   4     18     47  
719.0  11:59:00 42.389908 -72.53262   3     18     46  
719.0  11:59:02 42.38983 -72.5326   5     14     55  
719.0  11:59:10 42.390118 -72.53275   4     12     41  
719.0  11:59:21 42.390076 -72.53278   5     17     56  
719.0  11:59:29 42.390053 -72.53279   5     12     50  
719.0  11:59:37 42.390453 -72.53297   5     12     47  
719.0  11:59:45 42.391247 -72.53325   4     16     58  
719.0  11:59:54 42.39203 -72.533554   4     13     43  
720.0  12:00:00 42.392708 -72.53372   5     19     58  
720.0  12:00:02 42.39265 -72.53374   5     10     47  
720.0  12:00:13 42.39308 -72.53294   4     19     46  
720.0  12:00:24 42.39345 -72.53224   3     10     55  
720.0  12:00:33 42.393566 -72.53269   3     16     42  
720.0  12:00:42 42.39351 -72.53312   3     18     48  
720.0  12:00:50 42.39361 -72.53311   3     12     57  
720.0  12:00:58 42.39372 -72.5329   4     14     52  
721.0  12:01:00 42.393784 -72.532845   4     10     42  
721.0  12:01:09 42.393814 -72.53279   5     10     49  
721.0  12:01:17 42.393833 -72.5327   4     19     43  
721.0  12:01:26 42.393795 -72.532715   3     11     45  
721.0  12:01:34 42.39376 -72.53276   4     11     52  
721.0  12:01:44 42.393803 -72.53286   3     15     44  
721.0  12:01:52 42.39384 -72.53286   4     18     41  
722.0  12:02:00 42.39385 -72.53289   5     12     55  
722.0  12:02:02 42.39386 -72.53288   5     18     47  
786.0  13:06:36 0.0 -0.0   5     11     51  
786.0  13:06:49 0.0 -1.1095744E27   4     12     51  
787.0  13:07:01 0.0 -1.8111362E22   5     12     49  
787.0  13:07:14 0.0 -1.8111362E22   3     13     42  
788.0  13:08:22 0.0 -0.0   5     19     45  
788.0  13:08:32 0.0 -0.0   5     19     46  
788.0  13:08:40 0.0 -0.0   4     11     56  
788.0  13:08:49 0.0 -0.0   5     12     46  
788.0  13:08:57 0.0 -0.0   4     12     47  
789.0  13:09:00 0.0 -0.0   5     12     56  
789.0  13:09:06 0.0 -0.0   3     15     57  
789.0  13:09:15 0.0 -0.0   3     17     51  
789.0  13:09:25 0.0 -0.0   3     11     46  
789.0  13:09:34 0.0 -0.0   4     19     50  
789.0  13:09:43 0.0 -0.0   3     12     52  
789.0  13:09:51 0.0 -0.0   4     12     55  
789.0  13:09:59 0.0 -0.0   4     16     49  
790.0  13:10:00 0.0 -0.0   5     13     45  
790.0  13:10:08 0.0 -0.0   5     14     53  
790.0  13:10:18 0.0 -0.0   5     17     48  
790.0  13:10:30 0.0 -0.0   5     13     47  
790.0  13:10:38 0.0 -0.0   4     10     48  
790.0  13:10:47 0.0 -0.0   5     12     56  
790.0  13:10:56 0.0 -0.0   5     14     53  
791.0  13:11:00 0.0 -0.0   3     12     45  
791.0  13:11:05 0.0 -0.0   4     11     53  
791.0  13:11:15 0.0 -0.0   5     13     43  
791.0  13:11:23 0.0 -0.0   4     17     54  
791.0  13:11:31 0.0 -0.0   4     18     54  
791.0  13:11:39 0.0 -0.0   5     19     45  
791.0  13:11:48 0.0 -0.0   3     18     48  
791.0  13:11:57 0.0 -0.0   3     13     40  
792.0  13:12:00 0.0 -0.0   5     17     53  
792.0  13:12:08 0.0 -0.0   4     19     44  
792.0  13:12:16 0.0 -0.0   4     11     40  
792.0  13:12:25 0.0 -0.0   3     18     58  
792.0  13:12:34 0.0 -0.0   3     13     58  
792.0  13:12:42 0.0 -0.0   5     11     45  
792.0  13:12:50 0.0 -0.0   3     12     52  
793.0  13:13:00 0.0 -0.0   5     18     45  
793.0  13:13:01 0.0 -0.0   4     17     59  
793.0  13:13:09 0.0 -0.0   3     15     58  
793.0  13:13:18 0.0 -0.0   3     13     55  
793.0  13:13:27 0.0 -0.0   5     15     41  
793.0  13:13:35 0.0 -0.0   5     12     53  
793.0  13:13:44 0.0 -0.0   3     12     53  
793.0  13:13:54 0.0 -0.0   3     15     51  
794.0  13:14:00 0.0 -0.0   5     13     44  
794.0  13:14:03 0.0 -0.0   4     15     56  
794.0  13:14:12 0.0 -0.0   5     18     43  
794.0  13:14:20 0.0 -0.0   3     11     59  
794.0  13:14:29 0.0 -0.0   4     10     57  
794.0  13:14:38 0.0 -0.0   4     17     44  
794.0  13:14:49 0.0 -0.0   5     15     47  
794.0  13:14:57 0.0 -0.0   5     16     43  
795.0  13:15:00 0.0 -0.0   3     19     41  
795.0  13:15:06 0.0 -0.0   3     17     49  
795.0  13:15:15 0.0 -0.0   4     19     46  
795.0  13:15:24 0.0 -0.0   5     16     41  
795.0  13:15:32 0.0 -0.0   5     16     56  
795.0  13:15:43 0.0 -0.0   4     17     54  
795.0  13:15:52 0.0 -0.0   5     12     47  
796.0  13:16:00 0.0 -0.0   5     12     57  
796.0  13:16:01 0.0 -0.0   5     11     43  
796.0  13:16:09 0.0 -0.0   3     16     53  
796.0  13:16:18 0.0 -0.0   5     19     42  
796.0  13:16:27 0.0 -0.0   4     11     56  
796.0  13:16:38 0.0 -0.0   4     16     58  
796.0  13:16:46 0.0 -0.0   3     10     48  
796.0  13:16:55 0.0 -0.0   5     17     43  
797.0  13:17:00 0.0 -0.0   5     10     51  
797.0  13:17:03 0.0 -0.0   5     16     41  
797.0  13:17:12 0.0 -0.0   4     12     48  
797.0  13:17:20 0.0 -0.0   4     14     56  
797.0  13:17:31 0.0 -0.0   4     15     51  
797.0  13:17:39 0.0 -0.0   4     12     51  
797.0  13:17:48 0.0 -0.0   5     16     46  
797.0  13:17:57 0.0 -0.0   4     14     41  
798.0  13:18:00 0.0 -0.0   3     17     58  
798.0  13:18:06 0.0 -0.0   4     18     41  
798.0  13:18:14 0.0 -0.0   3     12     54  
798.0  13:18:25 0.0 -0.0   3     19     43  
798.0  13:18:33 0.0 -0.0   5     17     42  
798.0  13:18:42 0.0 -0.0   4     12     48  
798.0  13:18:50 0.0 -0.0   5     15     53  
798.0  13:18:58 0.0 -0.0   3     13     55  
799.0  13:19:00 0.0 -0.0   4     12     43  
799.0  13:19:07 0.0 -0.0   3     12     59  
799.0  13:19:18 0.0 -0.0   3     10     53  
799.0  13:19:27 0.0 -0.0   4     16     58  
799.0  13:19:35 0.0 -0.0   3     10     55  
799.0  13:19:44 0.0 -0.0   4     16     58  
799.0  13:19:52 0.0 -0.0   4     13     47  
800.0  13:20:00 0.0 -0.0   4     10     51  
800.0  13:20:01 0.0 -0.0   5     19     40  
800.0  13:20:12 0.0 -0.0   4     15     44  
800.0  13:20:21 0.0 -0.0   3     12     41  
800.0  13:20:30 0.0 -0.0   3     13     55  
800.0  13:20:38 42.39355 -72.5325   4     13     53  
800.0  13:20:47 42.39334 -72.53242   5     14     48  
800.0  13:20:56 42.393276 -72.53239   3     15     57  
801.0  13:21:00 42.393097 -72.53257   5     18     57  
801.0  13:21:07 42.392944 -72.53287   4     13     56  
801.0  13:21:16 42.39284 -72.53352   4     19     48  
801.0  13:21:24 42.392857 -72.53378   5     11     48  
801.0  13:21:33 42.39292 -72.53397   3     10     45  
801.0  13:21:43 42.393394 -72.53419   3     19     58  
801.0  13:21:51 42.394295 -72.53434   4     15     45  
802.0  13:22:00 42.395123 -72.534325   5     12     52  
802.0  13:22:02 42.39506 -72.53436   5     11     58  
802.0  13:22:10 42.395336 -72.53403   4     15     50  
802.0  13:22:19 42.395386 -72.53315   4     15     53  
802.0  13:22:28 42.395504 -72.53284   3     13     59  
802.0  13:22:36 42.39568 -72.5329   3     16     59  
802.0  13:22:45 42.395706 -72.53289   5     19     52  
802.0  13:22:56 42.396034 -72.533104   4     11     45  
803.0  13:23:00 42.396255 -72.53328   4     11     43  
803.0  13:23:04 42.396286 -72.53331   4     10     51  
803.0  13:23:12 42.39635 -72.53338   3     13     49  
803.0  13:23:21 42.39635 -72.53338   4     18     50  
803.0  13:23:29 42.401905 -72.538414   5     12     42  
803.0  13:23:38 42.401905 -72.538414   5     12     51  
803.0  13:23:48 42.401905 -72.538414   5     18     48  
803.0  13:23:57 42.401905 -72.538414   5     15     41  
804.0  13:24:00 42.401905 -72.538414   4     18     54  
804.0  13:24:05 42.401905 -72.538414   4     19     58  
804.0  13:24:14 42.394485 -72.53007   3     16     56  
804.0  13:24:23 42.39493 -72.531   3     17     41  
804.0  13:24:32 42.39493 -72.5311   5     11     48  
804.0  13:24:43 42.39522 -72.53166   4     16     58  
804.0  13:24:52 42.395508 -72.53229   4     19     54  
805.0  13:25:00 42.395836 -72.53288   3     10     41  
805.0  13:25:00 42.395935 -72.533   3     18     51  
805.0  13:25:09 42.395878 -72.532875   5     17     53  
805.0  13:25:18 42.395836 -72.5328   5     16     54  
805.0  13:25:27 42.395786 -72.53273   5     15     42  
805.0  13:25:38 42.395676 -72.5326   3     19     43  
805.0  13:25:46 42.395496 -72.53245   3     16     54  
805.0  13:25:55 42.395267 -72.53223   4     14     48  
806.0  13:26:00 42.39501 -72.531975   4     14     49  
806.0  13:26:04 42.394978 -72.53195   4     13     58  
806.0  13:26:12 42.394825 -72.531815   5     15     53  
806.0  13:26:21 42.394535 -72.53143   3     18     47  
806.0  13:26:32 42.394337 -72.53121   5     10     53  
806.0  13:26:41 42.39421 -72.531   4     18     47  
806.0  13:26:49 42.39416 -72.53078   3     17     47  
806.0  13:26:58 42.39433 -72.53083   3     10     54  
807.0  13:27:00 42.394615 -72.53104   3     15     50  
807.0  13:27:06 42.39468 -72.53107   5     11     57  
807.0  13:27:15 42.396313 -72.53316   3     14     44  
807.0  13:27:25 42.39627 -72.532906   3     10     51  
807.0  13:27:34 42.39615 -72.532974   5     18     54  
807.0  13:27:43 42.39591 -72.53297   4     19     42  
807.0  13:27:52 42.39587 -72.53291   3     11     41  
808.0  13:28:00 42.396107 -72.53309   3     16     47  
808.0  13:28:00 42.39612 -72.533066   3     17     47  
808.0  13:28:09 42.39604 -72.53292   5     15     48  
808.0  13:28:19 42.396107 -72.533035   3     12     48  
808.0  13:28:28 42.396053 -72.53296   5     16     46  
808.0  13:28:37 42.395947 -72.532906   4     19     56  
808.0  13:28:45 42.395966 -72.53294   4     16     45  
808.0  13:28:54 42.395916 -72.53293   3     15     42  
809.0  13:29:00 42.395885 -72.53295   4     18     49  
809.0  13:29:02 42.395885 -72.53295   4     13     53  
809.0  13:29:14 42.395813 -72.53291   4     13     51  
809.0  13:29:22 42.395763 -72.53286   4     12     53  
809.0  13:29:31 42.395756 -72.53282   4     10     45  
809.0  13:29:40 42.39578 -72.53285   4     19     50  
809.0  13:29:48 42.39584 -72.53294   3     17     51  
809.0  13:29:57 42.395844 -72.5329   5     12     57  
810.0  13:30:00 42.39591 -72.53299   4     19     59  
810.0  13:30:08 42.39592 -72.53301   3     15     52  
810.0  13:30:16 42.395927 -72.53299   5     13     41  
810.0  13:30:25 42.39592 -72.532936   4     15     52  
810.0  13:30:33 42.395912 -72.532936   3     16     53  
810.0  13:30:42 42.395897 -72.53288   5     16     45  
810.0  13:30:51 42.39596 -72.532936   5     11     42  
811.0  13:31:00 42.39589 -72.532936   3     17     47  
811.0  13:31:01 42.3959 -72.53297   3     15     55  
811.0  13:31:10 42.39594 -72.53298   4     11     43  
811.0  13:31:18 42.39595 -72.53299   3     16     53  
811.0  13:31:27 42.39591 -72.53294   3     19     56  
811.0  13:31:36 42.39589 -72.533   3     16     53  
811.0  13:31:44 42.395885 -72.53294   3     15     44  
811.0  13:31:55 42.395977 -72.53296   3     17     47  
812.0  13:32:00 42.396015 -72.533005   5     17     42  
812.0  13:32:04 42.396015 -72.533005   4     10     52  
812.0  13:32:12 42.396 -72.53294   4     12     52  
812.0  13:32:21 42.395973 -72.53292   3     14     50  
812.0  13:32:30 42.396008 -72.53296   5     17     41  
812.0  13:32:39 42.39606 -72.53301   3     11     49  
812.0  13:32:50 42.39603 -72.532974   5     15     59  
812.0  13:32:58 42.396053 -72.533   3     19     52  
813.0  13:33:00 42.396053 -72.533035   5     11     41  
813.0  13:33:07 42.396034 -72.53304   3     15     40  
813.0  13:33:16 42.39593 -72.53298   4     16     43  
813.0  13:33:24 42.395927 -72.53301   4     16     48  
813.0  13:33:33 42.395973 -72.53296   4     19     50  
813.0  13:33:44 42.39592 -72.53289   5     17     57  
813.0  13:33:53 42.39599 -72.532875   4     10     42  
814.0  13:34:00 42.396114 -72.53318   5     10     56  
814.0  13:34:01 42.39614 -72.533104   5     13     57  
814.0  13:34:10 42.39605 -72.53339   4     15     47  
814.0  13:34:19 42.39592 -72.53323   4     15     44  
814.0  13:34:27 42.395863 -72.53373   3     14     53  
814.0  13:34:38 42.395542 -72.5334   3     10     59  
814.0  13:34:46 42.39572 -72.53326   5     19     43  
814.0  13:34:54 42.39583 -72.533195   4     12     56  
815.0  13:35:00 42.396004 -72.5334   5     12     43  
815.0  13:35:03 42.39599 -72.53343   4     17     56  
815.0  13:35:11 42.39589 -72.53315   5     11     47  
815.0  13:35:20 42.395893 -72.53314   3     14     41  
815.0  13:35:31 42.39611 -72.533325   4     12     47  
815.0  13:35:40 42.39646 -72.533394   4     15     56  
815.0  13:35:48 42.39645 -72.533394   4     19     43  
815.0  13:35:57 42.39652 -72.533424   5     15     51  
816.0  13:36:00 42.39661 -72.533485   4     11     50  
816.0  13:36:06 42.39661 -72.53348   3     16     56  
816.0  13:36:14 42.39661 -72.53337   3     16     58  
816.0  13:36:27 42.396553 -72.533394   3     11     48  
816.0  13:36:36 42.396553 -72.5334   5     16     49  
816.0  13:36:44 42.396523 -72.53336   3     10     52  
816.0  13:36:53 42.39651 -72.53337   4     12     55  
817.0  13:37:00 42.396477 -72.5334   4     11     56  
818.0  13:38:00 42.396164 -72.53327   5     13     53  
818.0  13:38:05 42.396152 -72.53327   4     19     59  
818.0  13:38:16 42.39613 -72.53325   5     17     40  
818.0  13:38:24 42.396122 -72.53323   5     11     41  
818.0  13:38:33 42.396194 -72.53324   3     19     51  
818.0  13:38:42 42.39607 -72.53321   5     16     46  
818.0  13:38:51 42.396027 -72.533226   3     11     49  
818.0  13:38:59 42.39604 -72.53324   3     13     53  
819.0  13:39:00 42.39608 -72.53323   3     13     57  
819.0  13:39:10 42.396027 -72.53329   4     14     41  
819.0  13:39:18 42.39605 -72.53326   3     16     40  
819.0  13:39:30 42.396057 -72.53324   3     18     47  
819.0  13:39:38 42.39607 -72.53323   4     16     50  
819.0  13:39:46 42.396053 -72.53322   5     14     43  
819.0  13:39:55 42.396015 -72.53322   5     18     57  
820.0  13:40:00 42.396004 -72.533226   4     13     56  
820.0  13:40:06 42.396053 -72.53324   3     18     43  
820.0  13:40:14 42.396244 -72.533295   5     13     54  
820.0  13:40:23 42.396503 -72.53338   5     17     52  
820.0  13:40:32 42.396706 -72.53347   4     13     52  
820.0  13:40:41 42.396816 -72.53341   3     15     44  
820.0  13:40:51 42.396847 -72.533394   5     14     46  
821.0  13:41:00 42.396687 -72.53345   3     18     50  
821.0  13:41:02 42.39674 -72.533455   4     15     46  
821.0  13:41:10 42.396484 -72.533424   3     11     52  
821.0  13:41:19 42.397 -72.53351   3     14     44  
821.0  13:41:27 42.396545 -72.53337   4     13     43  
821.0  13:41:36 42.396423 -72.53328   4     11     58  
821.0  13:41:45 42.396076 -72.53322   5     15     54  
821.0  13:41:56 42.396397 -72.53329   5     16     57  
822.0  13:42:00 42.39632 -72.53327   3     19     45  
822.0  13:42:04 42.396313 -72.53327   5     11     49  
822.0  13:42:13 42.396202 -72.53334   5     10     58  
822.0  13:42:21 42.39637 -72.53337   4     14     59  
822.0  13:42:30 42.396427 -72.533394   5     12     55  
822.0  13:42:39 42.39653 -72.53348   5     15     43  
822.0  13:42:50 42.396645 -72.533485   5     10     46  
822.0  13:42:59 42.39659 -72.53347   4     12     51  
823.0  13:43:00 42.396606 -72.53346   4     16     56  
823.0  13:43:07 42.396606 -72.53347   5     17     55  
823.0  13:43:16 42.396595 -72.53345   5     15     59  
823.0  13:43:25 42.39658 -72.53345   5     16     56  
823.0  13:43:34 42.39668 -72.53348   3     16     48  
823.0  13:43:45 42.396755 -72.53351   4     16     40  
823.0  13:43:53 42.39672 -72.53354   5     12     40  
824.0  13:44:00 42.396736 -72.53348   5     19     59  
824.0  13:44:02 42.396748 -72.53351   4     15     52  
824.0  13:44:11 42.396667 -72.533455   5     17     44  
824.0  13:44:20 42.39663 -72.53336   5     11     59  
824.0  13:44:29 42.39649 -72.53325   5     18     43  
824.0  13:44:40 42.396435 -72.533195   4     13     43  
824.0  13:44:52 42.396423 -72.533195   3     11     45  
825.0  13:45:00 42.396393 -72.53308   4     14     59  
825.0  13:45:01 42.39638 -72.5331   4     13     42  
825.0  13:45:10 42.396473 -72.533165   5     16     40  
825.0  13:45:19 42.39654 -72.533295   5     10     48  
825.0  13:45:27 42.39653 -72.53332   4     15     43  
825.0  13:45:38 42.396496 -72.533356   3     14     43  
825.0  13:45:48 42.39643 -72.53337   5     19     57  
825.0  13:45:57 42.396496 -72.53336   5     16     58  
826.0  13:46:00 42.39656 -72.53336   5     11     55  
826.0  13:46:05 42.396606 -72.533394   4     12     45  
826.0  13:46:13 42.39657 -72.533394   4     12     50  
826.0  13:46:22 42.39641 -72.53341   4     10     53  
826.0  13:46:32 42.396435 -72.53345   3     13     53  
826.0  13:46:40 42.396427 -72.53341   3     19     42  
826.0  13:46:49 42.39644 -72.53341   3     16     50  
826.0  13:46:57 42.396423 -72.5334   5     11     55  
827.0  13:47:00 42.396362 -72.53339   4     11     53  
827.0  13:47:06 42.396317 -72.53338   4     18     52  
827.0  13:47:14 42.396244 -72.53337   5     10     50  
827.0  13:47:29 42.396217 -72.533394   4     10     50  
827.0  13:47:37 42.396175 -72.53338   4     13     51  
827.0  13:47:46 42.396164 -72.53344   4     18     50  
827.0  13:47:54 42.396168 -72.53351   4     12     57  
828.0  13:48:00 42.396233 -72.53348   5     10     51  
828.0  13:48:03 42.396225 -72.533485   5     18     56  
828.0  13:48:12 42.396297 -72.533485   5     18     53  
828.0  13:48:23 42.396294 -72.5334   4     13     50  
828.0  13:48:32 42.396362 -72.53339   3     12     53  
828.0  13:48:40 42.396297 -72.53338   5     10     56  
828.0  13:48:49 42.39656 -72.53342   3     11     43  
828.0  13:48:58 42.39661 -72.53346   3     10     58  
829.0  13:49:00 42.39657 -72.533485   3     11     47  
829.0  13:49:06 42.396557 -72.533485   3     19     47  
829.0  13:49:17 42.395298 -72.53327   5     16     59  
829.0  13:49:25 42.394817 -72.5332   3     16     50  
829.0  13:49:34 42.39447 -72.53313   3     19     58  
829.0  13:49:42 42.394352 -72.53309   5     10     57  
829.0  13:49:51 42.394268 -72.533066   5     18     53  
830.0  13:50:00 42.394093 -72.53303   5     13     43  
830.0  13:50:00 42.394005 -72.53305   3     14     54  
830.0  13:50:10 42.393944 -72.5331   5     19     47  
830.0  13:50:19 42.39383 -72.53306   3     17     47  
830.0  13:50:29 42.39381 -72.53304   3     11     51  
830.0  13:50:37 42.393806 -72.53302   4     10     41  
830.0  13:50:45 42.39374 -72.53299   3     18     47  
830.0  13:50:53 42.393715 -72.53298   3     19     59  
831.0  13:51:00 42.39368 -72.53297   3     18     57  
831.0  13:51:07 42.393738 -72.532974   3     10     46  
831.0  13:51:15 42.39371 -72.53297   5     13     56  
831.0  13:51:24 42.39371 -72.53296   5     15     43  
831.0  13:51:32 42.393753 -72.53295   5     18     54  
831.0  13:51:40 42.393757 -72.53295   5     19     41  
831.0  13:51:48 42.393757 -72.53297   3     10     45  
831.0  13:51:59 42.393776 -72.53297   3     15     46  
832.0  13:52:00 42.393764 -72.53297   4     15     48  
832.0  13:52:09 42.39375 -72.53297   4     14     44  
832.0  13:52:18 42.39371 -72.53293   5     15     46  
832.0  13:52:26 42.39363 -72.53294   5     15     55  
832.0  13:52:35 42.39365 -72.53293   3     13     50  
832.0  13:52:44 42.393677 -72.532875   5     18     45  
832.0  13:52:54 42.393665 -72.532845   3     18     58  
833.0  13:53:00 42.39368 -72.532875   5     19     40  
833.0  13:53:03 42.39368 -72.532875   5     12     49  
833.0  13:53:11 42.393658 -72.53285   3     11     56  
833.0  13:53:19 42.39364 -72.53283   4     17     45  
833.0  13:53:28 42.3936 -72.532814   4     17     54  
833.0  13:53:36 42.39356 -72.5328   4     19     40  
833.0  13:53:47 42.393623 -72.532776   5     18     45  
833.0  13:53:56 42.393612 -72.5328   4     10     40  
834.0  13:54:00 42.3936 -72.53284   5     11     49  
834.0  13:54:04 42.393578 -72.53284   3     13     44  
834.0  13:54:13 42.393536 -72.53283   4     15     45  
834.0  13:54:21 42.39345 -72.532814   4     15     43  
834.0  13:54:30 42.39337 -72.5328   3     17     58  
834.0  13:54:40 42.39334 -72.5328   3     14     49  
834.0  13:54:49 42.3933 -72.53278   4     19     44  
834.0  13:54:58 42.393265 -72.53278   5     10     47  
835.0  13:55:00 42.39317 -72.53278   4     10     46  
835.0  13:55:07 42.393135 -72.5328   5     19     46  
835.0  13:55:15 42.3932 -72.53282   5     13     45  
835.0  13:55:24 42.39331 -72.53284   5     18     55  
835.0  13:55:34 42.394012 -72.533   3     12     52  
835.0  13:55:43 42.39448 -72.53304   5     15     59  
835.0  13:55:53 42.39469 -72.53309   4     16     49  
836.0  13:56:00 42.39494 -72.533134   4     10     57  
836.0  13:56:08 42.395035 -72.533165   4     10     56  
836.0  13:56:17 42.395065 -72.53322   3     12     56  
836.0  13:56:30 42.395042 -72.53319   3     18     42  
836.0  13:56:39 42.395287 -72.53321   5     18     41  
836.0  13:56:49 42.39521 -72.533195   5     13     41  
836.0  13:56:57 42.395103 -72.53319   5     18     53  
837.0  13:57:00 42.39515 -72.53319   3     18     44  
837.0  13:57:06 42.3952 -72.53319   4     14     56  
837.0  13:57:14 42.395252 -72.53322   3     15     52  
837.0  13:57:25 42.39525 -72.53323   3     13     54  
837.0  13:57:33 42.39526 -72.53322   4     13     47  
837.0  13:57:41 42.395283 -72.53327   4     11     50  
837.0  13:57:49 42.39564 -72.53336   5     19     44  
837.0  13:57:58 42.396343 -72.5334   3     11     53  
838.0  13:58:00 42.39653 -72.533424   3     13     41  
838.0  13:58:06 42.39655 -72.53341   4     16     45  
838.0  13:58:16 42.39657 -72.53348   3     16     45  
839.0  13:59:00 42.396477 -72.533394   5     17     52  
839.0  13:59:16 42.396526 -72.53335   3     10     45  
840.0  14:00:00 42.39621 -72.53331   5     16     40  
841.0  14:01:00 42.396267 -72.53324   4     14     45  
841.0  14:01:01 42.39626 -72.53325   5     17     44  
841.0  14:01:03 42.396477 -72.53334   5     17     52  
841.0  14:01:11 42.396244 -72.533295   5     16     57  
841.0  14:01:20 42.396103 -72.53336   4     19     44  
841.0  14:01:28 42.396065 -72.53337   4     15     48  
841.0  14:01:37 42.39608 -72.533356   5     17     53  
841.0  14:01:45 42.39617 -72.53334   5     16     43  
841.0  14:01:54 42.3962 -72.53333   4     17     42  
842.0  14:02:00 42.396202 -72.533325   4     14     51  
842.0  14:02:06 42.39617 -72.53332   4     14     56  
842.0  14:02:14 42.39617 -72.53331   4     14     40  
842.0  14:02:23 42.396183 -72.53331   4     14     57  
842.0  14:02:31 42.396275 -72.533394   4     12     47  
842.0  14:02:39 42.396442 -72.5336   3     10     55  
842.0  14:02:48 42.396244 -72.53369   5     15     50  
842.0  14:02:59 42.3962 -72.53337   4     14     46  
843.0  14:03:00 42.396145 -72.533295   5     16     47  
843.0  14:03:08 42.39607 -72.53325   3     11     55  
843.0  14:03:18 42.39582 -72.53311   4     16     50  
843.0  14:03:27 42.395863 -72.53329   3     16     56  
843.0  14:03:36 42.395786 -72.53325   4     11     46  
843.0  14:03:44 42.395847 -72.53322   4     17     48  
843.0  14:03:55 42.395905 -72.53319   5     18     57  
844.0  14:04:00 42.395893 -72.533134   3     15     40  
844.0  14:04:03 42.395893 -72.533134   5     10     40  
844.0  14:04:12 42.395916 -72.533195   4     10     55  
844.0  14:04:21 42.395954 -72.53322   4     13     48  
844.0  14:04:29 42.39597 -72.53322   4     17     51  
844.0  14:04:38 42.39601 -72.53319   3     12     55  
844.0  14:04:48 42.396053 -72.53331   3     12     55  
844.0  14:04:57 42.39604 -72.53336   5     11     42  
845.0  14:05:00 42.395985 -72.533356   3     13     40  
845.0  14:05:06 42.395966 -72.53334   3     19     51  
845.0  14:05:14 42.39596 -72.53329   5     17     54  
845.0  14:05:23 42.39599 -72.5333   3     16     56  
845.0  14:05:32 42.396065 -72.53319   5     16     42  
845.0  14:05:43 42.39604 -72.533295   5     16     44  
845.0  14:05:52 42.395973 -72.53321   3     19     59  
846.0  14:06:00 42.39604 -72.533226   3     14     44  
846.0  14:06:00 42.396057 -72.53325   4     16     55  
846.0  14:06:09 42.39605 -72.53325   4     14     46  
846.0  14:06:18 42.396057 -72.53326   4     19     55  
846.0  14:06:26 42.396053 -72.533226   4     11     59  
846.0  14:06:37 42.39607 -72.53321   5     15     54  
846.0  14:06:45 42.396095 -72.53314   4     11     52  
846.0  14:06:53 42.39616 -72.53314   5     14     44  
847.0  14:07:00 42.396126 -72.53317   4     16     57  
847.0  14:07:01 42.39612 -72.53319   5     11     40  
847.0  14:07:10 42.39609 -72.53319   5     13     40  
847.0  14:07:18 42.39614 -72.53313   4     10     43  
847.0  14:07:29 42.396168 -72.53309   5     18     46  
847.0  14:07:37 42.39614 -72.53319   4     12     47  
847.0  14:07:45 42.395996 -72.53323   4     15     49  
847.0  14:07:54 42.39587 -72.533226   4     13     53  
848.0  14:08:00 42.395866 -72.533325   4     11     57  
848.0  14:08:03 42.395866 -72.533325   5     18     55  
848.0  14:08:11 42.395847 -72.53335   4     12     54  
848.0  14:08:22 42.39597 -72.53347   5     14     47  
848.0  14:08:31 42.39607 -72.53353   4     16     54  
848.0  14:08:39 42.396095 -72.533516   4     19     43  
848.0  14:08:48 42.39599 -72.53351   4     18     55  
848.0  14:08:57 42.395966 -72.53339   4     14     50  
849.0  14:09:00 42.395985 -72.53328   4     16     56  
849.0  14:09:05 42.395992 -72.53327   4     14     55  
849.0  14:09:17 42.396065 -72.53364   4     10     58  
849.0  14:09:25 42.396046 -72.533516   4     11     55  
849.0  14:09:34 42.39594 -72.53324   4     10     51  
849.0  14:09:43 42.395844 -72.53314   5     14     45  
849.0  14:09:51 42.395844 -72.5332   3     12     49  
850.0  14:10:00 42.39581 -72.53315   5     12     45  
850.0  14:10:00 42.395763 -72.533104   4     10     48  
850.0  14:10:10 42.395832 -72.53319   3     14     45  
850.0  14:10:19 42.395744 -72.53306   3     12     58  
850.0  14:10:28 42.39584 -72.53323   5     12     49  
850.0  14:10:36 42.39588 -72.53326   4     10     57  
850.0  14:10:45 42.395855 -72.53319   4     19     57  
850.0  14:10:54 42.39585 -72.53319   4     18     55  
851.0  14:11:00 42.395817 -72.53316   3     18     54  
851.0  14:11:04 42.395824 -72.533165   4     13     45  
851.0  14:11:12 42.39592 -72.53322   3     10     50  
851.0  14:11:21 42.395916 -72.533226   4     19     46  
851.0  14:11:29 42.395832 -72.53312   5     12     49  
851.0  14:11:38 42.39577 -72.5331   3     19     53  
851.0  14:11:46 42.39585 -72.533165   4     19     55  
851.0  14:11:57 42.395847 -72.53317   3     13     55  
852.0  14:12:00 42.395905 -72.53318   5     15     43  
852.0  14:12:05 42.395878 -72.53316   3     14     54  
852.0  14:12:14 42.395817 -72.533104   5     11     58  
852.0  14:12:23 42.395752 -72.53316   3     13     52  
852.0  14:12:31 42.39581 -72.53319   3     13     44  
852.0  14:12:40 42.39582 -72.53323   4     19     56  
852.0  14:12:52 42.39582 -72.53323   5     18     42  
853.0  14:13:00 42.395935 -72.53324   3     15     43  
853.0  14:13:06 42.395935 -72.53324   5     10     57  
853.0  14:13:15 42.39601 -72.53328   4     19     42  
853.0  14:13:24 42.39605 -72.53346   4     14     54  
853.0  14:13:33 42.39603 -72.53344   3     10     44  
853.0  14:13:42 42.39596 -72.53337   5     11     55  
853.0  14:13:53 42.396038 -72.53332   5     17     50  
854.0  14:14:00 42.396 -72.53338   4     18     42  
854.0  14:14:01 42.396008 -72.53337   5     13     54  
854.0  14:14:09 42.396015 -72.53335   4     10     59  
854.0  14:14:18 42.396053 -72.53332   3     12     49  
854.0  14:14:27 42.39609 -72.5332   3     18     42  
854.0  14:14:36 42.39613 -72.53318   3     12     52  
854.0  14:14:47 42.396122 -72.53313   3     10     47  
854.0  14:14:56 42.396126 -72.5333   5     15     54  
855.0  14:15:00 42.396065 -72.533295   5     10     48  
855.0  14:15:05 42.39605 -72.533295   3     15     43  
855.0  14:15:14 42.39601 -72.533295   3     18     43  
855.0  14:15:23 42.396008 -72.53324   3     15     41  
855.0  14:15:32 42.39601 -72.533226   4     11     48  
855.0  14:15:44 42.395935 -72.53314   5     11     46  
855.0  14:15:53 42.395947 -72.53313   4     11     48  
856.0  14:16:00 42.396027 -72.533165   5     18     58  
856.0  14:16:06 42.396053 -72.5332   4     13     41  
856.0  14:16:15 42.395966 -72.533165   3     13     55  
856.0  14:16:23 42.39596 -72.53315   5     15     46  
856.0  14:16:34 42.395935 -72.533134   4     15     55  
856.0  14:16:43 42.39593 -72.53314   4     18     59  
856.0  14:16:52 42.396004 -72.53317   4     17     51  
857.0  14:17:00 42.39608 -72.53319   4     18     47  
857.0  14:17:01 42.39607 -72.53319   5     16     52  
857.0  14:17:09 42.396076 -72.53318   3     17     48  
857.0  14:17:18 42.396072 -72.53318   4     14     57  
857.0  14:17:28 42.396133 -72.53319   4     18     59  
857.0  14:17:37 42.396145 -72.533195   5     17     43  
857.0  14:17:46 42.39607 -72.533165   3     14     50  
857.0  14:17:54 42.39607 -72.533165   5     13     55  
858.0  14:18:00 42.39602 -72.53316   5     19     46  
858.0  14:18:03 42.39602 -72.53316   4     18     48  
858.0  14:18:11 42.395973 -72.53314   3     19     49  
858.0  14:18:22 42.39609 -72.53318   3     10     49  
858.0  14:18:31 42.396084 -72.53319   3     15     42  
858.0  14:18:39 42.395973 -72.53327   4     15     51  
858.0  14:18:48 42.39582 -72.53323   3     12     53  
858.0  14:18:56 42.395813 -72.53318   3     17     47  
859.0  14:19:00 42.395775 -72.53315   3     15     45  
859.0  14:19:05 42.39577 -72.53314   5     17     57  
859.0  14:19:17 42.39582 -72.53313   4     19     47  
859.0  14:19:26 42.3959 -72.53315   3     17     59  
859.0  14:19:35 42.395924 -72.53315   4     17     48  
859.0  14:19:43 42.395935 -72.533165   5     11     45  
859.0  14:19:51 42.395985 -72.533226   5     12     58  
860.0  14:20:00 42.395973 -72.53321   5     10     48  
860.0  14:20:00 42.39596 -72.5332   5     13     56  
860.0  14:20:10 42.396076 -72.53318   4     19     58  
860.0  14:20:19 42.39596 -72.53314   5     10     58  
860.0  14:20:28 42.395943 -72.533134   5     19     45  
860.0  14:20:37 42.396107 -72.5332   5     14     40  
860.0  14:20:45 42.396145 -72.533104   3     14     54  
860.0  14:20:54 42.396133 -72.53313   4     19     50  
861.0  14:21:00 42.3962 -72.533134   4     17     49  
861.0  14:21:05 42.396214 -72.53314   5     13     58  
861.0  14:21:14 42.39629 -72.53325   4     17     55  
861.0  14:21:22 42.396267 -72.5333   4     16     59  
861.0  14:21:31 42.39624 -72.53328   3     11     57  
861.0  14:21:40 42.396175 -72.533195   5     17     44  
861.0  14:21:49 42.3961 -72.53319   4     18     45  
862.0  14:22:00 42.39608 -72.53343   4     13     41  
862.0  14:22:00 42.396137 -72.533485   3     13     49  
862.0  14:22:08 42.396114 -72.533554   3     13     42  
862.0  14:22:17 42.396072 -72.53359   4     18     53  
862.0  14:22:25 42.396034 -72.533585   4     11     51  
862.0  14:22:34 42.39604 -72.533615   4     19     53  
862.0  14:22:43 42.39601 -72.53349   3     11     40  
862.0  14:22:53 42.396145 -72.5333   5     12     59  
863.0  14:23:00 42.396126 -72.533264   5     19     51  
863.0  14:23:02 42.39613 -72.53327   5     15     52  
863.0  14:23:11 42.39609 -72.533195   3     10     44  
863.0  14:23:20 42.396072 -72.53317   3     16     55  
863.0  14:23:28 42.396088 -72.53322   3     14     50  
863.0  14:23:37 42.396076 -72.5332   3     11     58  
863.0  14:23:48 42.396038 -72.533165   4     13     41  
863.0  14:23:57 42.396084 -72.533195   5     14     42  
864.0  14:24:00 42.39605 -72.53316   5     19     40  
864.0  14:24:05 42.396034 -72.533134   4     17     40  
864.0  14:24:14 42.39603 -72.53314   5     12     57  
864.0  14:24:22 42.39603 -72.53316   4     16     42  
864.0  14:24:31 42.396053 -72.53318   4     17     43  
864.0  14:24:42 42.396156 -72.53326   5     15     53  
864.0  14:24:50 42.396164 -72.53318   4     18     45  
864.0  14:24:59 42.396133 -72.53314   5     10     45  
865.0  14:25:00 42.396114 -72.53314   5     11     40  
865.0  14:25:07 42.396126 -72.53319   4     19     58  
865.0  14:25:16 42.396168 -72.533226   5     16     48  
865.0  14:25:24 42.39611 -72.53322   3     11     43  
865.0  14:25:35 42.3961 -72.53321   3     19     56  
865.0  14:25:44 42.396088 -72.53319   5     14     45  
865.0  14:25:52 42.39613 -72.53326   5     10     47  
866.0  14:26:00 42.39613 -72.53327   3     15     41  
866.0  14:26:01 42.396126 -72.53327   4     16     58  
866.0  14:26:10 42.39609 -72.53328   4     18     43  
866.0  14:26:18 42.395985 -72.5332   3     14     45  
866.0  14:26:29 42.395916 -72.53316   3     13     56  
866.0  14:26:38 42.39594 -72.53318   4     13     40  
866.0  14:26:47 42.395927 -72.53314   5     13     47  
866.0  14:26:55 42.39592 -72.53316   5     17     46  
867.0  14:27:00 42.395935 -72.53316   4     17     48  
867.0  14:27:04 42.395943 -72.533165   3     17     40  
867.0  14:27:12 42.39592 -72.53312   5     15     51  
867.0  14:27:23 42.395874 -72.53307   3     18     40  
867.0  14:27:31 42.39588 -72.53307   4     11     46  
867.0  14:27:40 42.39586 -72.53308   3     14     40  
867.0  14:27:49 42.39587 -72.5331   4     15     55  
867.0  14:27:58 42.39589 -72.53311   5     19     42  
868.0  14:28:00 42.3959 -72.533134   5     11     56  
868.0  14:28:07 42.395897 -72.53314   5     10     44  
868.0  14:28:18 42.39596 -72.53318   3     10     47  
868.0  14:28:26 42.395996 -72.533165   3     10     42  
868.0  14:28:35 42.39602 -72.53319   3     11     46  
868.0  14:28:43 42.3959 -72.5332   4     19     47  
868.0  14:28:52 42.395824 -72.5331   5     13     44  
869.0  14:29:00 42.395958 -72.53345   3     12     45  
869.0  14:29:00 42.39602 -72.533295   3     13     45  
869.0  14:29:11 42.39607 -72.533295   4     16     51  
869.0  14:29:19 42.39551 -72.53375   4     19     45  
869.0  14:29:27 42.394695 -72.53441   4     13     47  
869.0  14:29:35 42.394974 -72.53326   5     16     43  
869.0  14:29:45 42.395737 -72.53341   4     12     59  
869.0  14:29:54 42.3958 -72.53347   3     12     41  
870.0  14:30:00 42.39568 -72.53313   3     14     40  
870.0  14:30:04 42.395706 -72.53314   5     12     43  
870.0  14:30:12 42.39581 -72.5332   3     16     46  
870.0  14:30:21 42.395912 -72.53323   5     18     41  
870.0  14:30:30 42.395947 -72.53326   5     18     46  
870.0  14:30:39 42.395985 -72.53326   5     12     54  
870.0  14:30:47 42.39607 -72.53327   4     16     50  
870.0  14:30:58 42.39624 -72.53319   4     10     41  
871.0  14:31:00 42.3962 -72.53317   3     15     56  
871.0  14:31:06 42.396317 -72.53313   4     10     53  
871.0  14:31:14 42.396603 -72.533005   3     17     47  
871.0  14:31:23 42.39662 -72.53289   5     16     53  
871.0  14:31:32 42.396595 -72.53287   3     19     44  
871.0  14:31:40 42.396572 -72.53274   3     12     51  
871.0  14:31:51 42.396492 -72.53274   4     10     48  
872.0  14:32:00 42.396427 -72.53276   4     13     41  
872.0  14:32:00 42.396378 -72.5328   3     16     45  
872.0  14:32:09 42.39633 -72.53284   4     16     41  
872.0  14:32:17 42.39624 -72.53287   4     19     41  
872.0  14:32:26 42.3963 -72.53297   4     16     59  
872.0  14:32:35 42.396187 -72.53305   5     10     56  
872.0  14:32:46 42.396034 -72.53304   3     12     55  
872.0  14:32:55 42.395977 -72.53322   5     11     55  
873.0  14:33:00 42.396023 -72.53324   3     12     49  
873.0  14:33:03 42.396023 -72.53324   5     18     52  
873.0  14:33:12 42.39601 -72.533264   3     12     40  
873.0  14:33:20 42.39598 -72.533325   3     12     47  
873.0  14:33:29 42.39603 -72.533295   4     13     43  
873.0  14:33:41 42.39601 -72.53321   4     11     53  
873.0  14:33:49 42.396107 -72.53323   5     12     54  
873.0  14:33:58 42.396088 -72.53323   5     13     51  
874.0  14:34:00 42.396084 -72.533226   4     14     48  
874.0  14:34:07 42.396046 -72.53321   5     13     53  
874.0  14:34:16 42.395927 -72.5332   5     13     45  
874.0  14:34:26 42.39595 -72.53332   3     19     52  
874.0  14:34:38 42.395996 -72.53336   3     16     40  
874.0  14:34:46 42.395973 -72.53337   3     11     48  
874.0  14:34:55 42.395885 -72.53324   3     12     57  
875.0  14:35:00 42.395866 -72.53319   5     10     57  
875.0  14:35:04 42.395866 -72.53318   5     13     49  
875.0  14:35:13 42.395824 -72.533165   3     10     47  
875.0  14:35:22 42.39584 -72.53317   5     17     44  
875.0  14:35:32 42.39588 -72.53315   4     15     56  
875.0  14:35:42 42.39588 -72.53315   5     19     56  
875.0  14:35:51 42.395912 -72.5332   3     11     41  
875.0  14:35:59 42.395874 -72.53318   4     14     53  
876.0  14:36:00 42.395866 -72.53317   4     10     42  
876.0  14:36:07 42.39589 -72.533195   4     17     41  
876.0  14:36:21 42.395885 -72.53322   3     17     46  
876.0  14:36:32 42.395878 -72.53328   5     19     59  
876.0  14:36:40 42.395855 -72.533325   3     12     40  
876.0  14:36:49 42.395866 -72.533356   4     18     59  
876.0  14:36:57 42.39591 -72.5333   5     15     40  
877.0  14:37:00 42.39597 -72.5333   4     14     44  
877.0  14:37:06 42.395992 -72.53329   5     15     58  
877.0  14:37:14 42.396053 -72.53334   4     13     42  
877.0  14:37:26 42.39605 -72.53331   3     18     52  
877.0  14:37:35 42.396057 -72.53323   5     13     41  
877.0  14:37:45 42.396076 -72.533165   5     16     48  
877.0  14:37:56 42.395958 -72.53309   3     19     48  
878.0  14:38:00 42.395927 -72.53307   3     12     46  
878.0  14:38:05 42.39593 -72.53308   3     14     52  
878.0  14:38:16 42.39596 -72.53318   5     17     55  
878.0  14:38:24 42.395977 -72.53325   3     16     58  
878.0  14:38:34 42.396057 -72.53334   5     12     45  
878.0  14:38:43 42.396072 -72.533295   3     11     55  
878.0  14:38:51 42.396095 -72.53338   5     10     51  
879.0  14:39:00 42.39611 -72.533356   5     19     47  
879.0  14:39:00 42.396133 -72.53336   3     19     59  
879.0  14:39:11 42.39619 -72.53341   4     16     50  
879.0  14:39:19 42.39621 -72.533394   5     11     50  
879.0  14:39:28 42.396183 -72.53346   4     12     41  
879.0  14:39:40 42.396183 -72.53346   5     15     42  
879.0  14:39:49 42.396484 -72.53352   4     19     59  
879.0  14:39:58 42.396362 -72.533714   5     16     41  
880.0  14:40:00 42.396152 -72.53377   3     11     54  
880.0  14:40:10 42.39607 -72.5337   4     14     41  
880.0  14:40:18 42.39606 -72.53366   4     14     51  
880.0  14:40:26 42.39605 -72.53364   5     11     48  
880.0  14:40:35 42.396027 -72.53358   3     15     45  
880.0  14:40:43 42.39603 -72.533615   5     11     54  
880.0  14:40:52 42.39604 -72.533676   5     14     43  
881.0  14:41:00 42.39604 -72.533676   3     17     42  
881.0  14:41:02 42.396027 -72.53367   4     18     49  
881.0  14:41:11 42.39608 -72.53365   3     15     46  
881.0  14:41:19 42.39601 -72.533714   4     15     51  
886.0  14:46:49 42.396034 -72.533676   5     16     59  
887.0  14:47:00 42.395973 -72.53373   5     15     46  
887.0  14:47:00 42.395958 -72.53373   3     16     51  
887.0  14:47:08 42.39593 -72.5337   4     17     48  
887.0  14:47:17 42.39598 -72.53369   3     10     46  
887.0  14:47:25 42.396057 -72.533676   5     12     57  
887.0  14:47:34 42.396 -72.53368   5     12     49  
887.0  14:47:42 42.395958 -72.53366   4     12     50  
887.0  14:47:53 42.396027 -72.53366   5     17     43  
888.0  14:48:00 42.396065 -72.53369   3     19     55  
888.0  14:48:02 42.396088 -72.53371   3     14     47  
888.0  14:48:11 42.39604 -72.533585   3     17     50  
888.0  14:48:19 42.39597 -72.53355   3     17     59  
888.0  14:48:27 42.395966 -72.5336   4     12     42  
888.0  14:48:35 42.395973 -72.53364   4     10     46  
888.0  14:48:44 42.39604 -72.53364   3     10     40  
888.0  14:48:53 42.39607 -72.53367   5     19     53  
889.0  14:49:00 42.396034 -72.5337   5     18     56  
889.0  14:49:01 42.396057 -72.5337   5     12     51  
889.0  14:49:10 42.39605 -72.533714   3     16     47  
889.0  14:49:19 42.39606 -72.53368   5     10     44  
889.0  14:49:27 42.395992 -72.53369   4     11     51  
889.0  14:49:39 42.395935 -72.53371   5     16     48  
889.0  14:49:47 42.395924 -72.53374   3     18     51  
889.0  14:49:59 42.395927 -72.53372   3     18     58  
890.0  14:50:00 42.395927 -72.533745   5     13     43  
890.0  14:50:08 42.395924 -72.53373   5     15     40  
890.0  14:50:16 42.395935 -72.533714   4     11     46  
890.0  14:50:24 42.39594 -72.53372   4     15     58  
890.0  14:50:35 42.395954 -72.53372   5     12     51  
890.0  14:50:43 42.39595 -72.53374   3     17     42  
890.0  14:50:52 42.39596 -72.53375   4     13     55  
891.0  14:51:00 42.395973 -72.53372   4     14     57  
891.0  14:51:01 42.395973 -72.53374   3     16     42  
891.0  14:51:10 42.395977 -72.533714   4     19     59  
891.0  14:51:18 42.395973 -72.53369   3     11     43  
891.0  14:51:28 42.395992 -72.53372   5     16     46  
891.0  14:51:36 42.396053 -72.53372   5     10     54  
891.0  14:51:44 42.396034 -72.53374   5     13     45  
891.0  14:51:53 42.396038 -72.53372   5     14     44  
892.0  14:52:00 42.396015 -72.533775   4     14     55  
892.0  14:52:02 42.396023 -72.53377   5     13     45  
892.0  14:52:11 42.39596 -72.53377   5     12     54  
892.0  14:52:57 42.395947 -72.53373   4     11     44  
893.0  14:53:00 42.395954 -72.5337   5     17     49  
893.0  14:53:06 42.395966 -72.53368   3     14     55  
893.0  14:53:16 42.396072 -72.533676   5     14     55  
893.0  14:53:25 42.39605 -72.53363   5     11     44  
893.0  14:53:33 42.39596 -72.53359   3     17     52  
893.0  14:53:41 42.395897 -72.53361   3     15     54  
893.0  14:53:51 42.39583 -72.533554   3     17     51  
894.0  14:54:00 42.3959 -72.53357   4     15     57  
894.0  14:54:00 42.39592 -72.53356   4     10     43  
894.0  14:54:11 42.39602 -72.53359   5     13     47  
894.0  14:54:20 42.396145 -72.53365   4     11     41  
894.0  14:54:29 42.39624 -72.53372   3     11     42  
894.0  14:54:37 42.396305 -72.53377   4     10     56  
894.0  14:54:46 42.3962 -72.53372   5     17     46  
894.0  14:54:55 42.39607 -72.533646   3     19     58  
895.0  14:55:00 42.395947 -72.533646   3     19     45  
895.0  14:55:06 42.395924 -72.53364   5     17     46  
895.0  14:55:14 42.395947 -72.533646   4     11     56  
895.0  14:55:22 42.39607 -72.53374   5     11     55  
895.0  14:55:31 42.396076 -72.53368   5     17     50  
895.0  14:55:40 42.396065 -72.53368   3     17     44  
895.0  14:55:48 42.39611 -72.53366   3     17     59  
895.0  14:55:59 42.39608 -72.533646   5     13     59  
896.0  14:56:00 42.39608 -72.53364   4     17     40  
896.0  14:56:07 42.39611 -72.533646   4     16     52  
896.0  14:56:16 42.39613 -72.53364   4     13     52  
896.0  14:56:24 42.39607 -72.533646   5     10     49  
896.0  14:56:33 42.39605 -72.53367   5     14     59  
896.0  14:56:42 42.39605 -72.53362   5     17     57  
896.0  14:56:54 42.395977 -72.5336   4     10     49  
897.0  14:57:00 42.395954 -72.533585   3     15     53  
897.0  14:57:03 42.395954 -72.533585   3     14     46  
897.0  14:57:11 42.39597 -72.533585   4     13     46  
897.0  14:57:20 42.396023 -72.5336   5     10     44  
897.0  14:57:29 42.396095 -72.5336   3     18     57  
897.0  14:57:37 42.396183 -72.533646   5     14     43  
897.0  14:57:49 42.396217 -72.533714   5     11     41  
897.0  14:57:57 42.396286 -72.53374   4     16     44  
898.0  14:58:00 42.396317 -72.533775   5     12     45  
898.0  14:58:06 42.39634 -72.53379   3     16     40  
898.0  14:58:14 42.396477 -72.53384   5     12     48  
898.0  14:58:23 42.396458 -72.53383   4     12     55  
898.0  14:58:31 42.39647 -72.5338   4     15     49  
898.0  14:58:42 42.39649 -72.53381   4     17     59  
898.0  14:58:51 42.39649 -72.53384   5     18     48  
899.0  14:59:00 42.396503 -72.53384   3     12     48  
899.0  14:59:00 42.39651 -72.53384   4     17     49  
899.0  14:59:08 42.396526 -72.53382   3     14     55  
899.0  14:59:17 42.39662 -72.533905   3     10     57  
909.0  15:09:58 42.395496 -72.53339   5     18     51  
910.0  15:10:10 42.39562 -72.53337   3     16     49  
910.0  15:10:22 42.39561 -72.53337   4     12     47  
910.0  15:10:34 42.39561 -72.53343   3     13     42  
910.0  15:10:46 42.395763 -72.53351   5     19     59  
918.0  15:18:22 42.396076 -72.533676   5     12     46  
918.0  15:18:34 42.396065 -72.53368   5     12     41  
918.0  15:18:47 42.396065 -72.53371   3     13     40  
918.0  15:18:59 42.39584 -72.53346   4     18     43  
919.0  15:19:58 42.39629 -72.53386   3     14     45  
920.0  15:20:00 42.39634 -72.53391   3     16     43  
920.0  15:20:08 42.3963 -72.53392   4     11     41  
920.0  15:20:16 42.39624 -72.53382   4     19     44  
920.0  15:20:25 42.39606 -72.533775   3     16     50  
920.0  15:20:33 42.39603 -72.5337   4     19     41  
920.0  15:20:42 42.395817 -72.533615   3     13     50  
920.0  15:20:53 42.39578 -72.533585   5     11     44  
921.0  15:21:00 42.395844 -72.53357   4     12     46  
921.0  15:21:03 42.395844 -72.53357   5     19     44  
921.0  15:21:12 42.395935 -72.533615   3     15     57  
921.0  15:21:22 42.396015 -72.53367   3     19     44  
921.0  15:21:30 42.39613 -72.53373   5     10     51  
921.0  15:21:38 42.396263 -72.53385   4     12     59  
921.0  15:21:48 42.39618 -72.533806   5     13     59  
921.0  15:21:58 42.395817 -72.53365   4     15     54  
922.0  15:22:00 42.395638 -72.53356   3     12     41  
922.0  15:22:07 42.395527 -72.53353   4     17     53  
922.0  15:22:16 42.395573 -72.533676   5     15     55  
922.0  15:22:25 42.395466 -72.53354   5     10     47  
922.0  15:22:33 42.395325 -72.533295   4     11     48  
922.0  15:22:41 42.3955 -72.532776   4     10     43  
922.0  15:22:52 42.395706 -72.53187   3     19     44  
923.0  15:23:00 42.39589 -72.53096   3     13     45  
923.0  15:23:00 42.395874 -72.53067   3     18     55  
923.0  15:23:09 42.39574 -72.53012   5     14     44  
923.0  15:23:18 42.39527 -72.52943   3     16     53  
923.0  15:23:26 42.394833 -72.52867   3     13     51  
923.0  15:23:35 42.39474 -72.52794   3     19     48  
923.0  15:23:45 42.394806 -72.52726   5     11     52  
923.0  15:23:54 42.394867 -72.5273   4     16     56  
924.0  15:24:00 42.39499 -72.52712   4     13     50  
924.0  15:24:03 42.39497 -72.527145   3     17     57  
924.0  15:24:11 42.39505 -72.52689   3     12     56  
924.0  15:24:19 42.394962 -72.526794   5     13     42  
924.0  15:24:28 42.394455 -72.52655   4     10     51  
924.0  15:24:39 42.393757 -72.5262   3     18     41  
924.0  15:24:48 42.393417 -72.526   3     13     45  
925.0  15:25:00 42.39344 -72.526   4     17     55  
925.0  15:25:06 42.393436 -72.52601   4     18     59  
925.0  15:25:14 42.393517 -72.526024   4     19     53  
925.0  15:25:19 42.393482 -72.52599   4     15     41  
925.0  15:25:24 42.39344 -72.525925   3     16     59  
925.0  15:25:29 42.39341 -72.525894   3     16     59  
925.0  15:25:39 42.393414 -72.52594   4     15     49  
925.0  15:25:48 42.39332 -72.525795   4     16     50  
925.0  15:25:56 42.393322 -72.5258   5     18     42  
926.0  15:26:00 42.393353 -72.52581   5     12     48  
926.0  15:26:04 42.393353 -72.52581   3     11     43  
926.0  15:26:13 42.39345 -72.52594   3     17     59  
926.0  15:26:21 42.393497 -72.52601   4     18     56  
926.0  15:26:30 42.393524 -72.526024   5     15     45  
926.0  15:26:39 42.393417 -72.52586   4     14     59  
926.0  15:26:47 42.393425 -72.52586   3     14     58  
926.0  15:26:56 42.393375 -72.52582   4     16     45  
927.0  15:27:00 42.393326 -72.52581   4     18     59  
927.0  15:27:04 42.393326 -72.52581   3     10     46  
927.0  15:27:13 42.39339 -72.5259   5     14     45  
927.0  15:27:24 42.393486 -72.52598   4     14     59  
927.0  15:27:32 42.393623 -72.52612   3     16     44  
927.0  15:27:41 42.393612 -72.52604   3     14     51  
927.0  15:27:49 42.39355 -72.526085   5     13     41  
927.0  15:27:57 42.393593 -72.52612   4     16     50  
928.0  15:28:00 42.39343 -72.52602   4     12     49  
928.0  15:28:06 42.393394 -72.52601   5     11     48  
928.0  15:28:16 42.3934 -72.52596   5     15     44  
928.0  15:28:25 42.393467 -72.52602   5     19     49  
928.0  15:28:37 42.393513 -72.52604   5     10     44  
928.0  15:28:45 42.39356 -72.526085   4     16     52  
928.0  15:28:54 42.39342 -72.52597   5     12     51  
929.0  15:29:00 42.393272 -72.525894   3     14     46  
929.0  15:29:02 42.39329 -72.5259   3     12     41  
929.0  15:29:12 42.393196 -72.52585   5     18     42  
929.0  15:29:21 42.393307 -72.52592   4     10     58  
929.0  15:29:29 42.393288 -72.52591   5     18     46  
929.0  15:29:38 42.39327 -72.525925   4     11     45  
929.0  15:29:47 42.39326 -72.52587   4     16     46  
929.0  15:29:55 42.393238 -72.52588   4     15     54  
930.0  15:30:00 42.393387 -72.526085   5     12     57  
930.0  15:30:06 42.393597 -72.52618   3     13     54  
930.0  15:30:14 42.393406 -72.52599   3     17     58  
930.0  15:30:23 42.39348 -72.52608   3     14     46  
930.0  15:30:32 42.39318 -72.52589   4     13     52  
930.0  15:30:41 42.393383 -72.525986   3     16     57  
930.0  15:30:50 42.393475 -72.52603   4     12     44  
931.0  15:31:00 42.39329 -72.525856   4     17     46  
931.0  15:31:01 42.393368 -72.52596   3     14     47  
931.0  15:31:09 42.39333 -72.525925   3     13     51  
931.0  15:31:17 42.39329 -72.52589   4     19     40  
931.0  15:31:26 42.393036 -72.52569   5     19     56  
931.0  15:31:35 42.392483 -72.52544   4     19     51  
931.0  15:31:44 42.391766 -72.525215   5     15     58  
931.0  15:31:54 42.391228 -72.525154   4     17     43  
932.0  15:32:00 42.39098 -72.525246   3     12     52  
932.0  15:32:03 42.39098 -72.525246   3     14     44  
932.0  15:32:11 42.39089 -72.52524   4     15     56  
932.0  15:32:20 42.39084 -72.525154   4     18     41  
932.0  15:32:29 42.390873 -72.525185   3     10     43  
932.0  15:32:37 42.39094 -72.52525   4     16     41  
932.0  15:32:48 42.390846 -72.525185   4     17     41  
932.0  15:32:56 42.390594 -72.5252   4     16     42  
933.0  15:33:00 42.390087 -72.52507   5     10     40  
933.0  15:33:05 42.38991 -72.525024   5     11     54  
933.0  15:33:14 42.389187 -72.524734   5     10     43  
933.0  15:33:22 42.388783 -72.52451   3     13     46  
933.0  15:33:31 42.388466 -72.52439   4     12     43  
933.0  15:33:41 42.38795 -72.52404   4     12     53  
933.0  15:33:50 42.38784 -72.52389   5     13     47  
933.0  15:33:58 42.387775 -72.5238   5     12     51  
934.0  15:34:00 42.387733 -72.52378   4     13     52  
934.0  15:34:07 42.38776 -72.52375   4     11     46  
934.0  15:34:15 42.38763 -72.52344   4     10     49  
934.0  15:34:23 42.38729 -72.52293   5     19     46  
934.0  15:34:34 42.386677 -72.5224   3     14     50  
934.0  15:34:42 42.3861 -72.522194   4     14     51  
934.0  15:34:50 42.385723 -72.522194   5     10     56  
935.0  15:35:00 42.384933 -72.52162   4     13     40  
935.0  15:35:02 42.385723 -72.522194   4     18     58  
935.0  15:35:10 42.384396 -72.52137   4     18     53  
935.0  15:35:19 42.38368 -72.520996   3     12     40  
935.0  15:35:30 42.383022 -72.52066   3     13     47  
935.0  15:35:38 42.382687 -72.52066   4     13     49  
935.0  15:35:47 42.382248 -72.52025   4     12     42  
935.0  15:35:55 42.381775 -72.51981   4     18     51  
936.0  15:36:00 42.38154 -72.51962   4     14     58  
936.0  15:36:04 42.38154 -72.51962   4     18     46  
936.0  15:36:12 42.38106 -72.51955   3     18     42  
936.0  15:36:22 42.380367 -72.51983   3     16     45  
936.0  15:36:31 42.37973 -72.52   4     19     53  
936.0  15:36:39 42.379486 -72.52007   5     15     52  
936.0  15:36:47 42.37921 -72.52027   4     12     48  
936.0  15:36:56 42.378986 -72.520355   4     12     45  
937.0  15:37:00 42.378845 -72.520195   5     19     55  
937.0  15:37:04 42.37882 -72.52016   4     11     44  
937.0  15:37:15 42.37844 -72.51973   4     17     56  
937.0  15:37:23 42.37855 -72.519806   4     18     47  
937.0  15:37:32 42.37855 -72.519875   5     16     54  
937.0  15:37:40 42.378197 -72.519905   5     16     52  
937.0  15:37:49 42.377983 -72.51991   3     13     58  
937.0  15:37:58 42.377895 -72.519905   4     16     54  
938.0  15:38:00 42.37787 -72.519905   3     13     48  
938.0  15:38:09 42.37788 -72.51989   5     16     48  
938.0  15:38:18 42.377895 -72.51995   4     17     53  
938.0  15:38:27 42.377907 -72.519875   4     10     57  
938.0  15:38:39 42.37792 -72.5198   4     12     45  
938.0  15:38:47 42.377934 -72.51975   3     15     51  
938.0  15:38:56 42.377934 -72.5197   3     14     52  
939.0  15:39:00 42.37773 -72.519745   4     19     56  
939.0  15:39:09 42.377457 -72.51983   5     10     53  
939.0  15:39:17 42.37706 -72.519905   5     13     47  
939.0  15:39:26 42.37669 -72.51988   4     14     55  
939.0  15:39:35 42.376507 -72.51986   5     13     45  
939.0  15:39:43 42.376514 -72.51986   4     13     55  
939.0  15:39:52 42.376366 -72.51987   4     13     43  
940.0  15:40:00 42.37564 -72.51985   4     19     45  
940.0  15:40:03 42.37564 -72.51985   5     18     41  
940.0  15:40:12 42.37519 -72.519844   4     10     42  
940.0  15:40:20 42.375034 -72.51989   4     19     41  
940.0  15:40:28 42.374813 -72.5199   4     11     42  
940.0  15:40:37 42.3746 -72.51991   5     19     47  
940.0  15:40:45 42.37454 -72.51992   4     14     51  
940.0  15:40:56 42.37446 -72.519905   3     19     44  
941.0  15:41:00 42.374092 -72.51984   5     16     58  
941.0  15:41:05 42.37396 -72.51982   5     11     55  
941.0  15:41:14 42.373665 -72.51987   5     12     47  
941.0  15:41:23 42.3735 -72.519905   3     14     53  
941.0  15:41:31 42.37288 -72.5199   5     15     54  
941.0  15:41:40 42.37219 -72.519775   5     13     55  
941.0  15:41:51 42.37101 -72.51974   5     10     46  
942.0  15:42:00 42.369507 -72.51987   5     19     53  
942.0  15:42:09 42.36983 -72.5198   4     19     40  
942.0  15:42:19 42.367985 -72.51996   4     11     53  
942.0  15:42:34 42.365776 -72.52033   5     12     44  
942.0  15:42:47 42.364254 -72.52056   3     17     56  
942.0  15:42:57 42.362766 -72.52059   5     15     45  
943.0  15:43:00 42.36167 -72.52064   3     13     55  
943.0  15:43:05 42.361366 -72.52064   4     10     41  
943.0  15:43:14 42.35998 -72.5207   5     14     47  
943.0  15:43:22 42.35865 -72.52076   4     11     44  
943.0  15:43:31 42.357475 -72.52079   5     10     48  
943.0  15:43:42 42.356194 -72.52091   5     12     57  
943.0  15:43:52 42.35531 -72.5208   5     11     40  
944.0  15:44:00 42.353447 -72.52054   5     13     43  
944.0  15:44:01 42.35384 -72.52055   3     12     59  
944.0  15:44:11 42.352707 -72.520584   3     13     57  
944.0  15:44:19 42.351524 -72.520424   4     11     46  
944.0  15:44:28 42.35052 -72.51995   5     10     56  
944.0  15:44:41 42.34868 -72.52   4     17     44  
944.0  15:44:50 42.347424 -72.52031   4     19     40  
945.0  15:45:00 42.34605 -72.520485   3     14     42  
945.0  15:45:00 42.345463 -72.520485   3     13     59  
945.0  15:45:09 42.34476 -72.52041   5     10     53  
945.0  15:45:18 42.343357 -72.520355   3     16     42  
945.0  15:45:28 42.34188 -72.519875   5     19     57  
945.0  15:45:37 42.34086 -72.51989   4     14     51  
945.0  15:45:47 42.339893 -72.52026   3     13     54  
945.0  15:45:55 42.338947 -72.52073   5     16     55  
946.0  15:46:00 42.337902 -72.5214   3     10     44  
946.0  15:46:04 42.337902 -72.5214   5     14     40  
946.0  15:46:12 42.336895 -72.52218   3     16     46  
946.0  15:46:23 42.33553 -72.52309   4     13     46  
946.0  15:46:31 42.334415 -72.52342   4     15     54  
946.0  15:46:40 42.333046 -72.52367   4     12     54  
946.0  15:46:49 42.331623 -72.5239   3     14     45  
946.0  15:46:58 42.330173 -72.52404   5     10     57  
947.0  15:47:00 42.32913 -72.52417   4     16     56  
947.0  15:47:06 42.328606 -72.52422   3     11     41  
947.0  15:47:18 42.326736 -72.524445   4     11     53  
947.0  15:47:27 42.32546 -72.52454   5     14     58  
947.0  15:47:36 42.32425 -72.524635   4     13     58  
947.0  15:47:46 42.32299 -72.52476   3     15     44  
947.0  15:47:55 42.32171 -72.52496   5     15     55  
948.0  15:48:00 42.320732 -72.5254   5     15     44  
948.0  15:48:04 42.320732 -72.5254   5     10     55  
948.0  15:48:15 42.3196 -72.52633   4     18     43  
948.0  15:48:24 42.31941 -72.527245   3     15     40  
949.0  15:49:00 42.32026 -72.531204   4     18     45  
949.0  15:49:09 42.320217 -72.53197   5     18     49  
949.0  15:49:53 42.320507 -72.53446   3     12     58  
950.0  15:50:00 42.320805 -72.53427   5     18     55  
950.0  15:50:01 42.320793 -72.5343   5     19     47  
950.0  15:50:06 42.320328 -72.533714   5     11     50  
950.0  15:50:15 42.320854 -72.53402   3     16     50  
950.0  15:50:30 42.320858 -72.53356   4     19     59  
950.0  15:50:39 42.32096 -72.53359   5     13     59  
950.0  15:50:47 42.321133 -72.53373   5     19     51  
950.0  15:50:55 42.321163 -72.53415   5     12     57  
951.0  15:51:00 42.321117 -72.5342   5     13     54  
951.0  15:51:06 42.321102 -72.53423   3     17     44  
951.0  15:51:15 42.320923 -72.534355   5     16     52  
951.0  15:51:24 42.32043 -72.53441   4     15     50  
951.0  15:51:32 42.32035 -72.53444   4     11     58  
952.0  15:52:00 42.320316 -72.53446   4     16     56  
952.0  15:52:17 42.320305 -72.534424   4     18     48  
952.0  15:52:27 42.32025 -72.53444   4     18     59  
952.0  15:52:35 42.320236 -72.53384   4     16     42  
952.0  15:52:48 42.31984 -72.53161   3     18     54  
952.0  15:52:57 42.319866 -72.53036   3     19     45  
953.0  15:53:00 42.319942 -72.529686   4     11     43  
953.0  15:53:43 42.319324 -72.52805   3     15     58  
953.0  15:53:54 42.319263 -72.527855   3     16     47  
954.0  15:54:00 42.319256 -72.527794   4     12     51  
954.0  15:54:03 42.319256 -72.527794   5     17     51  
954.0  15:54:11 42.31936 -72.5274   4     11     46  
954.0  15:54:21 42.319603 -72.52635   3     14     41  
955.0  15:55:00 42.325108 -72.52452   3     16     42  
955.0  15:55:52 42.33283 -72.52387   3     11     47  
956.0  15:56:00 42.334183 -72.523674   5     16     40  
956.0  15:56:04 42.334183 -72.523674   5     19     40  
956.0  15:56:12 42.334404 -72.52338   5     17     44  
956.0  15:56:21 42.3345 -72.523575   3     10     46  
956.0  15:56:29 42.334568 -72.52396   4     10     51  
956.0  15:56:38 42.334682 -72.52457   5     11     53  
956.0  15:56:47 42.335052 -72.52519   3     11     52  
956.0  15:56:58 42.3356 -72.526184   5     15     44  
957.0  15:57:00 42.335682 -72.52672   4     11     52  
957.0  15:57:43 42.33583 -72.53058   4     10     44  
958.0  15:58:00 42.33595 -72.532166   5     17     49  
958.0  15:58:03 42.33587 -72.5318   5     12     49  
959.0  15:59:00 42.33844 -72.53085   3     19     51  
959.0  15:59:03 42.33843 -72.53092   3     13     40  
959.0  15:59:14 42.33859 -72.53018   3     15     43  
959.0  15:59:23 42.33865 -72.52932   3     11     51  
959.0  15:59:32 42.33861 -72.52849   4     14     47  
959.0  15:59:41 42.338566 -72.52753   4     16     45  
959.0  15:59:51 42.338528 -72.52644   3     13     45  
960.0  16:00:00 42.338203 -72.52517   5     18     52  
960.0  16:00:00 42.338135 -72.5248   4     18     54  
960.0  16:00:14 42.338207 -72.52376   3     13     43  
960.0  16:00:25 42.338337 -72.52267   3     13     47  
960.0  16:00:34 42.33813 -72.52185   4     13     51  
960.0  16:00:43 42.337986 -72.521385   3     10     54  
960.0  16:00:51 42.337963 -72.521194   4     11     57  
961.0  16:01:00 42.33835 -72.52081   3     19     52  
961.0  16:01:19 42.338177 -72.52101   5     13     51  
961.0  16:01:30 42.339977 -72.51998   4     18     52  
962.0  16:02:00 42.341175 -72.520355   3     15     45  
962.0  16:02:14 42.34157 -72.520935   4     14     59  
962.0  16:02:25 42.340073 -72.51288   5     16     57  
962.0  16:02:34 42.34006 -72.511566   3     10     40  
962.0  16:02:43 42.340126 -72.5103   5     13     59  
962.0  16:02:52 42.340153 -72.509186   4     12     52  
963.0  16:03:00 42.340183 -72.507866   3     14     40  
963.0  16:03:00 42.34018 -72.50742   4     17     51  
963.0  16:03:09 42.34021 -72.50673   5     19     56  
963.0  16:03:20 42.34034 -72.50532   4     17     54  
963.0  16:03:29 42.340298 -72.50468   5     17     44  
963.0  16:03:38 42.34024 -72.50458   4     15     59  
963.0  16:03:46 42.34041 -72.50439   3     12     41  
963.0  16:03:54 42.34055 -72.50441   4     15     50  
964.0  16:04:00 42.340862 -72.50497   3     10     40  
964.0  16:04:03 42.340843 -72.5049   4     10     53  
964.0  16:04:14 42.341125 -72.5058   3     10     53  
964.0  16:04:23 42.341652 -72.50651   4     14     43  
964.0  16:04:31 42.34274 -72.50722   4     17     53  
964.0  16:04:39 42.343727 -72.507576   4     11     58  
964.0  16:04:48 42.34454 -72.50799   4     19     46  
964.0  16:04:56 42.345512 -72.50872   4     13     51  
965.0  16:05:00 42.346127 -72.509285   3     13     42  
965.0  16:05:06 42.34638 -72.509544   3     10     40  
965.0  16:05:16 42.347107 -72.510284   5     13     50  
965.0  16:05:25 42.347538 -72.511375   4     17     47  
965.0  16:05:33 42.347805 -72.512665   4     17     42  
965.0  16:05:42 42.348206 -72.514145   5     14     58  
965.0  16:05:50 42.348663 -72.51572   4     10     42  
966.0  16:06:00 42.349445 -72.517975   5     16     47  
966.0  16:06:01 42.349228 -72.51751   5     10     56  
966.0  16:06:10 42.349827 -72.51878   3     10     47  
966.0  16:06:19 42.35054 -72.51949   5     10     41  
966.0  16:06:27 42.350758 -72.51986   5     13     43  
966.0  16:06:36 42.35036 -72.5196   3     12     48  
966.0  16:06:44 42.350395 -72.51962   3     11     42  
966.0  16:06:55 42.350815 -72.51992   3     12     46  
967.0  16:07:00 42.352272 -72.52072   5     15     56  
967.0  16:07:04 42.352146 -72.52069   4     11     58  
967.0  16:07:14 42.353535 -72.52062   4     18     45  
967.0  16:07:25 42.354813 -72.52059   4     10     49  
967.0  16:07:34 42.35567 -72.520874   5     18     48  
967.0  16:07:45 42.35659 -72.52114   5     14     47  
967.0  16:07:54 42.357105 -72.52107   3     11     56  
968.0  16:08:00 42.358295 -72.52084   5     18     47  
968.0  16:08:02 42.358044 -72.52087   4     14     58  
968.0  16:08:11 42.35921 -72.5208   3     12     46  
968.0  16:08:21 42.360455 -72.52065   4     14     52  
968.0  16:08:30 42.36141 -72.5205   4     19     45  
968.0  16:08:41 42.36281 -72.520424   3     17     59  
968.0  16:08:50 42.363052 -72.52039   3     19     46  
968.0  16:08:59 42.364544 -72.5207   5     17     44  
969.0  16:09:00 42.36494 -72.52043   4     17     57  
969.0  16:09:07 42.36541 -72.520226   4     14     51  
969.0  16:09:16 42.366734 -72.52005   4     17     52  
969.0  16:09:24 42.368008 -72.520035   4     12     42  
969.0  16:09:35 42.36931 -72.51988   5     19     54  
969.0  16:09:44 42.370403 -72.51974   5     17     55  
969.0  16:09:53 42.371014 -72.519714   3     13     42  
970.0  16:10:00 42.37165 -72.51982   5     18     44  
970.0  16:10:01 42.37152 -72.51981   3     19     43  
970.0  16:10:10 42.37198 -72.519806   3     14     46  
970.0  16:10:22 42.37198 -72.519806   5     16     41  
970.0  16:10:32 42.372154 -72.51983   4     10     54  
970.0  16:10:41 42.372147 -72.51977   3     19     48  
970.0  16:10:50 42.37211 -72.51971   3     10     47  
970.0  16:10:59 42.372295 -72.51973   5     11     50  
971.0  16:11:00 42.372463 -72.51971   3     18     47  
971.0  16:11:07 42.37264 -72.519646   5     12     45  
971.0  16:11:16 42.373493 -72.51986   3     12     57  
971.0  16:11:27 42.374367 -72.51991   4     17     51  
971.0  16:11:35 42.374405 -72.51991   4     13     49  
971.0  16:11:43 42.374474 -72.51993   5     19     51  
971.0  16:11:52 42.37449 -72.5198   3     19     58  
972.0  16:12:00 42.37453 -72.519775   3     17     51  
972.0  16:12:00 42.37455 -72.51975   3     17     51  
972.0  16:12:09 42.374565 -72.519684   4     16     42  
972.0  16:12:20 42.37446 -72.519806   5     19     51  
972.0  16:12:29 42.37447 -72.5198   4     12     52  
972.0  16:12:38 42.374695 -72.51981   5     10     53  
972.0  16:12:46 42.37508 -72.519714   5     13     55  
972.0  16:12:55 42.375362 -72.519745   4     12     41  
973.0  16:13:00 42.375454 -72.519745   5     10     40  
973.0  16:13:03 42.375454 -72.519745   4     14     54  
973.0  16:13:15 42.375263 -72.51978   3     18     52  
973.0  16:13:24 42.357433 -72.513374   5     10     54  
973.0  16:13:32 42.36031 -72.5144   5     11     40  
973.0  16:13:41 42.36124 -72.51472   3     11     45  
973.0  16:13:49 42.37552 -72.519905   5     17     44  
973.0  16:13:58 42.375328 -72.51994   5     16     57  
974.0  16:14:00 42.37525 -72.51986   3     14     58  
974.0  16:14:10 42.3749 -72.51962   5     12     43  
974.0  16:14:19 42.37481 -72.519485   5     12     50  
974.0  16:14:28 42.375443 -72.5196   4     18     43  
974.0  16:14:37 42.37635 -72.519775   3     17     59  
974.0  16:14:46 42.37657 -72.51979   5     19     58  
974.0  16:14:55 42.37671 -72.519806   4     12     42  
975.0  16:15:00 42.377037 -72.519806   3     19     42  
975.0  16:15:07 42.37723 -72.51983   3     18     50  
975.0  16:15:15 42.377445 -72.51981   3     12     56  
975.0  16:15:23 42.37747 -72.51984   4     17     54  
975.0  16:15:31 42.377472 -72.51984   3     14     47  
975.0  16:15:40 42.377502 -72.519775   5     13     52  
975.0  16:15:48 42.37756 -72.51973   3     13     46  
975.0  16:15:58 42.37761 -72.51964   5     14     55  
976.0  16:16:00 42.37764 -72.519646   3     12     43  
976.0  16:16:06 42.377735 -72.5197   5     17     50  
976.0  16:16:15 42.3783 -72.51976   4     10     42  
976.0  16:16:25 42.378925 -72.51979   5     15     54  
976.0  16:16:33 42.379665 -72.51967   5     15     49  
976.0  16:16:42 42.380344 -72.51942   4     13     52  
976.0  16:16:53 42.381092 -72.51931   5     19     48  
977.0  16:17:00 42.38144 -72.519295   3     12     42  
977.0  16:17:02 42.381424 -72.51931   4     15     50  
977.0  16:17:11 42.381542 -72.519135   4     17     42  
977.0  16:17:19 42.379894 -72.5186   3     12     50  
977.0  16:17:28 42.3797 -72.518974   5     12     57  
977.0  16:17:37 42.379944 -72.51887   4     11     40  
977.0  16:17:49 42.380318 -72.51901   4     11     59  
977.0  16:17:58 42.380768 -72.519585   3     18     48  
978.0  16:18:00 42.382668 -72.52028   3     10     44  
978.0  16:18:06 42.382915 -72.52044   5     16     57  
978.0  16:18:15 42.383625 -72.52109   3     19     47  
978.0  16:18:24 42.38401 -72.52141   3     11     50  
978.0  16:18:32 42.38423 -72.52154   5     13     54  
978.0  16:18:44 42.384754 -72.521866   5     15     40  
978.0  16:18:52 42.38517 -72.522255   5     12     55  
979.0  16:19:00 42.38545 -72.522446   4     12     49  
979.0  16:19:01 42.385437 -72.52233   5     16     56  
979.0  16:19:10 42.385426 -72.523   3     12     58  
979.0  16:19:19 42.385242 -72.52383   4     11     40  
979.0  16:19:27 42.385223 -72.5242   4     18     42  
979.0  16:19:38 42.38531 -72.52659   4     16     40  
979.0  16:19:47 42.384827 -72.5276   5     19     46  
979.0  16:19:55 42.384354 -72.52854   3     19     44  
980.0  16:20:00 42.384403 -72.52938   3     11     43  
980.0  16:20:04 42.384403 -72.52938   4     19     45  
980.0  16:20:16 42.384716 -72.53023   4     15     40  
980.0  16:20:25 42.385094 -72.53069   3     19     40  
980.0  16:20:35 42.385044 -72.53064   3     13     55  
980.0  16:20:44 42.38515 -72.530815   3     12     58  
980.0  16:20:52 42.385597 -72.53096   4     16     52  
981.0  16:21:00 42.386307 -72.53105   4     11     43  
981.0  16:21:00 42.386738 -72.53113   5     12     53  
981.0  16:21:09 42.387245 -72.53132   4     18     46  
981.0  16:21:17 42.387993 -72.53165   3     13     53  
981.0  16:21:28 42.388767 -72.53199   3     13     44  
981.0  16:21:36 42.38942 -72.532196   5     17     46  
981.0  16:21:45 42.390198 -72.53257   5     17     46  
981.0  16:21:54 42.39089 -72.53288   3     13     44  
982.0  16:22:00 42.39163 -72.53333   3     11     45  
982.0  16:22:02 42.391537 -72.53329   3     14     43  
982.0  16:22:11 42.39239 -72.533646   5     19     44  
982.0  16:22:22 42.39295 -72.533966   3     13     53  
982.0  16:22:31 42.39216 -72.53343   3     11     55  
982.0  16:22:39 42.393017 -72.53302   3     13     42  
982.0  16:22:48 42.393147 -72.53252   5     19     59  
982.0  16:22:57 42.39328 -72.53241   3     12     40  
983.0  16:23:00 42.39346 -72.53261   3     15     56  
983.0  16:23:05 42.393463 -72.53271   4     14     55  
983.0  16:23:16 42.393597 -72.53321   4     13     47  
983.0  16:23:24 42.393784 -72.53322   3     16     56  
983.0  16:23:33 42.393784 -72.53302   4     19     44  
983.0  16:23:42 42.393757 -72.53296   4     16     46  
983.0  16:23:51 42.393734 -72.5329   4     12     57  
983.0  16:23:59 42.393734 -72.532875   5     13     54  
984.0  16:24:00 42.39373 -72.53286   4     14     50  
984.0  16:24:09 42.39373 -72.532845   5     11     40  
984.0  16:24:18 42.393734 -72.53285   3     12     43  
984.0  16:24:26 42.393738 -72.53285   4     17     50  
984.0  16:24:34 42.393738 -72.532845   4     19     48  
984.0  16:24:42 42.393738 -72.532845   5     19     51  
984.0  16:24:52 42.393734 -72.53284   3     15     57  
985.0  16:25:00 42.39373 -72.532845   3     19     43  
985.0  16:25:02 42.39373 -72.532845   5     11     51  
985.0  16:25:11 42.393734 -72.532875   5     14     50  
985.0  16:25:20 42.39375 -72.53293   3     15     56  
985.0  16:25:28 42.39377 -72.532845   4     19     59  
985.0  16:25:37 42.393894 -72.532715   5     17     50  
985.0  16:25:45 42.39418 -72.53283   3     16     44  
985.0  16:25:56 42.39466 -72.533005   5     13     41  
986.0  16:26:00 42.394947 -72.53329   5     19     42  
986.0  16:26:05 42.394962 -72.53334   4     15     53  
986.0  16:26:13 42.39493 -72.53377   4     13     43  
986.0  16:26:22 42.394993 -72.534   3     13     40  
986.0  16:26:30 42.394836 -72.53409   4     18     53  
986.0  16:26:39 42.39463 -72.534   3     14     53  
986.0  16:26:50 42.394638 -72.53398   4     10     44  
986.0  16:26:58 42.394512 -72.53396   4     14     52  
987.0  16:27:00 42.394558 -72.53396   3     18     58  
987.0  16:27:07 42.394375 -72.53375   3     13     40  
987.0  16:27:16 42.393375 -72.533295   4     19     44  
987.0  16:27:24 42.394077 -72.533745   3     18     40  
987.0  16:27:33 42.394264 -72.53389   3     17     41  
987.0  16:27:44 42.394356 -72.53393   4     18     55  
988.0  16:28:00 42.394516 -72.53424   5     18     57  
988.0  16:28:17 42.394516 -72.53424   4     18     52  
998.0  16:38:20 0.0 -0.0   3     10     47  
998.0  16:38:20 0.0 -0.0   5     19     46  
998.0  16:38:31 42.3941 -72.53389   5     17     45  
998.0  16:38:39 42.393852 -72.5339   4     18     56  
998.0  16:38:49 42.393963 -72.533905   4     16     56  
998.0  16:38:57 42.3943 -72.53385   4     12     55  
999.0  16:39:00 42.394493 -72.53378   4     19     52  
999.0  16:39:06 42.394554 -72.53381   5     15     47  
999.0  16:39:16 42.39464 -72.53386   5     15     44  
999.0  16:39:26 42.394695 -72.533905   5     17     51  
999.0  16:39:35 42.394657 -72.533775   4     16     46  
999.0  16:39:44 42.394794 -72.53351   5     10     53  
999.0  16:39:53 42.394794 -72.53321   5     17     47  
1000.0  16:40:00 42.39459 -72.53311   3     14     55  
1000.0  16:40:01 42.39462 -72.53313   3     12     51  
1000.0  16:40:10 42.39452 -72.53307   4     17     58  
1000.0  16:40:20 42.394333 -72.53297   5     19     53  
1000.0  16:40:29 42.394077 -72.53282   3     19     55  
1000.0  16:40:37 42.39388 -72.53277   5     17     54  
1000.0  16:40:46 42.39386 -72.53276   4     19     57  
1000.0  16:40:55 42.393887 -72.53281   3     15     59  
1001.0  16:41:00 42.39389 -72.532845   4     19     43  
1001.0  16:41:04 42.39389 -72.532845   4     16     40  
1001.0  16:41:17 42.39387 -72.53278   4     18     48  
1001.0  16:41:26 42.39398 -72.53279   4     14     59  
1001.0  16:41:34 42.393963 -72.5328   3     10     55  
1001.0  16:41:43 42.39401 -72.53277   4     17     53  
1001.0  16:41:51 42.39404 -72.532745   5     16     46  
1002.0  16:42:00 42.394115 -72.53278   4     10     50  
1002.0  16:42:00 42.394142 -72.53278   5     10     45  
1002.0  16:42:11 42.394176 -72.53281   5     16     45  
1002.0  16:42:21 42.394104 -72.5329   3     10     51  
1002.0  16:42:29 42.39408 -72.5329   3     10     50  
1002.0  16:42:38 42.394146 -72.53293   4     14     46  
1002.0  16:42:46 42.39429 -72.53294   3     17     49  
1002.0  16:42:55 42.39422 -72.5329   5     16     52  
1003.0  16:43:00 42.394226 -72.53295   5     16     56  
1003.0  16:43:06 42.39423 -72.53297   5     12     42  
1003.0  16:43:15 42.394165 -72.53292   4     18     45  
1003.0  16:43:23 42.39415 -72.53298   4     18     49  
1003.0  16:43:32 42.394077 -72.533   4     19     41  
1003.0  16:43:40 42.394077 -72.53293   3     14     51  
1003.0  16:43:49 42.394135 -72.533005   4     19     49  
1004.0  16:44:00 42.394184 -72.53313   3     15     40  
1004.0  16:44:00 42.394184 -72.53314   4     14     56  
1004.0  16:44:08 42.394154 -72.533165   3     18     52  
1004.0  16:44:17 42.39414 -72.53312   3     11     49  
1004.0  16:44:26 42.39415 -72.53318   4     12     54  
1004.0  16:44:38 42.394154 -72.53326   4     12     41  
1004.0  16:44:47 42.39408 -72.53308   3     13     59  
1004.0  16:44:58 42.394085 -72.53298   5     16     40  
1005.0  16:45:00 42.394096 -72.53292   4     12     59  
1005.0  16:45:06 42.394123 -72.53292   4     13     45  
1005.0  16:45:14 42.394127 -72.53293   3     14     57  
1005.0  16:45:23 42.394077 -72.53316   4     13     53  
1005.0  16:45:32 42.394066 -72.53329   4     18     58  
1005.0  16:45:41 42.39415 -72.53329   5     14     44  
1005.0  16:45:53 42.394234 -72.5328   5     11     41  
1006.0  16:46:00 42.39429 -72.53272   3     18     52  
1006.0  16:46:02 42.39429 -72.532684   4     11     58  
1006.0  16:46:11 42.39426 -72.53275   5     10     51  
