600.0  10:00:00 42.377716 -72.52005   3     18     46  
601.0  10:01:00 42.375824 -72.51999   5     17     59  
602.0  10:02:00 42.375866 -72.51664   3     13     42  
603.0  10:03:00 42.3759 -72.51195   4     16     40  
604.0  10:04:00 42.3757 -72.50554   3     10     58  
605.0  10:05:00 42.37606 -72.5006   3     12     46  
606.0  10:06:00 42.371353 -72.50169   3     13     47  
607.0  10:07:00 42.369766 -72.49908   3     12     50  
608.0  10:08:00 42.369633 -72.49674   5     15     50  
609.0  10:09:00 42.3622 -72.48818   5     10     53  
610.0  10:10:00 42.356663 -72.485405   4     13     53  
611.0  10:11:00 42.356693 -72.485306   3     18     40  
612.0  10:12:00 42.356667 -72.48536   3     14     41  
613.0  10:13:00 42.356655 -72.485435   5     17     56  
614.0  10:14:00 42.356655 -72.48551   4     10     54  
615.0  10:15:00 42.356647 -72.48554   4     16     53  
616.0  10:16:00 42.356667 -72.48547   4     14     40  
617.0  10:17:00 42.356075 -72.48502   5     16     46  
618.0  10:18:00 42.358253 -72.48468   3     17     42  
619.0  10:19:00 42.353607 -72.47526   3     14     50  
620.0  10:20:00 42.355804 -72.48053   5     18     51  
621.0  10:21:00 42.361977 -72.48795   5     15     44  
622.0  10:22:00 42.363167 -72.48882   3     15     46  
623.0  10:23:00 42.368076 -72.494774   3     19     54  
624.0  10:24:00 42.370247 -72.49919   5     18     41  
625.0  10:25:00 42.369335 -72.5017   5     14     44  
626.0  10:26:00 42.372776 -72.50128   3     12     45  
627.0  10:27:00 42.374733 -72.500854   5     16     59  
628.0  10:28:00 42.37608 -72.50212   4     12     53  
629.0  10:29:00 42.37577 -72.50862   5     10     56  
630.0  10:30:00 42.375904 -72.51275   4     18     42  
631.0  10:31:00 42.375732 -72.518906   3     10     45  
632.0  10:32:00 42.37572 -72.51963   4     17     44  
633.0  10:33:00 42.378345 -72.51996   4     13     57  
634.0  10:34:00 42.381027 -72.51937   3     11     48  
635.0  10:35:00 42.385296 -72.52189   3     15     47  
636.0  10:36:00 42.387493 -72.523285   5     14     42  
637.0  10:37:00 42.389645 -72.52498   4     19     45  
638.0  10:38:00 42.391823 -72.52539   4     19     58  
639.0  10:39:00 42.393578 -72.5261   5     15     56  
640.0  10:40:00 42.39543 -72.52716   4     15     55  
641.0  10:41:00 42.40184 -72.5283   3     14     49  
642.0  10:42:00 42.404594 -72.529785   3     16     58  
643.0  10:43:00 42.40608 -72.53221   4     18     42  
644.0  10:44:00 42.405907 -72.53254   5     11     43  
645.0  10:45:00 42.40576 -72.53266   4     18     44  
646.0  10:46:00 42.40585 -72.53264   5     15     50  
647.0  10:47:00 42.404892 -72.53178   5     13     45  
648.0  10:48:00 42.40467 -72.529625   4     12     58  
649.0  10:49:00 42.400562 -72.52797   4     13     47  
650.0  10:50:00 42.393517 -72.52613   3     16     54  
651.0  10:51:00 42.39136 -72.52531   4     12     43  
652.0  10:52:00 42.389538 -72.52493   4     12     42  
653.0  10:53:00 42.387814 -72.52386   3     14     52  
654.0  10:54:00 42.38784 -72.52395   5     11     48  
655.0  10:55:00 42.385372 -72.521866   4     19     43  
656.0  10:56:00 42.38081 -72.51939   4     16     47  
657.0  10:57:00 42.3786 -72.51998   5     19     59  
658.0  10:58:00 42.3779 -72.52003   5     10     47  
659.0  10:59:00 42.37699 -72.52   5     12     53  
660.0  11:00:00 42.375946 -72.52001   3     11     53  
661.0  11:01:00 42.37564 -72.51926   4     15     49  
662.0  11:02:00 42.375896 -72.515854   3     14     45  
663.0  11:03:00 42.375847 -72.51004   4     19     48  
664.0  11:04:00 42.37577 -72.50421   4     17     57  
665.0  11:05:00 42.37639 -72.5008   3     16     47  
666.0  11:06:00 42.37071 -72.501816   4     17     47  
667.0  11:07:00 42.369392 -72.499084   4     14     47  
668.0  11:08:00 42.371082 -72.498276   5     18     52  
669.0  11:09:00 42.364037 -72.48972   4     13     41  
670.0  11:10:00 42.359154 -72.48546   5     18     54  
671.0  11:11:00 42.35669 -72.48532   3     16     57  
672.0  11:12:00 42.35624 -72.48516   5     15     58  
673.0  11:13:00 42.357777 -72.4839   5     12     57  
674.0  11:14:00 42.35344 -72.47601   4     10     42  
675.0  11:15:00 42.35493 -72.48029   4     12     59  
676.0  11:16:00 42.356125 -72.48092   4     19     57  
677.0  11:17:00 42.362312 -72.48815   3     16     52  
678.0  11:18:00 42.36698 -72.49341   4     14     59  
679.0  11:19:00 42.371235 -72.49854   4     19     56  
680.0  11:20:00 42.369392 -72.499146   3     10     58  
681.0  11:21:00 42.37029 -72.50189   5     13     57  
682.0  11:22:00 42.3732 -72.50108   4     11     58  
683.0  11:23:00 42.376255 -72.50134   5     14     42  
684.0  11:24:00 42.375755 -72.50712   3     13     47  
685.0  11:25:00 42.375927 -72.51276   4     10     51  
686.0  11:26:00 42.37579 -72.51798   5     12     59  
687.0  11:27:00 42.37641 -72.519936   3     18     45  
688.0  11:28:00 42.377453 -72.5198   4     14     52  
689.0  11:29:00 42.379753 -72.51947   5     19     48  
690.0  11:30:00 42.38321 -72.52067   4     16     53  
691.0  11:31:00 42.38732 -72.523094   5     12     46  
692.0  11:32:00 42.3877 -72.52374   5     12     54  
693.0  11:33:00 42.390965 -72.52527   3     10     43  
694.0  11:34:00 42.393875 -72.526184   4     19     55  
695.0  11:35:00 42.395073 -72.52692   5     17     48  
696.0  11:36:00 42.402264 -72.52843   5     12     40  
697.0  11:37:00 42.40641 -72.53011   3     11     44  
698.0  11:38:00 42.4059 -72.532486   3     18     52  
707.0  11:47:00 42.404884 -72.531685   5     17     52  
707.0  11:47:14 42.40494 -72.53113   3     12     59  
707.0  11:47:18 42.404892 -72.53148   3     10     52  
707.0  11:47:34 42.40508 -72.53045   3     15     56  
707.0  11:47:47 42.40509 -72.52984   5     10     57  
707.0  11:47:52 42.40503 -72.52973   4     19     59  
707.0  11:47:57 42.404705 -72.52968   3     18     42  
708.0  11:48:00 42.40427 -72.529686   4     11     51  
708.0  11:48:13 42.40326 -72.52915   3     17     58  
708.0  11:48:36 42.40071 -72.52795   3     18     59  
708.0  11:48:37 42.401936 -72.528366   4     19     54  
709.0  11:49:00 42.398064 -72.52804   5     17     56  
709.0  11:49:12 42.39795 -72.52808   5     10     59  
709.0  11:49:52 42.39448 -72.52656   5     12     42  
709.0  11:49:57 42.39409 -72.526344   3     11     53  
710.0  11:50:00 42.393738 -72.526146   4     12     57  
710.0  11:50:02 42.39368 -72.526115   3     13     40  
710.0  11:50:02 42.39448 -72.52656   5     18     53  
710.0  11:50:12 42.393425 -72.52596   3     19     40  
710.0  11:50:17 42.393425 -72.52594   4     18     52  
710.0  11:50:22 42.39343 -72.52594   3     18     48  
710.0  11:50:27 42.393425 -72.52595   5     15     58  
710.0  11:50:27 42.39342 -72.52595   3     15     51  
710.0  11:50:44 42.393414 -72.52597   4     13     47  
710.0  11:50:49 42.393417 -72.525955   3     14     57  
711.0  11:51:00 42.393406 -72.52601   4     17     58  
711.0  11:51:08 42.39341 -72.52598   5     14     53  
711.0  11:51:11 42.393406 -72.52601   4     11     47  
711.0  11:51:18 42.393425 -72.525955   4     17     47  
711.0  11:51:30 42.392807 -72.52567   5     15     46  
711.0  11:51:33 42.39328 -72.525856   5     15     50  
711.0  11:51:44 42.391598 -72.52537   5     10     41  
712.0  11:52:00 42.39088 -72.525314   3     18     44  
712.0  11:52:42 42.39057 -72.52526   4     15     43  
713.0  11:53:00 42.388626 -72.5245   3     11     45  
713.0  11:53:00 42.388565 -72.52447   3     17     47  
713.0  11:53:05 42.38911 -72.52474   4     13     48  
714.0  11:54:00 42.387527 -72.52333   4     14     53  
714.0  11:54:07 42.38718 -72.52288   5     18     46  
714.0  11:54:33 42.386173 -72.52248   3     10     59  
714.0  11:54:41 42.38618 -72.52245   4     11     52  
714.0  11:54:45 42.386173 -72.52247   4     18     57  
715.0  11:55:00 42.38597 -72.522514   4     18     44  
715.0  11:55:31 42.383743 -72.52101   5     16     45  
715.0  11:55:36 42.383293 -72.52079   3     13     53  
715.0  11:55:41 42.38286 -72.52054   4     15     49  
715.0  11:55:46 42.38239 -72.5202   3     16     44  
715.0  11:55:50 42.383293 -72.52079   4     14     53  
716.0  11:56:00 42.381603 -72.51941   5     10     59  
716.0  11:56:25 42.380146 -72.5195   4     14     56  
716.0  11:56:33 42.3795 -72.51971   5     10     54  
716.0  11:56:38 42.379066 -72.51991   3     12     58  
716.0  11:56:43 42.378616 -72.52   5     14     53  
717.0  11:57:00 42.377907 -72.52001   3     10     42  
717.0  11:57:02 42.377907 -72.52001   4     17     43  
717.0  11:57:05 42.378456 -72.52   5     14     57  
717.0  11:57:12 42.377895 -72.52   4     11     58  
717.0  11:57:17 42.3779 -72.520004   5     12     48  
717.0  11:57:22 42.3779 -72.52001   5     15     41  
717.0  11:57:27 42.377903 -72.52   4     18     50  
717.0  11:57:37 42.377907 -72.520004   4     18     40  
717.0  11:57:43 42.377903 -72.52   5     15     55  
717.0  11:57:49 42.377766 -72.51997   5     15     55  
717.0  11:57:49 42.377907 -72.520004   4     18     42  
717.0  11:57:59 42.37732 -72.51996   3     16     55  
718.0  11:58:00 42.37725 -72.51995   5     17     44  
718.0  11:58:04 42.377098 -72.51994   5     18     54  
718.0  11:58:10 42.376816 -72.519936   4     16     40  
718.0  11:58:31 42.37592 -72.519905   3     19     40  
718.0  11:58:36 42.375908 -72.51991   3     12     41  
718.0  11:58:42 42.37591 -72.519905   4     17     50  
718.0  11:58:45 42.375893 -72.519905   3     19     57  
718.0  11:58:55 42.37556 -72.51963   3     14     47  
719.0  11:59:00 42.375607 -72.51925   3     10     49  
719.0  11:59:00 42.375614 -72.51922   5     18     47  
719.0  11:59:05 42.37564 -72.51918   3     14     45  
719.0  11:59:08 42.375572 -72.51947   3     10     48  
719.0  11:59:16 42.375675 -72.51914   5     18     51  
719.0  11:59:22 42.375675 -72.51913   3     10     43  
719.0  11:59:27 42.375675 -72.51911   4     13     43  
719.0  11:59:29 42.375675 -72.519135   4     13     45  
719.0  11:59:37 42.375683 -72.51911   3     12     52  
719.0  11:59:42 42.375687 -72.51909   3     18     58  
719.0  11:59:48 42.37575 -72.51893   3     13     48  
719.0  11:59:58 42.375835 -72.518265   4     16     54  
720.0  12:00:00 42.37584 -72.51793   3     11     52  
720.0  12:00:09 42.375866 -72.5172   5     18     54  
720.0  12:00:14 42.37589 -72.51641   3     11     57  
720.0  12:00:19 42.37592 -72.515686   3     10     51  
720.0  12:00:25 42.375874 -72.516815   5     19     44  
720.0  12:00:30 42.37593 -72.515   5     10     58  
720.0  12:00:38 42.37595 -72.51413   3     11     54  
