600.0  10:00:00 42.357197 -72.48312   3     12     42  
601.0  10:01:00 42.35336 -72.47808   4     12     45  
602.0  10:02:00 42.35754 -72.48365   4     11     42  
602.0  10:02:25 42.361034 -72.48721   5     10     54  
602.0  10:02:30 42.36186 -72.487885   4     17     48  
603.0  10:03:00 42.363773 -72.48937   3     19     53  
603.0  10:03:24 42.366673 -72.49296   5     13     47  
603.0  10:03:34 42.366425 -72.49264   5     11     54  
603.0  10:03:56 42.37039 -72.49762   3     10     59  
604.0  10:04:00 42.371082 -72.49833   5     19     56  
604.0  10:04:01 42.371082 -72.49833   4     16     46  
604.0  10:04:11 42.37088 -72.49812   5     17     45  
605.0  10:05:00 42.369274 -72.50082   4     18     54  
605.0  10:05:52 42.372055 -72.50141   5     16     43  
605.0  10:05:57 42.37254 -72.501305   3     18     54  
605.0  10:05:59 42.3713 -72.50161   5     15     44  
606.0  10:06:00 42.37274 -72.50125   4     12     43  
607.0  10:07:00 42.373833 -72.50099   5     13     58  
607.0  10:07:04 42.37421 -72.500916   3     19     42  
607.0  10:07:09 42.374844 -72.500786   3     11     51  
607.0  10:07:59 42.376137 -72.501595   3     19     51  
608.0  10:08:00 42.37609 -72.50183   4     16     48  
608.0  10:08:22 42.375652 -72.50547   3     11     46  
608.0  10:08:42 42.375736 -72.507164   3     13     57  
609.0  10:09:00 42.37578 -72.50907   5     10     55  
609.0  10:09:05 42.375805 -72.50966   5     19     44  
609.0  10:09:11 42.375835 -72.51044   5     14     50  
609.0  10:09:19 42.375828 -72.51068   5     13     49  
610.0  10:10:00 42.375782 -72.51647   5     19     58  
610.0  10:10:04 42.375835 -72.51543   5     14     55  
610.0  10:10:18 42.375732 -72.518005   4     14     53  
610.0  10:10:23 42.375725 -72.51868   5     11     57  
610.0  10:10:26 42.375732 -72.518005   3     11     53  
610.0  10:10:37 42.375645 -72.5193   4     15     50  
610.0  10:10:42 42.37565 -72.51942   4     12     54  
610.0  10:10:48 42.375675 -72.51947   3     16     47  
610.0  10:10:49 42.375637 -72.519356   3     18     48  
611.0  10:11:00 42.375683 -72.51954   4     19     43  
611.0  10:11:01 42.375683 -72.51952   5     12     57  
611.0  10:11:06 42.375713 -72.519554   5     19     59  
611.0  10:11:11 42.375732 -72.51957   4     14     44  
611.0  10:11:16 42.375698 -72.51955   4     17     51  
611.0  10:11:26 42.37578 -72.51978   5     19     41  
611.0  10:11:32 42.375923 -72.51992   3     16     54  
611.0  10:11:44 42.376205 -72.51996   5     15     47  
611.0  10:11:52 42.37596 -72.519936   4     15     54  
612.0  10:12:00 42.37742 -72.519905   3     13     55  
612.0  10:12:14 42.377422 -72.51992   3     13     53  
612.0  10:12:37 42.378117 -72.51996   3     11     55  
612.0  10:12:56 42.37981 -72.519516   4     17     53  
613.0  10:13:00 42.379795 -72.519516   4     15     41  
613.0  10:13:01 42.379795 -72.519516   4     19     48  
613.0  10:13:06 42.3798 -72.51951   4     11     48  
613.0  10:13:09 42.379807 -72.519516   4     14     57  
613.0  10:13:46 42.382195 -72.519936   4     16     43  
613.0  10:13:51 42.38262 -72.52026   4     11     59  
613.0  10:13:56 42.38299 -72.52047   3     12     42  
614.0  10:14:00 42.38315 -72.52058   4     14     58  
614.0  10:14:01 42.383144 -72.520584   5     15     55  
614.0  10:14:06 42.383125 -72.520615   5     14     54  
614.0  10:14:15 42.38316 -72.52068   3     12     50  
614.0  10:14:16 42.383144 -72.520584   5     14     44  
614.0  10:14:25 42.384205 -72.52125   5     14     45  
615.0  10:15:00 42.386703 -72.52242   3     16     41  
615.0  10:15:01 42.386703 -72.52242   5     13     44  
615.0  10:15:20 42.387726 -72.523605   5     11     45  
615.0  10:15:25 42.387733 -72.523575   3     16     47  
615.0  10:15:30 42.387745 -72.523544   3     14     59  
615.0  10:15:35 42.38776 -72.52354   3     19     52  
615.0  10:15:36 42.387733 -72.52357   3     13     41  
615.0  10:15:51 42.387714 -72.52355   4     15     58  
615.0  10:15:56 42.38771 -72.523544   4     19     42  
616.0  10:16:00 42.38771 -72.523544   4     14     45  
616.0  10:16:01 42.38771 -72.523544   3     14     58  
616.0  10:16:02 42.387714 -72.52355   5     10     41  
617.0  10:17:00 42.3911 -72.5252   5     14     53  
617.0  10:17:11 42.39106 -72.525185   3     15     48  
618.0  10:18:00 42.393047 -72.525696   5     17     51  
618.0  10:18:20 42.39356 -72.52599   5     13     45  
618.0  10:18:42 42.393898 -72.52605   3     11     49  
618.0  10:18:59 42.39425 -72.526375   5     13     57  
619.0  10:19:00 42.394405 -72.52648   5     17     56  
619.0  10:19:04 42.393955 -72.526146   3     19     48  
619.0  10:19:14 42.39482 -72.5268   4     18     42  
619.0  10:19:20 42.39482 -72.526855   5     16     52  
619.0  10:19:25 42.39501 -72.52693   5     14     47  
619.0  10:19:26 42.394817 -72.52681   5     11     45  
620.0  10:20:00 42.39834 -72.5281   4     11     42  
620.0  10:20:03 42.398556 -72.52809   5     19     41  
620.0  10:20:04 42.397552 -72.528015   4     16     46  
620.0  10:20:13 42.399708 -72.528   5     15     45  
620.0  10:20:40 42.403072 -72.52896   4     11     52  
620.0  10:20:42 42.402115 -72.528366   4     17     50  
620.0  10:20:51 42.404083 -72.52959   4     10     49  
620.0  10:20:56 42.40402 -72.52959   4     15     46  
621.0  10:21:00 42.403996 -72.5296   3     14     51  
621.0  10:21:02 42.40399 -72.5296   4     10     53  
621.0  10:21:07 42.404083 -72.52969   4     17     44  
621.0  10:21:09 42.40401 -72.529594   3     11     40  
622.0  10:22:00 42.406254 -72.531685   5     15     49  
622.0  10:22:17 42.40608 -72.532166   5     10     55  
622.0  10:22:22 42.406055 -72.532295   5     17     43  
622.0  10:22:40 42.40582 -72.53249   5     10     56  
622.0  10:22:42 42.40605 -72.53233   3     10     53  
623.0  10:23:00 42.40579 -72.532455   4     14     48  
623.0  10:23:22 42.405777 -72.532455   5     15     45  
623.0  10:23:59 42.405807 -72.53246   5     11     58  
624.0  10:24:00 42.405807 -72.53246   4     15     50  
624.0  10:24:35 42.40581 -72.53248   3     10     58  
624.0  10:24:58 42.405815 -72.53248   3     11     41  
625.0  10:25:00 42.40582 -72.532486   5     11     47  
625.0  10:25:08 42.40582 -72.532486   3     17     57  
625.0  10:25:14 42.40582 -72.532486   5     16     56  
625.0  10:25:19 42.405834 -72.5325   3     13     53  
625.0  10:25:24 42.40585 -72.53252   5     17     59  
625.0  10:25:25 42.40582 -72.532486   4     13     43  
625.0  10:25:34 42.405857 -72.532524   4     11     55  
625.0  10:25:39 42.405865 -72.53253   3     17     50  
625.0  10:25:44 42.405865 -72.53253   4     16     46  
625.0  10:25:47 42.40586 -72.532524   5     13     53  
625.0  10:25:54 42.40584 -72.53251   5     19     53  
626.0  10:26:00 42.405827 -72.5325   3     14     42  
626.0  10:26:00 42.405823 -72.5325   4     16     57  
626.0  10:26:05 42.40581 -72.53251   5     12     40  
626.0  10:26:10 42.4058 -72.53252   3     11     44  
626.0  10:26:14 42.405815 -72.53251   5     14     48  
626.0  10:26:25 42.405804 -72.53253   4     16     52  
626.0  10:26:31 42.405815 -72.53253   5     14     50  
626.0  10:26:36 42.405804 -72.53253   3     15     45  
626.0  10:26:39 42.40582 -72.532524   3     12     54  
626.0  10:26:55 42.405823 -72.532524   5     19     44  
627.0  10:27:00 42.405823 -72.53252   5     13     45  
627.0  10:27:00 42.405823 -72.53252   5     13     55  
627.0  10:27:05 42.405823 -72.53252   5     13     42  
627.0  10:27:10 42.40582 -72.53252   5     19     42  
627.0  10:27:13 42.405823 -72.53252   4     18     49  
627.0  10:27:21 42.40582 -72.53252   5     15     57  
627.0  10:27:26 42.405823 -72.5325   4     18     51  
627.0  10:27:31 42.405827 -72.5325   4     15     56  
627.0  10:27:35 42.405823 -72.53251   5     16     59  
627.0  10:27:58 42.405827 -72.53249   3     11     59  
628.0  10:28:00 42.40581 -72.53247   3     19     57  
628.0  10:28:20 42.4058 -72.53244   4     17     59  
628.0  10:28:38 42.405785 -72.532486   3     17     58  
628.0  10:28:42 42.40578 -72.53248   4     18     42  
628.0  10:28:58 42.40579 -72.53249   3     18     49  
629.0  10:29:00 42.405785 -72.532486   4     12     41  
629.0  10:29:04 42.40578 -72.53248   4     14     42  
629.0  10:29:04 42.40579 -72.53249   4     19     52  
629.0  10:29:05 42.40579 -72.53249   3     12     42  
629.0  10:29:14 42.405777 -72.53247   4     16     45  
629.0  10:29:19 42.405777 -72.53247   4     11     43  
630.0  10:30:00 42.405777 -72.53249   3     16     48  
630.0  10:30:13 42.405777 -72.53249   3     14     46  
630.0  10:30:35 42.405815 -72.53255   5     14     41  
630.0  10:30:45 42.405838 -72.532524   5     10     51  
630.0  10:30:50 42.405834 -72.53252   4     10     55  
630.0  10:30:56 42.40583 -72.5325   3     11     57  
631.0  10:31:00 42.40583 -72.532486   5     19     41  
631.0  10:31:01 42.40583 -72.532486   3     12     51  
631.0  10:31:02 42.405834 -72.53252   5     18     42  
631.0  10:31:22 42.405827 -72.532486   4     13     41  
631.0  10:31:23 42.405827 -72.532486   3     14     55  
631.0  10:31:27 42.405827 -72.532486   4     14     45  
631.0  10:31:37 42.405296 -72.53234   3     19     48  
632.0  10:32:00 42.4049 -72.531555   5     12     48  
632.0  10:32:16 42.40499 -72.5308   4     10     42  
632.0  10:32:54 42.405075 -72.52993   4     19     51  
632.0  10:32:59 42.405037 -72.529755   4     10     43  
633.0  10:33:00 42.404984 -72.5297   3     17     47  
633.0  10:33:04 42.40475 -72.52969   5     11     49  
633.0  10:33:17 42.40406 -72.529625   5     17     58  
633.0  10:33:23 42.403187 -72.529106   3     15     41  
633.0  10:33:28 42.403206 -72.52911   5     14     43  
633.0  10:33:33 42.403214 -72.529106   5     16     50  
633.0  10:33:38 42.403175 -72.52904   4     19     57  
634.0  10:34:00 42.401 -72.527954   4     12     44  
634.0  10:34:03 42.400753 -72.52791   5     19     43  
634.0  10:34:20 42.398743 -72.52804   4     15     56  
634.0  10:34:25 42.39806 -72.52807   3     14     41  
634.0  10:34:46 42.39577 -72.52727   5     17     50  
635.0  10:35:00 42.394245 -72.52646   3     17     43  
635.0  10:35:01 42.394245 -72.52646   5     19     59  
635.0  10:35:06 42.393784 -72.52616   5     15     48  
635.0  10:35:11 42.39348 -72.52603   3     19     44  
635.0  10:35:16 42.393406 -72.52599   4     11     44  
635.0  10:35:17 42.393784 -72.52616   3     13     55  
635.0  10:35:26 42.393414 -72.526024   4     19     45  
635.0  10:35:32 42.393425 -72.52605   4     13     55  
635.0  10:35:37 42.39342 -72.52605   4     13     46  
635.0  10:35:39 42.393417 -72.52603   4     18     56  
636.0  10:36:00 42.393425 -72.526054   5     16     52  
636.0  10:36:01 42.393402 -72.52603   5     19     49  
636.0  10:36:23 42.39348 -72.52611   4     14     56  
636.0  10:36:35 42.393475 -72.52601   3     11     42  
636.0  10:36:40 42.39346 -72.52601   3     14     53  
636.0  10:36:45 42.39348 -72.526024   3     13     49  
636.0  10:36:55 42.393425 -72.52598   5     13     40  
637.0  10:37:00 42.393417 -72.52597   3     19     50  
637.0  10:37:00 42.393417 -72.52597   4     18     52  
637.0  10:37:05 42.39341 -72.52596   4     11     44  
637.0  10:37:07 42.39342 -72.52598   4     16     46  
637.0  10:37:15 42.393394 -72.525955   4     18     44  
637.0  10:37:24 42.393387 -72.525955   5     12     50  
637.0  10:37:29 42.393394 -72.52599   4     14     46  
637.0  10:37:35 42.39339 -72.52602   3     12     45  
637.0  10:37:36 42.393387 -72.525955   3     16     55  
637.0  10:37:45 42.39337 -72.526024   5     19     45  
637.0  10:37:50 42.39337 -72.52602   3     15     42  
637.0  10:37:55 42.393368 -72.52601   4     17     50  
637.0  10:37:58 42.39337 -72.52603   4     12     55  
638.0  10:38:00 42.393368 -72.52599   4     19     56  
638.0  10:38:05 42.393368 -72.52599   3     18     53  
638.0  10:38:10 42.39337 -72.52598   4     13     49  
638.0  10:38:15 42.3934 -72.52594   3     12     47  
638.0  10:38:20 42.393368 -72.525986   3     17     51  
638.0  10:38:30 42.393425 -72.525986   3     19     52  
638.0  10:38:36 42.393436 -72.52601   4     16     49  
638.0  10:38:41 42.393436 -72.52601   5     14     43  
638.0  10:38:42 42.393425 -72.525986   3     16     55  
638.0  10:38:51 42.393417 -72.52601   5     15     43  
638.0  10:38:56 42.393417 -72.52601   5     15     41  
639.0  10:39:00 42.393417 -72.526   5     12     53  
639.0  10:39:01 42.393417 -72.526   3     15     53  
639.0  10:39:04 42.393417 -72.52601   4     17     57  
639.0  10:39:11 42.393417 -72.526024   3     10     54  
639.0  10:39:16 42.393417 -72.52603   4     11     51  
639.0  10:39:21 42.393417 -72.52604   3     15     45  
639.0  10:39:26 42.393417 -72.52603   5     10     40  
639.0  10:39:36 42.393414 -72.526024   5     11     59  
639.0  10:39:43 42.393417 -72.52601   5     18     55  
639.0  10:39:48 42.393375 -72.52594   4     16     44  
639.0  10:39:48 42.393414 -72.52602   4     18     59  
640.0  10:40:00 42.39226 -72.52551   4     17     47  
641.0  10:41:00 42.390682 -72.52515   3     19     50  
641.0  10:41:19 42.390095 -72.52503   4     16     51  
641.0  10:41:30 42.38907 -72.52466   5     11     40  
641.0  10:41:40 42.38868 -72.524475   4     16     46  
641.0  10:41:41 42.38907 -72.52466   5     14     53  
641.0  10:41:50 42.388424 -72.52433   3     19     56  
641.0  10:41:55 42.38837 -72.52432   5     17     47  
642.0  10:42:00 42.388157 -72.52416   5     12     43  
642.0  10:42:30 42.38782 -72.52386   5     14     52  
642.0  10:42:52 42.38783 -72.523865   3     15     56  
643.0  10:43:00 42.387825 -72.523865   4     16     50  
643.0  10:43:15 42.387825 -72.52387   3     15     49  
643.0  10:43:34 42.387733 -72.52372   3     19     43  
643.0  10:43:43 42.38739 -72.52322   3     18     49  
643.0  10:43:48 42.387035 -72.52276   3     15     40  
644.0  10:44:00 42.386326 -72.52243   5     11     53  
645.0  10:45:00 42.382263 -72.52011   5     16     54  
646.0  10:46:00 42.37953 -72.51977   3     11     47  
646.0  10:46:16 42.37945 -72.51976   4     17     44  
646.0  10:46:21 42.379368 -72.51979   4     17     47  
647.0  10:47:00 42.37784 -72.51996   4     12     41  
647.0  10:47:10 42.377754 -72.51994   5     15     50  
647.0  10:47:16 42.37776 -72.519905   3     10     40  
647.0  10:47:21 42.377777 -72.51989   5     16     54  
647.0  10:47:26 42.37779 -72.51989   3     18     49  
647.0  10:47:31 42.377792 -72.519875   5     19     48  
647.0  10:47:31 42.377773 -72.51989   3     15     44  
647.0  10:47:41 42.37779 -72.51992   3     10     47  
647.0  10:47:46 42.377537 -72.519936   3     10     59  
647.0  10:47:51 42.377205 -72.51993   4     14     48  
647.0  10:47:53 42.377758 -72.51993   4     12     47  
648.0  10:48:00 42.37711 -72.51991   3     15     47  
648.0  10:48:01 42.37711 -72.51991   3     10     42  
648.0  10:48:10 42.37678 -72.51993   5     18     55  
648.0  10:48:15 42.376137 -72.5199   4     11     49  
648.0  10:48:44 42.375957 -72.51998   5     10     58  
648.0  10:48:49 42.37596 -72.52   4     14     58  
648.0  10:48:51 42.376972 -72.519936   3     19     43  
648.0  10:48:54 42.375957 -72.52   3     13     50  
648.0  10:48:59 42.375957 -72.520004   3     18     43  
649.0  10:49:00 42.37596 -72.52   5     19     45  
649.0  10:49:00 42.37596 -72.52   3     17     45  
649.0  10:49:09 42.375957 -72.52   5     15     45  
649.0  10:49:14 42.37595 -72.520004   4     11     53  
649.0  10:49:20 42.375935 -72.520004   3     12     41  
649.0  10:49:22 42.375954 -72.520004   4     16     47  
649.0  10:49:42 42.37559 -72.51934   4     14     58  
649.0  10:49:44 42.375587 -72.51974   3     14     56  
649.0  10:49:52 42.375607 -72.5192   4     18     41  
649.0  10:49:57 42.37563 -72.519165   4     15     54  
650.0  10:50:00 42.375637 -72.51915   4     11     42  
650.0  10:50:02 42.375637 -72.51914   5     18     48  
650.0  10:50:06 42.37562 -72.51918   3     14     59  
650.0  10:50:17 42.375748 -72.518776   5     13     55  
650.0  10:50:22 42.37578 -72.51825   5     12     58  
650.0  10:50:36 42.375797 -72.51743   4     15     55  
650.0  10:50:42 42.375797 -72.51743   3     13     42  
650.0  10:50:42 42.375763 -72.518684   5     17     57  
651.0  10:51:00 42.375896 -72.51246   3     19     44  
652.0  10:52:00 42.37577 -72.50808   4     13     53  
652.0  10:52:14 42.375748 -72.5074   4     13     53  
652.0  10:52:19 42.37573 -72.507225   4     15     52  
652.0  10:52:24 42.375732 -72.5072   3     16     52  
652.0  10:52:29 42.375725 -72.507195   5     13     44  
652.0  10:52:34 42.375732 -72.5072   4     10     45  
653.0  10:53:00 42.37602 -72.50239   4     18     50  
653.0  10:53:01 42.37602 -72.50239   3     16     54  
653.0  10:53:07 42.376175 -72.50159   4     11     42  
653.0  10:53:09 42.37593 -72.50295   4     18     42  
654.0  10:54:00 42.376377 -72.50057   3     13     40  
654.0  10:54:17 42.37491 -72.50075   3     18     45  
654.0  10:54:22 42.374317 -72.50089   5     13     57  
654.0  10:54:54 42.37263 -72.50143   3     16     43  
654.0  10:54:59 42.372105 -72.5015   4     13     52  
655.0  10:55:00 42.371754 -72.501564   4     11     50  
656.0  10:56:00 42.369278 -72.499405   5     18     56  
656.0  10:56:05 42.36935 -72.49915   4     11     45  
656.0  10:56:10 42.369728 -72.49903   4     16     41  
656.0  10:56:16 42.370052 -72.499054   5     18     45  
656.0  10:56:22 42.369728 -72.49903   3     19     49  
656.0  10:56:22 42.37018 -72.499115   5     10     47  
656.0  10:56:32 42.370197 -72.49911   4     14     46  
656.0  10:56:41 42.370773 -72.49907   3     18     51  
656.0  10:56:46 42.371014 -72.498825   3     15     58  
656.0  10:56:51 42.371105 -72.49864   5     19     55  
656.0  10:56:56 42.371105 -72.4986   4     16     40  
656.0  10:56:59 42.371067 -72.49872   3     13     50  
657.0  10:57:00 42.371098 -72.49857   3     17     54  
657.0  10:57:06 42.37112 -72.49852   4     17     56  
657.0  10:57:11 42.37113 -72.49833   4     14     53  
657.0  10:57:17 42.370804 -72.49803   3     15     54  
658.0  10:58:00 42.365494 -72.491554   5     18     44  
659.0  10:59:00 42.359997 -72.4863   4     14     43  
660.0  11:00:00 42.35598 -72.48577   5     10     52  
661.0  11:01:00 42.357273 -72.48526   3     17     51  
662.0  11:02:00 42.357815 -72.484055   4     16     57  
663.0  11:03:00 42.353313 -72.47542   5     19     54  
664.0  11:04:00 42.35473 -72.48017   3     14     58  
665.0  11:05:00 42.3569 -72.48249   5     12     41  
665.0  11:05:48 42.361607 -72.487656   3     12     51  
666.0  11:06:00 42.362305 -72.48813   3     15     58  
667.0  11:07:00 42.3652 -72.49107   3     19     57  
667.0  11:07:15 42.366596 -72.49285   5     18     42  
667.0  11:07:28 42.36712 -72.4935   3     17     58  
667.0  11:07:29 42.366596 -72.49285   4     15     42  
667.0  11:07:39 42.369137 -72.496086   4     11     46  
668.0  11:08:00 42.371243 -72.498474   5     10     53  
668.0  11:08:23 42.370243 -72.49914   3     13     47  
668.0  11:08:29 42.37025 -72.49913   5     15     43  
668.0  11:08:35 42.37026 -72.49913   5     17     53  
668.0  11:08:39 42.370247 -72.49913   3     12     52  
668.0  11:08:50 42.36949 -72.4991   3     18     41  
669.0  11:09:00 42.369247 -72.49987   5     19     51  
670.0  11:10:00 42.369717 -72.50206   5     18     45  
670.0  11:10:11 42.37064 -72.501816   3     13     48  
670.0  11:10:17 42.3712 -72.50165   3     13     59  
670.0  11:10:24 42.37201 -72.50145   3     16     47  
670.0  11:10:25 42.37087 -72.50175   3     10     45  
670.0  11:10:34 42.37263 -72.501305   5     10     55  
670.0  11:10:55 42.374294 -72.500916   3     13     42  
671.0  11:11:00 42.374958 -72.50077   3     12     45  
672.0  11:12:00 42.376278 -72.50138   4     16     46  
672.0  11:12:05 42.376236 -72.501564   5     15     46  
672.0  11:12:42 42.37576 -72.5071   4     12     59  
672.0  11:12:47 42.375755 -72.50709   4     15     57  
673.0  11:13:00 42.37575 -72.507904   3     16     46  
673.0  11:13:16 42.37584 -72.51016   3     10     52  
673.0  11:13:21 42.375816 -72.51072   5     14     53  
674.0  11:14:00 42.375904 -72.512985   3     14     41  
674.0  11:14:20 42.375866 -72.51594   4     11     52  
674.0  11:14:25 42.375854 -72.51664   5     16     46  
674.0  11:14:29 42.375885 -72.51562   4     15     56  
674.0  11:14:40 42.375793 -72.51843   4     10     48  
674.0  11:14:45 42.37578 -72.51889   4     18     55  
674.0  11:14:50 42.375763 -72.519   3     15     52  
674.0  11:14:51 42.37579 -72.51853   5     11     58  
675.0  11:15:00 42.37575 -72.519905   5     19     44  
675.0  11:15:04 42.37573 -72.51984   3     16     51  
675.0  11:15:55 42.376953 -72.51995   5     10     40  
675.0  11:15:57 42.376953 -72.51995   4     17     53  
676.0  11:16:00 42.37744 -72.51987   4     14     44  
676.0  11:16:06 42.377438 -72.51987   4     13     48  
676.0  11:16:11 42.37743 -72.51986   5     15     40  
676.0  11:16:16 42.37743 -72.51981   5     18     45  
676.0  11:16:20 42.37743 -72.51987   5     17     51  
676.0  11:16:27 42.377453 -72.51975   4     11     58  
677.0  11:17:00 42.37738 -72.51994   4     15     45  
677.0  11:17:18 42.378036 -72.519936   4     19     41  
677.0  11:17:23 42.378517 -72.51993   4     16     49  
677.0  11:17:28 42.378918 -72.519905   4     12     56  
677.0  11:17:33 42.379253 -72.51978   4     11     52  
677.0  11:17:38 42.379665 -72.5196   4     10     55  
677.0  11:17:40 42.378986 -72.51989   4     12     57  
678.0  11:18:00 42.381363 -72.51932   5     15     40  
678.0  11:18:22 42.381348 -72.519356   5     19     45  
678.0  11:18:30 42.381355 -72.51934   4     19     41  
678.0  11:18:31 42.38134 -72.51936   5     13     52  
678.0  11:18:56 42.382423 -72.52024   4     10     49  
679.0  11:19:00 42.38303 -72.520615   3     11     40  
679.0  11:19:01 42.382923 -72.52055   5     11     59  
679.0  11:19:12 42.38356 -72.52092   5     15     51  
680.0  11:20:00 42.387165 -72.52293   5     11     49  
681.0  11:21:00 42.387707 -72.52355   3     17     50  
682.0  11:22:00 42.387733 -72.52361   4     18     58  
682.0  11:22:07 42.38775 -72.523674   4     19     40  
682.0  11:22:08 42.38773 -72.52361   5     12     44  
682.0  11:22:17 42.38821 -72.5242   3     13     49  
682.0  11:22:22 42.388508 -72.52442   5     19     47  
682.0  11:22:28 42.388626 -72.52451   5     19     48  
682.0  11:22:33 42.38881 -72.5246   3     12     56  
683.0  11:23:00 42.390865 -72.5252   4     14     40  
684.0  11:24:00 42.393192 -72.525856   4     12     47  
684.0  11:24:20 42.393867 -72.52617   3     15     58  
684.0  11:24:25 42.393875 -72.52615   3     14     47  
684.0  11:24:28 42.393864 -72.526184   3     11     55  
684.0  11:24:35 42.393898 -72.526146   4     10     52  
684.0  11:24:40 42.3939 -72.52612   3     18     40  
684.0  11:24:45 42.393898 -72.52611   5     12     56  
684.0  11:24:50 42.3939 -72.52609   4     14     41  
684.0  11:24:51 42.3939 -72.52613   5     15     59  
685.0  11:25:00 42.393913 -72.526085   5     13     51  
685.0  11:25:00 42.393917 -72.52609   5     16     44  
685.0  11:25:09 42.393925 -72.52615   3     12     47  
685.0  11:25:12 42.393917 -72.52609   4     18     57  
685.0  11:25:19 42.394398 -72.5265   4     14     51  
685.0  11:25:25 42.39468 -72.526695   5     15     56  
685.0  11:25:30 42.394764 -72.526764   3     11     51  
685.0  11:25:34 42.394596 -72.526634   5     10     55  
686.0  11:26:00 42.396862 -72.527756   5     19     54  
686.0  11:26:31 42.40042 -72.52797   4     13     46  
686.0  11:26:43 42.40198 -72.52836   5     11     45  
686.0  11:26:53 42.40263 -72.52872   5     13     53  
687.0  11:27:00 42.404163 -72.52975   5     16     41  
687.0  11:27:01 42.404163 -72.52975   3     10     54  
687.0  11:27:59 42.406246 -72.53183   4     15     43  
688.0  11:28:00 42.40623 -72.53187   5     11     46  
688.0  11:28:04 42.406185 -72.532   5     11     56  
688.0  11:28:09 42.406113 -72.532166   3     15     47  
688.0  11:28:14 42.406216 -72.5319   4     14     44  
688.0  11:28:25 42.405907 -72.5325   5     18     51  
688.0  11:28:30 42.40585 -72.53249   4     16     43  
688.0  11:28:35 42.40584 -72.532486   3     15     55  
688.0  11:28:41 42.40583 -72.53247   3     10     46  
688.0  11:28:41 42.40585 -72.53249   4     12     55  
688.0  11:28:51 42.40583 -72.53244   5     15     51  
688.0  11:28:56 42.40582 -72.53246   5     15     58  
689.0  11:29:00 42.405815 -72.53246   4     19     52  
689.0  11:29:01 42.405815 -72.53246   4     14     53  
689.0  11:29:06 42.40582 -72.53246   5     16     49  
689.0  11:29:06 42.40583 -72.53245   3     18     48  
689.0  11:29:27 42.40584 -72.532455   3     16     50  
689.0  11:29:32 42.405853 -72.532455   3     16     52  
689.0  11:29:38 42.40586 -72.532455   3     16     54  
689.0  11:29:43 42.40587 -72.53246   4     10     44  
689.0  11:29:43 42.405853 -72.532455   4     10     54  
689.0  11:29:53 42.40585 -72.53245   5     15     43  
689.0  11:29:58 42.405865 -72.53245   4     19     46  
690.0  11:30:00 42.405872 -72.532455   5     10     49  
690.0  11:30:03 42.40587 -72.53244   3     15     55  
690.0  11:30:05 42.405853 -72.53245   5     14     55  
690.0  11:30:13 42.40583 -72.53241   4     11     44  
690.0  11:30:18 42.40584 -72.53242   5     14     45  
690.0  11:30:24 42.405876 -72.53244   3     12     41  
690.0  11:30:28 42.405838 -72.53241   4     17     59  
690.0  11:30:34 42.405888 -72.53246   4     13     50  
690.0  11:30:39 42.40589 -72.53247   4     10     48  
690.0  11:30:44 42.405876 -72.53246   4     14     41  
690.0  11:30:49 42.40587 -72.532455   3     16     58  
690.0  11:30:50 42.405895 -72.53247   4     18     54  
691.0  11:31:00 42.405853 -72.53245   3     18     51  
691.0  11:31:12 42.405838 -72.53245   5     12     48  
691.0  11:31:12 42.405857 -72.53245   4     13     48  
691.0  11:31:22 42.405853 -72.53243   5     14     54  
691.0  11:31:27 42.405853 -72.53243   3     13     42  
691.0  11:31:32 42.40585 -72.53244   3     15     59  
691.0  11:31:34 42.405853 -72.53243   4     13     54  
691.0  11:31:42 42.40585 -72.53246   4     14     55  
691.0  11:31:47 42.40584 -72.53246   5     17     52  
691.0  11:31:52 42.40584 -72.53246   3     19     47  
691.0  11:31:57 42.40584 -72.532455   5     10     46  
692.0  11:32:00 42.405846 -72.53247   4     18     47  
692.0  11:32:08 42.405846 -72.53246   4     12     52  
692.0  11:32:13 42.405846 -72.53247   5     17     55  
692.0  11:32:18 42.40584 -72.53246   3     15     51  
692.0  11:32:19 42.405846 -72.53246   4     14     57  
692.0  11:32:28 42.40584 -72.53246   5     18     55  
692.0  11:32:33 42.40584 -72.53246   3     14     57  
692.0  11:32:38 42.40584 -72.53247   5     11     52  
692.0  11:32:41 42.40584 -72.53246   4     19     51  
693.0  11:33:00 42.40516 -72.53239   3     17     49  
693.0  11:33:38 42.405006 -72.53078   3     13     42  
693.0  11:33:58 42.405098 -72.53015   4     15     53  
694.0  11:34:00 42.405087 -72.5299   3     19     53  
694.0  11:34:02 42.40509 -72.53043   4     14     50  
694.0  11:34:13 42.404682 -72.529686   5     10     50  
694.0  11:34:32 42.40377 -72.52949   5     13     53  
694.0  11:34:33 42.402782 -72.52882   5     10     43  
694.0  11:34:44 42.400757 -72.52793   5     10     40  
695.0  11:35:00 42.398697 -72.52805   3     11     47  
695.0  11:35:01 42.398796 -72.52804   5     17     47  
695.0  11:35:06 42.39827 -72.52807   5     19     55  
695.0  11:35:11 42.398148 -72.52809   3     15     53  
695.0  11:35:15 42.398502 -72.52806   4     17     42  
695.0  11:35:53 42.39626 -72.52751   4     16     44  
696.0  11:36:00 42.395634 -72.52718   3     11     53  
696.0  11:36:15 42.395622 -72.52717   3     16     46  
696.0  11:36:37 42.394653 -72.526695   5     18     44  
696.0  11:36:59 42.3935 -72.52602   3     13     44  
697.0  11:37:00 42.39339 -72.52601   4     16     46  
698.0  11:38:00 42.39086 -72.525185   5     10     59  
698.0  11:38:45 42.388687 -72.524536   3     17     49  
699.0  11:39:00 42.387882 -72.52403   4     13     47  
699.0  11:39:43 42.386356 -72.52239   4     14     56  
699.0  11:39:48 42.38698 -72.522736   4     11     49  
699.0  11:39:59 42.386276 -72.522415   4     17     49  
700.0  11:40:00 42.386135 -72.52244   5     10     50  
700.0  11:40:30 42.384613 -72.52146   3     17     58  
700.0  11:40:33 42.38495 -72.521645   3     16     48  
700.0  11:40:40 42.383476 -72.520836   5     18     45  
700.0  11:40:45 42.383057 -72.52061   5     15     43  
701.0  11:41:00 42.381737 -72.51963   3     12     46  
701.0  11:41:30 42.380016 -72.51951   3     15     45  
702.0  11:42:00 42.37951 -72.51969   4     19     48  
702.0  11:42:03 42.37951 -72.51969   4     13     46  
702.0  11:42:08 42.379333 -72.519745   4     10     40  
702.0  11:42:13 42.37951 -72.51969   5     11     55  
702.0  11:42:23 42.378227 -72.51996   4     18     53  
702.0  11:42:28 42.37822 -72.519966   5     18     41  
702.0  11:42:35 42.378223 -72.51996   3     14     58  
702.0  11:42:36 42.378178 -72.51997   5     10     49  
702.0  11:42:41 42.378143 -72.51998   3     11     48  
702.0  11:42:47 42.378166 -72.519966   5     18     43  
703.0  11:43:00 42.37818 -72.51995   4     18     49  
703.0  11:43:33 42.377953 -72.52   3     10     56  
703.0  11:43:38 42.377956 -72.52   5     13     43  
703.0  11:43:43 42.377953 -72.51999   5     18     46  
703.0  11:43:46 42.377956 -72.52   4     19     57  
703.0  11:43:53 42.377937 -72.52   5     11     47  
703.0  11:43:58 42.37791 -72.520004   4     17     44  
704.0  11:44:00 42.3779 -72.520004   4     14     41  
704.0  11:44:03 42.377895 -72.520004   5     11     42  
704.0  11:44:08 42.37792 -72.520004   3     10     46  
704.0  11:44:22 42.37784 -72.520004   3     11     40  
704.0  11:44:27 42.377304 -72.51996   4     15     46  
704.0  11:44:30 42.37784 -72.520004   5     14     57  
704.0  11:44:59 42.375977 -72.519775   3     10     58  
705.0  11:45:00 42.375965 -72.519775   4     14     44  
705.0  11:45:01 42.376324 -72.51988   4     14     58  
705.0  11:45:09 42.375946 -72.51978   3     13     54  
705.0  11:45:14 42.37593 -72.519806   5     10     50  
705.0  11:45:19 42.375935 -72.51979   4     10     42  
705.0  11:45:23 42.375935 -72.5198   4     11     44  
705.0  11:45:34 42.375954 -72.51976   3     10     49  
705.0  11:45:39 42.375965 -72.519745   5     16     50  
705.0  11:45:46 42.376015 -72.51969   3     12     40  
705.0  11:45:48 42.375954 -72.51976   3     16     50  
705.0  11:45:57 42.375885 -72.51973   3     18     54  
706.0  11:46:00 42.37574 -72.519775   4     15     52  
706.0  11:46:02 42.37574 -72.519775   4     19     42  
706.0  11:46:07 42.375713 -72.51981   5     19     53  
706.0  11:46:10 42.375767 -72.51976   4     15     45  
706.0  11:46:17 42.375607 -72.51946   3     19     53  
706.0  11:46:22 42.37564 -72.51918   3     11     55  
706.0  11:46:27 42.37564 -72.51918   3     11     41  
706.0  11:46:35 42.37568 -72.519035   3     16     50  
706.0  11:46:35 42.37563 -72.51921   5     16     58  
706.0  11:46:45 42.375786 -72.51838   5     19     42  
706.0  11:46:51 42.3758 -72.51787   4     19     49  
706.0  11:46:56 42.37581 -72.51728   5     11     55  
707.0  11:47:00 42.37585 -72.51636   3     15     53  
707.0  11:47:01 42.37585 -72.51636   5     13     41  
707.0  11:47:02 42.3758 -72.51777   3     15     41  
708.0  11:48:00 42.37583 -72.51201   4     17     44  
708.0  11:48:57 42.375797 -72.5076   4     16     56  
709.0  11:49:00 42.37578 -72.5075   5     18     57  
709.0  11:49:02 42.375763 -72.50752   3     17     57  
709.0  11:49:07 42.375732 -72.507614   5     16     52  
709.0  11:49:08 42.375797 -72.5076   4     18     40  
709.0  11:49:17 42.375732 -72.507095   3     19     46  
709.0  11:49:46 42.37609 -72.50207   3     18     51  
709.0  11:49:51 42.37619 -72.50156   4     13     59  
709.0  11:49:56 42.376186 -72.50155   4     18     54  
710.0  11:50:00 42.376198 -72.50156   3     13     57  
710.0  11:50:01 42.376198 -72.50156   3     10     40  
710.0  11:50:06 42.376183 -72.50156   5     16     49  
711.0  11:51:00 42.375095 -72.50071   5     17     42  
711.0  11:51:04 42.374863 -72.50075   5     17     59  
711.0  11:51:09 42.37431 -72.50088   4     16     56  
712.0  11:52:00 42.373 -72.50118   5     10     50  
712.0  11:52:32 42.37235 -72.50132   5     11     44  
712.0  11:52:37 42.371677 -72.50146   5     10     52  
713.0  11:53:00 42.369267 -72.5019   4     17     49  
714.0  11:54:00 42.370403 -72.49915   3     13     43  
714.0  11:54:35 42.370686 -72.49796   4     17     43  
714.0  11:54:47 42.36936 -72.49639   4     16     44  
715.0  11:55:00 42.36752 -72.49405   4     17     43  
715.0  11:55:05 42.36701 -72.49343   5     13     52  
716.0  11:56:00 42.35964 -72.48606   4     14     59  
717.0  11:57:00 42.35564 -72.48546   5     16     48  
718.0  11:58:00 42.35826 -72.484695   4     19     47  
719.0  11:59:00 42.353348 -72.475174   3     19     45  
720.0  12:00:00 42.35579 -72.4804   4     17     45  
