600.0  10:00:00 42.392353 -72.53597   3     14     50  
600.0  10:00:04 42.392353 -72.53597   5     13     59  
600.0  10:00:15 42.392376 -72.53602   4     14     52  
600.0  10:00:23 42.392372 -72.53601   3     19     45  
600.0  10:00:32 42.39237 -72.536   5     14     50  
600.0  10:00:40 42.392376 -72.53601   4     19     59  
600.0  10:00:48 42.392372 -72.536   3     15     44  
600.0  10:00:57 42.392372 -72.53601   5     16     56  
601.0  10:01:00 42.392357 -72.53598   3     13     42  
601.0  10:01:07 42.392357 -72.53598   3     11     46  
601.0  10:01:15 42.39233 -72.53594   5     16     49  
601.0  10:01:24 42.39231 -72.53591   5     12     51  
601.0  10:01:32 42.392315 -72.53592   4     17     48  
601.0  10:01:41 42.392345 -72.53598   4     10     53  
601.0  10:01:49 42.39234 -72.53598   5     13     53  
602.0  10:02:00 42.392372 -72.53603   5     10     58  
602.0  10:02:00 42.392376 -72.53603   4     16     40  
602.0  10:02:09 42.39238 -72.536026   4     14     47  
602.0  10:02:18 42.39238 -72.536026   4     14     54  
602.0  10:02:26 42.392372 -72.53602   5     13     42  
602.0  10:02:35 42.392353 -72.53599   3     10     40  
602.0  10:02:43 42.392357 -72.536   3     19     45  
602.0  10:02:53 42.392372 -72.53602   4     10     47  
603.0  10:03:00 42.39236 -72.53599   4     12     40  
603.0  10:03:01 42.39237 -72.536   3     18     41  
603.0  10:03:10 42.39237 -72.535995   5     18     42  
603.0  10:03:18 42.392376 -72.53601   5     10     57  
603.0  10:03:27 42.392376 -72.53601   5     12     53  
603.0  10:03:36 42.39237 -72.536   5     10     46  
603.0  10:03:46 42.392365 -72.535995   4     15     41  
603.0  10:03:55 42.39236 -72.535995   4     19     40  
604.0  10:04:00 42.392376 -72.53603   5     15     57  
604.0  10:04:03 42.392376 -72.536026   4     14     43  
604.0  10:04:12 42.392387 -72.53606   3     11     48  
604.0  10:04:20 42.392395 -72.536064   3     19     47  
604.0  10:04:28 42.392387 -72.536064   4     19     58  
604.0  10:04:39 42.392395 -72.53607   3     19     55  
604.0  10:04:47 42.392395 -72.53569   5     16     56  
604.0  10:04:56 42.392464 -72.53486   5     13     44  
605.0  10:05:00 42.392582 -72.53425   4     17     43  
605.0  10:05:04 42.392586 -72.53421   5     10     41  
605.0  10:05:13 42.392567 -72.53411   3     15     51  
605.0  10:05:22 42.39254 -72.53406   4     19     58  
605.0  10:05:33 42.392536 -72.53406   3     10     54  
605.0  10:05:41 42.392612 -72.53387   4     10     43  
605.0  10:05:50 42.393208 -72.534065   3     11     41  
605.0  10:05:59 42.39419 -72.53429   5     13     52  
606.0  10:06:00 42.39476 -72.53431   4     12     54  
606.0  10:06:07 42.395103 -72.53403   3     15     40  
606.0  10:06:16 42.39537 -72.53289   3     18     47  
606.0  10:06:28 42.395412 -72.53232   5     19     42  
606.0  10:06:36 42.39551 -72.532104   4     10     58  
606.0  10:06:45 42.39574 -72.53123   3     14     46  
606.0  10:06:54 42.39577 -72.530334   4     11     52  
607.0  10:07:00 42.39507 -72.52921   5     15     44  
607.0  10:07:02 42.395138 -72.52932   4     10     51  
607.0  10:07:11 42.394764 -72.52831   3     12     59  
607.0  10:07:21 42.3951 -72.5272   4     11     54  
607.0  10:07:30 42.395092 -72.52688   5     17     49  
607.0  10:07:39 42.39456 -72.5266   5     11     54  
607.0  10:07:47 42.394073 -72.526344   4     10     47  
607.0  10:07:56 42.393665 -72.52613   3     12     45  
608.0  10:08:00 42.39339 -72.526024   4     15     58  
608.0  10:08:04 42.39337 -72.52601   4     17     57  
608.0  10:08:15 42.39338 -72.52601   5     19     56  
608.0  10:08:23 42.393375 -72.52604   4     15     51  
608.0  10:08:32 42.393337 -72.526   3     19     45  
608.0  10:08:41 42.393295 -72.52596   5     12     49  
608.0  10:08:49 42.393314 -72.52594   4     18     50  
608.0  10:08:58 42.393322 -72.526   4     18     40  
609.0  10:09:00 42.39331 -72.52603   5     17     44  
609.0  10:09:08 42.39317 -72.52594   3     19     45  
609.0  10:09:17 42.392868 -72.525795   5     16     46  
609.0  10:09:26 42.392628 -72.52562   3     19     55  
609.0  10:09:34 42.391827 -72.52531   3     17     52  
609.0  10:09:43 42.391148 -72.5252   4     17     45  
609.0  10:09:51 42.39088 -72.525215   5     12     54  
610.0  10:10:00 42.3909 -72.52519   4     14     53  
610.0  10:10:02 42.390892 -72.5252   4     13     43  
610.0  10:10:11 42.390816 -72.52517   4     12     42  
610.0  10:10:20 42.390156 -72.52501   3     18     47  
610.0  10:10:29 42.389202 -72.5247   3     14     43  
610.0  10:10:38 42.38831 -72.524284   3     15     55  
610.0  10:10:46 42.387775 -72.52386   3     16     58  
610.0  10:10:57 42.387764 -72.52386   5     16     53  
611.0  10:11:00 42.38776 -72.52385   3     19     56  
611.0  10:11:05 42.38776 -72.52385   5     17     48  
611.0  10:11:13 42.387764 -72.523834   3     14     40  
611.0  10:11:22 42.387463 -72.523346   5     19     45  
611.0  10:11:31 42.38679 -72.52254   4     15     43  
611.0  10:11:40 42.386208 -72.522415   3     15     42  
611.0  10:11:50 42.38612 -72.52249   4     12     40  
611.0  10:11:59 42.386116 -72.52254   3     10     54  
612.0  10:12:00 42.386124 -72.52254   3     17     46  
612.0  10:12:08 42.386127 -72.52252   3     17     56  
612.0  10:12:16 42.38612 -72.5225   5     11     57  
612.0  10:12:24 42.3861 -72.522514   4     17     46  
612.0  10:12:33 42.38576 -72.52249   3     14     42  
612.0  10:12:43 42.385036 -72.52168   4     12     46  
612.0  10:12:51 42.384167 -72.52121   4     10     57  
613.0  10:13:00 42.38328 -72.520706   3     15     42  
613.0  10:13:00 42.382854 -72.52044   5     14     46  
613.0  10:13:16 42.382366 -72.52009   4     19     57  
613.0  10:13:28 42.38168 -72.51949   4     12     44  
613.0  10:13:42 42.381622 -72.51919   5     18     50  
613.0  10:13:51 42.38236 -72.51913   5     18     53  
614.0  10:14:00 42.38358 -72.51859   4     11     57  
614.0  10:14:03 42.38337 -72.51876   3     13     56  
614.0  10:14:11 42.38373 -72.51846   3     13     56  
614.0  10:14:20 42.38372 -72.51846   3     13     40  
614.0  10:14:30 42.384083 -72.51825   5     18     45  
614.0  10:14:39 42.384724 -72.51789   3     17     59  
614.0  10:14:54 42.384724 -72.51789   4     13     54  
615.0  10:15:00 42.387985 -72.517006   5     13     52  
615.0  10:15:02 42.387863 -72.51702   4     12     47  
615.0  10:15:11 42.388596 -72.51689   4     15     47  
615.0  10:15:22 42.388737 -72.51694   5     14     48  
615.0  10:15:31 42.388927 -72.51749   5     12     47  
615.0  10:15:42 42.388985 -72.51764   5     15     40  
615.0  10:15:50 42.388977 -72.517685   5     13     55  
616.0  10:16:00 42.388943 -72.51778   4     10     44  
616.0  10:16:00 42.38894 -72.51777   5     16     57  
616.0  10:16:09 42.38897 -72.517746   5     16     48  
616.0  10:16:19 42.388836 -72.517784   4     17     47  
616.0  10:16:28 42.388817 -72.51783   4     19     44  
616.0  10:16:36 42.388855 -72.517815   5     10     53  
616.0  10:16:45 42.388866 -72.51776   4     18     59  
616.0  10:16:53 42.388878 -72.5178   4     15     40  
617.0  10:17:00 42.388893 -72.51783   3     15     56  
617.0  10:17:01 42.388897 -72.51782   5     13     49  
617.0  10:17:12 42.388912 -72.51786   5     11     48  
617.0  10:17:20 42.38895 -72.51787   4     13     40  
617.0  10:17:28 42.388973 -72.51786   5     16     51  
617.0  10:17:36 42.38897 -72.517914   5     17     41  
617.0  10:17:46 42.388973 -72.51795   4     18     45  
617.0  10:17:54 42.388992 -72.51794   4     17     48  
618.0  10:18:00 42.3893 -72.51826   5     19     52  
618.0  10:18:05 42.389294 -72.5183   4     18     47  
618.0  10:18:13 42.38914 -72.51888   3     13     49  
618.0  10:18:22 42.389606 -72.51895   5     18     49  
618.0  10:18:31 42.39034 -72.519196   5     12     43  
618.0  10:18:39 42.390667 -72.519745   4     14     49  
618.0  10:18:47 42.391068 -72.51976   3     13     54  
618.0  10:18:57 42.391853 -72.52002   4     12     51  
619.0  10:19:00 42.391945 -72.52007   3     12     47  
619.0  10:19:09 42.39194 -72.52007   4     18     47  
619.0  10:19:17 42.392303 -72.52015   4     19     53  
619.0  10:19:26 42.392506 -72.51929   3     11     46  
619.0  10:19:34 42.39272 -72.51839   4     13     40  
619.0  10:19:43 42.39272 -72.517166   4     18     54  
619.0  10:19:56 42.392693 -72.5163   3     13     55  
620.0  10:20:00 42.39335 -72.51606   4     19     41  
620.0  10:20:04 42.393475 -72.51601   4     15     52  
620.0  10:20:13 42.394596 -72.5157   4     12     49  
620.0  10:20:21 42.39563 -72.51549   3     16     53  
620.0  10:20:29 42.39562 -72.51503   3     18     46  
620.0  10:20:36 42.39553 -72.51466   5     17     52  
620.0  10:20:47 42.395515 -72.51463   3     12     47  
620.0  10:20:55 42.39533 -72.51409   3     13     41  
621.0  10:21:00 42.395153 -72.513115   5     10     55  
621.0  10:21:03 42.395153 -72.513115   5     16     53  
621.0  10:21:11 42.39513 -72.51226   4     14     40  
621.0  10:21:20 42.394833 -72.51197   4     10     45  
621.0  10:21:29 42.394783 -72.511345   3     16     43  
621.0  10:21:39 42.39526 -72.51097   4     19     43  
621.0  10:21:48 42.39571 -72.51125   4     15     57  
621.0  10:21:56 42.395954 -72.5111   5     13     42  
622.0  10:22:00 42.396015 -72.51111   4     11     52  
622.0  10:22:05 42.39602 -72.51111   3     10     45  
622.0  10:22:14 42.396015 -72.51111   4     13     44  
622.0  10:22:22 42.396015 -72.51109   5     18     57  
622.0  10:22:33 42.396145 -72.51106   4     19     58  
622.0  10:22:42 42.39649 -72.51131   4     15     40  
622.0  10:22:50 42.396458 -72.51202   4     12     41  
622.0  10:22:59 42.395836 -72.51281   3     19     40  
623.0  10:23:00 42.395428 -72.512985   5     16     52  
623.0  10:23:07 42.39534 -72.51304   5     11     58  
623.0  10:23:15 42.395283 -72.513115   4     15     58  
623.0  10:23:26 42.3953 -72.51378   3     17     57  
623.0  10:23:34 42.39565 -72.51475   3     11     50  
623.0  10:23:43 42.39572 -72.51548   3     11     50  
623.0  10:23:51 42.3957 -72.51546   4     11     56  
624.0  10:24:00 42.395744 -72.51549   5     15     47  
624.0  10:24:00 42.395905 -72.515465   5     15     53  
624.0  10:24:08 42.39631 -72.51539   5     16     51  
624.0  10:24:19 42.39769 -72.51555   3     18     53  
624.0  10:24:27 42.39843 -72.515656   3     12     55  
624.0  10:24:36 42.39848 -72.515884   4     17     54  
624.0  10:24:44 42.398148 -72.51691   3     10     48  
624.0  10:24:53 42.39768 -72.51825   5     12     53  
625.0  10:25:00 42.397324 -72.51988   3     11     58  
625.0  10:25:02 42.397366 -72.51953   3     19     45  
625.0  10:25:13 42.397198 -72.52123   5     13     59  
625.0  10:25:22 42.397175 -72.521805   3     16     44  
625.0  10:25:31 42.397175 -72.52169   5     17     53  
625.0  10:25:39 42.39718 -72.52169   3     13     59  
625.0  10:25:47 42.39724 -72.52166   5     19     52  
625.0  10:25:56 42.397243 -72.52179   3     10     49  
626.0  10:26:00 42.3972 -72.52191   4     14     52  
626.0  10:26:06 42.3972 -72.52192   4     12     48  
626.0  10:26:14 42.397205 -72.52186   5     14     48  
626.0  10:26:22 42.397163 -72.52196   4     19     44  
626.0  10:26:31 42.397163 -72.521996   3     16     57  
626.0  10:26:39 42.39719 -72.52195   3     10     49  
626.0  10:26:48 42.397198 -72.52193   4     14     40  
626.0  10:26:59 42.397213 -72.521866   3     15     48  
627.0  10:27:00 42.397163 -72.5222   4     15     47  
627.0  10:27:08 42.39707 -72.522575   4     13     44  
627.0  10:27:17 42.39667 -72.523415   3     10     45  
627.0  10:27:25 42.396114 -72.52422   4     19     49  
627.0  10:27:33 42.39576 -72.52528   4     18     49  
627.0  10:27:41 42.395504 -72.52608   3     15     47  
627.0  10:27:52 42.39533 -72.52659   5     14     55  
628.0  10:28:00 42.395348 -72.52656   3     16     55  
628.0  10:28:00 42.39535 -72.52655   5     12     49  
628.0  10:28:08 42.395348 -72.52655   5     18     46  
628.0  10:28:16 42.395313 -72.5266   4     17     49  
628.0  10:28:24 42.395294 -72.52665   4     18     49  
628.0  10:28:32 42.395275 -72.52669   4     18     55  
628.0  10:28:42 42.39526 -72.526794   5     10     50  
628.0  10:28:50 42.394863 -72.52686   5     12     52  
628.0  10:28:59 42.39433 -72.52656   5     19     56  
629.0  10:29:00 42.39405 -72.526375   4     15     45  
629.0  10:29:08 42.394016 -72.52634   5     19     44  
629.0  10:29:16 42.39368 -72.526146   5     19     54  
629.0  10:29:25 42.393402 -72.526   5     13     52  
629.0  10:29:35 42.393387 -72.525986   3     13     43  
629.0  10:29:43 42.393383 -72.52597   4     16     49  
629.0  10:29:52 42.39337 -72.525955   3     16     48  
630.0  10:30:00 42.393353 -72.52592   4     15     45  
630.0  10:30:00 42.393345 -72.5259   5     19     44  
630.0  10:30:09 42.39335 -72.52591   3     16     41  
630.0  10:30:18 42.39337 -72.525955   5     10     54  
630.0  10:30:29 42.39336 -72.525925   4     15     50  
630.0  10:30:38 42.39332 -72.52586   3     13     44  
630.0  10:30:47 42.392868 -72.52567   5     14     57  
630.0  10:30:55 42.39236 -72.525536   3     16     48  
631.0  10:31:00 42.391685 -72.52537   4     13     51  
631.0  10:31:04 42.391685 -72.52537   5     15     57  
631.0  10:31:13 42.391033 -72.5253   3     19     48  
631.0  10:31:23 42.390877 -72.52531   5     11     40  
631.0  10:31:31 42.390903 -72.52529   5     15     50  
631.0  10:31:39 42.390453 -72.52516   3     15     52  
631.0  10:31:47 42.389664 -72.52498   3     19     57  
631.0  10:31:55 42.388893 -72.52461   3     14     54  
632.0  10:32:00 42.38813 -72.52415   3     14     57  
632.0  10:32:03 42.38813 -72.52415   3     15     45  
632.0  10:32:14 42.38776 -72.52383   4     10     58  
632.0  10:32:22 42.387764 -72.523834   5     15     54  
632.0  10:32:30 42.387653 -72.523605   4     16     52  
632.0  10:32:38 42.387207 -72.52299   3     10     44  
632.0  10:32:46 42.38688 -72.52263   3     17     55  
632.0  10:32:55 42.386314 -72.52248   3     12     53  
633.0  10:33:00 42.386 -72.52262   4     14     47  
633.0  10:33:05 42.386005 -72.52273   3     12     41  
633.0  10:33:14 42.386086 -72.523415   5     15     47  
633.0  10:33:21 42.38583 -72.52451   3     19     45  
633.0  10:33:29 42.385803 -72.525154   4     13     55  
633.0  10:33:37 42.386353 -72.52544   3     15     51  
633.0  10:33:46 42.386986 -72.52573   4     16     52  
633.0  10:33:56 42.38714 -72.526344   5     12     45  
634.0  10:34:00 42.38708 -72.52647   4     10     45  
634.0  10:34:04 42.38708 -72.52647   3     13     47  
634.0  10:34:12 42.387108 -72.52647   4     11     56  
634.0  10:34:20 42.386887 -72.52635   5     15     45  
634.0  10:34:28 42.386143 -72.526115   5     15     50  
634.0  10:34:36 42.38562 -72.52591   3     14     49  
634.0  10:34:46 42.38542 -72.52639   5     19     53  
634.0  10:34:55 42.38517 -72.52738   5     18     41  
635.0  10:35:00 42.384987 -72.52824   4     13     40  
635.0  10:35:03 42.38498 -72.5283   5     10     44  
635.0  10:35:12 42.38493 -72.52844   3     15     40  
635.0  10:35:21 42.384865 -72.528534   3     17     52  
635.0  10:35:30 42.384888 -72.529236   5     11     45  
635.0  10:35:40 42.385147 -72.5304   5     11     55  
635.0  10:35:49 42.38514 -72.53085   4     15     44  
635.0  10:35:57 42.38507 -72.53105   4     15     50  
636.0  10:36:00 42.38505 -72.53108   3     16     55  
636.0  10:36:05 42.38506 -72.531075   3     10     50  
636.0  10:36:13 42.38509 -72.53099   4     19     49  
636.0  10:36:21 42.385162 -72.530785   5     14     51  
636.0  10:36:31 42.385136 -72.53083   4     11     43  
636.0  10:36:42 42.385143 -72.53096   5     16     41  
636.0  10:36:56 42.385143 -72.53096   4     17     58  
637.0  10:37:00 42.384777 -72.53269   3     10     40  
637.0  10:37:05 42.38467 -72.532684   5     19     52  
637.0  10:37:16 42.38396 -72.53217   5     16     46  
637.0  10:37:36 42.38192 -72.531784   4     13     48  
637.0  10:37:56 42.379875 -72.532005   5     18     53  
638.0  10:38:00 42.377514 -72.532364   3     16     42  
638.0  10:38:06 42.377514 -72.53255   4     14     42  
638.0  10:38:14 42.377594 -72.5337   3     19     45  
638.0  10:38:25 42.37758 -72.53426   5     17     57  
638.0  10:38:33 42.378048 -72.53423   5     16     44  
638.0  10:38:41 42.378956 -72.53412   4     17     59  
638.0  10:38:49 42.379517 -72.53406   5     16     49  
638.0  10:38:57 42.379623 -72.53404   5     12     45  
639.0  10:39:00 42.379944 -72.534004   4     14     40  
639.0  10:39:05 42.380093 -72.534   5     13     58  
639.0  10:39:15 42.38079 -72.53393   5     16     47  
639.0  10:39:24 42.381413 -72.533844   4     14     55  
639.0  10:39:33 42.38199 -72.53379   3     10     57  
639.0  10:39:42 42.38216 -72.53367   3     13     47  
639.0  10:39:50 42.382187 -72.53286   4     18     50  
639.0  10:39:59 42.38233 -72.531944   5     18     47  
640.0  10:40:00 42.38236 -72.531845   3     13     48  
640.0  10:40:14 42.38277 -72.53181   5     13     43  
640.0  10:40:22 42.384193 -72.532234   4     14     47  
640.0  10:40:31 42.384773 -72.53248   4     11     51  
640.0  10:40:44 42.38496 -72.53208   5     16     51  
640.0  10:40:53 42.385105 -72.53125   5     18     59  
641.0  10:41:00 42.385777 -72.53095   4     12     47  
641.0  10:41:08 42.386227 -72.53112   5     16     56  
641.0  10:41:19 42.38743 -72.53161   3     18     44  
641.0  10:41:27 42.38833 -72.531975   4     18     56  
641.0  10:41:35 42.388996 -72.53226   3     14     56  
641.0  10:41:44 42.38972 -72.53258   4     15     53  
641.0  10:41:52 42.389812 -72.53261   5     16     40  
642.0  10:42:00 42.3901 -72.53277   5     13     56  
642.0  10:42:01 42.389904 -72.53268   3     18     45  
642.0  10:42:11 42.390938 -72.53311   4     17     42  
642.0  10:42:19 42.391712 -72.53345   3     15     43  
642.0  10:42:28 42.39229 -72.53369   3     16     47  
642.0  10:42:37 42.392437 -72.53374   3     17     44  
642.0  10:42:45 42.392452 -72.53373   5     13     58  
642.0  10:42:54 42.39263 -72.53382   4     17     50  
643.0  10:43:00 42.392506 -72.53463   3     16     48  
643.0  10:43:05 42.392487 -72.53474   3     12     54  
643.0  10:43:13 42.392426 -72.535545   3     16     49  
643.0  10:43:22 42.392494 -72.53621   4     18     50  
643.0  10:43:30 42.39264 -72.53686   5     13     46  
643.0  10:43:39 42.39243 -72.53645   5     17     51  
643.0  10:43:48 42.392403 -72.53611   3     14     58  
643.0  10:43:58 42.392406 -72.53608   4     12     40  
644.0  10:44:00 42.3924 -72.53606   3     11     45  
644.0  10:44:06 42.392395 -72.53606   5     15     44  
644.0  10:44:15 42.392395 -72.536064   4     17     50  
644.0  10:44:23 42.392376 -72.53606   4     15     44  
644.0  10:44:32 42.39237 -72.53606   3     13     53  
644.0  10:44:41 42.39235 -72.53603   3     13     48  
644.0  10:44:51 42.392338 -72.53601   4     10     44  
645.0  10:45:00 42.39233 -72.53601   3     13     54  
645.0  10:45:00 42.39233 -72.53601   4     11     42  
645.0  10:45:08 42.392323 -72.53601   4     12     53  
645.0  10:45:16 42.39231 -72.535995   4     19     59  
645.0  10:45:25 42.392277 -72.53595   3     14     53  
645.0  10:45:34 42.39227 -72.53596   4     16     50  
645.0  10:45:44 42.392273 -72.53593   4     13     44  
645.0  10:45:53 42.392292 -72.535965   3     13     40  
646.0  10:46:00 42.392303 -72.53598   3     13     51  
646.0  10:46:02 42.392307 -72.53599   3     15     56  
646.0  10:46:10 42.392326 -72.53601   4     15     49  
646.0  10:46:19 42.39231 -72.53598   3     11     46  
646.0  10:46:27 42.392323 -72.53598   5     15     49  
646.0  10:46:38 42.392303 -72.535934   5     15     51  
646.0  10:46:46 42.392345 -72.53604   5     10     56  
646.0  10:46:54 42.392365 -72.53607   5     18     59  
647.0  10:47:00 42.39234 -72.53602   5     14     45  
647.0  10:47:03 42.39234 -72.536026   3     11     57  
647.0  10:47:11 42.39233 -72.53599   3     11     56  
647.0  10:47:20 42.392323 -72.53597   5     13     57  
647.0  10:47:31 42.392296 -72.535934   5     14     47  
647.0  10:47:39 42.392303 -72.53596   3     15     42  
647.0  10:47:47 42.392292 -72.535934   3     14     48  
647.0  10:47:56 42.3923 -72.53595   5     13     51  
648.0  10:48:00 42.392323 -72.53598   5     19     42  
648.0  10:48:05 42.392326 -72.53599   5     12     50  
648.0  10:48:13 42.392334 -72.536   5     15     54  
648.0  10:48:23 42.392303 -72.535965   5     14     52  
648.0  10:48:32 42.392284 -72.53594   5     13     43  
648.0  10:48:41 42.392277 -72.53593   4     10     56  
648.0  10:48:49 42.39226 -72.53589   5     13     41  
648.0  10:48:58 42.392273 -72.53593   3     11     47  
649.0  10:49:00 42.392258 -72.53591   3     14     56  
649.0  10:49:06 42.39225 -72.535904   4     18     48  
649.0  10:49:16 42.392246 -72.53587   5     14     44  
649.0  10:49:24 42.39223 -72.53579   4     17     56  
649.0  10:49:33 42.392227 -72.53576   5     12     43  
649.0  10:49:41 42.392284 -72.53571   3     19     52  
649.0  10:49:50 42.392414 -72.535385   5     11     44  
649.0  10:49:58 42.39252 -72.5345   4     10     54  
650.0  10:50:00 42.392544 -72.53427   3     11     46  
650.0  10:50:08 42.392548 -72.53427   5     12     59  
650.0  10:50:16 42.392563 -72.534225   5     10     44  
650.0  10:50:25 42.39262 -72.534004   5     11     49  
650.0  10:50:33 42.392635 -72.53385   5     15     59  
650.0  10:50:41 42.39287 -72.53313   4     19     55  
650.0  10:50:50 42.39323 -72.53244   4     17     48  
651.0  10:51:00 42.393414 -72.53305   4     12     58  
651.0  10:51:00 42.393497 -72.53321   4     16     57  
651.0  10:51:08 42.39365 -72.53323   5     10     58  
651.0  10:51:17 42.393703 -72.53322   5     13     58  
651.0  10:51:27 42.393726 -72.53321   5     10     44  
651.0  10:51:35 42.393665 -72.53278   5     11     47  
651.0  10:51:45 42.393364 -72.53252   5     15     50  
651.0  10:51:55 42.393013 -72.53291   3     15     47  
652.0  10:52:00 42.392788 -72.53372   5     10     45  
652.0  10:52:03 42.3928 -72.53367   3     18     40  
652.0  10:52:12 42.392754 -72.533844   3     14     48  
652.0  10:52:20 42.393284 -72.53411   3     13     46  
652.0  10:52:29 42.394306 -72.53435   5     10     52  
652.0  10:52:37 42.39516 -72.533936   3     11     43  
652.0  10:52:47 42.39538 -72.532585   5     16     40  
652.0  10:52:55 42.395428 -72.53238   5     11     50  
653.0  10:53:00 42.395485 -72.532265   3     19     50  
653.0  10:53:04 42.395485 -72.532265   4     13     43  
653.0  10:53:12 42.395744 -72.53149   4     12     46  
653.0  10:53:20 42.395855 -72.530685   3     15     41  
653.0  10:53:28 42.395454 -72.52987   4     19     54  
653.0  10:53:39 42.394825 -72.52867   5     10     48  
653.0  10:53:48 42.39497 -72.527466   4     18     43  
653.0  10:53:56 42.395206 -72.52696   5     12     52  
654.0  10:54:00 42.394886 -72.526794   4     13     53  
654.0  10:54:05 42.39473 -72.52672   3     18     40  
654.0  10:54:13 42.39396 -72.52628   4     12     53  
654.0  10:54:22 42.393417 -72.52602   5     17     53  
654.0  10:54:39 42.393375 -72.52606   5     10     46  
654.0  10:54:47 42.39332 -72.52607   3     13     59  
654.0  10:54:56 42.39328 -72.52611   5     16     42  
655.0  10:55:00 42.393295 -72.52611   5     14     46  
655.0  10:55:05 42.393295 -72.52611   4     14     48  
655.0  10:55:13 42.393333 -72.52601   5     18     56  
655.0  10:55:24 42.392708 -72.525696   5     13     56  
655.0  10:55:32 42.39194 -72.52543   4     18     52  
655.0  10:55:41 42.391323 -72.525314   4     14     57  
655.0  10:55:49 42.390907 -72.525276   5     19     54  
655.0  10:55:58 42.390907 -72.525276   3     16     55  
656.0  10:56:00 42.39086 -72.525215   5     10     40  
656.0  10:56:06 42.390747 -72.525185   3     17     58  
656.0  10:56:17 42.389988 -72.52504   3     16     43  
656.0  10:56:25 42.389343 -72.52484   3     19     46  
656.0  10:56:34 42.38892 -72.524666   5     14     42  
656.0  10:56:43 42.38881 -72.52458   4     16     40  
656.0  10:56:52 42.388706 -72.52453   3     19     55  
657.0  10:57:00 42.388268 -72.524254   3     12     45  
657.0  10:57:00 42.38803 -72.52409   5     17     59  
657.0  10:57:11 42.3878 -72.52386   3     12     40  
657.0  10:57:20 42.387833 -72.523895   5     15     40  
657.0  10:57:28 42.387848 -72.5239   4     15     58  
657.0  10:57:37 42.387848 -72.5239   3     11     58  
657.0  10:57:45 42.387833 -72.52388   5     14     49  
657.0  10:57:54 42.38784 -72.52389   4     15     43  
658.0  10:58:00 42.387833 -72.52387   4     18     51  
658.0  10:58:04 42.38783 -72.52387   3     13     59  
658.0  10:58:13 42.38783 -72.52387   5     14     46  
658.0  10:58:21 42.387806 -72.52384   3     19     43  
658.0  10:58:30 42.3878 -72.52384   4     11     50  
658.0  10:58:39 42.387806 -72.52385   4     14     56  
658.0  10:58:47 42.38778 -72.52381   4     11     44  
658.0  10:58:58 42.387775 -72.5238   3     18     47  
659.0  10:59:00 42.38778 -72.52381   5     19     49  
659.0  10:59:06 42.38777 -72.5238   4     12     51  
659.0  10:59:15 42.38775 -72.52372   4     11     58  
659.0  10:59:24 42.387432 -72.52326   4     11     55  
659.0  10:59:33 42.38704 -72.52276   5     16     58  
659.0  10:59:42 42.386497 -72.522385   5     11     57  
659.0  10:59:53 42.386093 -72.52251   5     17     59  
660.0  11:00:00 42.385746 -72.52235   3     13     57  
660.0  11:00:02 42.38582 -72.522484   3     10     59  
660.0  11:00:11 42.385296 -72.52183   5     14     54  
660.0  11:00:24 42.384266 -72.52123   4     10     46  
660.0  11:00:33 42.38275 -72.52041   3     15     50  
660.0  11:00:46 42.38165 -72.51945   3     11     52  
660.0  11:00:53 42.381615 -72.519394   4     18     57  
661.0  11:01:00 42.381622 -72.5194   5     14     46  
661.0  11:01:02 42.381626 -72.5194   5     10     41  
661.0  11:01:10 42.381607 -72.51938   3     16     41  
661.0  11:01:22 42.381607 -72.51938   4     18     44  
661.0  11:01:31 42.381634 -72.519424   3     17     42  
661.0  11:01:41 42.381577 -72.51928   4     10     52  
661.0  11:01:50 42.381943 -72.51913   4     16     43  
661.0  11:01:59 42.38216 -72.51912   3     11     42  
662.0  11:02:00 42.382217 -72.51913   4     13     57  
662.0  11:02:10 42.38249 -72.51916   5     11     49  
662.0  11:02:19 42.383354 -72.518776   4     10     56  
662.0  11:02:29 42.38455 -72.51798   4     11     56  
662.0  11:02:39 42.38621 -72.51737   3     10     40  
662.0  11:02:48 42.38737 -72.5171   3     19     53  
662.0  11:02:57 42.38857 -72.516884   3     16     56  
663.0  11:03:00 42.388836 -72.51707   4     15     57  
663.0  11:03:05 42.38884 -72.517105   5     12     45  
663.0  11:03:13 42.388943 -72.51751   4     12     43  
663.0  11:03:22 42.388947 -72.51757   3     11     57  
663.0  11:03:32 42.38897 -72.5177   5     16     55  
663.0  11:03:41 42.38924 -72.51832   5     17     47  
663.0  11:03:49 42.3891 -72.51868   5     14     54  
663.0  11:03:58 42.38908 -72.51881   4     11     42  
664.0  11:04:00 42.389263 -72.51888   4     13     55  
664.0  11:04:06 42.38944 -72.5189   5     15     54  
664.0  11:04:17 42.38989 -72.51903   5     18     51  
664.0  11:04:28 42.390064 -72.51905   4     18     51  
664.0  11:04:36 42.390514 -72.5193   5     10     50  
664.0  11:04:45 42.390705 -72.51972   4     11     56  
664.0  11:04:54 42.391373 -72.519936   4     13     57  
665.0  11:05:00 42.391884 -72.52005   4     12     41  
665.0  11:05:03 42.391884 -72.52005   4     13     48  
665.0  11:05:11 42.39193 -72.52005   5     13     58  
665.0  11:05:22 42.39213 -72.520195   3     12     40  
665.0  11:05:29 42.39249 -72.51992   5     12     50  
665.0  11:05:38 42.392605 -72.51914   4     13     41  
665.0  11:05:46 42.39274 -72.51817   5     18     40  
665.0  11:05:54 42.392693 -72.51709   3     14     53  
666.0  11:06:00 42.39249 -72.516304   5     13     53  
666.0  11:06:03 42.392487 -72.51629   4     17     55  
666.0  11:06:13 42.393215 -72.516106   3     18     50  
666.0  11:06:22 42.39439 -72.51572   3     19     57  
666.0  11:06:30 42.395634 -72.515465   4     14     52  
666.0  11:06:39 42.3957 -72.514984   3     13     56  
666.0  11:06:47 42.395412 -72.51414   4     10     59  
666.0  11:06:56 42.395153 -72.51311   4     17     43  
667.0  11:07:00 42.39514 -72.51234   4     16     43  
667.0  11:07:06 42.3951 -72.51221   4     13     41  
667.0  11:07:14 42.39475 -72.51186   5     18     41  
667.0  11:07:27 42.394802 -72.511116   5     13     48  
667.0  11:07:36 42.394947 -72.51097   5     15     58  
667.0  11:07:45 42.395515 -72.51097   5     14     47  
667.0  11:07:56 42.39589 -72.5112   5     19     59  
668.0  11:08:00 42.39625 -72.51104   4     14     51  
668.0  11:08:05 42.396286 -72.51104   5     16     42  
668.0  11:08:14 42.396404 -72.5117   3     11     43  
668.0  11:08:22 42.396156 -72.51263   4     11     54  
668.0  11:08:30 42.395523 -72.51308   5     18     54  
668.0  11:08:39 42.395237 -72.51321   5     16     44  
668.0  11:08:49 42.39536 -72.5141   3     11     57  
668.0  11:08:58 42.395668 -72.51508   5     18     41  
669.0  11:09:00 42.3957 -72.515465   3     17     50  
669.0  11:09:07 42.39569 -72.51549   4     19     48  
669.0  11:09:16 42.39589 -72.5155   5     11     42  
669.0  11:09:24 42.39684 -72.51551   4     15     50  
669.0  11:09:33 42.398094 -72.51563   4     14     54  
669.0  11:09:43 42.398483 -72.51592   3     15     47  
669.0  11:09:51 42.3981 -72.51703   4     17     46  
670.0  11:10:00 42.39761 -72.518486   3     14     53  
670.0  11:10:00 42.397484 -72.5189   3     13     46  
670.0  11:10:09 42.397335 -72.519554   4     12     54  
670.0  11:10:17 42.397247 -72.52066   5     14     44  
670.0  11:10:26 42.39719 -72.521545   3     13     51  
670.0  11:10:36 42.3972 -72.52169   5     12     52  
670.0  11:10:45 42.39719 -72.52175   3     10     53  
670.0  11:10:53 42.397133 -72.52185   5     17     40  
671.0  11:11:00 42.397156 -72.52185   4     12     52  
671.0  11:11:01 42.39714 -72.52186   3     19     55  
671.0  11:11:09 42.397175 -72.521805   3     13     40  
671.0  11:11:18 42.397175 -72.52181   5     19     56  
671.0  11:11:29 42.39719 -72.52174   5     18     52  
671.0  11:11:37 42.397167 -72.52181   3     18     46  
671.0  11:11:45 42.397034 -72.52252   5     18     40  
671.0  11:11:56 42.396633 -72.52348   5     14     43  
672.0  11:12:00 42.395966 -72.52465   3     15     44  
672.0  11:12:05 42.39592 -72.52479   3     10     46  
672.0  11:12:14 42.395714 -72.525536   4     16     58  
672.0  11:12:24 42.39572 -72.52548   3     16     57  
672.0  11:12:33 42.39564 -72.52562   4     10     59  
672.0  11:12:41 42.395435 -72.52626   5     13     52  
672.0  11:12:49 42.395325 -72.52663   3     13     57  
672.0  11:12:58 42.395325 -72.52663   4     13     59  
673.0  11:13:00 42.395325 -72.52663   3     18     40  
673.0  11:13:07 42.39532 -72.526634   3     10     42  
673.0  11:13:17 42.395042 -72.52703   3     15     45  
673.0  11:13:26 42.39449 -72.52664   5     12     51  
673.0  11:13:34 42.394325 -72.52652   4     10     57  
673.0  11:13:43 42.394012 -72.52637   3     18     58  
673.0  11:13:51 42.39394 -72.5264   5     16     51  
674.0  11:14:00 42.393898 -72.52634   5     17     47  
674.0  11:14:00 42.393925 -72.52633   4     18     44  
674.0  11:14:10 42.393917 -72.52633   3     10     49  
674.0  11:14:19 42.39371 -72.52619   5     18     43  
674.0  11:14:30 42.393585 -72.526146   5     17     56  
674.0  11:14:39 42.393394 -72.52603   4     19     54  
674.0  11:14:48 42.39336 -72.525986   5     10     52  
674.0  11:14:56 42.393345 -72.52599   3     16     43  
675.0  11:15:00 42.393333 -72.52598   5     16     58  
675.0  11:15:07 42.39334 -72.52597   3     12     44  
675.0  11:15:15 42.39325 -72.52588   4     14     45  
675.0  11:15:23 42.392532 -72.5256   3     15     46  
675.0  11:15:32 42.391815 -72.5254   3     12     50  
675.0  11:15:41 42.391155 -72.52531   4     10     53  
675.0  11:15:49 42.39086 -72.52531   5     11     54  
676.0  11:16:00 42.390816 -72.52533   5     12     46  
676.0  11:16:02 42.390823 -72.52532   5     11     55  
676.0  11:16:10 42.390816 -72.52536   4     17     45  
676.0  11:16:18 42.390804 -72.525314   4     12     50  
676.0  11:16:26 42.390476 -72.525154   5     19     55  
676.0  11:16:34 42.389767 -72.524956   4     14     42  
676.0  11:16:42 42.389076 -72.52468   4     15     51  
676.0  11:16:53 42.3888 -72.52456   4     11     40  
677.0  11:17:00 42.388466 -72.52438   5     14     59  
677.0  11:17:01 42.388577 -72.52445   3     11     48  
677.0  11:17:10 42.388237 -72.524216   3     10     50  
677.0  11:17:18 42.3878 -72.52387   4     15     59  
677.0  11:17:26 42.38776 -72.52382   4     14     58  
677.0  11:17:35 42.387768 -72.52381   4     11     50  
677.0  11:17:45 42.387665 -72.52358   5     19     45  
677.0  11:17:54 42.387264 -72.52303   3     17     50  
678.0  11:18:00 42.38686 -72.522644   5     14     47  
678.0  11:18:02 42.38691 -72.52268   5     19     52  
678.0  11:18:11 42.386406 -72.52251   5     12     58  
678.0  11:18:19 42.386074 -72.522766   3     13     55  
678.0  11:18:28 42.38603 -72.52363   5     11     56  
678.0  11:18:39 42.38576 -72.52474   5     10     57  
678.0  11:18:48 42.385723 -72.52509   4     17     55  
678.0  11:18:56 42.38616 -72.52533   4     14     42  
679.0  11:19:00 42.386734 -72.52559   5     19     51  
679.0  11:19:04 42.386806 -72.52563   3     19     44  
679.0  11:19:13 42.387295 -72.52598   4     15     47  
679.0  11:19:22 42.38727 -72.526245   3     17     54  
679.0  11:19:32 42.387264 -72.526245   3     16     50  
679.0  11:19:41 42.387295 -72.52624   3     12     47  
679.0  11:19:49 42.387245 -72.52631   3     17     48  
679.0  11:19:58 42.38693 -72.526375   5     17     53  
680.0  11:20:00 42.386566 -72.52623   4     11     58  
680.0  11:20:07 42.386337 -72.52614   5     10     52  
680.0  11:20:15 42.385952 -72.526024   4     11     40  
680.0  11:20:26 42.38568 -72.52593   5     17     57  
680.0  11:20:34 42.3855 -72.52589   4     17     52  
680.0  11:20:44 42.38535 -72.52648   5     18     42  
680.0  11:20:52 42.385067 -72.52772   5     10     51  
681.0  11:21:00 42.38495 -72.52842   3     13     56  
681.0  11:21:01 42.38495 -72.52841   5     17     50  
681.0  11:21:09 42.38494 -72.52842   4     11     40  
681.0  11:21:20 42.384914 -72.52846   5     19     50  
681.0  11:21:28 42.384876 -72.5285   4     18     48  
681.0  11:21:36 42.38488 -72.5285   5     14     48  
681.0  11:21:45 42.38483 -72.528725   3     13     40  
681.0  11:21:54 42.38497 -72.529915   3     16     48  
682.0  11:22:00 42.385105 -72.53049   5     19     47  
682.0  11:22:02 42.385105 -72.53049   4     19     53  
682.0  11:22:13 42.38511 -72.5304   3     12     55  
682.0  11:22:22 42.385105 -72.530396   4     14     54  
682.0  11:22:32 42.385143 -72.53091   3     15     52  
682.0  11:22:41 42.384937 -72.53222   5     16     43  
682.0  11:22:49 42.3849 -72.53233   3     17     44  
682.0  11:22:57 42.384876 -72.53242   5     12     43  
683.0  11:23:00 42.384846 -72.53253   5     11     41  
683.0  11:23:08 42.38478 -72.532684   3     10     52  
683.0  11:23:16 42.38463 -72.532616   4     18     43  
683.0  11:23:25 42.383953 -72.5322   5     13     54  
683.0  11:23:33 42.38286 -72.53184   5     18     44  
683.0  11:23:42 42.38171 -72.53173   3     17     48  
683.0  11:23:50 42.380543 -72.531876   4     16     44  
684.0  11:24:00 42.37847 -72.53217   5     19     55  
684.0  11:24:01 42.37878 -72.532135   3     17     53  
684.0  11:24:10 42.3777 -72.532295   4     19     55  
684.0  11:24:19 42.377563 -72.53301   5     11     50  
684.0  11:24:27 42.377583 -72.53396   4     18     59  
684.0  11:24:35 42.377617 -72.53424   5     16     48  
684.0  11:24:43 42.3783 -72.53417   5     12     46  
684.0  11:24:54 42.37939 -72.53405   4     14     48  
685.0  11:25:00 42.379684 -72.534004   4     10     46  
685.0  11:25:03 42.37964 -72.53401   5     15     50  
685.0  11:25:12 42.380054 -72.533966   3     10     58  
685.0  11:25:21 42.380104 -72.53394   5     16     59  
685.0  11:25:29 42.380444 -72.53391   3     16     47  
685.0  11:25:38 42.381107 -72.53385   4     13     42  
685.0  11:25:48 42.38193 -72.53379   4     13     59  
685.0  11:25:57 42.382145 -72.533775   3     14     56  
686.0  11:26:00 42.3822 -72.533295   5     18     45  
686.0  11:26:06 42.3822 -72.53307   5     14     53  
686.0  11:26:14 42.38233 -72.53204   3     16     42  
686.0  11:26:22 42.382328 -72.5319   5     18     50  
686.0  11:26:31 42.382317 -72.5318   4     18     52  
686.0  11:26:41 42.38317 -72.53188   4     17     43  
686.0  11:26:50 42.383797 -72.53208   4     16     57  
686.0  11:26:58 42.384487 -72.53233   3     18     52  
687.0  11:27:00 42.38475 -72.532455   5     14     57  
687.0  11:27:06 42.384747 -72.532455   4     17     45  
687.0  11:27:15 42.384945 -72.53208   5     13     51  
687.0  11:27:26 42.38508 -72.53138   3     16     40  
687.0  11:27:37 42.38505 -72.53138   5     18     55  
687.0  11:27:45 42.385044 -72.531395   4     13     47  
687.0  11:27:54 42.38504 -72.53138   4     10     47  
688.0  11:28:00 42.38509 -72.53142   3     13     41  
688.0  11:28:03 42.385082 -72.53141   5     15     42  
688.0  11:28:11 42.385136 -72.53102   3     14     46  
688.0  11:28:19 42.385723 -72.53093   5     14     59  
688.0  11:28:29 42.386955 -72.53143   5     10     57  
688.0  11:28:37 42.38792 -72.531815   5     15     56  
688.0  11:28:46 42.388737 -72.53215   3     15     41  
688.0  11:28:55 42.389664 -72.53253   5     15     45  
689.0  11:29:00 42.390682 -72.53296   3     10     41  
689.0  11:29:03 42.390682 -72.53296   4     14     52  
689.0  11:29:13 42.39172 -72.53339   5     19     43  
689.0  11:29:23 42.392513 -72.53372   5     11     43  
689.0  11:29:32 42.392735 -72.53353   3     10     40  
689.0  11:29:40 42.393093 -72.53269   4     12     58  
689.0  11:29:48 42.39347 -72.532585   4     18     49  
689.0  11:29:56 42.39346 -72.53299   3     11     43  
690.0  11:30:00 42.39353 -72.53323   3     19     40  
690.0  11:30:04 42.39356 -72.53323   4     17     47  
690.0  11:30:15 42.393707 -72.5331   3     15     53  
690.0  11:30:23 42.39374 -72.53288   3     12     54  
690.0  11:30:32 42.39375 -72.532875   3     17     58  
690.0  11:30:41 42.39375 -72.53287   4     15     47  
690.0  11:30:50 42.39375 -72.532875   4     12     59  
690.0  11:30:58 42.39373 -72.53285   4     19     44  
691.0  11:31:00 42.39375 -72.532875   3     17     53  
691.0  11:31:08 42.39374 -72.53286   5     19     50  
691.0  11:31:17 42.393753 -72.53286   4     14     56  
691.0  11:31:25 42.39376 -72.53286   5     16     41  
691.0  11:31:33 42.393753 -72.53284   5     13     42  
691.0  11:31:41 42.39375 -72.532814   5     13     47  
691.0  11:31:49 42.393715 -72.53277   4     11     46  
692.0  11:32:00 42.393696 -72.532745   5     18     56  
692.0  11:32:00 42.393684 -72.53274   5     18     51  
692.0  11:32:08 42.393673 -72.53273   4     17     48  
692.0  11:32:17 42.393658 -72.53273   4     14     59  
692.0  11:32:25 42.393654 -72.53275   3     16     52  
692.0  11:32:33 42.39369 -72.53279   4     11     56  
692.0  11:32:41 42.393703 -72.5328   3     11     51  
692.0  11:32:54 42.393738 -72.532845   5     10     56  
693.0  11:33:00 42.393715 -72.53282   3     15     46  
693.0  11:33:02 42.39372 -72.53282   3     19     52  
693.0  11:33:11 42.393723 -72.53284   4     12     56  
693.0  11:33:20 42.393677 -72.53278   4     13     40  
693.0  11:33:28 42.39365 -72.532745   5     12     56  
693.0  11:33:36 42.393677 -72.53277   3     18     56  
693.0  11:33:47 42.393696 -72.5328   5     13     41  
693.0  11:33:55 42.393715 -72.532814   5     19     58  
694.0  11:34:00 42.393723 -72.53281   3     16     51  
694.0  11:34:04 42.393723 -72.53281   3     11     41  
694.0  11:34:12 42.393726 -72.53281   5     18     50  
694.0  11:34:21 42.39373 -72.53281   4     12     40  
694.0  11:34:30 42.39373 -72.5328   4     15     56  
694.0  11:34:41 42.393715 -72.53276   3     18     56  
694.0  11:34:50 42.39372 -72.53277   5     18     45  
694.0  11:34:59 42.39371 -72.53277   5     13     40  
695.0  11:35:00 42.39373 -72.53279   3     13     58  
695.0  11:35:07 42.39372 -72.53278   3     15     42  
695.0  11:35:15 42.39372 -72.53278   3     17     40  
695.0  11:35:24 42.393726 -72.53281   4     12     57  
695.0  11:35:34 42.39371 -72.5328   4     16     49  
695.0  11:35:43 42.393703 -72.53278   4     14     45  
695.0  11:35:51 42.3937 -72.53277   5     11     51  
695.0  11:35:59 42.393692 -72.53277   4     11     54  
696.0  11:36:00 42.393692 -72.532776   3     11     41  
696.0  11:36:08 42.393692 -72.532776   5     11     54  
696.0  11:36:16 42.39369 -72.53276   3     15     42  
696.0  11:36:26 42.393684 -72.53275   3     13     59  
696.0  11:36:35 42.39369 -72.53275   4     11     52  
696.0  11:36:44 42.39368 -72.53275   3     13     44  
696.0  11:36:52 42.39369 -72.53265   4     14     59  
697.0  11:37:00 42.393417 -72.53255   4     19     51  
697.0  11:37:00 42.393333 -72.53244   3     12     40  
697.0  11:37:08 42.393246 -72.5324   5     10     44  
697.0  11:37:18 42.392876 -72.53318   4     14     48  
697.0  11:37:27 42.392754 -72.53371   3     18     51  
697.0  11:37:35 42.39254 -72.534515   5     19     45  
697.0  11:37:43 42.39239 -72.535355   3     18     47  
697.0  11:37:51 42.392418 -72.53617   5     11     47  
697.0  11:37:59 42.392544 -72.53666   3     10     58  
698.0  11:38:00 42.392662 -72.53682   5     10     52  
698.0  11:38:10 42.39245 -72.53692   5     15     58  
698.0  11:38:18 42.392437 -72.53642   4     12     53  
698.0  11:38:26 42.392426 -72.53619   3     18     51  
698.0  11:38:35 42.39238 -72.53613   3     10     50  
698.0  11:38:43 42.392433 -72.535805   3     15     48  
698.0  11:38:52 42.39249 -72.53507   4     10     45  
699.0  11:39:00 42.392616 -72.53407   3     19     57  
699.0  11:39:03 42.392612 -72.53412   4     17     49  
699.0  11:39:12 42.39259 -72.53403   5     14     46  
699.0  11:39:20 42.392616 -72.53392   4     13     46  
699.0  11:39:29 42.39302 -72.53402   3     15     55  
699.0  11:39:37 42.393997 -72.53429   3     15     57  
699.0  11:39:46 42.394745 -72.53433   3     19     41  
699.0  11:39:56 42.395367 -72.53311   5     19     59  
700.0  11:40:00 42.39553 -72.532036   4     16     47  
700.0  11:40:04 42.395557 -72.53192   5     11     59  
700.0  11:40:12 42.39583 -72.5312   5     18     46  
700.0  11:40:22 42.395855 -72.53054   5     17     57  
700.0  11:40:30 42.395393 -72.5297   4     12     41  
700.0  11:40:38 42.394863 -72.52868   3     14     44  
700.0  11:40:49 42.395042 -72.52717   4     19     55  
700.0  11:40:57 42.39501 -72.52683   3     10     51  
701.0  11:41:00 42.3945 -72.52658   4     16     56  
701.0  11:41:05 42.394302 -72.52647   5     10     49  
701.0  11:41:13 42.393658 -72.526115   5     12     51  
701.0  11:41:22 42.393505 -72.52608   4     19     53  
701.0  11:41:31 42.393505 -72.52605   3     18     49  
701.0  11:41:41 42.393494 -72.526024   3     18     40  
701.0  11:41:50 42.39337 -72.52592   4     11     56  
701.0  11:41:58 42.39296 -72.525734   4     17     44  
702.0  11:42:00 42.39233 -72.525536   4     19     46  
702.0  11:42:06 42.391987 -72.52541   4     13     44  
702.0  11:42:14 42.391285 -72.52529   4     11     55  
702.0  11:42:22 42.39088 -72.525276   5     14     55  
702.0  11:42:32 42.39086 -72.5253   4     10     55  
702.0  11:42:40 42.390724 -72.52522   4     11     58  
702.0  11:42:48 42.389885 -72.52503   3     13     58  
702.0  11:42:56 42.389233 -72.52479   4     15     45  
703.0  11:43:00 42.3886 -72.524475   5     13     45  
703.0  11:43:05 42.388515 -72.52443   5     13     43  
703.0  11:43:13 42.38795 -72.524086   5     12     48  
703.0  11:43:22 42.387867 -72.523994   5     16     51  
703.0  11:43:31 42.38787 -72.52399   5     11     58  
703.0  11:43:39 42.38767 -72.52366   4     18     45  
703.0  11:43:50 42.387142 -72.52292   4     18     56  
703.0  11:43:58 42.38623 -72.52244   5     13     51  
704.0  11:44:00 42.38611 -72.52249   4     16     58  
704.0  11:44:06 42.38612 -72.522514   5     11     48  
704.0  11:44:16 42.38614 -72.52254   3     14     43  
704.0  11:44:24 42.386044 -72.522545   3     11     52  
704.0  11:44:33 42.385624 -72.52213   4     13     44  
704.0  11:44:41 42.38471 -72.521545   3     15     47  
704.0  11:44:50 42.383698 -72.52097   3     16     41  
704.0  11:44:59 42.382603 -72.520355   3     13     42  
705.0  11:45:00 42.382053 -72.5199   5     18     53  
705.0  11:45:19 42.381615 -72.51944   4     13     51  
