600.0  10:00:00 42.392353 -72.53597   5     19     52  
600.0  10:00:04 42.392353 -72.53597   3     18     58  
600.0  10:00:15 42.392376 -72.53602   5     13     45  
600.0  10:00:23 42.392372 -72.53601   4     14     47  
600.0  10:00:32 42.39237 -72.536   5     14     53  
600.0  10:00:40 42.392376 -72.53601   3     19     54  
600.0  10:00:48 42.392372 -72.536   4     15     43  
600.0  10:00:57 42.392372 -72.53601   5     17     48  
601.0  10:01:00 42.392357 -72.53598   3     18     55  
601.0  10:01:07 42.392357 -72.53598   3     17     58  
601.0  10:01:15 42.39233 -72.53594   3     10     47  
601.0  10:01:24 42.39231 -72.53591   5     14     48  
601.0  10:01:32 42.392315 -72.53592   4     13     41  
601.0  10:01:41 42.392345 -72.53598   3     15     55  
601.0  10:01:49 42.39234 -72.53598   4     14     40  
602.0  10:02:00 42.392372 -72.53603   3     18     47  
602.0  10:02:00 42.392376 -72.53603   3     16     44  
602.0  10:02:09 42.39238 -72.536026   3     14     45  
602.0  10:02:18 42.39238 -72.536026   4     11     53  
602.0  10:02:26 42.392372 -72.53602   4     19     47  
602.0  10:02:35 42.392353 -72.53599   3     12     44  
602.0  10:02:43 42.392357 -72.536   3     13     57  
602.0  10:02:53 42.392372 -72.53602   3     16     56  
603.0  10:03:00 42.39236 -72.53599   3     16     55  
603.0  10:03:01 42.39237 -72.536   5     18     50  
603.0  10:03:10 42.39237 -72.535995   5     13     41  
603.0  10:03:18 42.392376 -72.53601   4     16     52  
603.0  10:03:27 42.392376 -72.53601   3     13     47  
603.0  10:03:36 42.39237 -72.536   5     12     44  
603.0  10:03:46 42.392365 -72.535995   4     11     58  
603.0  10:03:55 42.39236 -72.535995   5     18     42  
604.0  10:04:00 42.392376 -72.53603   4     11     46  
604.0  10:04:03 42.392376 -72.536026   4     12     54  
604.0  10:04:12 42.392387 -72.53606   3     14     48  
604.0  10:04:20 42.392395 -72.536064   4     19     42  
604.0  10:04:28 42.392387 -72.536064   3     10     59  
604.0  10:04:39 42.392395 -72.53607   3     10     47  
604.0  10:04:47 42.392395 -72.53569   3     19     42  
604.0  10:04:56 42.392464 -72.53486   4     15     54  
605.0  10:05:00 42.392582 -72.53425   3     19     48  
605.0  10:05:04 42.392586 -72.53421   3     11     56  
605.0  10:05:13 42.392567 -72.53411   5     13     54  
605.0  10:05:22 42.39254 -72.53406   3     11     52  
605.0  10:05:33 42.392536 -72.53406   5     13     53  
605.0  10:05:41 42.392612 -72.53387   3     10     54  
605.0  10:05:50 42.393208 -72.534065   3     17     42  
605.0  10:05:59 42.39419 -72.53429   4     12     41  
606.0  10:06:00 42.39476 -72.53431   5     14     57  
606.0  10:06:07 42.395103 -72.53403   5     19     49  
606.0  10:06:16 42.39537 -72.53289   3     12     46  
606.0  10:06:28 42.395412 -72.53232   3     17     50  
606.0  10:06:36 42.39551 -72.532104   5     16     47  
606.0  10:06:45 42.39574 -72.53123   4     12     51  
606.0  10:06:54 42.39577 -72.530334   5     14     55  
607.0  10:07:00 42.39507 -72.52921   5     11     53  
607.0  10:07:02 42.395138 -72.52932   4     16     42  
607.0  10:07:11 42.394764 -72.52831   5     14     45  
607.0  10:07:21 42.3951 -72.5272   3     18     55  
607.0  10:07:30 42.395092 -72.52688   3     19     54  
607.0  10:07:39 42.39456 -72.5266   3     14     41  
607.0  10:07:47 42.394073 -72.526344   5     18     47  
607.0  10:07:56 42.393665 -72.52613   5     18     42  
608.0  10:08:00 42.39339 -72.526024   5     12     46  
608.0  10:08:04 42.39337 -72.52601   4     10     40  
608.0  10:08:15 42.39338 -72.52601   4     10     53  
608.0  10:08:23 42.393375 -72.52604   4     10     47  
608.0  10:08:32 42.393337 -72.526   5     16     55  
608.0  10:08:41 42.393295 -72.52596   5     16     54  
608.0  10:08:49 42.393314 -72.52594   5     11     56  
608.0  10:08:58 42.393322 -72.526   3     16     56  
609.0  10:09:00 42.39331 -72.52603   5     11     56  
609.0  10:09:08 42.39317 -72.52594   4     10     43  
609.0  10:09:17 42.392868 -72.525795   3     16     51  
609.0  10:09:26 42.392628 -72.52562   5     14     51  
609.0  10:09:34 42.391827 -72.52531   3     11     56  
609.0  10:09:43 42.391148 -72.5252   5     10     54  
609.0  10:09:51 42.39088 -72.525215   5     11     59  
610.0  10:10:00 42.3909 -72.52519   3     12     54  
610.0  10:10:02 42.390892 -72.5252   3     19     42  
610.0  10:10:11 42.390816 -72.52517   4     12     53  
610.0  10:10:20 42.390156 -72.52501   5     10     53  
610.0  10:10:29 42.389202 -72.5247   5     10     47  
610.0  10:10:38 42.38831 -72.524284   3     12     55  
610.0  10:10:46 42.387775 -72.52386   5     16     48  
610.0  10:10:57 42.387764 -72.52386   4     14     56  
611.0  10:11:00 42.38776 -72.52385   3     19     56  
611.0  10:11:05 42.38776 -72.52385   4     10     50  
611.0  10:11:13 42.387764 -72.523834   5     12     58  
611.0  10:11:22 42.387463 -72.523346   5     19     52  
611.0  10:11:31 42.38679 -72.52254   3     10     43  
611.0  10:11:40 42.386208 -72.522415   5     18     58  
611.0  10:11:50 42.38612 -72.52249   4     16     50  
611.0  10:11:59 42.386116 -72.52254   5     14     40  
612.0  10:12:00 42.386124 -72.52254   4     11     56  
612.0  10:12:08 42.386127 -72.52252   4     19     49  
612.0  10:12:16 42.38612 -72.5225   3     15     55  
612.0  10:12:24 42.3861 -72.522514   4     11     51  
612.0  10:12:33 42.38576 -72.52249   5     11     49  
612.0  10:12:43 42.385036 -72.52168   4     19     58  
612.0  10:12:51 42.384167 -72.52121   3     18     55  
613.0  10:13:00 42.38328 -72.520706   5     12     49  
613.0  10:13:00 42.382854 -72.52044   4     17     49  
613.0  10:13:16 42.382366 -72.52009   4     10     44  
613.0  10:13:28 42.38168 -72.51949   5     14     48  
613.0  10:13:42 42.381622 -72.51919   3     10     43  
613.0  10:13:51 42.38236 -72.51913   4     17     53  
614.0  10:14:00 42.38358 -72.51859   5     19     49  
614.0  10:14:03 42.38337 -72.51876   3     16     57  
614.0  10:14:11 42.38373 -72.51846   4     12     46  
614.0  10:14:20 42.38372 -72.51846   3     17     44  
614.0  10:14:30 42.384083 -72.51825   5     19     54  
614.0  10:14:39 42.384724 -72.51789   4     18     45  
614.0  10:14:54 42.384724 -72.51789   3     14     57  
615.0  10:15:00 42.387985 -72.517006   4     15     59  
615.0  10:15:02 42.387863 -72.51702   3     12     54  
615.0  10:15:11 42.388596 -72.51689   3     13     40  
615.0  10:15:22 42.388737 -72.51694   4     18     44  
615.0  10:15:31 42.388927 -72.51749   5     15     43  
615.0  10:15:42 42.388985 -72.51764   5     14     41  
615.0  10:15:50 42.388977 -72.517685   4     10     46  
616.0  10:16:00 42.388943 -72.51778   5     10     54  
616.0  10:16:00 42.38894 -72.51777   4     10     41  
616.0  10:16:09 42.38897 -72.517746   5     19     56  
616.0  10:16:19 42.388836 -72.517784   3     15     47  
616.0  10:16:28 42.388817 -72.51783   4     15     48  
616.0  10:16:36 42.388855 -72.517815   5     18     50  
616.0  10:16:45 42.388866 -72.51776   5     19     57  
616.0  10:16:53 42.388878 -72.5178   3     12     51  
617.0  10:17:00 42.388893 -72.51783   4     10     49  
617.0  10:17:01 42.388897 -72.51782   3     17     51  
617.0  10:17:12 42.388912 -72.51786   4     18     46  
617.0  10:17:20 42.38895 -72.51787   3     18     57  
617.0  10:17:28 42.388973 -72.51786   5     14     56  
617.0  10:17:36 42.38897 -72.517914   3     10     49  
617.0  10:17:46 42.388973 -72.51795   3     14     44  
617.0  10:17:54 42.388992 -72.51794   5     15     42  
618.0  10:18:00 42.3893 -72.51826   4     11     41  
618.0  10:18:05 42.389294 -72.5183   3     19     50  
618.0  10:18:13 42.38914 -72.51888   5     10     40  
618.0  10:18:22 42.389606 -72.51895   4     13     41  
618.0  10:18:31 42.39034 -72.519196   4     19     58  
618.0  10:18:39 42.390667 -72.519745   3     12     55  
618.0  10:18:47 42.391068 -72.51976   5     11     49  
618.0  10:18:57 42.391853 -72.52002   3     11     51  
619.0  10:19:00 42.391945 -72.52007   5     13     52  
619.0  10:19:09 42.39194 -72.52007   4     16     41  
619.0  10:19:17 42.392303 -72.52015   3     16     43  
619.0  10:19:26 42.392506 -72.51929   3     18     50  
619.0  10:19:34 42.39272 -72.51839   4     19     50  
619.0  10:19:43 42.39272 -72.517166   4     11     50  
619.0  10:19:56 42.392693 -72.5163   3     13     51  
620.0  10:20:00 42.39335 -72.51606   3     12     42  
620.0  10:20:04 42.393475 -72.51601   3     14     45  
620.0  10:20:13 42.394596 -72.5157   3     17     55  
620.0  10:20:21 42.39563 -72.51549   4     15     57  
620.0  10:20:29 42.39562 -72.51503   3     13     54  
620.0  10:20:36 42.39553 -72.51466   3     16     51  
620.0  10:20:47 42.395515 -72.51463   5     15     57  
620.0  10:20:55 42.39533 -72.51409   5     16     59  
621.0  10:21:00 42.395153 -72.513115   5     12     59  
621.0  10:21:03 42.395153 -72.513115   4     11     44  
621.0  10:21:11 42.39513 -72.51226   3     18     55  
621.0  10:21:20 42.394833 -72.51197   4     18     48  
621.0  10:21:29 42.394783 -72.511345   4     15     58  
621.0  10:21:39 42.39526 -72.51097   4     13     52  
621.0  10:21:48 42.39571 -72.51125   3     10     42  
621.0  10:21:56 42.395954 -72.5111   5     12     55  
622.0  10:22:00 42.396015 -72.51111   5     13     56  
622.0  10:22:05 42.39602 -72.51111   4     14     42  
622.0  10:22:14 42.396015 -72.51111   5     11     43  
622.0  10:22:22 42.396015 -72.51109   5     12     56  
622.0  10:22:33 42.396145 -72.51106   4     13     47  
622.0  10:22:42 42.39649 -72.51131   4     10     43  
622.0  10:22:50 42.396458 -72.51202   5     19     48  
622.0  10:22:59 42.395836 -72.51281   5     11     55  
623.0  10:23:00 42.395428 -72.512985   4     16     55  
623.0  10:23:07 42.39534 -72.51304   3     16     46  
623.0  10:23:15 42.395283 -72.513115   3     19     40  
623.0  10:23:26 42.3953 -72.51378   3     18     44  
623.0  10:23:34 42.39565 -72.51475   3     16     45  
623.0  10:23:43 42.39572 -72.51548   3     14     42  
623.0  10:23:51 42.3957 -72.51546   3     11     52  
624.0  10:24:00 42.395744 -72.51549   4     19     41  
624.0  10:24:00 42.395905 -72.515465   3     13     43  
624.0  10:24:08 42.39631 -72.51539   3     11     49  
624.0  10:24:19 42.39769 -72.51555   4     14     45  
624.0  10:24:27 42.39843 -72.515656   4     13     48  
624.0  10:24:36 42.39848 -72.515884   4     15     44  
624.0  10:24:44 42.398148 -72.51691   4     17     50  
624.0  10:24:53 42.39768 -72.51825   5     16     53  
625.0  10:25:00 42.397324 -72.51988   4     17     50  
625.0  10:25:02 42.397366 -72.51953   4     16     58  
625.0  10:25:13 42.397198 -72.52123   5     17     51  
625.0  10:25:22 42.397175 -72.521805   4     19     57  
625.0  10:25:31 42.397175 -72.52169   4     13     56  
625.0  10:25:39 42.39718 -72.52169   3     19     53  
625.0  10:25:47 42.39724 -72.52166   5     14     44  
625.0  10:25:56 42.397243 -72.52179   3     13     46  
626.0  10:26:00 42.3972 -72.52191   5     19     59  
626.0  10:26:06 42.3972 -72.52192   3     10     56  
626.0  10:26:14 42.397205 -72.52186   4     17     57  
626.0  10:26:22 42.397163 -72.52196   3     14     57  
626.0  10:26:31 42.397163 -72.521996   4     15     46  
626.0  10:26:39 42.39719 -72.52195   3     13     50  
626.0  10:26:48 42.397198 -72.52193   5     19     43  
626.0  10:26:59 42.397213 -72.521866   5     15     51  
627.0  10:27:00 42.397163 -72.5222   3     12     47  
627.0  10:27:08 42.39707 -72.522575   3     18     59  
627.0  10:27:17 42.39667 -72.523415   3     14     40  
627.0  10:27:25 42.396114 -72.52422   5     15     41  
627.0  10:27:33 42.39576 -72.52528   5     12     51  
627.0  10:27:41 42.395504 -72.52608   3     11     44  
627.0  10:27:52 42.39533 -72.52659   3     12     55  
628.0  10:28:00 42.395348 -72.52656   5     13     42  
628.0  10:28:00 42.39535 -72.52655   3     13     42  
628.0  10:28:08 42.395348 -72.52655   3     15     59  
628.0  10:28:16 42.395313 -72.5266   3     13     49  
628.0  10:28:24 42.395294 -72.52665   5     12     43  
628.0  10:28:32 42.395275 -72.52669   3     10     50  
628.0  10:28:42 42.39526 -72.526794   3     13     55  
628.0  10:28:50 42.394863 -72.52686   5     16     41  
628.0  10:28:59 42.39433 -72.52656   3     13     51  
629.0  10:29:00 42.39405 -72.526375   4     14     59  
629.0  10:29:08 42.394016 -72.52634   5     14     45  
629.0  10:29:16 42.39368 -72.526146   4     18     40  
629.0  10:29:25 42.393402 -72.526   5     12     41  
629.0  10:29:35 42.393387 -72.525986   3     12     40  
629.0  10:29:43 42.393383 -72.52597   4     14     46  
629.0  10:29:52 42.39337 -72.525955   4     11     46  
630.0  10:30:00 42.393353 -72.52592   4     16     57  
630.0  10:30:00 42.393345 -72.5259   5     13     51  
630.0  10:30:09 42.39335 -72.52591   5     11     44  
630.0  10:30:18 42.39337 -72.525955   4     10     46  
630.0  10:30:29 42.39336 -72.525925   5     10     51  
630.0  10:30:38 42.39332 -72.52586   5     14     43  
630.0  10:30:47 42.392868 -72.52567   3     18     58  
630.0  10:30:55 42.39236 -72.525536   3     12     50  
631.0  10:31:00 42.391685 -72.52537   4     14     42  
631.0  10:31:04 42.391685 -72.52537   3     15     54  
631.0  10:31:13 42.391033 -72.5253   5     19     50  
631.0  10:31:23 42.390877 -72.52531   5     16     51  
631.0  10:31:31 42.390903 -72.52529   3     12     43  
631.0  10:31:39 42.390453 -72.52516   5     17     57  
631.0  10:31:47 42.389664 -72.52498   4     10     47  
631.0  10:31:55 42.388893 -72.52461   5     16     47  
632.0  10:32:00 42.38813 -72.52415   5     10     53  
632.0  10:32:03 42.38813 -72.52415   4     15     43  
632.0  10:32:14 42.38776 -72.52383   3     17     46  
632.0  10:32:22 42.387764 -72.523834   4     10     46  
632.0  10:32:30 42.387653 -72.523605   3     12     53  
632.0  10:32:38 42.387207 -72.52299   4     15     45  
632.0  10:32:46 42.38688 -72.52263   5     17     52  
632.0  10:32:55 42.386314 -72.52248   5     11     47  
633.0  10:33:00 42.386 -72.52262   3     19     54  
633.0  10:33:05 42.386005 -72.52273   3     14     43  
633.0  10:33:14 42.386086 -72.523415   4     10     44  
633.0  10:33:21 42.38583 -72.52451   3     11     53  
633.0  10:33:29 42.385803 -72.525154   4     12     55  
633.0  10:33:37 42.386353 -72.52544   5     10     47  
633.0  10:33:46 42.386986 -72.52573   4     16     42  
633.0  10:33:56 42.38714 -72.526344   5     10     49  
634.0  10:34:00 42.38708 -72.52647   5     13     58  
634.0  10:34:04 42.38708 -72.52647   3     16     47  
634.0  10:34:12 42.387108 -72.52647   4     13     42  
634.0  10:34:20 42.386887 -72.52635   5     15     58  
634.0  10:34:28 42.386143 -72.526115   5     18     51  
634.0  10:34:36 42.38562 -72.52591   5     12     41  
634.0  10:34:46 42.38542 -72.52639   5     10     46  
634.0  10:34:55 42.38517 -72.52738   3     16     40  
635.0  10:35:00 42.384987 -72.52824   5     18     47  
635.0  10:35:03 42.38498 -72.5283   4     16     44  
635.0  10:35:12 42.38493 -72.52844   3     18     59  
635.0  10:35:21 42.384865 -72.528534   5     11     52  
635.0  10:35:30 42.384888 -72.529236   3     12     49  
635.0  10:35:40 42.385147 -72.5304   3     11     55  
635.0  10:35:49 42.38514 -72.53085   3     12     49  
635.0  10:35:57 42.38507 -72.53105   5     13     59  
636.0  10:36:00 42.38505 -72.53108   3     19     41  
636.0  10:36:05 42.38506 -72.531075   3     10     42  
636.0  10:36:13 42.38509 -72.53099   3     16     52  
636.0  10:36:21 42.385162 -72.530785   4     18     48  
636.0  10:36:31 42.385136 -72.53083   5     19     45  
636.0  10:36:42 42.385143 -72.53096   3     12     58  
636.0  10:36:56 42.385143 -72.53096   4     11     43  
637.0  10:37:00 42.384777 -72.53269   5     18     55  
637.0  10:37:05 42.38467 -72.532684   3     15     51  
637.0  10:37:16 42.38396 -72.53217   5     17     49  
637.0  10:37:36 42.38192 -72.531784   4     13     41  
637.0  10:37:56 42.379875 -72.532005   5     11     49  
638.0  10:38:00 42.377514 -72.532364   4     14     55  
638.0  10:38:06 42.377514 -72.53255   5     13     55  
638.0  10:38:14 42.377594 -72.5337   4     10     59  
638.0  10:38:25 42.37758 -72.53426   4     16     55  
638.0  10:38:33 42.378048 -72.53423   5     12     41  
638.0  10:38:41 42.378956 -72.53412   3     15     41  
638.0  10:38:49 42.379517 -72.53406   5     11     55  
638.0  10:38:57 42.379623 -72.53404   3     18     51  
639.0  10:39:00 42.379944 -72.534004   5     12     56  
639.0  10:39:05 42.380093 -72.534   4     11     56  
639.0  10:39:15 42.38079 -72.53393   4     13     54  
639.0  10:39:24 42.381413 -72.533844   5     12     59  
639.0  10:39:33 42.38199 -72.53379   4     14     41  
639.0  10:39:42 42.38216 -72.53367   4     16     43  
639.0  10:39:50 42.382187 -72.53286   4     19     45  
639.0  10:39:59 42.38233 -72.531944   4     12     57  
640.0  10:40:00 42.38236 -72.531845   4     11     58  
640.0  10:40:14 42.38277 -72.53181   5     12     43  
640.0  10:40:22 42.384193 -72.532234   3     15     42  
640.0  10:40:31 42.384773 -72.53248   4     12     54  
640.0  10:40:44 42.38496 -72.53208   5     15     40  
640.0  10:40:53 42.385105 -72.53125   4     16     53  
641.0  10:41:00 42.385777 -72.53095   3     16     56  
641.0  10:41:08 42.386227 -72.53112   5     14     48  
641.0  10:41:19 42.38743 -72.53161   3     17     56  
641.0  10:41:27 42.38833 -72.531975   4     13     54  
641.0  10:41:35 42.388996 -72.53226   4     17     57  
641.0  10:41:44 42.38972 -72.53258   5     18     48  
641.0  10:41:52 42.389812 -72.53261   5     19     44  
642.0  10:42:00 42.3901 -72.53277   3     12     50  
642.0  10:42:01 42.389904 -72.53268   5     15     40  
642.0  10:42:11 42.390938 -72.53311   3     10     45  
642.0  10:42:19 42.391712 -72.53345   5     10     48  
642.0  10:42:28 42.39229 -72.53369   3     14     42  
642.0  10:42:37 42.392437 -72.53374   4     14     55  
642.0  10:42:45 42.392452 -72.53373   3     17     57  
642.0  10:42:54 42.39263 -72.53382   4     10     46  
643.0  10:43:00 42.392506 -72.53463   3     16     54  
643.0  10:43:05 42.392487 -72.53474   4     12     45  
643.0  10:43:13 42.392426 -72.535545   3     12     44  
643.0  10:43:22 42.392494 -72.53621   3     16     42  
643.0  10:43:30 42.39264 -72.53686   4     17     41  
643.0  10:43:39 42.39243 -72.53645   3     12     58  
643.0  10:43:48 42.392403 -72.53611   5     18     41  
643.0  10:43:58 42.392406 -72.53608   3     16     42  
644.0  10:44:00 42.3924 -72.53606   5     17     47  
644.0  10:44:06 42.392395 -72.53606   5     16     54  
644.0  10:44:15 42.392395 -72.536064   4     18     49  
644.0  10:44:23 42.392376 -72.53606   5     10     45  
644.0  10:44:32 42.39237 -72.53606   3     15     40  
644.0  10:44:41 42.39235 -72.53603   5     15     50  
644.0  10:44:51 42.392338 -72.53601   5     17     50  
645.0  10:45:00 42.39233 -72.53601   4     12     45  
645.0  10:45:00 42.39233 -72.53601   4     11     44  
645.0  10:45:08 42.392323 -72.53601   4     15     54  
645.0  10:45:16 42.39231 -72.535995   3     17     50  
645.0  10:45:25 42.392277 -72.53595   3     15     53  
645.0  10:45:34 42.39227 -72.53596   5     19     54  
645.0  10:45:44 42.392273 -72.53593   3     13     58  
645.0  10:45:53 42.392292 -72.535965   4     11     59  
646.0  10:46:00 42.392303 -72.53598   4     14     56  
646.0  10:46:02 42.392307 -72.53599   3     15     45  
646.0  10:46:10 42.392326 -72.53601   3     16     56  
646.0  10:46:19 42.39231 -72.53598   5     10     47  
646.0  10:46:27 42.392323 -72.53598   3     16     56  
646.0  10:46:38 42.392303 -72.535934   5     18     40  
646.0  10:46:46 42.392345 -72.53604   5     10     43  
646.0  10:46:54 42.392365 -72.53607   4     10     44  
647.0  10:47:00 42.39234 -72.53602   5     14     42  
647.0  10:47:03 42.39234 -72.536026   3     17     57  
647.0  10:47:11 42.39233 -72.53599   5     17     57  
647.0  10:47:20 42.392323 -72.53597   3     18     56  
647.0  10:47:31 42.392296 -72.535934   4     18     51  
647.0  10:47:39 42.392303 -72.53596   3     14     48  
647.0  10:47:47 42.392292 -72.535934   3     14     46  
647.0  10:47:56 42.3923 -72.53595   3     16     47  
648.0  10:48:00 42.392323 -72.53598   3     19     40  
648.0  10:48:05 42.392326 -72.53599   5     11     59  
648.0  10:48:13 42.392334 -72.536   3     19     48  
648.0  10:48:23 42.392303 -72.535965   4     15     53  
648.0  10:48:32 42.392284 -72.53594   3     16     49  
648.0  10:48:41 42.392277 -72.53593   4     19     41  
648.0  10:48:49 42.39226 -72.53589   3     17     55  
648.0  10:48:58 42.392273 -72.53593   3     10     53  
649.0  10:49:00 42.392258 -72.53591   5     14     46  
649.0  10:49:06 42.39225 -72.535904   5     12     52  
649.0  10:49:16 42.392246 -72.53587   5     14     46  
649.0  10:49:24 42.39223 -72.53579   4     11     51  
649.0  10:49:33 42.392227 -72.53576   4     14     41  
649.0  10:49:41 42.392284 -72.53571   5     14     59  
649.0  10:49:50 42.392414 -72.535385   3     19     59  
649.0  10:49:58 42.39252 -72.5345   3     12     40  
650.0  10:50:00 42.392544 -72.53427   5     16     48  
650.0  10:50:08 42.392548 -72.53427   5     17     56  
650.0  10:50:16 42.392563 -72.534225   3     14     40  
650.0  10:50:25 42.39262 -72.534004   4     10     40  
650.0  10:50:33 42.392635 -72.53385   4     14     55  
650.0  10:50:41 42.39287 -72.53313   3     17     44  
650.0  10:50:50 42.39323 -72.53244   4     17     49  
651.0  10:51:00 42.393414 -72.53305   4     17     57  
651.0  10:51:00 42.393497 -72.53321   5     10     58  
651.0  10:51:08 42.39365 -72.53323   5     13     59  
651.0  10:51:17 42.393703 -72.53322   5     17     47  
651.0  10:51:27 42.393726 -72.53321   3     16     49  
651.0  10:51:35 42.393665 -72.53278   3     12     56  
651.0  10:51:45 42.393364 -72.53252   5     11     51  
651.0  10:51:55 42.393013 -72.53291   5     19     54  
652.0  10:52:00 42.392788 -72.53372   5     11     51  
652.0  10:52:03 42.3928 -72.53367   5     17     40  
652.0  10:52:12 42.392754 -72.533844   4     12     49  
652.0  10:52:20 42.393284 -72.53411   4     15     53  
652.0  10:52:29 42.394306 -72.53435   5     17     47  
652.0  10:52:37 42.39516 -72.533936   4     11     48  
652.0  10:52:47 42.39538 -72.532585   4     17     52  
652.0  10:52:55 42.395428 -72.53238   3     15     48  
653.0  10:53:00 42.395485 -72.532265   3     11     51  
653.0  10:53:04 42.395485 -72.532265   4     19     46  
653.0  10:53:12 42.395744 -72.53149   5     15     50  
653.0  10:53:20 42.395855 -72.530685   5     11     52  
653.0  10:53:28 42.395454 -72.52987   3     19     45  
653.0  10:53:39 42.394825 -72.52867   5     19     40  
653.0  10:53:48 42.39497 -72.527466   4     14     48  
653.0  10:53:56 42.395206 -72.52696   4     10     58  
654.0  10:54:00 42.394886 -72.526794   4     16     47  
654.0  10:54:05 42.39473 -72.52672   4     17     40  
654.0  10:54:13 42.39396 -72.52628   3     13     51  
654.0  10:54:22 42.393417 -72.52602   4     15     47  
654.0  10:54:39 42.393375 -72.52606   3     13     50  
654.0  10:54:47 42.39332 -72.52607   5     17     53  
654.0  10:54:56 42.39328 -72.52611   3     16     41  
655.0  10:55:00 42.393295 -72.52611   4     15     45  
655.0  10:55:05 42.393295 -72.52611   4     11     55  
655.0  10:55:13 42.393333 -72.52601   5     18     40  
655.0  10:55:24 42.392708 -72.525696   5     17     57  
655.0  10:55:32 42.39194 -72.52543   3     15     45  
655.0  10:55:41 42.391323 -72.525314   3     16     53  
655.0  10:55:49 42.390907 -72.525276   3     19     51  
655.0  10:55:58 42.390907 -72.525276   5     15     42  
656.0  10:56:00 42.39086 -72.525215   3     13     56  
656.0  10:56:06 42.390747 -72.525185   5     15     41  
656.0  10:56:17 42.389988 -72.52504   4     15     59  
656.0  10:56:25 42.389343 -72.52484   5     12     51  
656.0  10:56:34 42.38892 -72.524666   3     16     47  
656.0  10:56:43 42.38881 -72.52458   5     10     49  
656.0  10:56:52 42.388706 -72.52453   4     19     57  
657.0  10:57:00 42.388268 -72.524254   5     18     53  
657.0  10:57:00 42.38803 -72.52409   3     12     48  
657.0  10:57:11 42.3878 -72.52386   5     10     55  
657.0  10:57:20 42.387833 -72.523895   4     19     49  
657.0  10:57:28 42.387848 -72.5239   4     11     54  
657.0  10:57:37 42.387848 -72.5239   3     13     45  
657.0  10:57:45 42.387833 -72.52388   4     10     58  
657.0  10:57:54 42.38784 -72.52389   4     14     58  
658.0  10:58:00 42.387833 -72.52387   3     19     44  
658.0  10:58:04 42.38783 -72.52387   5     13     49  
658.0  10:58:13 42.38783 -72.52387   3     10     46  
658.0  10:58:21 42.387806 -72.52384   4     17     41  
658.0  10:58:30 42.3878 -72.52384   4     13     56  
658.0  10:58:39 42.387806 -72.52385   3     15     41  
658.0  10:58:47 42.38778 -72.52381   3     17     43  
658.0  10:58:58 42.387775 -72.5238   5     14     59  
659.0  10:59:00 42.38778 -72.52381   4     10     46  
659.0  10:59:06 42.38777 -72.5238   4     17     54  
659.0  10:59:15 42.38775 -72.52372   5     12     54  
659.0  10:59:24 42.387432 -72.52326   5     13     56  
659.0  10:59:33 42.38704 -72.52276   5     13     58  
659.0  10:59:42 42.386497 -72.522385   3     16     54  
659.0  10:59:53 42.386093 -72.52251   4     10     49  
660.0  11:00:00 42.385746 -72.52235   5     18     53  
660.0  11:00:02 42.38582 -72.522484   3     10     48  
660.0  11:00:11 42.385296 -72.52183   5     18     56  
660.0  11:00:24 42.384266 -72.52123   5     13     48  
660.0  11:00:33 42.38275 -72.52041   4     10     48  
660.0  11:00:46 42.38165 -72.51945   5     14     57  
660.0  11:00:53 42.381615 -72.519394   5     12     56  
661.0  11:01:00 42.381622 -72.5194   5     19     56  
661.0  11:01:02 42.381626 -72.5194   5     12     42  
661.0  11:01:10 42.381607 -72.51938   3     13     54  
661.0  11:01:22 42.381607 -72.51938   5     12     58  
661.0  11:01:31 42.381634 -72.519424   3     11     42  
661.0  11:01:41 42.381577 -72.51928   5     19     46  
661.0  11:01:50 42.381943 -72.51913   4     10     46  
661.0  11:01:59 42.38216 -72.51912   3     17     52  
662.0  11:02:00 42.382217 -72.51913   3     19     57  
662.0  11:02:10 42.38249 -72.51916   3     17     43  
662.0  11:02:19 42.383354 -72.518776   5     11     43  
662.0  11:02:29 42.38455 -72.51798   3     15     57  
662.0  11:02:39 42.38621 -72.51737   4     11     40  
662.0  11:02:48 42.38737 -72.5171   3     16     55  
662.0  11:02:57 42.38857 -72.516884   3     15     53  
663.0  11:03:00 42.388836 -72.51707   5     18     52  
663.0  11:03:05 42.38884 -72.517105   4     15     55  
663.0  11:03:13 42.388943 -72.51751   4     10     51  
663.0  11:03:22 42.388947 -72.51757   4     18     51  
663.0  11:03:32 42.38897 -72.5177   5     14     42  
663.0  11:03:41 42.38924 -72.51832   4     10     57  
663.0  11:03:49 42.3891 -72.51868   5     19     40  
663.0  11:03:58 42.38908 -72.51881   3     12     47  
664.0  11:04:00 42.389263 -72.51888   3     16     45  
664.0  11:04:06 42.38944 -72.5189   5     13     48  
664.0  11:04:17 42.38989 -72.51903   5     13     57  
664.0  11:04:28 42.390064 -72.51905   5     11     51  
664.0  11:04:36 42.390514 -72.5193   3     13     50  
664.0  11:04:45 42.390705 -72.51972   5     12     50  
664.0  11:04:54 42.391373 -72.519936   4     14     55  
665.0  11:05:00 42.391884 -72.52005   3     19     59  
665.0  11:05:03 42.391884 -72.52005   3     19     41  
665.0  11:05:11 42.39193 -72.52005   5     19     56  
665.0  11:05:22 42.39213 -72.520195   3     19     48  
665.0  11:05:29 42.39249 -72.51992   3     11     51  
665.0  11:05:38 42.392605 -72.51914   4     10     43  
665.0  11:05:46 42.39274 -72.51817   5     13     47  
665.0  11:05:54 42.392693 -72.51709   3     11     47  
666.0  11:06:00 42.39249 -72.516304   4     14     43  
666.0  11:06:03 42.392487 -72.51629   5     17     58  
666.0  11:06:13 42.393215 -72.516106   5     15     46  
666.0  11:06:22 42.39439 -72.51572   5     13     40  
666.0  11:06:30 42.395634 -72.515465   5     11     48  
666.0  11:06:39 42.3957 -72.514984   4     11     41  
666.0  11:06:47 42.395412 -72.51414   3     13     48  
666.0  11:06:56 42.395153 -72.51311   4     11     57  
667.0  11:07:00 42.39514 -72.51234   4     19     42  
667.0  11:07:06 42.3951 -72.51221   5     12     56  
667.0  11:07:14 42.39475 -72.51186   5     12     46  
667.0  11:07:27 42.394802 -72.511116   4     11     54  
667.0  11:07:36 42.394947 -72.51097   3     15     58  
667.0  11:07:45 42.395515 -72.51097   4     11     59  
667.0  11:07:56 42.39589 -72.5112   4     14     58  
668.0  11:08:00 42.39625 -72.51104   4     19     44  
668.0  11:08:05 42.396286 -72.51104   3     14     43  
668.0  11:08:14 42.396404 -72.5117   4     11     51  
668.0  11:08:22 42.396156 -72.51263   3     15     45  
668.0  11:08:30 42.395523 -72.51308   5     12     53  
668.0  11:08:39 42.395237 -72.51321   4     12     51  
668.0  11:08:49 42.39536 -72.5141   4     11     40  
668.0  11:08:58 42.395668 -72.51508   5     12     59  
669.0  11:09:00 42.3957 -72.515465   3     19     43  
669.0  11:09:07 42.39569 -72.51549   4     17     50  
669.0  11:09:16 42.39589 -72.5155   3     12     58  
669.0  11:09:24 42.39684 -72.51551   5     10     49  
669.0  11:09:33 42.398094 -72.51563   4     13     47  
669.0  11:09:43 42.398483 -72.51592   4     14     40  
669.0  11:09:51 42.3981 -72.51703   5     18     44  
670.0  11:10:00 42.39761 -72.518486   5     11     55  
670.0  11:10:00 42.397484 -72.5189   5     19     48  
670.0  11:10:09 42.397335 -72.519554   5     18     41  
670.0  11:10:17 42.397247 -72.52066   4     10     51  
670.0  11:10:26 42.39719 -72.521545   3     17     47  
670.0  11:10:36 42.3972 -72.52169   3     12     58  
670.0  11:10:45 42.39719 -72.52175   3     14     47  
670.0  11:10:53 42.397133 -72.52185   5     10     58  
671.0  11:11:00 42.397156 -72.52185   5     14     42  
671.0  11:11:01 42.39714 -72.52186   4     13     51  
671.0  11:11:09 42.397175 -72.521805   3     19     41  
671.0  11:11:18 42.397175 -72.52181   5     19     40  
671.0  11:11:29 42.39719 -72.52174   3     11     54  
671.0  11:11:37 42.397167 -72.52181   4     11     55  
671.0  11:11:45 42.397034 -72.52252   5     16     47  
671.0  11:11:56 42.396633 -72.52348   3     10     44  
672.0  11:12:00 42.395966 -72.52465   4     16     55  
672.0  11:12:05 42.39592 -72.52479   5     14     57  
672.0  11:12:14 42.395714 -72.525536   4     13     43  
672.0  11:12:24 42.39572 -72.52548   5     12     57  
672.0  11:12:33 42.39564 -72.52562   5     11     50  
672.0  11:12:41 42.395435 -72.52626   4     11     58  
672.0  11:12:49 42.395325 -72.52663   4     12     52  
672.0  11:12:58 42.395325 -72.52663   3     15     50  
673.0  11:13:00 42.395325 -72.52663   4     17     52  
673.0  11:13:07 42.39532 -72.526634   4     15     52  
673.0  11:13:17 42.395042 -72.52703   4     13     46  
673.0  11:13:26 42.39449 -72.52664   4     15     45  
673.0  11:13:34 42.394325 -72.52652   5     14     41  
673.0  11:13:43 42.394012 -72.52637   4     11     51  
673.0  11:13:51 42.39394 -72.5264   4     18     45  
674.0  11:14:00 42.393898 -72.52634   3     16     48  
674.0  11:14:00 42.393925 -72.52633   4     13     57  
674.0  11:14:10 42.393917 -72.52633   4     14     40  
674.0  11:14:19 42.39371 -72.52619   5     16     52  
674.0  11:14:30 42.393585 -72.526146   4     19     44  
674.0  11:14:39 42.393394 -72.52603   4     12     55  
674.0  11:14:48 42.39336 -72.525986   3     16     41  
674.0  11:14:56 42.393345 -72.52599   4     15     58  
675.0  11:15:00 42.393333 -72.52598   3     16     44  
675.0  11:15:07 42.39334 -72.52597   3     11     57  
675.0  11:15:15 42.39325 -72.52588   5     13     49  
675.0  11:15:23 42.392532 -72.5256   5     16     50  
675.0  11:15:32 42.391815 -72.5254   3     14     57  
675.0  11:15:41 42.391155 -72.52531   3     11     57  
675.0  11:15:49 42.39086 -72.52531   4     10     54  
676.0  11:16:00 42.390816 -72.52533   5     10     42  
676.0  11:16:02 42.390823 -72.52532   3     11     43  
676.0  11:16:10 42.390816 -72.52536   3     13     44  
676.0  11:16:18 42.390804 -72.525314   5     10     50  
676.0  11:16:26 42.390476 -72.525154   3     13     46  
676.0  11:16:34 42.389767 -72.524956   5     18     55  
676.0  11:16:42 42.389076 -72.52468   5     18     56  
676.0  11:16:53 42.3888 -72.52456   4     19     50  
677.0  11:17:00 42.388466 -72.52438   5     13     52  
677.0  11:17:01 42.388577 -72.52445   3     10     50  
677.0  11:17:10 42.388237 -72.524216   3     16     40  
677.0  11:17:18 42.3878 -72.52387   3     18     45  
677.0  11:17:26 42.38776 -72.52382   5     16     55  
677.0  11:17:35 42.387768 -72.52381   5     17     48  
677.0  11:17:45 42.387665 -72.52358   3     13     40  
677.0  11:17:54 42.387264 -72.52303   5     15     41  
678.0  11:18:00 42.38686 -72.522644   3     16     46  
678.0  11:18:02 42.38691 -72.52268   5     17     53  
678.0  11:18:11 42.386406 -72.52251   5     11     46  
678.0  11:18:19 42.386074 -72.522766   3     14     40  
678.0  11:18:28 42.38603 -72.52363   3     19     43  
678.0  11:18:39 42.38576 -72.52474   4     15     53  
678.0  11:18:48 42.385723 -72.52509   4     13     45  
678.0  11:18:56 42.38616 -72.52533   4     16     51  
679.0  11:19:00 42.386734 -72.52559   5     10     41  
679.0  11:19:04 42.386806 -72.52563   4     19     45  
679.0  11:19:13 42.387295 -72.52598   3     18     49  
679.0  11:19:22 42.38727 -72.526245   5     15     40  
679.0  11:19:32 42.387264 -72.526245   3     15     57  
679.0  11:19:41 42.387295 -72.52624   4     13     54  
679.0  11:19:49 42.387245 -72.52631   4     13     50  
679.0  11:19:58 42.38693 -72.526375   3     17     42  
680.0  11:20:00 42.386566 -72.52623   3     19     46  
680.0  11:20:07 42.386337 -72.52614   3     11     40  
680.0  11:20:15 42.385952 -72.526024   5     11     58  
680.0  11:20:26 42.38568 -72.52593   3     11     47  
680.0  11:20:34 42.3855 -72.52589   3     13     59  
680.0  11:20:44 42.38535 -72.52648   3     18     42  
680.0  11:20:52 42.385067 -72.52772   3     12     58  
681.0  11:21:00 42.38495 -72.52842   4     19     57  
681.0  11:21:01 42.38495 -72.52841   4     11     55  
681.0  11:21:09 42.38494 -72.52842   4     12     58  
681.0  11:21:20 42.384914 -72.52846   3     17     56  
681.0  11:21:28 42.384876 -72.5285   5     18     59  
681.0  11:21:36 42.38488 -72.5285   3     19     50  
681.0  11:21:45 42.38483 -72.528725   5     11     47  
681.0  11:21:54 42.38497 -72.529915   5     17     45  
682.0  11:22:00 42.385105 -72.53049   5     14     53  
682.0  11:22:02 42.385105 -72.53049   3     11     55  
682.0  11:22:13 42.38511 -72.5304   5     15     44  
682.0  11:22:22 42.385105 -72.530396   3     11     51  
682.0  11:22:32 42.385143 -72.53091   5     14     58  
682.0  11:22:41 42.384937 -72.53222   5     11     43  
682.0  11:22:49 42.3849 -72.53233   5     14     49  
682.0  11:22:57 42.384876 -72.53242   5     12     56  
683.0  11:23:00 42.384846 -72.53253   4     10     46  
683.0  11:23:08 42.38478 -72.532684   3     17     46  
683.0  11:23:16 42.38463 -72.532616   3     12     53  
683.0  11:23:25 42.383953 -72.5322   4     14     50  
683.0  11:23:33 42.38286 -72.53184   4     19     42  
683.0  11:23:42 42.38171 -72.53173   3     13     56  
683.0  11:23:50 42.380543 -72.531876   5     16     51  
684.0  11:24:00 42.37847 -72.53217   5     12     42  
684.0  11:24:01 42.37878 -72.532135   5     11     58  
684.0  11:24:10 42.3777 -72.532295   3     11     58  
684.0  11:24:19 42.377563 -72.53301   4     10     58  
684.0  11:24:27 42.377583 -72.53396   3     19     55  
684.0  11:24:35 42.377617 -72.53424   3     18     40  
684.0  11:24:43 42.3783 -72.53417   3     14     51  
684.0  11:24:54 42.37939 -72.53405   4     19     54  
685.0  11:25:00 42.379684 -72.534004   3     14     43  
685.0  11:25:03 42.37964 -72.53401   4     10     49  
685.0  11:25:12 42.380054 -72.533966   4     17     53  
685.0  11:25:21 42.380104 -72.53394   4     15     44  
685.0  11:25:29 42.380444 -72.53391   5     15     50  
685.0  11:25:38 42.381107 -72.53385   4     16     45  
685.0  11:25:48 42.38193 -72.53379   4     12     46  
685.0  11:25:57 42.382145 -72.533775   3     14     47  
686.0  11:26:00 42.3822 -72.533295   4     10     45  
686.0  11:26:06 42.3822 -72.53307   3     12     58  
686.0  11:26:14 42.38233 -72.53204   4     10     56  
686.0  11:26:22 42.382328 -72.5319   3     12     55  
686.0  11:26:31 42.382317 -72.5318   3     19     40  
686.0  11:26:41 42.38317 -72.53188   5     15     57  
686.0  11:26:50 42.383797 -72.53208   5     16     52  
686.0  11:26:58 42.384487 -72.53233   5     15     41  
687.0  11:27:00 42.38475 -72.532455   3     15     43  
687.0  11:27:06 42.384747 -72.532455   5     19     47  
687.0  11:27:15 42.384945 -72.53208   3     13     46  
687.0  11:27:26 42.38508 -72.53138   5     16     57  
687.0  11:27:37 42.38505 -72.53138   4     19     56  
687.0  11:27:45 42.385044 -72.531395   4     17     54  
687.0  11:27:54 42.38504 -72.53138   5     15     48  
688.0  11:28:00 42.38509 -72.53142   3     13     40  
688.0  11:28:03 42.385082 -72.53141   3     14     56  
688.0  11:28:11 42.385136 -72.53102   5     17     49  
688.0  11:28:19 42.385723 -72.53093   5     19     56  
688.0  11:28:29 42.386955 -72.53143   5     16     47  
688.0  11:28:37 42.38792 -72.531815   3     17     50  
688.0  11:28:46 42.388737 -72.53215   4     15     52  
688.0  11:28:55 42.389664 -72.53253   5     17     48  
689.0  11:29:00 42.390682 -72.53296   5     19     40  
689.0  11:29:03 42.390682 -72.53296   4     13     47  
689.0  11:29:13 42.39172 -72.53339   3     16     50  
689.0  11:29:23 42.392513 -72.53372   3     15     42  
689.0  11:29:32 42.392735 -72.53353   5     16     46  
689.0  11:29:40 42.393093 -72.53269   3     13     43  
689.0  11:29:48 42.39347 -72.532585   4     13     54  
689.0  11:29:56 42.39346 -72.53299   5     15     42  
690.0  11:30:00 42.39353 -72.53323   3     18     41  
690.0  11:30:04 42.39356 -72.53323   3     18     42  
690.0  11:30:15 42.393707 -72.5331   4     13     55  
690.0  11:30:23 42.39374 -72.53288   4     13     52  
690.0  11:30:32 42.39375 -72.532875   3     11     52  
690.0  11:30:41 42.39375 -72.53287   4     12     45  
690.0  11:30:50 42.39375 -72.532875   4     14     55  
690.0  11:30:58 42.39373 -72.53285   4     14     53  
691.0  11:31:00 42.39375 -72.532875   3     13     51  
691.0  11:31:08 42.39374 -72.53286   3     12     58  
691.0  11:31:17 42.393753 -72.53286   4     12     46  
691.0  11:31:25 42.39376 -72.53286   5     14     57  
691.0  11:31:33 42.393753 -72.53284   4     10     44  
691.0  11:31:41 42.39375 -72.532814   4     12     45  
691.0  11:31:49 42.393715 -72.53277   5     19     42  
692.0  11:32:00 42.393696 -72.532745   5     14     50  
692.0  11:32:00 42.393684 -72.53274   5     19     50  
692.0  11:32:08 42.393673 -72.53273   5     19     49  
692.0  11:32:17 42.393658 -72.53273   3     13     47  
692.0  11:32:25 42.393654 -72.53275   3     13     54  
692.0  11:32:33 42.39369 -72.53279   3     14     45  
692.0  11:32:41 42.393703 -72.5328   3     13     44  
692.0  11:32:54 42.393738 -72.532845   3     10     46  
693.0  11:33:00 42.393715 -72.53282   5     17     51  
693.0  11:33:02 42.39372 -72.53282   3     11     48  
693.0  11:33:11 42.393723 -72.53284   3     12     40  
693.0  11:33:20 42.393677 -72.53278   3     12     55  
693.0  11:33:28 42.39365 -72.532745   3     11     58  
693.0  11:33:36 42.393677 -72.53277   3     19     55  
693.0  11:33:47 42.393696 -72.5328   4     14     43  
693.0  11:33:55 42.393715 -72.532814   5     10     57  
694.0  11:34:00 42.393723 -72.53281   4     16     48  
694.0  11:34:04 42.393723 -72.53281   3     12     56  
694.0  11:34:12 42.393726 -72.53281   5     13     48  
694.0  11:34:21 42.39373 -72.53281   4     14     56  
694.0  11:34:30 42.39373 -72.5328   3     16     49  
694.0  11:34:41 42.393715 -72.53276   4     12     55  
694.0  11:34:50 42.39372 -72.53277   3     18     55  
694.0  11:34:59 42.39371 -72.53277   3     11     58  
695.0  11:35:00 42.39373 -72.53279   5     15     59  
695.0  11:35:07 42.39372 -72.53278   5     15     53  
695.0  11:35:15 42.39372 -72.53278   5     14     57  
695.0  11:35:24 42.393726 -72.53281   3     15     40  
695.0  11:35:34 42.39371 -72.5328   3     15     58  
695.0  11:35:43 42.393703 -72.53278   3     13     59  
695.0  11:35:51 42.3937 -72.53277   4     16     47  
695.0  11:35:59 42.393692 -72.53277   4     18     46  
696.0  11:36:00 42.393692 -72.532776   5     15     52  
696.0  11:36:08 42.393692 -72.532776   5     13     54  
696.0  11:36:16 42.39369 -72.53276   5     19     43  
696.0  11:36:26 42.393684 -72.53275   5     18     58  
696.0  11:36:35 42.39369 -72.53275   3     14     43  
696.0  11:36:44 42.39368 -72.53275   4     19     50  
696.0  11:36:52 42.39369 -72.53265   3     19     51  
697.0  11:37:00 42.393417 -72.53255   4     19     55  
697.0  11:37:00 42.393333 -72.53244   4     10     49  
697.0  11:37:08 42.393246 -72.5324   3     10     55  
697.0  11:37:18 42.392876 -72.53318   5     14     55  
697.0  11:37:27 42.392754 -72.53371   3     19     56  
697.0  11:37:35 42.39254 -72.534515   4     11     57  
697.0  11:37:43 42.39239 -72.535355   5     19     43  
697.0  11:37:51 42.392418 -72.53617   4     19     44  
697.0  11:37:59 42.392544 -72.53666   4     14     45  
698.0  11:38:00 42.392662 -72.53682   3     11     48  
698.0  11:38:10 42.39245 -72.53692   5     17     51  
698.0  11:38:18 42.392437 -72.53642   3     15     41  
698.0  11:38:26 42.392426 -72.53619   4     15     41  
698.0  11:38:35 42.39238 -72.53613   3     14     46  
698.0  11:38:43 42.392433 -72.535805   5     18     56  
698.0  11:38:52 42.39249 -72.53507   5     13     46  
699.0  11:39:00 42.392616 -72.53407   3     13     58  
699.0  11:39:03 42.392612 -72.53412   3     10     58  
699.0  11:39:12 42.39259 -72.53403   3     15     55  
699.0  11:39:20 42.392616 -72.53392   3     16     43  
699.0  11:39:29 42.39302 -72.53402   3     15     50  
699.0  11:39:37 42.393997 -72.53429   4     18     40  
699.0  11:39:46 42.394745 -72.53433   5     12     55  
699.0  11:39:56 42.395367 -72.53311   4     12     58  
700.0  11:40:00 42.39553 -72.532036   5     18     59  
700.0  11:40:04 42.395557 -72.53192   3     16     56  
700.0  11:40:12 42.39583 -72.5312   4     18     53  
700.0  11:40:22 42.395855 -72.53054   3     15     45  
700.0  11:40:30 42.395393 -72.5297   5     14     53  
700.0  11:40:38 42.394863 -72.52868   3     14     48  
700.0  11:40:49 42.395042 -72.52717   4     13     54  
700.0  11:40:57 42.39501 -72.52683   5     14     57  
701.0  11:41:00 42.3945 -72.52658   3     14     54  
701.0  11:41:05 42.394302 -72.52647   4     16     47  
701.0  11:41:13 42.393658 -72.526115   5     11     57  
701.0  11:41:22 42.393505 -72.52608   4     14     41  
701.0  11:41:31 42.393505 -72.52605   4     18     40  
701.0  11:41:41 42.393494 -72.526024   4     12     45  
701.0  11:41:50 42.39337 -72.52592   3     19     42  
701.0  11:41:58 42.39296 -72.525734   4     13     50  
702.0  11:42:00 42.39233 -72.525536   3     16     49  
702.0  11:42:06 42.391987 -72.52541   4     18     51  
702.0  11:42:14 42.391285 -72.52529   3     10     53  
702.0  11:42:22 42.39088 -72.525276   5     16     47  
702.0  11:42:32 42.39086 -72.5253   5     18     56  
702.0  11:42:40 42.390724 -72.52522   3     12     45  
702.0  11:42:48 42.389885 -72.52503   3     11     51  
702.0  11:42:56 42.389233 -72.52479   5     12     58  
703.0  11:43:00 42.3886 -72.524475   4     16     49  
703.0  11:43:05 42.388515 -72.52443   3     10     47  
703.0  11:43:13 42.38795 -72.524086   4     16     57  
703.0  11:43:22 42.387867 -72.523994   5     18     47  
703.0  11:43:31 42.38787 -72.52399   3     13     41  
703.0  11:43:39 42.38767 -72.52366   5     18     43  
703.0  11:43:50 42.387142 -72.52292   5     15     41  
703.0  11:43:58 42.38623 -72.52244   5     12     47  
704.0  11:44:00 42.38611 -72.52249   5     16     45  
704.0  11:44:06 42.38612 -72.522514   3     14     56  
704.0  11:44:16 42.38614 -72.52254   3     17     40  
704.0  11:44:24 42.386044 -72.522545   3     19     48  
704.0  11:44:33 42.385624 -72.52213   3     18     50  
704.0  11:44:41 42.38471 -72.521545   5     11     43  
704.0  11:44:50 42.383698 -72.52097   5     15     40  
704.0  11:44:59 42.382603 -72.520355   3     12     44  
705.0  11:45:00 42.382053 -72.5199   4     12     56  
705.0  11:45:19 42.381615 -72.51944   5     14     53  
