600.0  10:00:00 42.387215 -72.52633   5     16     40  
601.0  10:01:00 42.38585 -72.525925   5     15     57  
602.0  10:02:00 42.38534 -72.525734   5     14     46  
603.0  10:03:00 42.383858 -72.52102   3     17     41  
603.0  10:03:11 42.38273 -72.52042   5     15     57  
604.0  10:04:00 42.380444 -72.51944   5     16     50  
604.0  10:04:13 42.380444 -72.51944   4     16     53  
604.0  10:04:18 42.380444 -72.51944   4     17     56  
604.0  10:04:23 42.380444 -72.51944   4     14     53  
604.0  10:04:26 42.380444 -72.51944   5     19     41  
604.0  10:04:33 42.380444 -72.51944   3     16     54  
604.0  10:04:38 42.380444 -72.51944   3     16     44  
604.0  10:04:43 42.380444 -72.51944   5     14     55  
604.0  10:04:48 42.380444 -72.51944   3     11     59  
604.0  10:04:54 42.380444 -72.51944   3     16     44  
605.0  10:05:00 42.380444 -72.51944   4     14     49  
605.0  10:05:15 42.380444 -72.51944   5     11     57  
605.0  10:05:40 42.380444 -72.51944   3     16     47  
606.0  10:06:00 42.380444 -72.51944   4     18     53  
606.0  10:06:01 42.380444 -72.51944   5     17     43  
606.0  10:06:02 42.380444 -72.51944   5     18     49  
606.0  10:06:11 42.380444 -72.51944   5     11     57  
606.0  10:06:16 42.380444 -72.51944   5     18     49  
606.0  10:06:24 42.380444 -72.51944   4     10     46  
606.0  10:06:32 42.380444 -72.51944   4     17     46  
606.0  10:06:37 42.380444 -72.51944   5     11     47  
606.0  10:06:42 42.380444 -72.51944   5     17     44  
606.0  10:06:48 42.380444 -72.51944   4     19     54  
606.0  10:06:51 42.380444 -72.51944   4     16     48  
606.0  10:06:58 42.380444 -72.51944   5     16     54  
607.0  10:07:00 42.380444 -72.51944   5     18     41  
607.0  10:07:03 42.380444 -72.51944   4     10     55  
607.0  10:07:08 42.380444 -72.51944   4     18     45  
607.0  10:07:13 42.380444 -72.51944   5     16     48  
607.0  10:07:47 42.380444 -72.51944   4     12     52  
608.0  10:08:00 42.380444 -72.51944   3     17     44  
608.0  10:08:06 42.380444 -72.51944   4     11     45  
608.0  10:08:11 42.380444 -72.51944   4     15     47  
608.0  10:08:14 42.380444 -72.51944   3     14     40  
608.0  10:08:21 42.380444 -72.51944   4     19     52  
608.0  10:08:26 42.380444 -72.51944   5     16     56  
608.0  10:08:32 42.380444 -72.51944   4     13     52  
608.0  10:08:36 42.380444 -72.51944   4     13     40  
608.0  10:08:47 42.380444 -72.51944   3     16     48  
608.0  10:08:53 42.380444 -72.51944   5     11     50  
608.0  10:08:58 42.380444 -72.51944   4     15     41  
608.0  10:08:58 42.380444 -72.51944   4     10     51  
609.0  10:09:00 42.380444 -72.51944   3     10     57  
609.0  10:09:08 42.380444 -72.51944   4     19     44  
609.0  10:09:13 42.380444 -72.51944   5     12     40  
609.0  10:09:18 42.380444 -72.51944   5     19     45  
609.0  10:09:20 42.380444 -72.51944   3     16     48  
609.0  10:09:28 42.380444 -72.51944   3     11     52  
609.0  10:09:33 42.380444 -72.51944   4     18     58  
609.0  10:09:42 42.380444 -72.51944   3     10     59  
609.0  10:09:43 42.380444 -72.51944   5     19     42  
609.0  10:09:53 42.380444 -72.51944   3     15     48  
609.0  10:09:58 42.380444 -72.51944   5     11     57  
610.0  10:10:00 42.380444 -72.51944   4     15     50  
610.0  10:10:03 42.380444 -72.51944   3     10     51  
610.0  10:10:04 42.380444 -72.51944   3     16     48  
610.0  10:10:13 42.380444 -72.51944   5     19     43  
610.0  10:10:18 42.380444 -72.51944   4     12     58  
610.0  10:10:23 42.380444 -72.51944   4     14     56  
610.0  10:10:31 42.380444 -72.51944   3     10     58  
610.0  10:10:31 42.380444 -72.51944   4     13     44  
610.0  10:10:41 42.380444 -72.51944   3     16     51  
610.0  10:10:46 42.380444 -72.51944   5     10     53  
610.0  10:10:51 42.380444 -72.51944   5     13     41  
610.0  10:10:53 42.380444 -72.51944   4     19     41  
611.0  10:11:00 42.380444 -72.51944   4     16     55  
611.0  10:11:01 42.380444 -72.51944   4     18     41  
611.0  10:11:06 42.380444 -72.51944   3     15     54  
611.0  10:11:11 42.380444 -72.51944   3     16     58  
611.0  10:11:16 42.380444 -72.51944   5     16     52  
611.0  10:11:26 42.380444 -72.51944   4     17     49  
611.0  10:11:31 42.380444 -72.51944   5     19     43  
611.0  10:11:37 42.380444 -72.51944   4     18     47  
611.0  10:11:38 42.380444 -72.51944   3     17     43  
611.0  10:11:47 42.380444 -72.51944   3     16     52  
611.0  10:11:52 42.380444 -72.51944   3     12     46  
611.0  10:11:57 42.380444 -72.51944   3     19     57  
612.0  10:12:00 42.380444 -72.51944   4     15     44  
612.0  10:12:22 42.380444 -72.51944   4     10     49  
612.0  10:12:52 42.380444 -72.51944   5     11     50  
613.0  10:13:00 42.380444 -72.51944   3     17     51  
614.0  10:14:00 42.380444 -72.51944   5     11     58  
614.0  10:14:34 42.380444 -72.51944   3     18     42  
614.0  10:14:36 42.380444 -72.51944   3     12     43  
615.0  10:15:00 42.380444 -72.51944   3     15     53  
615.0  10:15:20 42.380444 -72.51944   4     19     47  
615.0  10:15:31 42.380444 -72.51944   4     12     48  
616.0  10:16:00 42.380444 -72.51944   4     10     58  
617.0  10:17:00 42.380444 -72.51944   4     17     50  
618.0  10:18:00 42.380444 -72.51944   4     11     58  
618.0  10:18:13 42.380444 -72.51944   4     16     44  
618.0  10:18:18 42.380444 -72.51944   3     13     47  
618.0  10:18:21 42.380444 -72.51944   3     12     45  
618.0  10:18:28 42.380444 -72.51944   4     19     50  
618.0  10:18:33 42.380444 -72.51944   4     19     54  
618.0  10:18:38 42.380444 -72.51944   3     11     57  
618.0  10:18:44 42.380444 -72.51944   3     11     46  
618.0  10:18:44 42.380444 -72.51944   3     12     49  
618.0  10:18:54 42.380444 -72.51944   5     17     57  
619.0  10:19:00 42.380444 -72.51944   5     11     46  
619.0  10:19:03 42.380444 -72.51944   5     14     50  
619.0  10:19:05 42.380444 -72.51944   3     15     44  
619.0  10:19:13 42.380444 -72.51944   3     15     50  
619.0  10:19:18 42.380444 -72.51944   5     16     42  
619.0  10:19:23 42.380444 -72.51944   4     10     52  
619.0  10:19:28 42.380444 -72.51944   3     15     56  
619.0  10:19:38 42.380444 -72.51944   4     16     52  
619.0  10:19:44 42.380444 -72.51944   5     19     46  
619.0  10:19:53 42.380444 -72.51944   3     15     49  
619.0  10:19:58 42.380444 -72.51944   4     12     40  
620.0  10:20:00 42.380444 -72.51944   5     14     49  
620.0  10:20:03 42.380444 -72.51944   3     17     57  
620.0  10:20:06 42.380444 -72.51944   5     16     45  
620.0  10:20:13 42.380444 -72.51944   5     17     41  
620.0  10:20:18 42.380444 -72.51944   3     16     48  
620.0  10:20:24 42.380444 -72.51944   3     13     52  
620.0  10:20:28 42.380444 -72.51944   5     11     52  
620.0  10:20:34 42.380444 -72.51944   4     19     54  
620.0  10:20:50 42.380444 -72.51944   3     18     51  
620.0  10:20:50 42.380444 -72.51944   4     15     45  
621.0  10:21:00 42.380444 -72.51944   3     17     53  
621.0  10:21:00 42.380444 -72.51944   5     13     57  
621.0  10:21:06 42.380444 -72.51944   4     10     41  
621.0  10:21:11 42.380444 -72.51944   3     18     55  
621.0  10:21:13 42.380444 -72.51944   4     12     41  
630.0  10:30:25 42.325314 -72.53115   3     15     41  
630.0  10:30:33 42.325306 -72.53116   5     12     51  
630.0  10:30:39 42.325287 -72.53118   4     12     55  
630.0  10:30:47 42.325214 -72.53121   4     14     53  
630.0  10:30:52 42.32518 -72.53123   5     13     54  
631.0  10:31:00 42.324947 -72.53103   3     11     54  
631.0  10:31:04 42.32495 -72.530815   3     13     55  
632.0  10:32:00 42.322224 -72.52965   3     17     57  
633.0  10:33:00 42.321667 -72.53427   4     11     41  
633.0  10:33:56 42.32099 -72.534325   3     17     42  
634.0  10:34:00 42.32041 -72.53438   5     15     45  
634.0  10:34:52 42.31956 -72.52877   3     12     58  
635.0  10:35:00 42.319557 -72.52883   3     12     41  
635.0  10:35:02 42.319557 -72.52883   4     15     44  
635.0  10:35:10 42.319454 -72.52857   5     10     46  
635.0  10:35:19 42.319233 -72.52804   5     16     58  
635.0  10:35:27 42.318817 -72.52852   4     17     57  
635.0  10:35:42 42.31801 -72.52932   4     16     58  
636.0  10:36:00 42.31336 -72.530846   3     15     57  
637.0  10:37:00 42.305088 -72.52868   5     18     43  
638.0  10:38:00 42.294415 -72.53133   5     12     57  
639.0  10:39:00 42.28715 -72.53985   4     18     57  
639.0  10:39:06 42.286743 -72.54083   4     18     48  
640.0  10:40:00 42.28242 -72.55368   5     14     42  
641.0  10:41:00 42.277046 -72.56349   5     17     52  
642.0  10:42:00 42.267452 -72.56723   5     15     40  
642.0  10:42:06 42.26892 -72.56628   3     17     40  
642.0  10:42:18 42.26656 -72.56926   3     11     59  
643.0  10:43:00 42.261242 -72.572845   4     14     58  
643.0  10:43:10 42.26028 -72.57328   3     16     46  
643.0  10:43:20 42.259525 -72.57437   3     13     56  
643.0  10:43:29 42.259266 -72.57474   4     14     43  
643.0  10:43:37 42.25928 -72.574745   3     16     41  
643.0  10:43:45 42.25929 -72.574745   5     13     49  
643.0  10:43:53 42.2593 -72.57474   5     14     45  
644.0  10:44:00 42.259323 -72.57474   3     10     52  
644.0  10:44:01 42.25932 -72.57473   3     11     48  
644.0  10:44:11 42.25904 -72.57485   5     15     52  
644.0  10:44:19 42.25852 -72.5743   5     11     53  
644.0  10:44:28 42.258167 -72.5735   3     19     41  
644.0  10:44:36 42.25803 -72.573074   5     12     52  
644.0  10:44:45 42.25803 -72.573074   5     17     57  
645.0  10:45:00 42.25793 -72.572845   5     17     40  
645.0  10:45:02 42.258003 -72.573074   4     10     50  
645.0  10:45:28 42.258003 -72.573074   4     15     41  
645.0  10:45:31 42.256824 -72.57217   4     11     41  
645.0  10:45:36 42.256542 -72.572205   4     16     56  
645.0  10:45:38 42.256542 -72.572205   3     18     55  
645.0  10:45:48 42.256092 -72.57227   5     18     46  
646.0  10:46:00 42.255047 -72.57292   5     10     48  
646.0  10:46:04 42.255527 -72.57258   5     13     58  
646.0  10:46:13 42.254368 -72.57368   5     14     53  
646.0  10:46:22 42.254223 -72.5742   4     11     58  
646.0  10:46:30 42.254234 -72.574196   5     14     59  
646.0  10:46:42 42.25422 -72.574196   3     11     49  
646.0  10:46:50 42.254223 -72.57422   3     13     43  
646.0  10:46:58 42.254242 -72.57422   3     19     56  
647.0  10:47:00 42.254257 -72.574196   3     12     49  
647.0  10:47:06 42.254257 -72.57419   4     18     50  
647.0  10:47:15 42.25427 -72.574165   3     10     59  
647.0  10:47:23 42.254253 -72.57418   5     10     47  
647.0  10:47:34 42.254227 -72.57422   5     14     50  
647.0  10:47:42 42.25421 -72.57425   5     13     51  
647.0  10:47:51 42.254215 -72.57424   5     10     55  
648.0  10:48:00 42.254223 -72.5742   4     17     52  
648.0  10:48:00 42.25421 -72.57421   3     14     50  
648.0  10:48:08 42.254192 -72.57423   5     17     59  
648.0  10:48:16 42.254173 -72.57423   5     15     50  
648.0  10:48:27 42.254166 -72.57424   5     18     40  
648.0  10:48:35 42.254154 -72.574234   3     16     46  
648.0  10:48:43 42.25414 -72.57424   5     10     45  
648.0  10:48:52 42.25411 -72.57424   5     19     42  
649.0  10:49:00 42.254147 -72.57422   5     17     52  
649.0  10:49:01 42.254124 -72.57423   5     12     54  
649.0  10:49:10 42.254154 -72.57426   4     17     47  
649.0  10:49:21 42.25417 -72.57424   3     11     43  
649.0  10:49:29 42.254177 -72.57424   4     13     51  
649.0  10:49:39 42.25419 -72.574234   5     10     53  
649.0  10:49:47 42.25419 -72.574234   5     10     43  
650.0  10:50:00 42.254192 -72.574234   4     16     49  
650.0  10:50:00 42.25419 -72.574234   5     11     53  
650.0  10:50:28 42.254177 -72.57419   3     12     42  
650.0  10:50:37 42.254143 -72.57423   3     18     57  
650.0  10:50:48 42.25382 -72.574554   3     10     53  
651.0  10:51:00 42.253807 -72.57568   4     13     44  
651.0  10:51:31 42.255135 -72.5769   4     16     59  
651.0  10:51:32 42.254917 -72.57699   3     10     58  
651.0  10:51:43 42.255753 -72.57666   3     10     56  
651.0  10:51:52 42.255825 -72.57663   5     16     50  
652.0  10:52:00 42.256645 -72.57639   3     12     54  
652.0  10:52:01 42.256405 -72.57647   4     17     56  
652.0  10:52:09 42.257107 -72.57611   4     16     44  
652.0  10:52:18 42.25731 -72.57603   3     12     43  
652.0  10:52:28 42.25767 -72.57591   4     17     47  
652.0  10:52:42 42.25853 -72.57537   3     17     40  
652.0  10:52:51 42.259605 -72.5742   5     17     42  
652.0  10:52:59 42.260395 -72.57313   4     18     42  
653.0  10:53:00 42.260822 -72.57287   3     17     47  
653.0  10:53:09 42.26133 -72.57276   3     15     58  
653.0  10:53:45 42.266712 -72.570984   4     19     50  
654.0  10:54:00 42.26661 -72.56809   3     12     54  
654.0  10:54:23 42.26902 -72.566185   5     17     52  
655.0  10:55:00 42.275974 -72.56459   4     15     49  
656.0  10:56:00 42.281776 -72.55516   3     15     50  
656.0  10:56:00 42.28195 -72.554726   3     16     49  
657.0  10:57:00 42.28688 -72.5405   3     16     42  
658.0  10:58:00 42.295345 -72.53115   5     16     45  
659.0  10:59:00 42.304688 -72.52819   3     13     49  
660.0  11:00:00 42.312363 -72.53039   5     19     41  
660.0  11:00:51 42.319035 -72.528244   5     10     56  
660.0  11:00:56 42.31923 -72.52794   4     10     45  
661.0  11:01:00 42.319405 -72.52825   5     18     52  
662.0  11:02:00 42.321125 -72.53368   5     16     44  
663.0  11:03:00 42.322136 -72.52991   5     18     48  
664.0  11:04:00 42.325108 -72.52985   5     13     54  
664.0  11:04:20 42.325268 -72.53086   5     12     44  
664.0  11:04:25 42.32526 -72.53086   4     10     52  
664.0  11:04:28 42.325268 -72.53086   4     15     52  
664.0  11:04:35 42.325233 -72.53085   4     19     47  
664.0  11:04:40 42.325237 -72.530846   3     11     49  
664.0  11:04:45 42.32524 -72.530846   5     17     55  
664.0  11:04:50 42.325237 -72.53085   3     10     42  
665.0  11:05:00 42.325245 -72.53082   3     15     59  
665.0  11:05:00 42.325245 -72.530815   4     10     45  
665.0  11:05:12 42.325245 -72.53082   4     17     45  
665.0  11:05:38 42.32529 -72.53084   4     19     46  
665.0  11:05:59 42.32531 -72.530846   5     18     58  
666.0  11:06:00 42.32531 -72.530846   5     16     50  
666.0  11:06:00 42.325302 -72.53087   5     14     47  
666.0  11:06:09 42.3253 -72.530876   5     14     59  
666.0  11:06:14 42.3253 -72.53088   3     15     53  
666.0  11:06:19 42.3253 -72.53088   5     15     46  
666.0  11:06:22 42.3253 -72.530876   5     18     50  
666.0  11:06:29 42.325294 -72.53091   4     11     52  
666.0  11:06:34 42.325287 -72.53093   4     17     51  
666.0  11:06:40 42.32528 -72.530945   3     19     46  
666.0  11:06:44 42.325287 -72.530914   5     12     51  
667.0  11:07:00 42.325287 -72.53094   4     15     48  
667.0  11:07:07 42.325275 -72.53095   4     14     59  
667.0  11:07:30 42.325314 -72.530914   4     16     57  
667.0  11:07:41 42.325302 -72.5309   5     15     43  
667.0  11:07:51 42.325306 -72.5309   4     16     51  
667.0  11:07:52 42.325302 -72.5309   5     16     50  
668.0  11:08:00 42.32531 -72.5309   3     14     55  
668.0  11:08:01 42.32531 -72.5309   3     13     51  
668.0  11:08:06 42.325314 -72.53089   5     19     59  
668.0  11:08:16 42.325314 -72.530876   4     16     52  
668.0  11:08:21 42.325314 -72.53087   4     19     47  
668.0  11:08:27 42.32531 -72.530876   5     16     42  
668.0  11:08:30 42.325314 -72.53087   3     11     54  
668.0  11:08:37 42.325294 -72.53087   5     14     44  
668.0  11:08:42 42.325287 -72.53085   5     15     44  
668.0  11:08:47 42.32528 -72.53085   4     14     49  
668.0  11:08:52 42.325287 -72.53086   5     19     40  
669.0  11:09:00 42.325245 -72.53089   5     14     55  
669.0  11:09:05 42.325245 -72.53091   5     18     50  
669.0  11:09:11 42.325237 -72.53093   4     10     50  
669.0  11:09:14 42.325245 -72.5309   4     11     52  
669.0  11:09:21 42.32524 -72.53094   5     18     52  
669.0  11:09:26 42.325245 -72.53092   3     15     58  
669.0  11:09:31 42.32525 -72.53091   3     12     48  
669.0  11:09:36 42.325245 -72.53092   5     19     59  
669.0  11:09:47 42.32526 -72.53085   3     12     46  
669.0  11:09:52 42.32526 -72.53087   4     13     43  
669.0  11:09:58 42.32526 -72.53085   4     15     55  
670.0  11:10:00 42.325264 -72.53085   4     18     46  
670.0  11:10:01 42.32526 -72.53086   5     15     47  
670.0  11:10:06 42.325268 -72.53083   5     16     45  
670.0  11:10:14 42.32527 -72.53083   5     10     53  
670.0  11:10:20 42.325275 -72.53082   3     14     41  
670.0  11:10:21 42.32527 -72.53083   4     15     54  
670.0  11:10:30 42.32524 -72.53087   3     18     44  
670.0  11:10:35 42.32522 -72.5311   5     13     45  
670.0  11:10:40 42.32507 -72.5312   5     15     53  
670.0  11:10:43 42.325233 -72.53095   3     10     47  
670.0  11:10:50 42.32496 -72.5306   3     10     48  
671.0  11:11:00 42.3251 -72.5294   5     15     58  
672.0  11:12:00 42.32399 -72.52465   5     18     47  
673.0  11:13:00 42.333195 -72.5235   5     11     58  
673.0  11:13:50 42.338978 -72.520706   4     11     46  
674.0  11:14:00 42.340393 -72.52006   4     16     55  
674.0  11:14:11 42.340714 -72.519936   3     11     40  
674.0  11:14:16 42.340694 -72.519936   3     17     54  
674.0  11:14:21 42.340694 -72.51994   3     11     48  
674.0  11:14:26 42.3407 -72.51994   5     10     51  
674.0  11:14:27 42.34069 -72.519936   3     19     45  
674.0  11:14:36 42.340714 -72.51995   4     14     55  
674.0  11:14:41 42.340797 -72.51995   3     14     43  
675.0  11:15:00 42.343643 -72.52034   4     19     42  
675.0  11:15:26 42.34727 -72.520226   5     12     47  
675.0  11:15:31 42.347454 -72.52018   5     18     50  
675.0  11:15:31 42.34645 -72.520424   4     12     50  
675.0  11:15:42 42.347473 -72.52019   4     10     42  
675.0  11:15:47 42.347477 -72.520195   4     16     41  
676.0  11:16:00 42.348564 -72.520004   5     18     49  
677.0  11:17:00 42.35729 -72.52095   4     12     58  
677.0  11:17:02 42.35729 -72.52095   5     12     59  
678.0  11:18:00 42.366653 -72.52027   5     15     56  
678.0  11:18:15 42.368042 -72.52005   4     12     43  
678.0  11:18:33 42.37085 -72.51978   5     15     51  
678.0  11:18:55 42.37213 -72.51973   4     13     56  
679.0  11:19:00 42.372177 -72.5188   5     15     49  
679.0  11:19:15 42.37309 -72.518845   5     12     56  
679.0  11:19:17 42.372395 -72.51886   3     14     42  
679.0  11:19:26 42.373096 -72.51886   4     19     58  
679.0  11:19:31 42.373096 -72.51886   5     12     49  
679.0  11:19:36 42.373165 -72.51888   4     11     57  
679.0  11:19:39 42.373096 -72.51886   4     19     40  
679.0  11:19:46 42.37326 -72.519485   3     14     52  
679.0  11:19:51 42.373257 -72.51956   5     15     49  
679.0  11:19:56 42.373257 -72.51956   3     18     58  
680.0  11:20:00 42.37326 -72.51956   4     10     47  
680.0  11:20:01 42.373257 -72.51956   4     11     41  
680.0  11:20:12 42.373264 -72.519554   5     10     51  
680.0  11:20:17 42.37327 -72.51956   4     12     49  
680.0  11:20:23 42.373276 -72.51962   5     17     57  
680.0  11:20:25 42.373264 -72.519554   4     11     54  
680.0  11:20:33 42.373768 -72.519875   5     11     58  
680.0  11:20:38 42.374207 -72.51985   3     15     41  
680.0  11:20:43 42.37442 -72.519844   5     12     56  
680.0  11:20:47 42.374046 -72.51986   4     15     46  
680.0  11:20:55 42.374428 -72.51984   4     13     53  
681.0  11:21:00 42.374508 -72.51983   3     17     50  
681.0  11:21:00 42.374542 -72.51982   5     10     41  
681.0  11:21:06 42.374626 -72.519806   3     19     59  
681.0  11:21:08 42.37444 -72.51984   4     12     57  
681.0  11:21:16 42.374615 -72.5198   3     12     45  
681.0  11:21:21 42.374607 -72.5198   5     12     59  
681.0  11:21:26 42.374825 -72.51983   3     15     41  
681.0  11:21:31 42.374603 -72.5198   5     15     40  
681.0  11:21:43 42.375446 -72.51987   4     13     40  
681.0  11:21:48 42.375443 -72.519875   5     17     53  
681.0  11:21:53 42.37545 -72.51987   3     11     51  
682.0  11:22:00 42.37542 -72.51997   4     16     58  
682.0  11:22:03 42.375416 -72.51998   3     11     40  
682.0  11:22:08 42.37542 -72.519966   4     15     43  
682.0  11:22:13 42.37542 -72.51996   5     11     50  
682.0  11:22:19 42.37542 -72.51996   3     10     45  
682.0  11:22:22 42.37542 -72.519966   4     18     54  
682.0  11:22:42 42.376064 -72.51989   4     12     43  
682.0  11:22:54 42.37556 -72.519875   5     12     59  
683.0  11:23:00 42.377335 -72.5199   4     18     57  
683.0  11:23:17 42.377323 -72.51989   3     19     48  
683.0  11:23:44 42.378242 -72.519905   5     10     44  
684.0  11:24:00 42.379795 -72.519485   3     12     58  
684.0  11:24:06 42.3798 -72.51949   4     14     53  
685.0  11:25:00 42.38132 -72.51931   3     10     51  
685.0  11:25:20 42.38232 -72.520096   3     19     53  
685.0  11:25:20 42.381474 -72.51929   3     15     48  
686.0  11:26:00 42.386063 -72.52271   5     19     59  
687.0  11:27:00 42.3871 -72.5265   3     19     59  
688.0  11:28:00 42.38709 -72.526505   4     19     48  
689.0  11:29:00 42.387074 -72.526505   4     13     54  
690.0  11:30:00 42.38713 -72.526474   5     15     53  
691.0  11:31:00 42.385284 -72.52572   4     18     56  
692.0  11:32:00 42.384502 -72.521416   3     10     55  
692.0  11:32:16 42.383175 -72.52072   4     13     49  
692.0  11:32:16 42.38422 -72.52128   4     18     51  
692.0  11:32:28 42.38183 -72.51974   3     15     40  
693.0  11:33:00 42.37963 -72.51969   4     17     41  
693.0  11:33:15 42.37955 -72.51974   4     14     40  
693.0  11:33:20 42.379486 -72.519745   4     18     56  
693.0  11:33:25 42.379128 -72.51989   5     10     53  
693.0  11:33:30 42.378532 -72.52001   4     11     52  
693.0  11:33:31 42.379375 -72.519775   3     18     53  
693.0  11:33:40 42.37787 -72.52002   3     11     46  
693.0  11:33:45 42.377865 -72.52   3     15     51  
693.0  11:33:50 42.377876 -72.51998   5     12     52  
693.0  11:33:55 42.37787 -72.51997   4     19     48  
693.0  11:33:56 42.377865 -72.520004   5     14     45  
694.0  11:34:00 42.377552 -72.51995   3     18     48  
694.0  11:34:19 42.376976 -72.51996   5     13     49  
694.0  11:34:25 42.376972 -72.51996   5     16     42  
694.0  11:34:30 42.376965 -72.51994   4     19     46  
694.0  11:34:44 42.376392 -72.51991   5     15     40  
694.0  11:34:48 42.376823 -72.519936   4     11     43  
694.0  11:34:50 42.376335 -72.5199   4     10     54  
694.0  11:34:55 42.37633 -72.519905   4     12     58  
695.0  11:35:00 42.37625 -72.519905   5     18     51  
695.0  11:35:00 42.376335 -72.5199   4     15     49  
695.0  11:35:00 42.376213 -72.519905   5     16     59  
695.0  11:35:10 42.375824 -72.51992   5     16     47  
695.0  11:35:15 42.375595 -72.519936   4     13     58  
695.0  11:35:20 42.3753 -72.51991   5     14     43  
695.0  11:35:22 42.37573 -72.51993   4     15     53  
695.0  11:35:45 42.374657 -72.519875   4     15     44  
696.0  11:36:00 42.374424 -72.51994   4     16     53  
696.0  11:36:07 42.374416 -72.51992   4     10     59  
696.0  11:36:22 42.373505 -72.519905   5     12     44  
696.0  11:36:28 42.372925 -72.51987   4     16     57  
696.0  11:36:30 42.373848 -72.51989   4     15     59  
696.0  11:36:38 42.372234 -72.51979   5     19     51  
696.0  11:36:43 42.372147 -72.51943   4     13     52  
696.0  11:36:48 42.3721 -72.51898   5     13     55  
696.0  11:36:52 42.37219 -72.51963   5     10     42  
697.0  11:37:00 42.372726 -72.5189   4     11     55  
697.0  11:37:08 42.372967 -72.51886   4     12     54  
697.0  11:37:13 42.37311 -72.518814   4     11     53  
697.0  11:37:19 42.37311 -72.518814   4     15     55  
697.0  11:37:20 42.373077 -72.51883   4     14     49  
697.0  11:37:29 42.373096 -72.51883   4     11     50  
697.0  11:37:34 42.373093 -72.51884   4     11     51  
697.0  11:37:40 42.3731 -72.51884   5     13     40  
697.0  11:37:42 42.37309 -72.51883   5     19     53  
697.0  11:37:50 42.373108 -72.518845   4     15     57  
697.0  11:37:55 42.37311 -72.518845   5     11     49  
698.0  11:38:00 42.37311 -72.518845   4     16     54  
698.0  11:38:00 42.373116 -72.518845   3     14     54  
698.0  11:38:15 42.373127 -72.51886   5     17     51  
698.0  11:38:29 42.37312 -72.51886   3     14     47  
698.0  11:38:29 42.373123 -72.51886   3     16     44  
698.0  11:38:39 42.373127 -72.51886   5     18     50  
698.0  11:38:45 42.37314 -72.51887   5     16     50  
698.0  11:38:50 42.37316 -72.51889   3     19     41  
698.0  11:38:52 42.373127 -72.51887   5     17     48  
699.0  11:39:00 42.373173 -72.51889   4     12     47  
699.0  11:39:00 42.37317 -72.51889   4     14     55  
699.0  11:39:08 42.373173 -72.51889   4     12     48  
699.0  11:39:17 42.373177 -72.5189   4     14     47  
699.0  11:39:19 42.373177 -72.51889   4     11     57  
699.0  11:39:27 42.373188 -72.5189   4     17     40  
699.0  11:39:32 42.373207 -72.51889   5     15     54  
699.0  11:39:37 42.373222 -72.518875   4     11     44  
699.0  11:39:42 42.373207 -72.51887   4     18     56  
699.0  11:39:44 42.3732 -72.51889   4     18     58  
699.0  11:39:56 42.373173 -72.51886   4     10     51  
700.0  11:40:00 42.373165 -72.51884   5     17     45  
700.0  11:40:01 42.373165 -72.51884   4     15     54  
700.0  11:40:06 42.373165 -72.51883   5     17     59  
700.0  11:40:06 42.373165 -72.51886   4     18     45  
700.0  11:40:16 42.373173 -72.51881   5     11     54  
700.0  11:40:21 42.373165 -72.518814   4     11     56  
700.0  11:40:26 42.373207 -72.518845   4     13     55  
700.0  11:40:35 42.373222 -72.51884   5     16     40  
700.0  11:40:38 42.373215 -72.518845   3     10     48  
700.0  11:40:45 42.3732 -72.518875   5     13     51  
700.0  11:40:50 42.3732 -72.518875   5     19     55  
701.0  11:41:00 42.373196 -72.518875   4     19     52  
701.0  11:41:00 42.37323 -72.51893   3     16     55  
701.0  11:41:27 42.37327 -72.51964   4     11     43  
701.0  11:41:40 42.373272 -72.519615   4     13     40  
701.0  11:41:45 42.373264 -72.51968   4     18     50  
701.0  11:41:49 42.373272 -72.519615   3     16     55  
702.0  11:42:00 42.37187 -72.519775   3     17     52  
702.0  11:42:56 42.36295 -72.52083   5     14     49  
703.0  11:43:00 42.36209 -72.52082   4     14     54  
703.0  11:43:29 42.357254 -72.52101   3     17     41  
703.0  11:43:51 42.35351 -72.52059   4     15     55  
704.0  11:44:00 42.35166 -72.5205   4     18     44  
704.0  11:44:08 42.35054 -72.52003   4     15     40  
704.0  11:44:15 42.349354 -72.51998   3     11     54  
704.0  11:44:20 42.34854 -72.52006   5     14     44  
705.0  11:45:00 42.341503 -72.51995   4     14     50  
705.0  11:45:23 42.340115 -72.520195   5     17     51  
706.0  11:46:00 42.335217 -72.52318   3     13     59  
707.0  11:47:00 42.324333 -72.52471   4     13     54  
708.0  11:48:00 42.325134 -72.529625   4     18     44  
708.0  11:48:12 42.32515 -72.53038   3     19     49  
708.0  11:48:17 42.325275 -72.530975   3     15     43  
708.0  11:48:22 42.325214 -72.530525   3     12     55  
708.0  11:48:32 42.32528 -72.531044   5     19     53  
708.0  11:48:37 42.32528 -72.53106   3     18     48  
708.0  11:48:42 42.325287 -72.531075   5     19     47  
708.0  11:48:44 42.32528 -72.531044   5     12     48  
708.0  11:48:52 42.325283 -72.53107   5     12     50  
708.0  11:48:57 42.32528 -72.53107   3     12     45  
716.0  11:56:36 42.325283 -72.53113   3     15     57  
716.0  11:56:58 42.32528 -72.531136   3     19     42  
717.0  11:57:00 42.325287 -72.53115   4     19     55  
717.0  11:57:12 42.32529 -72.53116   5     18     52  
717.0  11:57:17 42.325294 -72.53116   4     17     52  
717.0  11:57:23 42.3253 -72.531166   5     14     43  
717.0  11:57:27 42.32529 -72.53116   3     18     41  
717.0  11:57:38 42.325294 -72.53113   5     12     55  
717.0  11:57:43 42.325287 -72.5311   5     16     47  
717.0  11:57:48 42.32528 -72.531075   3     13     55  
717.0  11:57:49 42.325294 -72.53113   4     12     56  
718.0  11:58:00 42.325287 -72.53111   3     13     51  
718.0  11:58:09 42.325287 -72.53112   5     16     59  
718.0  11:58:11 42.32529 -72.531105   5     15     59  
718.0  11:58:34 42.325264 -72.531075   3     10     59  
718.0  11:58:34 42.32527 -72.53109   4     15     57  
718.0  11:58:56 42.325245 -72.53108   3     11     58  
719.0  11:59:00 42.32531 -72.531136   4     17     57  
719.0  11:59:19 42.32532 -72.53114   3     18     59  
719.0  11:59:29 42.325314 -72.53118   3     12     57  
719.0  11:59:41 42.3253 -72.531166   3     17     54  
719.0  11:59:41 42.325314 -72.53118   4     12     48  
720.0  12:00:00 42.325294 -72.53112   3     19     56  
720.0  12:00:01 42.32529 -72.53113   3     16     48  
720.0  12:00:07 42.32532 -72.5311   4     13     53  
720.0  12:00:12 42.32533 -72.53109   4     15     53  
720.0  12:00:17 42.325325 -72.531105   5     19     52  
720.0  12:00:19 42.32532 -72.5311   4     12     41  
720.0  12:00:27 42.32531 -72.531136   5     16     53  
720.0  12:00:33 42.325306 -72.53114   5     18     50  
720.0  12:00:38 42.325302 -72.53116   4     17     43  
720.0  12:00:41 42.325306 -72.53114   5     15     50  
720.0  12:00:48 42.32529 -72.531166   3     16     45  
720.0  12:00:55 42.325302 -72.531166   4     19     56  
