877.0  14:37:02 0.0 -0.0   4     19     56  
877.0  14:37:57 0.0 -0.0   4     14     43  
878.0  14:38:00 0.0 -0.0   3     10     56  
878.0  14:38:07 0.0 -0.0   4     10     51  
878.0  14:38:16 0.0 -0.0   5     18     58  
878.0  14:38:24 0.0 -0.0   4     15     47  
878.0  14:38:31 0.0 -0.0   4     18     58  
878.0  14:38:40 0.0 -0.0   4     17     58  
878.0  14:38:48 0.0 -0.0   5     14     51  
878.0  14:38:58 0.0 -0.0   4     13     51  
879.0  14:39:00 0.0 -0.0   5     15     53  
879.0  14:39:06 0.0 -0.0   4     14     40  
879.0  14:39:15 0.0 -0.0   4     11     47  
879.0  14:39:23 0.0 -0.0   3     11     57  
879.0  14:39:32 0.0 -0.0   5     11     57  
879.0  14:39:40 0.0 -0.0   4     14     51  
879.0  14:39:50 0.0 -0.0   3     12     52  
879.0  14:39:59 0.0 -0.0   5     17     50  
880.0  14:40:00 0.0 -0.0   5     17     52  
880.0  14:40:07 0.0 -0.0   4     19     45  
880.0  14:40:16 0.0 -0.0   4     16     51  
880.0  14:40:25 0.0 -0.0   5     11     42  
880.0  14:40:33 0.0 -0.0   4     19     53  
880.0  14:40:45 0.0 -0.0   3     14     53  
880.0  14:40:54 0.0 -0.0   3     11     43  
881.0  14:41:00 0.0 -0.0   5     14     40  
881.0  14:41:02 0.0 -0.0   3     18     40  
881.0  14:41:11 0.0 -0.0   5     17     54  
881.0  14:41:19 0.0 -0.0   4     12     40  
881.0  14:41:28 0.0 -0.0   4     14     58  
881.0  14:41:38 0.0 -0.0   4     13     40  
881.0  14:41:47 0.0 -0.0   4     13     48  
881.0  14:41:55 0.0 -0.0   5     12     46  
882.0  14:42:00 0.0 -0.0   5     14     49  
882.0  14:42:04 0.0 -0.0   5     19     55  
882.0  14:42:13 0.0 -0.0   4     19     40  
882.0  14:42:21 0.0 -0.0   5     18     58  
882.0  14:42:32 0.0 -0.0   5     10     42  
882.0  14:42:40 0.0 -0.0   4     15     51  
882.0  14:42:49 0.0 -0.0   3     14     53  
882.0  14:42:58 0.0 -0.0   5     15     44  
883.0  14:43:00 0.0 -0.0   5     17     51  
883.0  14:43:06 0.0 -0.0   3     13     41  
883.0  14:43:15 0.0 -0.0   3     10     54  
883.0  14:43:25 0.0 -0.0   5     11     59  
883.0  14:43:34 0.0 -0.0   3     13     43  
883.0  14:43:42 0.0 -0.0   3     19     50  
883.0  14:43:51 0.0 -0.0   3     14     47  
884.0  14:44:00 0.0 -0.0   5     15     52  
884.0  14:44:00 0.0 -0.0   5     17     49  
884.0  14:44:08 0.0 -0.0   5     15     59  
884.0  14:44:19 0.0 -0.0   3     17     53  
884.0  14:44:28 0.0 -0.0   5     16     56  
884.0  14:44:36 0.0 -0.0   3     18     49  
884.0  14:44:44 0.0 -0.0   3     14     50  
884.0  14:44:53 0.0 -0.0   5     14     47  
885.0  14:45:00 0.0 -0.0   3     19     42  
885.0  14:45:02 0.0 -0.0   5     19     53  
885.0  14:45:12 0.0 -0.0   3     18     40  
885.0  14:45:21 0.0 -0.0   3     18     44  
885.0  14:45:29 0.0 -0.0   4     11     43  
885.0  14:45:38 0.0 -0.0   4     12     48  
885.0  14:45:46 0.0 -0.0   5     15     42  
885.0  14:45:55 0.0 -0.0   5     12     56  
886.0  14:46:00 0.0 -0.0   3     16     40  
886.0  14:46:06 0.0 -0.0   3     15     59  
886.0  14:46:14 0.0 -0.0   3     19     50  
886.0  14:46:23 0.0 -0.0   4     16     50  
886.0  14:46:32 0.0 -0.0   5     18     57  
886.0  14:46:40 0.0 -0.0   4     16     44  
886.0  14:46:49 0.0 -0.0   4     14     40  
887.0  14:47:00 0.0 -0.0   4     14     58  
887.0  14:47:01 0.0 -0.0   4     17     51  
887.0  14:47:10 0.0 -0.0   4     12     57  
887.0  14:47:19 0.0 -0.0   3     17     40  
887.0  14:47:28 0.0 -0.0   4     11     50  
887.0  14:47:37 0.0 -0.0   5     16     56  
887.0  14:47:46 0.0 -0.0   5     19     49  
887.0  14:47:56 0.0 -0.0   5     17     46  
888.0  14:48:00 0.0 -0.0   5     12     45  
888.0  14:48:05 0.0 -0.0   5     17     44  
888.0  14:48:21 0.0 -0.0   3     18     59  
888.0  14:48:30 0.0 -0.0   3     11     56  
888.0  14:48:39 0.0 -0.0   5     15     50  
888.0  14:48:50 0.0 -0.0   4     16     55  
888.0  14:48:58 0.0 -0.0   5     11     50  
889.0  14:49:00 0.0 -0.0   4     18     45  
889.0  14:49:07 0.0 -0.0   4     19     56  
889.0  14:49:15 0.0 -0.0   4     14     45  
889.0  14:49:25 0.0 -0.0   5     14     43  
889.0  14:49:33 0.0 -0.0   5     18     51  
889.0  14:49:44 0.0 -0.0   3     18     41  
889.0  14:49:53 0.0 -0.0   4     16     43  
890.0  14:50:00 0.0 -0.0   4     17     55  
890.0  14:50:01 0.0 -0.0   4     11     47  
890.0  14:50:10 0.0 -0.0   4     13     49  
890.0  14:50:18 0.0 -0.0   4     10     44  
890.0  14:50:27 0.0 -0.0   4     11     54  
890.0  14:50:38 0.0 -0.0   4     13     40  
890.0  14:50:46 0.0 -0.0   4     10     55  
890.0  14:50:55 0.0 -0.0   5     18     56  
891.0  14:51:00 0.0 -0.0   3     10     45  
891.0  14:51:03 0.0 -0.0   3     12     49  
891.0  14:51:12 0.0 -0.0   3     13     55  
891.0  14:51:21 0.0 -0.0   3     10     59  
891.0  14:51:31 0.0 -0.0   4     14     47  
891.0  14:51:40 0.0 -0.0   3     19     45  
891.0  14:51:49 0.0 -0.0   3     13     41  
891.0  14:51:58 0.0 -0.0   5     13     50  
892.0  14:52:00 0.0 -0.0   5     14     43  
892.0  14:52:07 0.0 -0.0   3     10     55  
892.0  14:52:16 0.0 -0.0   5     13     53  
892.0  14:52:26 0.0 -0.0   5     13     56  
892.0  14:52:35 0.0 -0.0   3     19     46  
892.0  14:52:51 0.0 -0.0   5     10     49  
893.0  14:53:00 0.0 -0.0   5     10     40  
893.0  14:53:00 0.0 -0.0   3     12     53  
893.0  14:53:09 0.0 -0.0   4     16     51  
893.0  14:53:19 0.0 -0.0   4     19     40  
893.0  14:53:28 0.0 -0.0   5     16     54  
893.0  14:53:37 0.0 -0.0   3     15     55  
893.0  14:53:45 0.0 -0.0   3     19     59  
893.0  14:53:53 0.0 -0.0   3     13     43  
894.0  14:54:00 0.0 -0.0   5     11     57  
894.0  14:54:02 0.0 -0.0   3     16     48  
894.0  14:54:12 0.0 -0.0   4     18     46  
894.0  14:54:21 0.0 -0.0   4     11     49  
894.0  14:54:29 0.0 -0.0   4     15     42  
894.0  14:54:38 0.0 -0.0   4     14     49  
894.0  14:54:47 0.0 -0.0   5     16     54  
894.0  14:54:55 0.0 -0.0   4     10     41  
895.0  14:55:00 0.0 -0.0   3     11     58  
895.0  14:55:07 0.0 -0.0   4     10     43  
895.0  14:55:16 0.0 -0.0   4     15     57  
895.0  14:55:24 0.0 -0.0   4     17     49  
895.0  14:55:33 0.0 -0.0   3     19     46  
895.0  14:55:41 0.0 -0.0   5     10     48  
895.0  14:55:50 0.0 -0.0   4     15     47  
896.0  14:56:00 0.0 -0.0   3     12     57  
896.0  14:56:01 0.0 -0.0   5     14     58  
896.0  14:56:10 0.0 -0.0   4     18     44  
896.0  14:56:18 0.0 -0.0   3     14     41  
896.0  14:56:27 0.0 -0.0   3     18     56  
896.0  14:56:35 0.0 -0.0   5     16     42  
896.0  14:56:44 0.0 -0.0   3     15     44  
896.0  14:56:54 0.0 -0.0   5     16     44  
897.0  14:57:00 0.0 -0.0   3     12     58  
897.0  14:57:03 0.0 -0.0   4     18     50  
897.0  14:57:12 0.0 -0.0   5     18     44  
897.0  14:57:21 0.0 -0.0   4     19     57  
897.0  14:57:29 0.0 -0.0   5     13     55  
897.0  14:57:38 0.0 -0.0   4     17     50  
897.0  14:57:48 0.0 -0.0   5     15     58  
897.0  14:57:57 0.0 -0.0   5     15     48  
898.0  14:58:00 0.0 -0.0   3     17     59  
898.0  14:58:05 0.0 -0.0   5     10     41  
898.0  14:58:14 0.0 -0.0   5     14     53  
898.0  14:58:23 0.0 -0.0   5     19     42  
898.0  14:58:32 0.0 -0.0   5     12     50  
898.0  14:58:42 42.39404 -72.53275   5     18     58  
898.0  14:58:50 42.39404 -72.53275   5     15     47  
898.0  14:58:58 42.394035 -72.53276   3     12     52  
899.0  14:59:00 42.394035 -72.53275   4     14     44  
899.0  14:59:06 42.39403 -72.53275   5     10     40  
899.0  14:59:15 42.393772 -72.53273   4     12     58  
899.0  14:59:24 42.393772 -72.53274   4     16     41  
899.0  14:59:34 42.39377 -72.53274   3     18     47  
899.0  14:59:43 42.393764 -72.53274   4     11     59  
899.0  14:59:52 42.393803 -72.532745   3     19     54  
900.0  15:00:00 42.393887 -72.53275   5     11     53  
900.0  15:00:01 42.393864 -72.53275   5     19     40  
900.0  15:00:09 42.393883 -72.53275   5     12     50  
900.0  15:00:17 42.393887 -72.53275   3     19     40  
900.0  15:00:27 42.39394 -72.53276   3     14     59  
900.0  15:00:35 42.39397 -72.53276   4     14     51  
900.0  15:00:43 42.39406 -72.532776   4     13     52  
900.0  15:00:51 42.394024 -72.53279   5     10     44  
900.0  15:00:59 42.393986 -72.53277   5     13     48  
901.0  15:01:00 42.39398 -72.53277   4     10     46  
901.0  15:01:08 42.393906 -72.53275   4     19     55  
901.0  15:01:18 42.393864 -72.53276   3     10     43  
901.0  15:01:27 42.39386 -72.53276   3     11     42  
901.0  15:01:36 42.39386 -72.53276   4     12     48  
901.0  15:01:44 42.393887 -72.532745   5     10     49  
901.0  15:01:53 42.393883 -72.532745   4     17     42  
902.0  15:02:00 42.393875 -72.53274   4     14     43  
902.0  15:02:01 42.393875 -72.53274   3     18     41  
902.0  15:02:11 42.393852 -72.53274   5     13     55  
902.0  15:02:20 42.39385 -72.53274   3     16     51  
902.0  15:02:28 42.393833 -72.53274   5     18     54  
902.0  15:02:36 42.39382 -72.53273   4     19     46  
902.0  15:02:44 42.393787 -72.53275   4     14     41  
902.0  15:02:52 42.393757 -72.532776   5     17     51  
903.0  15:03:00 42.393757 -72.53278   4     13     40  
903.0  15:03:02 42.393757 -72.53278   5     13     46  
903.0  15:03:10 42.393787 -72.53279   4     14     44  
903.0  15:03:18 42.393845 -72.53278   4     16     58  
903.0  15:03:26 42.393852 -72.53278   4     16     57  
903.0  15:03:34 42.39384 -72.53281   3     19     51  
903.0  15:03:42 42.39384 -72.5328   4     19     58  
903.0  15:03:53 42.393833 -72.53278   5     10     54  
904.0  15:04:00 42.39382 -72.53278   5     10     51  
904.0  15:04:01 42.393826 -72.53278   3     15     41  
904.0  15:04:10 42.393803 -72.5328   5     16     42  
904.0  15:04:19 42.393806 -72.5328   4     15     47  
904.0  15:04:27 42.393806 -72.53281   4     12     58  
904.0  15:04:37 42.393806 -72.53277   3     10     40  
904.0  15:04:48 42.39381 -72.53275   5     19     59  
904.0  15:04:56 42.393814 -72.532745   3     10     53  
905.0  15:05:00 42.39384 -72.53274   4     10     42  
905.0  15:05:04 42.393852 -72.53274   3     14     53  
905.0  15:05:12 42.393867 -72.53273   3     18     42  
905.0  15:05:21 42.393898 -72.53272   4     10     57  
905.0  15:05:29 42.393867 -72.5327   4     16     46  
905.0  15:05:39 42.393833 -72.532684   5     16     43  
905.0  15:05:47 42.39388 -72.53271   5     13     41  
905.0  15:05:55 42.3939 -72.53272   3     18     53  
906.0  15:06:00 42.393864 -72.53273   5     12     54  
906.0  15:06:03 42.39386 -72.53273   5     17     44  
906.0  15:06:12 42.393864 -72.53273   5     10     54  
906.0  15:06:20 42.393864 -72.53273   5     17     45  
906.0  15:06:30 42.393913 -72.53275   3     15     40  
906.0  15:06:38 42.393864 -72.532745   5     12     50  
906.0  15:06:46 42.39382 -72.532715   3     14     40  
906.0  15:06:54 42.39382 -72.532715   5     15     59  
907.0  15:07:00 42.39384 -72.53273   4     14     47  
907.0  15:07:02 42.39384 -72.53273   4     16     45  
907.0  15:07:11 42.393883 -72.53274   4     14     46  
907.0  15:07:22 42.393852 -72.53277   3     14     40  
907.0  15:07:30 42.393818 -72.5327   4     10     50  
907.0  15:07:39 42.393803 -72.53269   3     11     40  
907.0  15:07:47 42.39382 -72.53269   4     13     43  
907.0  15:07:55 42.393826 -72.532684   3     13     43  
908.0  15:08:00 42.393826 -72.53269   5     19     59  
908.0  15:08:03 42.393826 -72.53269   5     11     41  
908.0  15:08:13 42.393867 -72.53273   5     12     48  
908.0  15:08:21 42.393913 -72.53276   4     15     56  
908.0  15:08:30 42.394016 -72.532814   5     11     41  
908.0  15:08:38 42.394073 -72.53284   3     12     46  
908.0  15:08:46 42.39402 -72.532814   5     16     40  
908.0  15:08:55 42.394012 -72.5328   3     16     55  
909.0  15:09:00 42.393955 -72.53278   5     19     48  
909.0  15:09:07 42.393955 -72.53278   4     11     55  
909.0  15:09:14 42.39398 -72.53276   3     16     56  
909.0  15:09:23 42.393982 -72.532776   4     15     45  
909.0  15:09:31 42.393932 -72.532776   3     11     46  
909.0  15:09:40 42.393913 -72.53278   4     15     44  
909.0  15:09:49 42.39379 -72.53273   4     18     58  
909.0  15:09:59 42.393852 -72.532745   3     10     58  
910.0  15:10:00 42.393867 -72.532745   3     10     43  
910.0  15:10:08 42.393913 -72.53275   4     17     43  
910.0  15:10:16 42.39389 -72.53275   4     19     50  
910.0  15:10:24 42.393864 -72.53274   5     19     42  
910.0  15:10:33 42.39382 -72.53272   3     17     54  
910.0  15:10:44 42.39377 -72.53271   4     19     53  
910.0  15:10:58 42.393757 -72.532715   4     11     58  
911.0  15:11:00 42.393787 -72.53273   5     11     42  
911.0  15:11:08 42.393806 -72.53274   5     12     45  
911.0  15:11:17 42.39382 -72.53275   5     13     58  
911.0  15:11:26 42.393803 -72.53273   4     16     51  
911.0  15:11:36 42.39382 -72.53274   4     15     45  
911.0  15:11:48 42.39385 -72.53276   3     13     52  
911.0  15:11:58 42.39387 -72.5328   5     17     52  
912.0  15:12:00 42.393887 -72.5328   5     19     59  
912.0  15:12:06 42.39388 -72.53277   3     12     59  
912.0  15:12:15 42.39388 -72.532745   3     10     48  
912.0  15:12:23 42.39385 -72.5327   3     12     47  
912.0  15:12:32 42.393845 -72.53267   4     18     54  
912.0  15:12:42 42.39384 -72.53267   3     10     44  
912.0  15:12:50 42.39385 -72.532684   5     10     45  
912.0  15:12:59 42.393852 -72.53269   3     13     59  
913.0  15:13:00 42.393845 -72.532684   4     15     49  
913.0  15:13:07 42.393845 -72.532684   5     18     55  
913.0  15:13:15 42.39386 -72.5327   4     19     46  
913.0  15:13:24 42.39386 -72.53271   3     11     50  
913.0  15:13:33 42.393875 -72.53272   3     13     58  
913.0  15:13:42 42.393883 -72.53272   4     13     49  
913.0  15:13:50 42.39389 -72.53273   5     18     49  
913.0  15:13:59 42.39392 -72.53272   4     17     42  
914.0  15:14:00 42.393936 -72.53272   3     10     47  
914.0  15:14:08 42.393948 -72.53273   5     11     59  
914.0  15:14:17 42.39395 -72.532715   3     14     51  
914.0  15:14:28 42.39393 -72.5327   3     13     59  
914.0  15:14:38 42.393887 -72.532684   3     18     51  
914.0  15:14:46 42.39385 -72.53269   5     10     40  
914.0  15:14:55 42.393833 -72.53271   4     11     43  
915.0  15:15:00 42.393856 -72.53273   5     19     42  
915.0  15:15:03 42.393856 -72.53273   3     13     55  
915.0  15:15:12 42.393887 -72.53272   5     15     51  
915.0  15:15:21 42.393948 -72.53275   3     19     49  
915.0  15:15:30 42.393997 -72.53276   5     10     47  
915.0  15:15:39 42.39395 -72.532745   5     16     59  
915.0  15:15:47 42.39393 -72.53274   4     13     44  
915.0  15:15:56 42.393913 -72.53273   3     14     46  
916.0  15:16:00 42.39389 -72.53274   4     16     52  
916.0  15:16:04 42.39389 -72.53274   5     10     44  
916.0  15:16:15 42.393883 -72.53273   4     17     50  
916.0  15:16:23 42.393887 -72.53273   5     18     49  
916.0  15:16:31 42.393894 -72.53273   5     16     47  
916.0  15:16:39 42.39388 -72.53273   4     16     54  
916.0  15:16:47 42.393852 -72.53273   3     18     40  
916.0  15:16:55 42.39385 -72.53274   5     14     48  
917.0  15:17:00 42.39385 -72.53274   4     13     50  
917.0  15:17:05 42.39386 -72.53274   4     11     57  
917.0  15:17:14 42.393883 -72.53274   3     18     54  
917.0  15:17:23 42.393875 -72.53274   4     10     41  
917.0  15:17:31 42.39387 -72.53274   4     14     53  
917.0  15:17:39 42.393867 -72.53274   3     15     55  
917.0  15:17:48 42.393845 -72.53274   3     15     52  
917.0  15:17:58 42.39384 -72.53274   3     18     57  
918.0  15:18:00 42.393845 -72.53274   5     18     52  
918.0  15:18:08 42.39385 -72.53274   5     15     46  
918.0  15:18:16 42.393837 -72.53276   5     18     53  
918.0  15:18:24 42.393826 -72.53278   3     11     40  
918.0  15:18:33 42.39382 -72.53278   4     11     47  
918.0  15:18:42 42.39382 -72.53277   3     18     52  
918.0  15:18:52 42.393852 -72.532776   3     15     56  
919.0  15:19:00 42.393867 -72.532814   5     15     58  
919.0  15:19:01 42.393856 -72.53281   4     15     40  
919.0  15:19:10 42.393864 -72.53283   5     18     53  
919.0  15:19:19 42.39387 -72.5328   3     10     59  
919.0  15:19:27 42.39386 -72.53278   5     14     58  
919.0  15:19:35 42.393856 -72.53277   4     17     40  
919.0  15:19:46 42.39386 -72.53275   3     12     56  
919.0  15:19:55 42.393833 -72.532776   5     16     58  
920.0  15:20:00 42.393837 -72.532776   4     17     42  
920.0  15:20:03 42.393833 -72.532776   5     11     56  
920.0  15:20:12 42.393806 -72.53276   3     10     55  
920.0  15:20:21 42.393833 -72.532745   4     18     56  
920.0  15:20:30 42.393833 -72.53275   3     11     51  
920.0  15:20:41 42.39381 -72.53276   3     13     45  
920.0  15:20:49 42.393814 -72.53277   4     17     56  
920.0  15:20:58 42.393833 -72.53277   5     19     42  
921.0  15:21:00 42.39385 -72.53276   5     19     58  
921.0  15:21:06 42.393856 -72.53275   4     12     43  
921.0  15:21:15 42.393875 -72.532745   4     18     49  
921.0  15:21:24 42.39388 -72.53274   3     18     46  
921.0  15:21:34 42.393852 -72.532745   4     13     52  
921.0  15:21:43 42.393837 -72.53275   3     17     58  
921.0  15:21:51 42.39381 -72.53279   5     18     49  
922.0  15:22:00 42.393833 -72.53279   3     13     44  
922.0  15:22:00 42.39384 -72.532776   4     14     46  
922.0  15:22:09 42.393856 -72.532745   3     19     55  
922.0  15:22:17 42.39386 -72.53273   4     12     52  
922.0  15:22:27 42.39386 -72.53273   5     14     52  
922.0  15:22:36 42.393856 -72.53273   3     13     50  
922.0  15:22:44 42.39386 -72.53273   4     18     56  
922.0  15:22:53 42.39386 -72.53272   5     19     44  
923.0  15:23:00 42.39386 -72.53272   5     18     46  
923.0  15:23:02 42.393856 -72.53272   5     13     59  
923.0  15:23:10 42.39383 -72.53272   4     16     43  
923.0  15:23:22 42.393826 -72.532715   3     11     50  
923.0  15:23:30 42.393864 -72.532715   3     15     55  
923.0  15:23:38 42.39387 -72.532715   4     12     44  
923.0  15:23:47 42.393864 -72.532715   3     19     49  
923.0  15:23:55 42.393867 -72.53271   3     16     52  
924.0  15:24:00 42.393864 -72.532715   4     13     52  
924.0  15:24:05 42.393864 -72.532715   3     19     42  
924.0  15:24:15 42.39386 -72.53273   5     15     55  
924.0  15:24:24 42.39387 -72.53272   3     14     53  
924.0  15:24:32 42.39388 -72.532715   3     14     50  
924.0  15:24:41 42.393875 -72.532715   3     15     58  
924.0  15:24:50 42.39386 -72.53273   3     18     42  
924.0  15:24:59 42.39386 -72.53273   5     17     44  
925.0  15:25:00 42.39386 -72.53273   5     11     52  
925.0  15:25:10 42.393864 -72.53273   4     10     47  
925.0  15:25:18 42.393867 -72.53272   4     10     53  
925.0  15:25:27 42.393845 -72.53271   4     15     41  
925.0  15:25:36 42.39384 -72.53271   4     15     56  
925.0  15:25:45 42.39384 -72.53271   3     10     47  
925.0  15:25:53 42.393845 -72.532715   3     14     57  
926.0  15:26:00 42.39385 -72.532715   5     14     45  
926.0  15:26:04 42.39385 -72.532715   5     11     44  
926.0  15:26:13 42.393845 -72.53272   4     15     55  
926.0  15:26:21 42.393837 -72.53273   3     11     54  
926.0  15:26:30 42.393833 -72.53274   3     10     43  
926.0  15:26:41 42.39382 -72.532745   5     14     59  
926.0  15:26:50 42.393826 -72.53273   3     18     40  
927.0  15:27:00 42.393833 -72.53272   5     13     49  
927.0  15:27:01 42.393826 -72.53272   3     12     50  
927.0  15:27:10 42.393837 -72.53272   3     19     58  
927.0  15:27:18 42.39384 -72.53274   3     13     50  
927.0  15:27:27 42.39384 -72.532745   3     14     44  
927.0  15:27:36 42.393845 -72.532745   5     10     48  
927.0  15:27:44 42.393856 -72.53273   3     18     52  
927.0  15:27:55 42.393875 -72.532745   3     18     43  
928.0  15:28:00 42.393875 -72.532745   3     19     46  
928.0  15:28:04 42.393875 -72.532745   5     12     42  
928.0  15:28:12 42.39386 -72.53273   4     14     51  
928.0  15:28:21 42.393837 -72.53273   5     14     56  
928.0  15:28:30 42.393784 -72.53271   3     11     52  
928.0  15:28:39 42.393784 -72.53271   5     10     52  
928.0  15:28:49 42.39382 -72.532715   3     15     47  
928.0  15:28:58 42.3938 -72.5327   5     15     59  
929.0  15:29:00 42.393795 -72.53269   3     16     52  
929.0  15:29:06 42.393803 -72.5327   5     12     52  
929.0  15:29:15 42.3938 -72.53269   5     15     57  
929.0  15:29:24 42.39382 -72.532745   3     12     46  
929.0  15:29:32 42.393837 -72.532745   5     13     43  
929.0  15:29:45 42.393814 -72.53273   3     10     51  
929.0  15:29:53 42.393818 -72.53272   5     12     48  
930.0  15:30:00 42.39382 -72.532715   5     15     50  
930.0  15:30:02 42.393818 -72.532715   5     16     47  
930.0  15:30:11 42.393837 -72.532715   5     15     57  
930.0  15:30:20 42.393856 -72.53271   5     18     45  
930.0  15:30:28 42.39381 -72.53269   4     14     47  
930.0  15:30:38 42.393814 -72.53269   3     19     41  
930.0  15:30:47 42.393833 -72.53269   5     10     49  
930.0  15:30:56 42.39385 -72.53269   5     17     50  
931.0  15:31:00 42.393856 -72.53269   5     10     44  
931.0  15:31:05 42.393864 -72.5327   5     12     46  
931.0  15:31:13 42.393864 -72.5327   4     14     55  
931.0  15:31:22 42.393833 -72.532684   5     14     56  
931.0  15:31:33 42.393833 -72.53269   5     17     42  
931.0  15:31:41 42.393852 -72.53271   4     11     53  
931.0  15:31:50 42.393845 -72.53269   3     13     52  
931.0  15:31:58 42.393852 -72.53271   4     18     41  
932.0  15:32:00 42.393856 -72.53271   3     18     53  
932.0  15:32:07 42.39386 -72.53271   5     18     53  
932.0  15:32:15 42.393875 -72.532715   3     15     52  
932.0  15:32:25 42.393913 -72.532745   3     10     41  
932.0  15:32:34 42.393906 -72.532745   5     11     56  
932.0  15:32:43 42.39388 -72.53273   3     13     48  
932.0  15:32:52 42.393906 -72.53276   5     11     59  
933.0  15:33:00 42.393944 -72.53279   3     15     46  
933.0  15:33:00 42.39392 -72.53278   5     19     57  
933.0  15:33:09 42.393898 -72.53278   5     15     40  
933.0  15:33:20 42.393833 -72.53275   4     17     54  
933.0  15:33:29 42.393814 -72.53274   4     16     54  
933.0  15:33:37 42.393806 -72.53273   5     19     50  
933.0  15:33:46 42.393803 -72.53273   5     17     46  
933.0  15:33:54 42.393837 -72.532745   5     14     47  
934.0  15:34:00 42.393883 -72.53277   5     17     45  
934.0  15:34:02 42.393883 -72.53277   4     16     57  
934.0  15:34:14 42.393917 -72.5328   4     15     49  
934.0  15:34:23 42.39393 -72.5328   4     18     53  
934.0  15:34:31 42.393887 -72.53277   4     11     58  
934.0  15:34:40 42.39386 -72.532745   5     12     40  
934.0  15:34:50 42.39384 -72.53274   5     11     49  
934.0  15:34:58 42.39383 -72.53272   3     16     58  
935.0  15:35:00 42.393826 -72.532715   4     13     57  
935.0  15:35:09 42.39382 -72.532715   5     19     56  
935.0  15:35:17 42.393814 -72.53272   3     14     53  
935.0  15:35:26 42.3938 -72.53273   4     11     52  
935.0  15:35:35 42.39381 -72.53274   5     16     48  
935.0  15:35:44 42.393814 -72.532745   4     15     47  
935.0  15:35:52 42.393814 -72.53272   3     16     43  
936.0  15:36:00 42.393764 -72.53269   3     18     45  
936.0  15:36:03 42.39376 -72.53269   3     16     57  
936.0  15:36:12 42.393753 -72.5327   5     10     44  
936.0  15:36:21 42.393764 -72.53271   3     11     44  
936.0  15:36:31 42.393784 -72.532715   5     17     54  
936.0  15:36:39 42.3938 -72.532715   4     15     57  
936.0  15:36:48 42.393806 -72.53272   5     15     56  
936.0  15:36:59 42.393803 -72.53274   4     10     44  
937.0  15:37:00 42.393806 -72.53275   3     18     58  
937.0  15:37:07 42.393806 -72.53275   4     18     56  
937.0  15:37:16 42.393803 -72.53274   5     13     42  
937.0  15:37:24 42.393806 -72.53274   3     14     55  
937.0  15:37:33 42.393833 -72.53275   5     13     54  
937.0  15:37:42 42.393845 -72.53276   4     17     59  
937.0  15:37:56 42.393806 -72.532745   5     15     59  
938.0  15:38:00 42.3938 -72.53274   4     14     58  
938.0  15:38:04 42.3938 -72.53274   5     10     54  
938.0  15:38:13 42.393803 -72.53274   4     13     48  
938.0  15:38:22 42.39382 -72.53275   5     17     54  
938.0  15:38:31 42.393837 -72.53277   3     10     49  
938.0  15:38:39 42.393837 -72.53277   4     19     48  
938.0  15:38:50 42.393845 -72.53276   5     19     41  
938.0  15:38:59 42.39384 -72.53277   4     13     52  
939.0  15:39:00 42.393833 -72.53276   3     13     53  
939.0  15:39:08 42.39383 -72.53275   4     17     55  
939.0  15:39:16 42.393826 -72.532745   5     18     54  
939.0  15:39:25 42.393833 -72.53275   5     16     44  
939.0  15:39:34 42.393837 -72.53276   5     12     42  
939.0  15:39:44 42.393833 -72.532745   5     19     47  
939.0  15:39:53 42.393837 -72.53275   3     14     52  
940.0  15:40:00 42.393833 -72.532745   3     18     44  
940.0  15:40:01 42.393837 -72.53275   3     18     48  
940.0  15:40:10 42.39384 -72.532715   4     15     52  
940.0  15:40:18 42.39386 -72.53273   5     14     57  
940.0  15:40:27 42.393837 -72.53273   4     19     57  
940.0  15:40:38 42.393833 -72.53273   4     11     48  
940.0  15:40:50 42.393833 -72.53274   4     10     58  
940.0  15:40:58 42.39383 -72.53274   3     13     58  
941.0  15:41:00 42.393826 -72.53273   4     11     45  
941.0  15:41:06 42.39382 -72.53273   3     14     57  
941.0  15:41:14 42.393845 -72.53274   3     16     58  
941.0  15:41:23 42.39383 -72.532745   4     13     58  
941.0  15:41:34 42.393795 -72.532745   3     17     48  
941.0  15:41:43 42.393818 -72.532745   3     12     45  
941.0  15:41:52 42.393837 -72.532745   4     13     57  
942.0  15:42:00 42.39385 -72.532745   3     11     49  
942.0  15:42:00 42.393845 -72.532745   5     11     55  
942.0  15:42:09 42.393845 -72.53274   4     14     44  
942.0  15:42:18 42.393826 -72.53273   4     19     55  
942.0  15:42:29 42.39381 -72.532715   3     15     45  
942.0  15:42:38 42.393814 -72.53271   3     12     57  
942.0  15:42:47 42.393845 -72.53273   5     14     51  
942.0  15:42:55 42.39388 -72.53275   4     11     46  
943.0  15:43:00 42.393898 -72.53277   4     19     55  
943.0  15:43:03 42.393898 -72.53277   5     16     58  
943.0  15:43:12 42.393917 -72.53277   3     14     46  
943.0  15:43:23 42.393906 -72.53277   3     10     48  
943.0  15:43:32 42.393894 -72.53275   4     18     54  
943.0  15:43:41 42.393883 -72.532745   3     16     51  
943.0  15:43:49 42.393883 -72.53275   4     17     47  
943.0  15:43:58 42.393867 -72.532745   4     11     41  
944.0  15:44:00 42.39387 -72.53275   4     14     56  
944.0  15:44:07 42.393867 -72.532745   4     12     59  
944.0  15:44:17 42.39386 -72.532745   4     12     58  
944.0  15:44:25 42.39388 -72.53275   5     19     43  
944.0  15:44:34 42.393898 -72.53276   4     10     56  
944.0  15:44:43 42.393867 -72.532745   5     18     54  
944.0  15:44:52 42.39384 -72.53273   4     15     49  
945.0  15:45:00 42.393833 -72.53273   3     16     40  
945.0  15:45:00 42.393833 -72.53273   3     17     51  
945.0  15:45:12 42.39383 -72.53272   4     12     42  
945.0  15:45:21 42.393837 -72.53272   5     11     45  
945.0  15:45:30 42.393856 -72.53273   5     15     58  
945.0  15:45:39 42.393917 -72.53275   5     12     48  
945.0  15:45:47 42.3939 -72.53276   4     12     58  
945.0  15:45:55 42.39387 -72.532745   4     11     44  
946.0  15:46:00 42.39386 -72.53274   4     18     56  
946.0  15:46:06 42.393875 -72.532745   3     18     41  
946.0  15:46:15 42.393887 -72.53275   4     18     40  
946.0  15:46:25 42.393906 -72.53276   4     17     44  
946.0  15:46:34 42.3939 -72.53276   4     19     53  
946.0  15:46:42 42.393883 -72.53275   5     11     41  
946.0  15:46:51 42.393867 -72.532745   5     15     44  
947.0  15:47:00 42.393883 -72.53275   5     14     56  
947.0  15:47:01 42.39388 -72.532745   3     10     44  
947.0  15:47:10 42.393867 -72.532745   4     14     49  
947.0  15:47:18 42.393875 -72.532745   4     12     59  
947.0  15:47:27 42.393883 -72.53275   4     13     48  
947.0  15:47:36 42.393864 -72.532745   4     12     49  
947.0  15:47:45 42.39387 -72.53275   3     18     58  
947.0  15:47:55 42.393852 -72.53273   3     17     56  
948.0  15:48:00 42.39384 -72.5327   4     13     49  
948.0  15:48:04 42.39384 -72.5327   5     12     59  
948.0  15:48:13 42.393845 -72.5327   3     16     40  
948.0  15:48:21 42.39386 -72.53271   5     16     43  
948.0  15:48:30 42.39385 -72.53271   3     12     54  
948.0  15:48:37 42.393826 -72.5327   5     19     59  
948.0  15:48:48 42.393845 -72.53271   4     12     45  
948.0  15:48:56 42.393856 -72.532715   3     14     58  
949.0  15:49:00 42.393883 -72.53272   5     19     57  
949.0  15:49:05 42.39389 -72.53273   5     10     47  
949.0  15:49:13 42.393898 -72.53272   4     17     49  
949.0  15:49:22 42.39388 -72.53273   3     18     50  
949.0  15:49:30 42.393864 -72.53272   3     13     52  
949.0  15:49:40 42.393814 -72.53273   5     12     44  
949.0  15:49:49 42.393826 -72.53273   5     13     54  
949.0  15:49:58 42.393875 -72.532745   4     18     41  
950.0  15:50:00 42.393875 -72.532745   3     16     58  
950.0  15:50:06 42.39388 -72.532745   4     19     59  
950.0  15:50:14 42.393845 -72.53273   5     15     54  
950.0  15:50:23 42.393826 -72.53272   3     15     58  
950.0  15:50:34 42.393787 -72.5327   5     13     47  
950.0  15:50:42 42.393757 -72.53269   5     12     40  
950.0  15:50:51 42.39377 -72.532684   5     14     49  
951.0  15:51:00 42.39376 -72.532684   4     15     48  
951.0  15:51:00 42.393757 -72.53269   5     11     42  
951.0  15:51:08 42.393776 -72.5327   4     17     57  
951.0  15:51:17 42.39384 -72.53272   3     11     51  
951.0  15:51:28 42.39385 -72.53273   5     15     45  
951.0  15:51:38 42.393833 -72.53274   4     11     44  
951.0  15:51:47 42.393845 -72.53274   3     15     50  
951.0  15:51:56 42.393864 -72.532745   5     15     41  
952.0  15:52:00 42.393875 -72.53276   5     13     54  
952.0  15:52:04 42.393883 -72.53277   4     18     59  
952.0  15:52:13 42.39391 -72.53278   5     13     55  
952.0  15:52:24 42.393867 -72.532776   3     10     47  
952.0  15:52:33 42.39386 -72.53277   4     12     54  
952.0  15:52:41 42.393864 -72.53278   3     18     51  
952.0  15:52:49 42.393856 -72.53278   5     10     54  
952.0  15:52:58 42.39384 -72.53278   3     17     56  
953.0  15:53:00 42.393837 -72.53279   4     14     54  
953.0  15:53:06 42.393833 -72.53278   3     11     46  
953.0  15:53:17 42.393826 -72.53275   5     11     55  
953.0  15:53:25 42.39384 -72.53277   5     18     53  
953.0  15:53:35 42.393833 -72.53276   3     14     43  
953.0  15:53:43 42.39382 -72.532745   5     19     58  
953.0  15:53:51 42.393852 -72.532745   5     14     52  
954.0  15:54:00 42.393852 -72.532745   5     11     40  
954.0  15:54:00 42.393856 -72.532745   3     17     51  
954.0  15:54:11 42.393852 -72.53273   3     17     55  
954.0  15:54:20 42.39386 -72.532745   3     15     57  
954.0  15:54:29 42.39388 -72.53273   5     14     57  
954.0  15:54:38 42.39385 -72.53274   5     14     54  
954.0  15:54:47 42.393845 -72.53274   5     18     43  
954.0  15:54:55 42.39387 -72.53272   5     16     45  
955.0  15:55:00 42.39385 -72.53272   3     18     40  
955.0  15:55:06 42.393833 -72.53272   4     17     50  
955.0  15:55:14 42.39386 -72.53274   3     15     55  
955.0  15:55:23 42.39384 -72.53274   4     18     53  
955.0  15:55:31 42.39384 -72.532776   4     19     58  
955.0  15:55:40 42.393837 -72.53277   4     15     42  
955.0  15:55:49 42.393818 -72.53276   4     10     40  
955.0  15:55:59 42.39383 -72.532745   5     12     46  
956.0  15:56:00 42.39384 -72.53273   5     12     53  
956.0  15:56:08 42.39386 -72.53273   4     18     48  
956.0  15:56:16 42.393856 -72.532745   5     11     40  
956.0  15:56:25 42.39383 -72.532776   4     14     42  
956.0  15:56:35 42.39382 -72.532776   4     15     48  
956.0  15:56:44 42.393814 -72.532776   5     10     51  
956.0  15:56:54 42.39386 -72.53276   3     12     56  
957.0  15:57:00 42.39386 -72.532745   3     17     49  
957.0  15:57:03 42.39386 -72.532745   4     13     55  
957.0  15:57:11 42.39382 -72.53274   5     19     44  
957.0  15:57:20 42.393803 -72.53271   4     10     58  
957.0  15:57:29 42.393803 -72.5327   3     15     45  
957.0  15:57:38 42.39377 -72.53269   5     19     55  
957.0  15:57:48 42.393795 -72.53273   3     19     57  
957.0  15:57:57 42.393814 -72.53274   3     11     57  
958.0  15:58:00 42.393814 -72.53273   4     10     58  
958.0  15:58:05 42.393826 -72.53273   4     19     51  
958.0  15:58:14 42.39383 -72.53272   5     13     44  
958.0  15:58:23 42.393814 -72.53272   5     17     56  
958.0  15:58:31 42.393826 -72.53274   3     12     40  
958.0  15:58:42 42.393806 -72.53274   5     11     54  
958.0  15:58:51 42.393814 -72.53273   4     13     45  
959.0  15:59:00 42.393806 -72.53275   5     19     56  
959.0  15:59:00 42.393795 -72.53275   5     19     41  
959.0  15:59:08 42.393795 -72.53275   4     12     59  
959.0  15:59:17 42.393826 -72.53275   5     18     58  
959.0  15:59:25 42.39391 -72.53273   4     11     40  
959.0  15:59:36 42.393867 -72.532745   5     17     59  
959.0  15:59:44 42.393837 -72.532745   3     14     56  
959.0  15:59:53 42.393852 -72.53272   3     14     43  
960.0  16:00:00 42.393856 -72.53274   5     10     46  
960.0  16:00:02 42.393852 -72.53273   3     17     59  
960.0  16:00:11 42.39386 -72.53273   3     12     48  
960.0  16:00:20 42.39387 -72.53273   4     14     50  
960.0  16:00:31 42.393852 -72.532745   4     16     59  
960.0  16:00:39 42.393864 -72.53274   4     13     56  
960.0  16:00:49 42.39383 -72.53275   4     16     44  
960.0  16:00:58 42.3938 -72.53275   5     11     51  
961.0  16:01:00 42.393806 -72.53276   5     17     40  
961.0  16:01:06 42.393814 -72.53276   4     16     50  
961.0  16:01:15 42.39385 -72.532745   4     14     51  
961.0  16:01:25 42.393864 -72.53273   4     16     42  
961.0  16:01:33 42.39385 -72.53274   5     19     50  
961.0  16:01:42 42.39384 -72.532745   5     11     44  
961.0  16:01:51 42.39385 -72.53274   3     12     50  
962.0  16:02:00 42.393856 -72.53274   3     17     43  
962.0  16:02:00 42.393852 -72.53274   4     11     57  
962.0  16:02:09 42.39385 -72.53274   5     19     58  
962.0  16:02:19 42.39385 -72.532745   4     12     41  
962.0  16:02:27 42.39385 -72.532745   3     12     56  
962.0  16:02:36 42.39385 -72.53275   4     17     46  
962.0  16:02:45 42.39384 -72.53277   3     12     52  
962.0  16:02:53 42.393837 -72.532776   3     17     45  
963.0  16:03:00 42.39384 -72.532776   4     12     40  
963.0  16:03:02 42.393837 -72.53278   3     19     59  
963.0  16:03:12 42.393833 -72.53279   3     18     41  
963.0  16:03:21 42.39384 -72.532776   5     13     51  
963.0  16:03:29 42.393837 -72.53278   3     13     44  
963.0  16:03:38 42.393833 -72.53279   3     10     41  
963.0  16:03:47 42.393833 -72.53279   5     19     48  
963.0  16:03:55 42.393833 -72.53278   3     16     50  
964.0  16:04:00 42.393845 -72.53275   5     15     43  
964.0  16:04:06 42.39385 -72.532745   3     14     54  
964.0  16:04:14 42.39385 -72.53273   3     19     47  
964.0  16:04:23 42.39385 -72.53273   5     10     59  
964.0  16:04:31 42.393826 -72.53278   4     10     44  
964.0  16:04:41 42.393818 -72.5328   4     10     57  
964.0  16:04:50 42.393833 -72.53278   5     11     58  
965.0  16:05:00 42.393852 -72.53275   5     13     47  
965.0  16:05:01 42.393852 -72.53276   3     18     53  
965.0  16:05:10 42.393883 -72.53268   5     19     48  
965.0  16:05:18 42.393887 -72.532646   5     10     42  
965.0  16:05:26 42.393887 -72.53265   3     14     41  
965.0  16:05:35 42.39386 -72.5327   4     13     59  
965.0  16:05:43 42.393856 -72.532715   3     11     59  
965.0  16:05:54 42.393852 -72.532715   4     13     51  
966.0  16:06:00 42.393852 -72.53272   3     15     45  
966.0  16:06:02 42.393852 -72.53272   5     12     40  
966.0  16:06:11 42.39385 -72.53274   3     13     52  
966.0  16:06:21 42.393852 -72.53274   3     17     55  
966.0  16:06:29 42.39385 -72.532745   3     11     41  
966.0  16:06:37 42.393856 -72.53273   5     17     43  
966.0  16:06:48 42.39385 -72.532715   3     12     44  
966.0  16:06:57 42.39384 -72.53271   4     13     47  
967.0  16:07:00 42.393837 -72.5327   3     13     47  
967.0  16:07:06 42.393833 -72.5327   5     16     49  
967.0  16:07:14 42.393833 -72.53271   5     13     53  
967.0  16:07:23 42.39382 -72.53271   4     12     52  
967.0  16:07:32 42.393833 -72.5327   5     15     57  
967.0  16:07:43 42.393814 -72.53274   4     15     54  
967.0  16:07:52 42.393806 -72.53275   5     15     47  
968.0  16:08:00 42.393814 -72.53275   3     18     43  
968.0  16:08:00 42.39382 -72.53276   5     14     48  
968.0  16:08:08 42.39382 -72.53276   3     16     40  
968.0  16:08:16 42.393837 -72.53276   5     13     41  
968.0  16:08:25 42.39385 -72.53276   4     12     46  
968.0  16:08:36 42.393856 -72.532745   3     19     44  
968.0  16:08:45 42.393852 -72.53272   4     18     52  
968.0  16:08:53 42.393852 -72.53271   5     13     58  
969.0  16:09:00 42.393852 -72.5327   3     10     49  
969.0  16:09:02 42.393852 -72.5327   5     12     51  
969.0  16:09:11 42.39385 -72.53271   3     10     43  
969.0  16:09:20 42.39385 -72.532745   3     10     59  
969.0  16:09:32 42.393616 -72.53281   3     10     58  
969.0  16:09:40 42.393375 -72.53265   5     16     48  
969.0  16:09:48 42.393593 -72.53251   4     12     58  
969.0  16:09:57 42.39399 -72.53274   4     13     53  
970.0  16:10:00 42.394337 -72.53289   5     16     41  
970.0  16:10:07 42.39451 -72.53297   3     12     49  
970.0  16:10:21 42.39451 -72.53297   4     11     56  
970.0  16:10:32 42.395042 -72.53384   3     15     45  
970.0  16:10:40 42.395 -72.53392   5     19     49  
970.0  16:10:48 42.395046 -72.53394   4     18     41  
970.0  16:10:56 42.39495 -72.53389   4     15     40  
971.0  16:11:00 42.394875 -72.53385   3     19     59  
971.0  16:11:04 42.39487 -72.53385   3     12     48  
971.0  16:11:12 42.394978 -72.53394   4     15     42  
971.0  16:11:23 42.39538 -72.53422   5     14     43  
971.0  16:11:31 42.395454 -72.53426   3     10     44  
971.0  16:11:40 42.395435 -72.534256   5     15     40  
971.0  16:11:48 42.395367 -72.534225   3     13     45  
971.0  16:11:57 42.395355 -72.534195   5     16     44  
972.0  16:12:00 42.39542 -72.53425   5     15     57  
972.0  16:12:06 42.395405 -72.53423   5     10     40  
972.0  16:12:17 42.395138 -72.53405   5     11     51  
972.0  16:12:25 42.395084 -72.534004   5     14     46  
972.0  16:12:34 42.395027 -72.53397   4     19     47  
972.0  16:12:41 42.395042 -72.53397   5     10     59  
972.0  16:12:49 42.395065 -72.53397   4     18     50  
972.0  16:12:57 42.39501 -72.53393   4     17     50  
973.0  16:13:00 42.395 -72.53389   5     12     45  
973.0  16:13:08 42.394974 -72.53385   5     10     56  
973.0  16:13:17 42.39494 -72.533844   4     14     47  
973.0  16:13:25 42.394897 -72.53381   4     17     49  
973.0  16:13:33 42.394863 -72.53384   4     18     50  
973.0  16:13:42 42.394814 -72.53383   5     10     57  
973.0  16:13:50 42.3948 -72.533806   3     15     45  
974.0  16:14:00 42.394848 -72.53381   4     12     43  
974.0  16:14:00 42.39485 -72.53382   5     12     53  
974.0  16:14:08 42.39484 -72.533806   5     13     59  
974.0  16:14:17 42.39487 -72.533844   4     19     50  
974.0  16:14:25 42.394863 -72.53383   5     10     47  
974.0  16:14:34 42.394833 -72.53385   3     19     43  
974.0  16:14:43 42.394825 -72.533875   4     12     50  
974.0  16:14:53 42.39482 -72.533905   5     14     57  
975.0  16:15:00 42.394768 -72.53386   4     12     55  
975.0  16:15:02 42.394764 -72.53386   5     13     43  
975.0  16:15:11 42.3948 -72.53386   4     13     46  
975.0  16:15:19 42.394855 -72.5339   3     17     41  
975.0  16:15:28 42.3949 -72.53394   3     15     44  
975.0  16:15:37 42.394924 -72.53393   4     11     53  
975.0  16:15:47 42.394917 -72.533936   5     17     52  
975.0  16:15:56 42.394897 -72.53393   5     11     47  
976.0  16:16:00 42.394863 -72.533905   5     11     50  
976.0  16:16:04 42.394855 -72.533905   4     12     45  
976.0  16:16:13 42.394802 -72.53387   4     17     49  
976.0  16:16:21 42.394775 -72.53385   3     19     49  
976.0  16:16:30 42.394753 -72.53382   4     11     53  
976.0  16:16:41 42.394733 -72.53379   5     14     47  
976.0  16:16:49 42.394714 -72.533745   5     19     57  
976.0  16:16:58 42.3947 -72.53372   3     14     50  
977.0  16:17:00 42.394695 -72.533714   3     14     42  
977.0  16:17:07 42.39469 -72.533714   5     13     57  
977.0  16:17:15 42.394722 -72.53377   4     13     56  
977.0  16:17:24 42.39474 -72.53379   3     15     49  
977.0  16:17:35 42.394745 -72.533775   4     17     41  
977.0  16:17:43 42.3948 -72.53383   5     11     49  
977.0  16:17:52 42.394844 -72.53387   4     17     44  
978.0  16:18:00 42.394905 -72.53391   4     15     48  
978.0  16:18:01 42.394897 -72.53391   3     13     49  
978.0  16:18:09 42.394913 -72.53392   5     14     58  
978.0  16:18:18 42.39492 -72.53393   4     12     52  
978.0  16:18:28 42.394924 -72.533936   3     16     42  
978.0  16:18:36 42.394917 -72.533936   3     15     47  
978.0  16:18:45 42.394913 -72.533936   4     15     41  
978.0  16:18:54 42.394924 -72.53393   5     12     52  
979.0  16:19:00 42.39493 -72.53391   5     17     43  
979.0  16:19:03 42.39493 -72.53391   5     13     53  
979.0  16:19:11 42.394955 -72.533905   4     19     51  
979.0  16:19:22 42.394966 -72.53391   3     17     54  
979.0  16:19:30 42.39496 -72.533905   4     13     59  
979.0  16:19:39 42.39494 -72.53389   3     15     50  
979.0  16:19:47 42.394905 -72.533844   4     17     53  
979.0  16:19:56 42.39488 -72.53385   4     19     44  
980.0  16:20:00 42.394875 -72.53385   4     18     48  
980.0  16:20:04 42.394875 -72.53385   5     11     49  
980.0  16:20:15 42.394886 -72.53383   3     18     56  
980.0  16:20:23 42.394897 -72.533844   3     14     58  
980.0  16:20:32 42.39491 -72.53385   4     14     55  
980.0  16:20:40 42.394905 -72.53387   4     15     44  
980.0  16:20:49 42.39489 -72.53389   4     12     58  
980.0  16:20:57 42.39489 -72.5339   3     13     57  
981.0  16:21:00 42.39487 -72.53388   4     17     58  
981.0  16:21:08 42.394836 -72.53384   5     16     45  
981.0  16:21:16 42.394787 -72.53377   3     18     54  
981.0  16:21:25 42.39476 -72.53376   5     15     50  
981.0  16:21:34 42.394756 -72.53377   5     15     49  
981.0  16:21:42 42.394806 -72.53381   5     14     59  
981.0  16:21:51 42.39486 -72.53387   4     16     48  
982.0  16:22:00 42.394825 -72.53387   3     11     51  
982.0  16:22:02 42.394833 -72.53387   4     13     59  
982.0  16:22:10 42.3947 -72.53398   3     12     55  
982.0  16:22:18 42.394543 -72.53389   3     15     43  
982.0  16:22:27 42.394478 -72.533844   4     18     43  
982.0  16:22:36 42.394478 -72.533844   4     10     52  
982.0  16:22:47 42.394478 -72.533844   5     17     41  
982.0  16:22:58 42.394478 -72.533844   4     13     51  
983.0  16:23:00 42.394478 -72.533844   3     16     47  
983.0  16:23:07 42.394478 -72.533844   4     14     48  
983.0  16:23:19 42.394478 -72.533844   5     14     59  
983.0  16:23:28 42.394478 -72.533844   4     10     42  
983.0  16:23:42 42.394478 -72.533844   5     17     45  
983.0  16:23:53 42.394478 -72.533844   4     17     41  
984.0  16:24:00 42.394478 -72.533844   3     12     43  
984.0  16:24:03 42.394478 -72.533844   4     17     44  
984.0  16:24:12 42.394478 -72.533844   3     19     58  
