882.0  14:42:53 42.39619 -72.53329   20     21     24  
883.0  14:43:00 42.396187 -72.533295   21     21     21  
883.0  14:43:03 42.396187 -72.533295   23     22     22  
883.0  14:43:12 42.396183 -72.533295   24     23     21  
883.0  14:43:20 42.396183 -72.533295   24     24     21  
883.0  14:43:29 42.396183 -72.533295   24     21     24  
883.0  14:43:37 42.396183 -72.533295   20     22     24  
883.0  14:43:46 42.396183 -72.533295   24     20     24  
883.0  14:43:56 42.39618 -72.533295   22     24     21  
884.0  14:44:00 42.39618 -72.533295   22     24     22  
884.0  14:44:05 42.39618 -72.533295   22     24     23  
884.0  14:44:14 42.396175 -72.533295   24     24     22  
884.0  14:44:22 42.396175 -72.533295   20     22     21  
884.0  14:44:31 42.396183 -72.533295   24     21     21  
884.0  14:44:39 42.39619 -72.533295   23     24     23  
884.0  14:44:50 42.396214 -72.53325   20     23     20  
884.0  14:44:59 42.396217 -72.53324   21     24     24  
885.0  14:45:00 42.39621 -72.53326   21     21     23  
885.0  14:45:08 42.396202 -72.533264   22     22     24  
885.0  14:45:16 42.396206 -72.53325   24     24     23  
885.0  14:45:25 42.39617 -72.533295   24     20     22  
885.0  14:45:33 42.39615 -72.53332   23     22     23  
885.0  14:45:45 42.396175 -72.533264   21     24     23  
885.0  14:45:54 42.396217 -72.5332   23     22     24  
886.0  14:46:00 42.39619 -72.53332   24     22     22  
886.0  14:46:02 42.396194 -72.53331   20     21     22  
886.0  14:46:11 42.396175 -72.533325   21     22     24  
886.0  14:46:20 42.396168 -72.53332   23     23     23  
886.0  14:46:28 42.396145 -72.5333   21     23     21  
886.0  14:46:39 42.396133 -72.53328   20     23     23  
886.0  14:46:48 42.39615 -72.533264   24     22     21  
886.0  14:46:56 42.39615 -72.53327   23     22     24  
887.0  14:47:00 42.39616 -72.53327   23     24     20  
887.0  14:47:05 42.396164 -72.53327   24     22     22  
887.0  14:47:13 42.39617 -72.53327   20     24     22  
887.0  14:47:22 42.396187 -72.53328   21     22     22  
887.0  14:47:32 42.39614 -72.53329   23     20     23  
887.0  14:47:41 42.396072 -72.533295   20     21     23  
887.0  14:47:50 42.396088 -72.53328   23     22     24  
887.0  14:47:58 42.396152 -72.533264   23     21     20  
888.0  14:48:00 42.396156 -72.53327   23     21     21  
888.0  14:48:07 42.396156 -72.53327   23     24     21  
888.0  14:48:16 42.39616 -72.53327   24     20     24  
888.0  14:48:26 42.396175 -72.533264   24     23     21  
888.0  14:48:35 42.396137 -72.53327   24     21     24  
888.0  14:48:44 42.396072 -72.53328   21     21     22  
888.0  14:48:52 42.396088 -72.53327   24     22     23  
889.0  14:49:00 42.39614 -72.53326   22     21     24  
889.0  14:49:01 42.396133 -72.53326   22     24     24  
889.0  14:49:10 42.396156 -72.53326   21     24     21  
889.0  14:49:20 42.39616 -72.53326   20     20     24  
889.0  14:49:29 42.39616 -72.53325   20     21     20  
889.0  14:49:38 42.396152 -72.53325   21     20     22  
889.0  14:49:47 42.39615 -72.53326   21     22     22  
889.0  14:49:56 42.396152 -72.53326   21     22     22  
890.0  14:50:00 42.396187 -72.53324   23     22     23  
890.0  14:50:04 42.396187 -72.53324   21     22     24  
890.0  14:50:15 42.396214 -72.53324   21     23     23  
890.0  14:50:23 42.39623 -72.53325   22     22     23  
890.0  14:50:33 42.39622 -72.53325   23     23     23  
890.0  14:50:41 42.3962 -72.53326   21     21     22  
890.0  14:50:50 42.396114 -72.53328   21     22     21  
890.0  14:50:58 42.39604 -72.533295   20     20     23  
891.0  14:51:00 42.396053 -72.53329   20     21     21  
891.0  14:51:09 42.39609 -72.53328   23     20     20  
891.0  14:51:17 42.396137 -72.53325   22     24     21  
891.0  14:51:26 42.39615 -72.533295   23     24     21  
891.0  14:51:35 42.396152 -72.53332   24     23     20  
891.0  14:51:43 42.396152 -72.53335   20     24     20  
891.0  14:51:52 42.39614 -72.533356   21     23     23  
892.0  14:52:00 42.396122 -72.53335   21     21     22  
892.0  14:52:03 42.396122 -72.533356   20     21     21  
892.0  14:52:12 42.39613 -72.53334   24     22     23  
892.0  14:52:20 42.396114 -72.53335   24     23     22  
892.0  14:52:29 42.39612 -72.53334   21     21     20  
892.0  14:52:38 42.396122 -72.53332   20     24     22  
892.0  14:52:47 42.39613 -72.53332   21     22     24  
892.0  14:52:58 42.3961 -72.53331   21     22     23  
893.0  14:53:00 42.396122 -72.533264   21     22     24  
893.0  14:53:06 42.396133 -72.53325   20     22     22  
893.0  14:53:15 42.396145 -72.53323   24     24     22  
893.0  14:53:23 42.39616 -72.53324   24     24     20  
893.0  14:53:32 42.396133 -72.53324   21     21     20  
893.0  14:53:41 42.39608 -72.53329   21     20     23  
893.0  14:53:51 42.396137 -72.53326   24     23     22  
894.0  14:54:00 42.39617 -72.53331   20     24     20  
894.0  14:54:00 42.396175 -72.53331   22     21     22  
894.0  14:54:09 42.396175 -72.53331   21     24     23  
894.0  14:54:17 42.39615 -72.53332   20     22     20  
894.0  14:54:26 42.396107 -72.533325   23     21     22  
894.0  14:54:34 42.396088 -72.53332   23     22     20  
894.0  14:54:44 42.396072 -72.533295   24     20     20  
894.0  14:54:53 42.396084 -72.533295   20     20     22  
895.0  14:55:00 42.396088 -72.53327   21     23     22  
895.0  14:55:02 42.39609 -72.53328   20     23     21  
895.0  14:55:10 42.39608 -72.53325   21     20     23  
895.0  14:55:19 42.396095 -72.533264   20     21     24  
895.0  14:55:28 42.396107 -72.53328   21     23     22  
895.0  14:55:38 42.39614 -72.53327   21     24     23  
895.0  14:55:47 42.396156 -72.53327   23     24     21  
895.0  14:55:56 42.396133 -72.53328   20     20     24  
896.0  14:56:00 42.396133 -72.53328   22     20     20  
896.0  14:56:04 42.396145 -72.53327   24     22     22  
896.0  14:56:13 42.396183 -72.53326   20     23     22  
896.0  14:56:21 42.39622 -72.53326   21     22     22  
896.0  14:56:34 42.39623 -72.53326   24     20     23  
896.0  14:56:42 42.396206 -72.53326   23     20     23  
896.0  14:56:51 42.39617 -72.533264   22     23     22  
897.0  14:57:00 42.39614 -72.53327   23     20     20  
897.0  14:57:00 42.396137 -72.53328   20     20     22  
897.0  14:57:09 42.396133 -72.53328   24     24     22  
897.0  14:57:17 42.39611 -72.53329   21     23     20  
897.0  14:57:29 42.396126 -72.53329   20     23     21  
897.0  14:57:38 42.39612 -72.53329   21     24     20  
897.0  14:57:46 42.396122 -72.53329   20     20     24  
897.0  14:57:55 42.396137 -72.53328   21     24     24  
898.0  14:58:00 42.39613 -72.53329   21     24     21  
898.0  14:58:03 42.39613 -72.53329   24     21     21  
898.0  14:58:12 42.396164 -72.53328   22     24     24  
898.0  14:58:22 42.396168 -72.53328   23     22     24  
898.0  14:58:30 42.396156 -72.53329   22     20     24  
898.0  14:58:39 42.396168 -72.53329   22     20     22  
898.0  14:58:48 42.396152 -72.53329   21     24     23  
898.0  14:58:57 42.39619 -72.53328   24     20     24  
899.0  14:59:00 42.396175 -72.53329   23     21     20  
899.0  14:59:05 42.396175 -72.53329   22     21     20  
899.0  14:59:15 42.396145 -72.533295   20     21     22  
899.0  14:59:24 42.396126 -72.5333   23     23     23  
899.0  14:59:33 42.396095 -72.5333   20     24     21  
899.0  14:59:41 42.39609 -72.5333   21     24     23  
899.0  14:59:50 42.3961 -72.533295   20     24     23  
899.0  14:59:59 42.396114 -72.533295   22     21     23  
900.0  15:00:00 42.396145 -72.53329   22     21     22  
900.0  15:00:10 42.39617 -72.53328   20     20     24  
900.0  15:00:19 42.39618 -72.53328   22     22     20  
900.0  15:00:27 42.396175 -72.53328   20     24     21  
900.0  15:00:36 42.39618 -72.53328   24     21     20  
900.0  15:00:44 42.39618 -72.53328   23     21     24  
900.0  15:00:52 42.396183 -72.53328   21     21     20  
901.0  15:01:00 42.396187 -72.53328   23     23     20  
901.0  15:01:03 42.396187 -72.53328   24     23     23  
901.0  15:01:12 42.396187 -72.53329   24     21     22  
901.0  15:01:21 42.396183 -72.53329   23     20     21  
901.0  15:01:29 42.39618 -72.533295   20     21     20  
901.0  15:01:38 42.39617 -72.53329   22     21     22  
901.0  15:01:46 42.39616 -72.53327   24     23     23  
901.0  15:01:57 42.396152 -72.53326   21     20     22  
902.0  15:02:00 42.396152 -72.53326   21     20     22  
902.0  15:02:06 42.39615 -72.53326   24     21     21  
902.0  15:02:14 42.396145 -72.53324   22     20     23  
902.0  15:02:23 42.39615 -72.53324   21     21     22  
902.0  15:02:32 42.39616 -72.53326   21     20     20  
902.0  15:02:40 42.396164 -72.53329   24     21     24  
902.0  15:02:50 42.39618 -72.5333   24     22     24  
902.0  15:02:59 42.39618 -72.53331   21     22     23  
903.0  15:03:00 42.39618 -72.5333   23     23     23  
903.0  15:03:08 42.396175 -72.533295   23     20     24  
903.0  15:03:16 42.396175 -72.53329   21     23     22  
903.0  15:03:25 42.396164 -72.53327   24     20     23  
903.0  15:03:33 42.39617 -72.533295   21     24     24  
903.0  15:03:44 42.39616 -72.53327   21     24     20  
903.0  15:03:52 42.396156 -72.53327   22     23     24  
904.0  15:04:00 42.396175 -72.533264   24     21     22  
904.0  15:04:00 42.39618 -72.53326   22     23     22  
904.0  15:04:09 42.39621 -72.533264   23     20     23  
904.0  15:04:17 42.39619 -72.5333   20     24     20  
904.0  15:04:26 42.39617 -72.53329   24     24     20  
904.0  15:04:36 42.39615 -72.53329   20     21     22  
904.0  15:04:45 42.39617 -72.53325   20     22     21  
904.0  15:04:54 42.39618 -72.53322   23     23     21  
905.0  15:05:00 42.396095 -72.533264   22     20     20  
905.0  15:05:03 42.396103 -72.53326   23     22     22  
905.0  15:05:11 42.39608 -72.53332   22     21     22  
905.0  15:05:20 42.3961 -72.53334   21     23     22  
905.0  15:05:31 42.39612 -72.53333   23     21     24  
905.0  15:05:40 42.39613 -72.53332   20     20     21  
905.0  15:05:49 42.396133 -72.53331   21     21     23  
905.0  15:05:58 42.396133 -72.5333   22     21     24  
906.0  15:06:00 42.39615 -72.53332   21     21     24  
906.0  15:06:07 42.396164 -72.53334   24     20     22  
906.0  15:06:15 42.396164 -72.533325   22     22     22  
906.0  15:06:26 42.396175 -72.53334   20     22     21  
906.0  15:06:34 42.39618 -72.53334   20     21     22  
906.0  15:06:43 42.396168 -72.5333   20     23     21  
906.0  15:06:51 42.39616 -72.53329   24     23     22  
907.0  15:07:00 42.396164 -72.533295   23     21     20  
907.0  15:07:00 42.396168 -72.533295   24     22     23  
907.0  15:07:08 42.39617 -72.533295   22     20     20  
907.0  15:07:18 42.39616 -72.53327   23     21     20  
907.0  15:07:27 42.396164 -72.53327   22     21     24  
907.0  15:07:36 42.396175 -72.533295   20     23     21  
907.0  15:07:45 42.396175 -72.533295   22     22     23  
907.0  15:07:54 42.39617 -72.533295   21     21     22  
908.0  15:08:00 42.396175 -72.533295   22     23     20  
908.0  15:08:02 42.396175 -72.533295   22     23     22  
908.0  15:08:14 42.396164 -72.53327   23     23     20  
908.0  15:08:26 42.396175 -72.53329   24     20     24  
908.0  15:08:34 42.39617 -72.53328   21     22     20  
908.0  15:08:43 42.396175 -72.53329   23     24     24  
908.0  15:08:51 42.396168 -72.53327   22     23     23  
909.0  15:09:00 42.39618 -72.533295   23     23     22  
909.0  15:09:00 42.396183 -72.5333   21     22     22  
909.0  15:09:10 42.396183 -72.5333   20     20     23  
909.0  15:09:19 42.396187 -72.53331   24     23     20  
909.0  15:09:27 42.39618 -72.533295   24     24     21  
909.0  15:09:36 42.39617 -72.53328   21     22     24  
909.0  15:09:44 42.396168 -72.53328   21     20     23  
909.0  15:09:53 42.39616 -72.53327   23     24     23  
910.0  15:10:00 42.396156 -72.53325   24     24     23  
910.0  15:10:03 42.396156 -72.53325   22     24     23  
910.0  15:10:12 42.39618 -72.53324   22     24     20  
910.0  15:10:20 42.39616 -72.53326   23     23     24  
910.0  15:10:29 42.396145 -72.53327   20     23     21  
910.0  15:10:37 42.39613 -72.533264   22     23     22  
910.0  15:10:46 42.396133 -72.53329   20     24     23  
910.0  15:10:56 42.396137 -72.53331   20     20     22  
911.0  15:11:00 42.39616 -72.533295   23     24     21  
911.0  15:11:06 42.396168 -72.5333   20     24     21  
911.0  15:11:14 42.396183 -72.53329   20     21     20  
911.0  15:11:22 42.396168 -72.533295   24     20     24  
911.0  15:11:31 42.39615 -72.53329   23     20     22  
911.0  15:11:39 42.39616 -72.53331   20     20     24  
911.0  15:11:50 42.39616 -72.53329   23     21     20  
911.0  15:11:59 42.39616 -72.53328   20     24     20  
912.0  15:12:00 42.39616 -72.53327   23     21     22  
912.0  15:12:08 42.39616 -72.53327   21     24     24  
912.0  15:12:16 42.396152 -72.53326   23     24     20  
912.0  15:12:25 42.396152 -72.53326   21     24     23  
912.0  15:12:33 42.396152 -72.53326   22     20     20  
912.0  15:12:44 42.39615 -72.53326   20     21     21  
912.0  15:12:52 42.396156 -72.53327   24     22     20  
913.0  15:13:00 42.396156 -72.53327   21     22     21  
913.0  15:13:01 42.396156 -72.53327   22     21     24  
913.0  15:13:10 42.396156 -72.53327   20     21     20  
913.0  15:13:18 42.39616 -72.53328   24     23     23  
913.0  15:13:27 42.396168 -72.53329   22     24     22  
913.0  15:13:37 42.396168 -72.53329   21     22     21  
913.0  15:13:46 42.396164 -72.53328   23     24     20  
913.0  15:13:55 42.39616 -72.53327   24     22     21  
914.0  15:14:00 42.39616 -72.53327   24     23     22  
914.0  15:14:03 42.39616 -72.53327   20     20     21  
914.0  15:14:12 42.396168 -72.53328   23     20     24  
914.0  15:14:20 42.396175 -72.53329   24     20     24  
919.0  15:19:03 42.396168 -72.53326   24     22     21  
919.0  15:19:15 42.39617 -72.533264   23     21     23  
919.0  15:19:28 42.396175 -72.53327   21     24     21  
919.0  15:19:41 42.39618 -72.53327   20     21     21  
920.0  15:20:37 42.39617 -72.53326   24     21     24  
920.0  15:20:48 42.39617 -72.53324   23     21     23  
920.0  15:20:58 42.396168 -72.53323   21     24     24  
921.0  15:21:00 42.396168 -72.53324   20     22     21  
921.0  15:21:07 42.396164 -72.53324   22     23     22  
921.0  15:21:16 42.39616 -72.533226   21     23     20  
921.0  15:21:24 42.39616 -72.533226   24     23     20  
921.0  15:21:33 42.39616 -72.53323   24     22     24  
921.0  15:21:43 42.396164 -72.53324   23     22     21  
921.0  15:21:51 42.39618 -72.53325   20     20     21  
922.0  15:22:00 42.396183 -72.53324   21     20     21  
922.0  15:22:00 42.396183 -72.53325   22     22     22  
922.0  15:22:09 42.396187 -72.53326   23     24     22  
922.0  15:22:17 42.396187 -72.53327   22     22     21  
922.0  15:22:26 42.396183 -72.533264   20     22     20  
922.0  15:22:36 42.396183 -72.53326   20     20     20  
922.0  15:22:44 42.396175 -72.53325   20     21     24  
922.0  15:22:53 42.396183 -72.533264   21     21     23  
923.0  15:23:00 42.396183 -72.53328   20     21     22  
923.0  15:23:02 42.396183 -72.53327   21     22     23  
923.0  15:23:11 42.39618 -72.53328   24     21     20  
923.0  15:23:19 42.39618 -72.53329   22     22     20  
923.0  15:23:31 42.39617 -72.53327   23     21     24  
923.0  15:23:40 42.396175 -72.53331   22     23     20  
923.0  15:23:49 42.396183 -72.533325   21     22     21  
923.0  15:23:57 42.396183 -72.533325   20     21     22  
924.0  15:24:00 42.39618 -72.53332   23     20     23  
924.0  15:24:05 42.39618 -72.53332   21     22     22  
924.0  15:24:14 42.39617 -72.53331   20     24     22  
924.0  15:24:25 42.39617 -72.53329   21     24     20  
924.0  15:24:33 42.39617 -72.53328   21     23     20  
924.0  15:24:42 42.39617 -72.53327   21     23     23  
924.0  15:24:50 42.39617 -72.53327   23     24     24  
924.0  15:24:59 42.39618 -72.53328   20     20     20  
925.0  15:25:00 42.396183 -72.53329   24     21     20  
925.0  15:25:07 42.396183 -72.53328   23     24     23  
925.0  15:25:18 42.396175 -72.53328   24     22     23  
925.0  15:25:27 42.39617 -72.53329   23     24     23  
925.0  15:25:35 42.39617 -72.533295   21     20     21  
925.0  15:25:44 42.396168 -72.533295   20     24     22  
925.0  15:25:52 42.39617 -72.53329   20     23     21  
926.0  15:26:00 42.396183 -72.53327   20     20     24  
926.0  15:26:01 42.396183 -72.53327   20     21     21  
926.0  15:26:11 42.396187 -72.53327   22     20     23  
926.0  15:26:20 42.39618 -72.53328   24     22     24  
926.0  15:26:29 42.396164 -72.5333   22     22     24  
936.0  15:36:41 42.396194 -72.533325   21     21     21  
936.0  15:36:54 42.396175 -72.53328   21     21     22  
937.0  15:37:06 42.39617 -72.53326   24     22     24  
937.0  15:37:18 42.396187 -72.53329   24     24     24  
938.0  15:38:00 42.396214 -72.53326   20     23     21  
938.0  15:38:15 42.396206 -72.53331   23     21     21  
938.0  15:38:27 42.396214 -72.53334   24     20     24  
938.0  15:38:36 42.396214 -72.533325   22     22     21  
938.0  15:38:45 42.396206 -72.53331   22     21     22  
938.0  15:38:53 42.396183 -72.53328   23     24     22  
939.0  15:39:00 42.39617 -72.533264   21     21     22  
939.0  15:39:02 42.39617 -72.533264   20     22     21  
939.0  15:39:10 42.39616 -72.53326   20     21     24  
939.0  15:39:20 42.396168 -72.533264   22     24     21  
939.0  15:39:29 42.396194 -72.53331   21     20     22  
939.0  15:39:37 42.396214 -72.53332   23     22     24  
939.0  15:39:46 42.39622 -72.533325   21     24     20  
939.0  15:39:54 42.396214 -72.53332   21     20     24  
940.0  15:40:00 42.396214 -72.53334   21     22     21  
940.0  15:40:03 42.396214 -72.53334   20     20     22  
940.0  15:40:14 42.396187 -72.53333   24     23     24  
940.0  15:40:22 42.396175 -72.533325   24     21     24  
940.0  15:40:31 42.396175 -72.53331   21     23     21  
940.0  15:40:40 42.39618 -72.533295   24     21     23  
949.0  15:49:02 42.39619 -72.53328   20     23     21  
949.0  15:49:15 42.396187 -72.53328   21     21     21  
949.0  15:49:27 42.396183 -72.53328   20     24     23  
949.0  15:49:40 42.396175 -72.533295   22     23     22  
950.0  15:50:37 42.39619 -72.533264   21     23     21  
950.0  15:50:48 42.39618 -72.53326   21     21     23  
950.0  15:50:57 42.396175 -72.53325   20     24     22  
951.0  15:51:00 42.396168 -72.53325   23     20     24  
951.0  15:51:05 42.396164 -72.53325   23     20     24  
951.0  15:51:14 42.39616 -72.53326   24     24     24  
951.0  15:51:22 42.396187 -72.533264   21     24     20  
951.0  15:51:31 42.3962 -72.53326   22     21     21  
951.0  15:51:42 42.396225 -72.533264   21     21     20  
951.0  15:51:51 42.39621 -72.533264   20     20     22  
951.0  15:51:59 42.39619 -72.533264   24     23     22  
952.0  15:52:00 42.396187 -72.53327   20     23     24  
952.0  15:52:07 42.396187 -72.53328   24     20     23  
952.0  15:52:16 42.396183 -72.53328   23     24     21  
952.0  15:52:25 42.39617 -72.53328   23     24     24  
952.0  15:52:36 42.396183 -72.53329   24     24     23  
952.0  15:52:44 42.396202 -72.53338   20     21     22  
952.0  15:52:52 42.396202 -72.533394   20     24     20  
953.0  15:53:00 42.396194 -72.53338   24     23     24  
953.0  15:53:01 42.3962 -72.53338   22     23     24  
953.0  15:53:10 42.39619 -72.53337   22     22     23  
953.0  15:53:19 42.39619 -72.53336   24     21     23  
953.0  15:53:29 42.39619 -72.533356   23     21     21  
953.0  15:53:38 42.396187 -72.533356   24     21     22  
953.0  15:53:47 42.396187 -72.53335   20     23     20  
953.0  15:53:55 42.396183 -72.53335   22     23     22  
954.0  15:54:00 42.39618 -72.53335   24     23     24  
954.0  15:54:04 42.39618 -72.53335   22     23     21  
954.0  15:54:12 42.396187 -72.53334   22     22     21  
954.0  15:54:23 42.396206 -72.533356   20     24     20  
954.0  15:54:31 42.396217 -72.53336   20     23     23  
954.0  15:54:40 42.39622 -72.53337   22     24     20  
954.0  15:54:49 42.396217 -72.53337   20     22     22  
954.0  15:54:57 42.396133 -72.533516   21     23     20  
955.0  15:55:00 42.395775 -72.533516   23     22     20  
955.0  15:55:06 42.395664 -72.53348   24     20     21  
955.0  15:55:16 42.39538 -72.5334   24     22     21  
955.0  15:55:24 42.395382 -72.533394   20     22     23  
955.0  15:55:33 42.395275 -72.53357   23     23     23  
955.0  15:55:42 42.394962 -72.53424   21     24     22  
955.0  15:55:51 42.394016 -72.53431   20     23     23  
956.0  15:56:00 42.392937 -72.534004   22     23     20  
956.0  15:56:00 42.392525 -72.53382   23     23     20  
956.0  15:56:10 42.391884 -72.533554   23     24     24  
956.0  15:56:19 42.39096 -72.53317   23     22     20  
956.0  15:56:27 42.390415 -72.53297   22     20     24  
956.0  15:56:36 42.390343 -72.53295   21     22     24  
956.0  15:56:44 42.390102 -72.53288   21     21     24  
956.0  15:56:53 42.389412 -72.53255   22     24     24  
957.0  15:57:00 42.388508 -72.53216   20     22     20  
957.0  15:57:04 42.388508 -72.53216   22     22     21  
957.0  15:57:15 42.38756 -72.53176   22     21     24  
957.0  15:57:29 42.38613 -72.53117   23     24     22  
957.0  15:57:52 42.385254 -72.53104   24     20     21  
958.0  15:58:00 42.384876 -72.53236   21     23     21  
958.0  15:58:03 42.38488 -72.53234   24     22     23  
958.0  15:58:12 42.384857 -72.53243   24     24     21  
958.0  15:58:20 42.38477 -72.53261   24     21     20  
958.0  15:58:29 42.384308 -72.53234   22     20     20  
958.0  15:58:37 42.383583 -72.53203   21     24     21  
958.0  15:58:46 42.382874 -72.53185   21     22     22  
958.0  15:58:57 42.382347 -72.53189   22     21     20  
959.0  15:59:00 42.38227 -72.532486   24     21     21  
959.0  15:59:05 42.382236 -72.532715   21     22     23  
959.0  15:59:14 42.382164 -72.533516   24     23     24  
959.0  15:59:22 42.38217 -72.533714   23     22     23  
959.0  15:59:31 42.381958 -72.53386   21     22     20  
959.0  15:59:40 42.38129 -72.5339   24     23     23  
959.0  15:59:50 42.380524 -72.53398   22     24     23  
959.0  15:59:59 42.3799 -72.53404   20     23     24  
960.0  16:00:00 42.379765 -72.534065   21     20     23  
960.0  16:00:07 42.379738 -72.53407   24     22     22  
960.0  16:00:15 42.37928 -72.53412   21     22     22  
960.0  16:00:24 42.378746 -72.53418   23     21     21  
960.0  16:00:35 42.378223 -72.534225   20     23     23  
960.0  16:00:46 42.378178 -72.53424   24     24     20  
960.0  16:00:55 42.37817 -72.534256   21     23     23  
961.0  16:01:00 42.37817 -72.534256   24     23     21  
961.0  16:01:03 42.37817 -72.534256   22     22     23  
961.0  16:01:12 42.37817 -72.53427   24     23     21  
961.0  16:01:20 42.378193 -72.53425   20     20     24  
961.0  16:01:29 42.378193 -72.53423   20     20     24  
961.0  16:01:39 42.378185 -72.53421   21     20     21  
961.0  16:01:48 42.37817 -72.53422   24     23     23  
961.0  16:01:57 42.378162 -72.534225   23     20     24  
962.0  16:02:00 42.378166 -72.534225   23     24     24  
962.0  16:02:06 42.37817 -72.53423   21     21     20  
962.0  16:02:15 42.37817 -72.53425   21     24     20  
962.0  16:02:23 42.37817 -72.53428   20     24     23  
962.0  16:02:33 42.378166 -72.53429   23     24     22  
962.0  16:02:42 42.37817 -72.53429   24     24     21  
962.0  16:02:51 42.378174 -72.53427   22     23     22  
962.0  16:02:59 42.378174 -72.53427   24     21     22  
963.0  16:03:00 42.378174 -72.53427   21     20     23  
963.0  16:03:08 42.378178 -72.53427   23     20     22  
963.0  16:03:16 42.378178 -72.53426   20     20     23  
963.0  16:03:27 42.37818 -72.534256   20     22     24  
963.0  16:03:35 42.378178 -72.53426   24     21     21  
963.0  16:03:44 42.378178 -72.53427   24     23     22  
963.0  16:03:52 42.378178 -72.534256   23     23     23  
964.0  16:04:00 42.37817 -72.53428   23     22     24  
964.0  16:04:01 42.37817 -72.53427   24     24     23  
964.0  16:04:10 42.378166 -72.534294   22     24     20  
964.0  16:04:20 42.37817 -72.53428   22     24     24  
964.0  16:04:29 42.378174 -72.53427   21     22     23  
964.0  16:04:37 42.37817 -72.53428   23     22     22  
964.0  16:04:46 42.378166 -72.53427   22     24     22  
964.0  16:04:54 42.378113 -72.53424   24     20     21  
965.0  16:05:00 42.37789 -72.53426   21     20     20  
965.0  16:05:03 42.37789 -72.53426   22     23     21  
965.0  16:05:14 42.377525 -72.5343   24     24     22  
965.0  16:05:23 42.3771 -72.53434   22     21     20  
965.0  16:05:32 42.37691 -72.534355   20     24     22  
965.0  16:05:40 42.37685 -72.53433   23     21     23  
965.0  16:05:49 42.376827 -72.53409   20     22     24  
965.0  16:05:57 42.3768 -72.53373   23     20     22  
966.0  16:06:00 42.376762 -72.533394   22     23     20  
966.0  16:06:08 42.376736 -72.533165   21     24     22  
966.0  16:06:16 42.376694 -72.53277   22     20     24  
966.0  16:06:26 42.376686 -72.532585   23     21     24  
966.0  16:06:35 42.376682 -72.53252   24     21     23  
966.0  16:06:44 42.376686 -72.5325   24     24     23  
966.0  16:06:52 42.37669 -72.5325   24     24     20  
967.0  16:07:00 42.37669 -72.53249   21     23     24  
967.0  16:07:20 42.37669 -72.53249   23     24     23  
967.0  16:07:29 42.376686 -72.532555   21     21     22  
967.0  16:07:38 42.376694 -72.53246   21     20     23  
967.0  16:07:48 42.377037 -72.53232   22     23     20  
967.0  16:07:58 42.377457 -72.53228   24     22     23  
968.0  16:08:00 42.377556 -72.53227   22     22     22  
968.0  16:08:07 42.37759 -72.532364   23     22     23  
968.0  16:08:15 42.377598 -72.53265   21     23     21  
968.0  16:08:24 42.377594 -72.5331   22     24     22  
968.0  16:08:32 42.377605 -72.533554   22     21     22  
968.0  16:08:41 42.37759 -72.53395   21     23     24  
968.0  16:08:51 42.377598 -72.53414   22     24     23  
969.0  16:09:00 42.377384 -72.53432   22     20     21  
969.0  16:09:00 42.37722 -72.53433   24     20     22  
969.0  16:09:09 42.377068 -72.53435   21     23     24  
969.0  16:09:17 42.37682 -72.53424   21     21     23  
969.0  16:09:26 42.376812 -72.53387   24     24     23  
969.0  16:09:35 42.37678 -72.53352   22     20     21  
969.0  16:09:45 42.376762 -72.53328   24     22     21  
969.0  16:09:54 42.376747 -72.53309   20     22     21  
970.0  16:10:00 42.376736 -72.53304   21     21     21  
970.0  16:10:03 42.376736 -72.53305   22     20     21  
970.0  16:10:11 42.37673 -72.53304   20     23     24  
970.0  16:10:20 42.37674 -72.53306   23     20     21  
970.0  16:10:28 42.37674 -72.53306   21     21     24  
970.0  16:10:40 42.376717 -72.53279   20     23     20  
970.0  16:10:50 42.376698 -72.53258   24     23     21  
970.0  16:10:58 42.37669 -72.53251   23     20     24  
971.0  16:11:00 42.37669 -72.5325   20     21     21  
971.0  16:11:07 42.37669 -72.532486   24     24     21  
971.0  16:11:18 42.37669 -72.532486   21     21     21  
971.0  16:11:29 42.376698 -72.532394   23     23     24  
971.0  16:11:38 42.377014 -72.532295   20     22     24  
971.0  16:11:46 42.37741 -72.532265   21     23     23  
971.0  16:11:55 42.377583 -72.53236   21     24     22  
972.0  16:12:00 42.377594 -72.53255   23     20     23  
972.0  16:12:03 42.377594 -72.53255   21     20     20  
972.0  16:12:12 42.37759 -72.53287   20     22     20  
972.0  16:12:22 42.377598 -72.53324   20     24     24  
972.0  16:12:31 42.37759 -72.53337   23     24     23  
972.0  16:12:39 42.3776 -72.533585   22     23     20  
972.0  16:12:48 42.377594 -72.53396   24     20     22  
972.0  16:12:57 42.3776 -72.53413   23     23     24  
973.0  16:13:00 42.37755 -72.5343   23     20     21  
973.0  16:13:05 42.377476 -72.534325   21     21     24  
973.0  16:13:16 42.37709 -72.534355   21     20     23  
973.0  16:13:24 42.37682 -72.534256   22     24     22  
973.0  16:13:33 42.376812 -72.534035   20     24     23  
973.0  16:13:41 42.376797 -72.533775   24     23     23  
973.0  16:13:50 42.376778 -72.53357   23     24     20  
973.0  16:13:58 42.376762 -72.533356   20     24     22  
974.0  16:14:00 42.376747 -72.5332   24     23     22  
974.0  16:14:09 42.376736 -72.53307   20     21     24  
974.0  16:14:18 42.376705 -72.532715   23     21     21  
974.0  16:14:28 42.376682 -72.53253   22     23     20  
974.0  16:14:37 42.37689 -72.53232   23     23     20  
974.0  16:14:46 42.37737 -72.53228   21     22     23  
974.0  16:14:54 42.377525 -72.53228   20     20     23  
975.0  16:15:00 42.37758 -72.53228   22     21     23  
975.0  16:15:05 42.377583 -72.53228   24     24     20  
975.0  16:15:13 42.377655 -72.53247   20     21     22  
975.0  16:15:22 42.37764 -72.53289   22     22     21  
975.0  16:15:30 42.377632 -72.53323   23     22     22  
975.0  16:15:39 42.377605 -72.533615   21     23     24  
975.0  16:15:48 42.37758 -72.53398   21     22     20  
975.0  16:15:58 42.377613 -72.53418   24     21     22  
976.0  16:16:00 42.377785 -72.5342   22     23     21  
976.0  16:16:07 42.377846 -72.53421   20     22     22  
976.0  16:16:15 42.378277 -72.53418   20     23     24  
976.0  16:16:24 42.378605 -72.534134   24     20     24  
976.0  16:16:33 42.378777 -72.534164   22     23     24  
976.0  16:16:41 42.378784 -72.53449   20     23     22  
976.0  16:16:52 42.378788 -72.53495   21     21     20  
977.0  16:17:00 42.37881 -72.5354   24     23     22  
977.0  16:17:01 42.378803 -72.53528   22     23     23  
977.0  16:17:09 42.378822 -72.53566   21     22     21  
977.0  16:17:18 42.37883 -72.535995   24     22     21  
977.0  16:17:26 42.379005 -72.53613   20     20     20  
977.0  16:17:35 42.379295 -72.53609   22     22     24  
977.0  16:17:45 42.379734 -72.53605   24     24     23  
977.0  16:17:55 42.379944 -72.53615   20     24     24  
978.0  16:18:00 42.37991 -72.53651   23     21     21  
978.0  16:18:03 42.37991 -72.53651   23     22     21  
978.0  16:18:12 42.379574 -72.5365   23     22     22  
978.0  16:18:20 42.37924 -72.536354   24     23     23  
978.0  16:18:28 42.37896 -72.53629   20     20     22  
978.0  16:18:39 42.378815 -72.5362   24     23     21  
978.0  16:18:48 42.378788 -72.535736   24     21     20  
978.0  16:18:57 42.378754 -72.53512   22     22     23  
979.0  16:19:00 42.37875 -72.53465   20     22     24  
979.0  16:19:05 42.378742 -72.53453   22     24     24  
979.0  16:19:14 42.378723 -72.534225   23     20     21  
979.0  16:19:22 42.378605 -72.53412   24     24     23  
979.0  16:19:32 42.37813 -72.534225   21     24     22  
979.0  16:19:41 42.377724 -72.53427   22     21     24  
979.0  16:19:50 42.377525 -72.53406   22     23     23  
979.0  16:19:58 42.377533 -72.53363   20     20     21  
980.0  16:20:00 42.37752 -72.53334   21     22     22  
980.0  16:20:07 42.37752 -72.53317   20     24     21  
980.0  16:20:16 42.377525 -72.53275   20     24     23  
980.0  16:20:26 42.37752 -72.5324   23     22     20  
980.0  16:20:35 42.377514 -72.53237   21     24     24  
980.0  16:20:44 42.37751 -72.53237   23     22     20  
980.0  16:20:53 42.377472 -72.5323   22     21     23  
981.0  16:21:00 42.37703 -72.53236   24     23     23  
981.0  16:21:02 42.377125 -72.53235   23     21     21  
981.0  16:21:10 42.376778 -72.532394   22     23     24  
981.0  16:21:21 42.376743 -72.532715   21     22     23  
981.0  16:21:30 42.376816 -72.53326   23     24     21  
981.0  16:21:39 42.376877 -72.533775   22     23     24  
981.0  16:21:47 42.376904 -72.534134   21     20     21  
981.0  16:21:56 42.37693 -72.53429   24     21     23  
982.0  16:22:00 42.37719 -72.53427   24     23     21  
982.0  16:22:04 42.37719 -72.53427   21     20     23  
982.0  16:22:15 42.37758 -72.534225   21     23     22  
982.0  16:22:23 42.3776 -72.533936   22     22     20  
982.0  16:22:32 42.377563 -72.533516   20     23     23  
982.0  16:22:40 42.37755 -72.533104   23     22     21  
982.0  16:22:49 42.37754 -72.53272   21     23     23  
982.0  16:22:59 42.37754 -72.53246   24     21     20  
983.0  16:23:00 42.377533 -72.532394   24     20     22  
983.0  16:23:14 42.377296 -72.53233   22     20     20  
983.0  16:23:22 42.376835 -72.5324   20     24     20  
983.0  16:23:31 42.37671 -72.53261   22     21     23  
983.0  16:23:40 42.37677 -72.53293   22     20     21  
983.0  16:23:48 42.37684 -72.53339   23     24     20  
983.0  16:23:59 42.376835 -72.5339   21     22     23  
984.0  16:24:00 42.376842 -72.53406   22     24     20  
984.0  16:24:07 42.37687 -72.534164   21     22     21  
984.0  16:24:16 42.376892 -72.5342   23     21     21  
984.0  16:24:24 42.37692 -72.53425   23     20     20  
984.0  16:24:33 42.377033 -72.53433   22     23     22  
984.0  16:24:41 42.37729 -72.53429   24     23     22  
984.0  16:24:53 42.377537 -72.53425   23     23     20  
985.0  16:25:00 42.37756 -72.533905   22     23     21  
985.0  16:25:01 42.377567 -72.53398   20     22     24  
985.0  16:25:10 42.377552 -72.53364   21     21     24  
985.0  16:25:20 42.377544 -72.533165   23     24     23  
985.0  16:25:28 42.377544 -72.53276   22     20     24  
985.0  16:25:49 42.37749 -72.53232   20     23     21  
985.0  16:25:58 42.37707 -72.53238   24     20     20  
986.0  16:26:00 42.37678 -72.53243   21     22     24  
986.0  16:26:06 42.37674 -72.53244   24     20     23  
986.0  16:26:15 42.376724 -72.532745   20     21     22  
986.0  16:26:24 42.37678 -72.53315   20     20     24  
986.0  16:26:33 42.37684 -72.53361   24     22     21  
986.0  16:26:43 42.376892 -72.53409   23     21     22  
986.0  16:26:51 42.37692 -72.53423   20     21     24  
987.0  16:27:00 42.37701 -72.53434   24     23     21  
987.0  16:27:00 42.37715 -72.53429   23     22     20  
987.0  16:27:08 42.377285 -72.53426   24     20     21  
987.0  16:27:17 42.377514 -72.534225   23     23     20  
987.0  16:27:25 42.377827 -72.53419   20     21     24  
987.0  16:27:35 42.378036 -72.53416   20     22     22  
987.0  16:27:44 42.37801 -72.53416   22     23     23  
987.0  16:27:53 42.378 -72.53416   24     24     20  
988.0  16:28:00 42.378 -72.534164   24     24     24  
988.0  16:28:01 42.378 -72.53416   23     24     22  
988.0  16:28:10 42.37809 -72.53416   22     21     24  
988.0  16:28:19 42.378277 -72.53414   20     23     21  
988.0  16:28:29 42.37907 -72.53406   21     24     23  
988.0  16:28:37 42.37953 -72.534004   23     22     24  
988.0  16:28:46 42.379692 -72.534   24     20     20  
988.0  16:28:54 42.38015 -72.53395   22     20     24  
989.0  16:29:00 42.380714 -72.53389   23     24     23  
989.0  16:29:03 42.380653 -72.5339   23     24     24  
989.0  16:29:11 42.38124 -72.53384   21     23     22  
989.0  16:29:24 42.38184 -72.533775   20     21     21  
989.0  16:29:33 42.38209 -72.53378   24     21     23  
989.0  16:29:41 42.382175 -72.53333   22     21     21  
989.0  16:29:50 42.382217 -72.53261   22     22     21  
989.0  16:29:59 42.382305 -72.53204   24     20     21  
990.0  16:30:00 42.382317 -72.53195   21     20     22  
990.0  16:30:08 42.382317 -72.53191   21     20     24  
990.0  16:30:18 42.38279 -72.53177   22     22     23  
990.0  16:30:27 42.383495 -72.531944   23     21     20  
990.0  16:30:35 42.384262 -72.53223   21     20     20  
990.0  16:30:44 42.384712 -72.532425   21     24     23  
990.0  16:30:52 42.384842 -72.53238   23     20     21  
991.0  16:31:00 42.385094 -72.53149   24     24     24  
991.0  16:31:01 42.38505 -72.53176   20     22     20  
991.0  16:31:12 42.38516 -72.53089   22     20     22  
991.0  16:31:20 42.38575 -72.53084   24     24     23  
991.0  16:31:29 42.386604 -72.53119   20     23     22  
991.0  16:31:38 42.387547 -72.531586   22     23     24  
991.0  16:31:46 42.38839 -72.53194   20     21     20  
991.0  16:31:55 42.38908 -72.53224   22     21     21  
992.0  16:32:00 42.389774 -72.53261   21     24     20  
992.0  16:32:05 42.389965 -72.532684   23     21     21  
992.0  16:32:14 42.390545 -72.53289   20     24     24  
992.0  16:32:23 42.391014 -72.53311   23     22     24  
992.0  16:32:31 42.391468 -72.53326   24     23     23  
992.0  16:32:40 42.391796 -72.53336   22     23     20  
992.0  16:32:48 42.39206 -72.53348   21     21     20  
992.0  16:32:59 42.392372 -72.53362   22     23     24  
993.0  16:33:00 42.392483 -72.53365   23     20     21  
993.0  16:33:07 42.392555 -72.53368   22     21     22  
993.0  16:33:16 42.392723 -72.53351   24     22     23  
993.0  16:33:28 42.392723 -72.53351   22     21     23  
993.0  16:33:37 42.393124 -72.532616   21     22     20  
993.0  16:33:46 42.393223 -72.53241   21     20     23  
993.0  16:33:57 42.393433 -72.53246   21     22     23  
994.0  16:34:00 42.393463 -72.532715   24     23     21  
994.0  16:34:05 42.39346 -72.53275   20     22     23  
994.0  16:34:14 42.393433 -72.53307   22     24     22  
994.0  16:34:22 42.393524 -72.53321   21     20     21  
994.0  16:34:31 42.393547 -72.53323   24     23     20  
994.0  16:34:40 42.39355 -72.53324   22     22     23  
994.0  16:34:50 42.39353 -72.533226   21     21     23  
994.0  16:34:59 42.393513 -72.5332   20     20     22  
995.0  16:35:00 42.393505 -72.533195   24     20     23  
995.0  16:35:07 42.3935 -72.533195   24     24     24  
995.0  16:35:15 42.393505 -72.5332   20     21     20  
995.0  16:35:24 42.39351 -72.53321   23     23     23  
995.0  16:35:32 42.393517 -72.53321   20     24     21  
995.0  16:35:43 42.39354 -72.533226   22     20     21  
995.0  16:35:52 42.393547 -72.53323   24     23     20  
996.0  16:36:00 42.39353 -72.53322   20     21     23  
996.0  16:36:00 42.393513 -72.5332   22     22     23  
996.0  16:36:09 42.3935 -72.533195   21     23     24  
996.0  16:36:18 42.393505 -72.5332   22     23     20  
996.0  16:36:27 42.393505 -72.5332   24     23     22  
996.0  16:36:38 42.393513 -72.53321   21     23     24  
996.0  16:36:47 42.39352 -72.53322   24     22     23  
996.0  16:36:56 42.393524 -72.53322   20     20     21  
997.0  16:37:00 42.393528 -72.53322   22     20     21  
997.0  16:37:04 42.393528 -72.53322   23     21     22  
997.0  16:37:13 42.39353 -72.53322   21     22     22  
997.0  16:37:21 42.393528 -72.53322   24     21     22  
997.0  16:37:32 42.393528 -72.53321   24     20     22  
997.0  16:37:41 42.39353 -72.5332   21     22     21  
997.0  16:37:50 42.39353 -72.5332   20     22     22  
997.0  16:37:59 42.393524 -72.53319   22     20     21  
998.0  16:38:00 42.393517 -72.53319   23     24     22  
998.0  16:38:08 42.393517 -72.53319   23     20     21  
998.0  16:38:16 42.39354 -72.533195   21     23     21  
998.0  16:38:26 42.393543 -72.533195   24     21     22  
998.0  16:38:35 42.393593 -72.533165   21     24     21  
998.0  16:38:44 42.393658 -72.53284   24     20     23  
998.0  16:38:53 42.393814 -72.53275   21     20     20  
999.0  16:39:00 42.393856 -72.53276   22     21     20  
999.0  16:39:02 42.393867 -72.53277   24     22     20  
999.0  16:39:10 42.39383 -72.532776   21     21     21  
999.0  16:39:20 42.393864 -72.53278   24     21     24  
999.0  16:39:29 42.393932 -72.53278   20     24     24  
999.0  16:39:37 42.39401 -72.53279   23     22     22  
999.0  16:39:46 42.394005 -72.5328   24     24     24  
999.0  16:39:54 42.394024 -72.53282   21     22     23  
1000.0  16:40:00 42.393997 -72.53283   21     24     22  
1000.0  16:40:03 42.393997 -72.53283   22     24     20  
1000.0  16:40:15 42.393948 -72.532845   20     24     22  
1000.0  16:40:23 42.393936 -72.53284   23     24     21  
1000.0  16:40:33 42.39393 -72.53282   20     24     21  
1000.0  16:40:42 42.393917 -72.532814   23     21     21  
1000.0  16:40:50 42.39395 -72.532814   22     20     21  
1000.0  16:40:59 42.394146 -72.53292   20     24     21  
1001.0  16:41:00 42.394173 -72.532936   20     22     20  
1001.0  16:41:10 42.394245 -72.53283   23     20     20  
1001.0  16:41:18 42.39422 -72.53279   24     22     21  
1001.0  16:41:27 42.394188 -72.5328   20     24     22  
1001.0  16:41:35 42.39414 -72.5328   22     21     22  
1001.0  16:41:44 42.394123 -72.53284   20     23     21  
1001.0  16:41:53 42.39411 -72.53286   21     21     20  
1002.0  16:42:00 42.3941 -72.53292   22     22     24  
1002.0  16:42:04 42.3941 -72.53292   24     20     20  
1002.0  16:42:12 42.394077 -72.53292   24     24     23  
1002.0  16:42:21 42.394104 -72.532875   22     22     21  
1002.0  16:42:30 42.394115 -72.532845   24     23     23  
1002.0  16:42:40 42.394073 -72.53282   20     21     23  
1002.0  16:42:49 42.39405 -72.53274   21     20     23  
1003.0  16:43:00 42.39406 -72.53295   22     22     23  
1003.0  16:43:01 42.39405 -72.53274   21     20     23  
1003.0  16:43:11 42.394085 -72.533035   21     21     22  
1003.0  16:43:20 42.394062 -72.53301   22     21     24  
1003.0  16:43:30 42.3941 -72.533005   22     23     22  
1003.0  16:43:38 42.3941 -72.53301   23     20     23  
1003.0  16:43:47 42.394115 -72.533226   20     23     21  
