624.0  10:24:00 42.393597 -72.53268   4     17     42  
625.0  10:25:00 42.393627 -72.53272   4     17     42  
626.0  10:26:00 42.393635 -72.532646   4     13     57  
627.0  10:27:00 42.39362 -72.5327   5     18     50  
628.0  10:28:00 42.393616 -72.5326   3     11     48  
629.0  10:29:00 42.393143 -72.5327   3     12     40  
630.0  10:30:00 42.395515 -72.532074   5     18     51  
631.0  10:31:00 42.396492 -72.527504   4     15     41  
632.0  10:32:00 42.404156 -72.52966   4     13     57  
632.0  10:32:50 42.406403 -72.531   4     13     59  
633.0  10:33:00 42.40621 -72.53183   5     18     56  
633.0  10:33:12 42.40621 -72.53183   5     17     50  
633.0  10:33:34 42.405846 -72.53249   3     13     42  
634.0  10:34:00 42.405827 -72.532585   4     13     47  
634.0  10:34:22 42.405823 -72.53257   4     11     54  
634.0  10:34:45 42.405827 -72.53251   3     12     41  
635.0  10:35:00 42.405804 -72.53255   5     14     52  
635.0  10:35:17 42.4058 -72.532555   4     18     51  
635.0  10:35:44 42.405796 -72.53256   5     10     49  
636.0  10:36:00 42.405807 -72.532455   5     12     42  
636.0  10:36:06 42.40581 -72.53247   5     13     43  
636.0  10:36:28 42.4058 -72.53246   5     10     47  
637.0  10:37:00 42.404964 -72.53232   4     13     47  
637.0  10:37:32 42.404926 -72.53103   4     13     56  
638.0  10:38:00 42.404892 -72.529686   4     17     46  
638.0  10:38:41 42.4032 -72.52922   5     17     53  
639.0  10:39:00 42.402557 -72.52875   3     15     44  
639.0  10:39:03 42.403175 -72.52921   3     11     51  
639.0  10:39:30 42.400166 -72.52797   5     12     58  
640.0  10:40:00 42.395657 -72.52725   4     18     44  
641.0  10:41:00 42.39329 -72.52592   5     19     57  
642.0  10:42:00 42.38931 -72.52478   3     11     44  
643.0  10:43:00 42.38666 -72.52249   3     11     51  
643.0  10:43:26 42.386112 -72.52251   4     14     59  
644.0  10:44:00 42.383835 -72.52109   3     15     56  
644.0  10:44:14 42.38369 -72.52101   3     18     58  
644.0  10:44:36 42.3829 -72.52062   4     17     51  
645.0  10:45:00 42.381565 -72.51942   3     19     57  
645.0  10:45:45 42.379547 -72.51974   5     12     46  
646.0  10:46:00 42.378696 -72.51998   3     19     51  
646.0  10:46:08 42.379055 -72.51991   3     14     42  
646.0  10:46:36 42.37786 -72.52003   4     12     45  
646.0  10:46:59 42.37801 -72.51999   3     11     48  
647.0  10:47:00 42.377914 -72.51998   4     13     43  
647.0  10:47:21 42.37773 -72.51999   4     17     48  
647.0  10:47:52 42.377087 -72.52001   5     16     43  
648.0  10:48:00 42.37602 -72.51993   5     12     53  
648.0  10:48:15 42.376015 -72.51992   5     17     49  
648.0  10:48:53 42.37563 -72.51959   3     12     54  
649.0  10:49:00 42.375683 -72.51918   3     14     40  
649.0  10:49:24 42.375706 -72.51908   4     13     42  
649.0  10:49:46 42.37586 -72.51627   4     11     50  
650.0  10:50:00 42.375885 -72.513374   4     12     51  
651.0  10:51:00 42.37566 -72.506294   3     15     44  
651.0  10:51:14 42.375637 -72.50577   5     14     47  
652.0  10:52:00 42.3758 -72.50062   4     17     47  
653.0  10:53:00 42.372753 -72.501366   3     13     57  
653.0  10:53:11 42.37285 -72.50135   3     18     48  
654.0  10:54:00 42.369255 -72.50082   5     13     51  
654.0  10:54:59 42.370216 -72.499084   4     10     48  
655.0  10:55:00 42.370235 -72.49908   5     17     59  
655.0  10:55:56 42.37114 -72.498535   4     13     40  
656.0  10:56:00 42.371147 -72.49854   5     18     50  
657.0  10:57:00 42.365925 -72.49205   5     11     57  
658.0  10:58:00 42.35865 -72.48505   5     17     48  
659.0  10:59:00 42.352547 -72.47293   4     18     40  
660.0  11:00:00 42.34625 -72.4679   4     11     53  
661.0  11:01:00 42.343506 -72.461555   4     16     53  
662.0  11:02:00 42.336193 -72.456825   4     15     49  
663.0  11:03:00 42.329544 -72.44825   5     12     55  
664.0  11:04:00 42.32473 -72.435905   3     13     53  
665.0  11:05:00 42.31908 -72.42671   4     13     44  
666.0  11:06:00 42.308422 -72.42188   5     19     55  
667.0  11:07:00 42.29893 -72.41639   5     11     59  
668.0  11:08:00 42.29158 -72.40948   3     15     53  
668.0  11:08:51 42.289135 -72.40688   4     16     40  
669.0  11:09:00 42.287697 -72.40678   5     15     40  
669.0  11:09:04 42.28783 -72.40678   4     14     41  
670.0  11:10:00 42.280117 -72.40357   3     15     56  
670.0  11:10:21 42.27994 -72.40345   5     11     50  
671.0  11:11:00 42.277607 -72.400826   4     11     49  
679.0  11:19:32 42.28483 -72.406586   3     17     44  
679.0  11:19:54 42.287544 -72.406715   4     16     56  
680.0  11:20:00 42.288578 -72.40677   4     14     57  
681.0  11:21:00 42.292076 -72.40987   5     16     40  
681.0  11:21:24 42.294758 -72.41245   5     18     48  
682.0  11:22:00 42.29824 -72.41582   3     14     49  
682.0  11:22:25 42.30118 -72.418106   5     14     49  
683.0  11:23:00 42.30688 -72.4209   4     16     54  
684.0  11:24:00 42.31691 -72.42612   3     10     48  
685.0  11:25:00 42.325222 -72.43302   3     10     44  
686.0  11:26:00 42.328896 -72.446335   3     12     43  
687.0  11:27:00 42.334637 -72.45644   5     14     50  
687.0  11:27:01 42.334637 -72.45644   5     10     44  
688.0  11:28:00 42.340065 -72.45826   4     18     43  
689.0  11:29:00 42.34401 -72.46435   4     16     56  
690.0  11:30:00 42.349068 -72.46943   5     19     51  
690.0  11:30:59 42.350845 -72.47032   3     10     48  
691.0  11:31:00 42.35108 -72.47054   5     16     59  
691.0  11:31:04 42.351154 -72.47057   5     18     51  
691.0  11:31:09 42.351017 -72.4706   3     19     50  
691.0  11:31:14 42.35113 -72.470566   3     11     49  
691.0  11:31:24 42.351032 -72.47056   4     15     59  
691.0  11:31:29 42.351055 -72.470535   3     18     44  
691.0  11:31:34 42.351067 -72.47052   3     13     45  
691.0  11:31:40 42.351128 -72.4706   3     16     52  
691.0  11:31:43 42.351063 -72.47052   5     11     42  
692.0  11:32:00 42.3529 -72.47337   5     16     53  
693.0  11:33:00 42.35496 -72.48031   5     10     47  
694.0  11:34:00 42.356834 -72.48247   5     13     45  
694.0  11:34:47 42.361523 -72.48754   3     12     45  
694.0  11:34:49 42.360268 -72.48647   5     19     43  
695.0  11:35:00 42.36229 -72.48811   3     10     54  
696.0  11:36:00 42.36635 -72.492516   4     16     47  
696.0  11:36:21 42.368282 -72.49498   5     14     50  
696.0  11:36:28 42.36907 -72.49599   3     15     44  
696.0  11:36:43 42.37053 -72.497734   3     18     55  
696.0  11:36:44 42.369556 -72.49661   5     12     40  
696.0  11:36:53 42.37119 -72.498436   5     10     53  
696.0  11:36:59 42.37118 -72.49846   3     14     41  
697.0  11:37:00 42.371166 -72.49848   3     17     53  
697.0  11:37:04 42.371166 -72.49851   3     15     44  
697.0  11:37:07 42.371193 -72.49846   5     16     44  
697.0  11:37:14 42.37087 -72.49904   4     14     55  
697.0  11:37:26 42.37079 -72.4991   3     18     41  
697.0  11:37:36 42.37025 -72.49908   4     16     55  
697.0  11:37:42 42.370247 -72.49908   4     18     40  
697.0  11:37:47 42.370167 -72.499115   3     19     57  
697.0  11:37:48 42.37025 -72.49908   5     16     43  
697.0  11:37:57 42.36951 -72.49913   3     12     54  
698.0  11:38:00 42.369274 -72.49924   5     14     41  
698.0  11:38:03 42.369244 -72.49929   3     12     55  
698.0  11:38:11 42.369354 -72.49917   3     19     44  
698.0  11:38:11 42.369244 -72.49929   4     11     55  
699.0  11:39:00 42.36936 -72.50202   4     15     49  
699.0  11:39:23 42.37115 -72.50166   5     18     44  
699.0  11:39:33 42.371887 -72.50145   3     17     52  
699.0  11:39:38 42.37128 -72.50163   3     13     42  
700.0  11:40:00 42.37274 -72.501236   4     18     56  
700.0  11:40:46 42.374393 -72.50083   3     18     40  
700.0  11:40:51 42.375 -72.5007   5     12     44  
701.0  11:41:00 42.376125 -72.50049   4     19     43  
701.0  11:41:38 42.3762 -72.5014   5     13     50  
701.0  11:41:43 42.376217 -72.50128   3     14     44  
702.0  11:42:00 42.375694 -72.505135   5     19     41  
702.0  11:42:54 42.375847 -72.50932   3     19     46  
703.0  11:43:00 42.37587 -72.51035   3     14     47  
703.0  11:43:19 42.37591 -72.51166   3     13     55  
704.0  11:44:00 42.3759 -72.51264   5     19     42  
704.0  11:44:10 42.375935 -72.513466   4     14     53  
704.0  11:44:15 42.37593 -72.51416   5     16     52  
704.0  11:44:21 42.375893 -72.514915   4     12     40  
704.0  11:44:21 42.375935 -72.513466   4     13     44  
704.0  11:44:31 42.375862 -72.516335   3     11     44  
704.0  11:44:36 42.375885 -72.51663   4     11     54  
704.0  11:44:41 42.37592 -72.51661   3     18     54  
704.0  11:44:43 42.375874 -72.51651   5     15     44  
704.0  11:44:51 42.37592 -72.51662   4     13     48  
705.0  11:45:00 42.375877 -72.51675   3     11     56  
705.0  11:45:01 42.3759 -72.516655   3     14     49  
705.0  11:45:05 42.375908 -72.51664   3     12     53  
705.0  11:45:16 42.375824 -72.518105   4     10     48  
705.0  11:45:21 42.375793 -72.51856   4     15     44  
705.0  11:45:27 42.375755 -72.51903   5     19     49  
705.0  11:45:27 42.375824 -72.518105   4     19     42  
705.0  11:45:37 42.37572 -72.51952   5     14     45  
705.0  11:45:49 42.37572 -72.51953   4     16     52  
705.0  11:45:59 42.37579 -72.51954   4     13     40  
706.0  11:46:00 42.375793 -72.51954   5     13     42  
706.0  11:46:05 42.375793 -72.51954   5     13     42  
706.0  11:46:10 42.37579 -72.51954   4     11     51  
706.0  11:46:11 42.375793 -72.51954   3     11     57  
706.0  11:46:20 42.375782 -72.51952   5     12     47  
706.0  11:46:25 42.37578 -72.51952   5     18     58  
706.0  11:46:30 42.375774 -72.51952   4     16     50  
706.0  11:46:33 42.37578 -72.51952   3     12     44  
706.0  11:46:40 42.375763 -72.5195   5     17     43  
706.0  11:46:45 42.37576 -72.5195   5     15     54  
706.0  11:46:50 42.37577 -72.51959   3     10     46  
706.0  11:46:55 42.375755 -72.5195   5     18     57  
707.0  11:47:00 42.37614 -72.519905   3     18     46  
707.0  11:47:12 42.37644 -72.51989   3     17     49  
707.0  11:47:17 42.376923 -72.51987   4     15     43  
707.0  11:47:17 42.376717 -72.519875   3     14     53  
707.0  11:47:27 42.377357 -72.51988   3     15     56  
707.0  11:47:32 42.37743 -72.51987   5     19     53  
707.0  11:47:37 42.37743 -72.51985   5     14     46  
707.0  11:47:39 42.377373 -72.519875   4     11     49  
707.0  11:47:47 42.37742 -72.51982   4     18     51  
707.0  11:47:52 42.377426 -72.5198   4     17     52  
707.0  11:47:57 42.377586 -72.51982   5     11     57  
708.0  11:48:00 42.37797 -72.51984   3     13     52  
708.0  11:48:01 42.37742 -72.519806   5     14     59  
708.0  11:48:07 42.37855 -72.519844   3     16     59  
708.0  11:48:12 42.37904 -72.519775   5     17     48  
708.0  11:48:18 42.37949 -72.519615   5     13     41  
708.0  11:48:23 42.379795 -72.51946   3     11     43  
708.0  11:48:23 42.37904 -72.519775   3     15     56  
708.0  11:48:33 42.379826 -72.51947   5     12     42  
708.0  11:48:38 42.379894 -72.51948   3     19     42  
709.0  11:49:00 42.38184 -72.519585   3     15     44  
709.0  11:49:07 42.382328 -72.5201   4     16     53  
709.0  11:49:13 42.382816 -72.52045   3     12     58  
709.0  11:49:18 42.38332 -72.5207   3     15     47  
709.0  11:49:21 42.38252 -72.52026   3     11     43  
710.0  11:50:00 42.38683 -72.52253   4     16     49  
710.0  11:50:05 42.387207 -72.52295   4     15     54  
710.0  11:50:11 42.387527 -72.52336   4     15     45  
710.0  11:50:22 42.38772 -72.523544   4     12     50  
710.0  11:50:27 42.387703 -72.523544   3     10     49  
710.0  11:50:32 42.387707 -72.523544   3     11     56  
710.0  11:50:36 42.3877 -72.523544   3     12     51  
710.0  11:50:42 42.38776 -72.52366   5     18     59  
710.0  11:50:48 42.388023 -72.52397   5     10     50  
710.0  11:50:53 42.38844 -72.524315   3     10     57  
710.0  11:50:58 42.38892 -72.52458   5     10     49  
711.0  11:51:00 42.38922 -72.524734   3     17     57  
712.0  11:52:00 42.39258 -72.52555   5     12     58  
713.0  11:53:00 42.393936 -72.5261   4     19     45  
714.0  11:54:00 42.39603 -72.527306   3     13     58  
714.0  11:54:19 42.398426 -72.52807   5     19     57  
714.0  11:54:45 42.40199 -72.52829   3     15     58  
715.0  11:55:00 42.403996 -72.52957   4     19     45  
715.0  11:55:48 42.406338 -72.531425   5     17     59  
715.0  11:55:56 42.406254 -72.531685   3     18     43  
716.0  11:56:00 42.406178 -72.53194   3     15     56  
716.0  11:56:08 42.406128 -72.532196   5     19     58  
716.0  11:56:16 42.406086 -72.53243   4     16     57  
716.0  11:56:21 42.40586 -72.532486   4     17     42  
716.0  11:56:22 42.406116 -72.53232   4     12     59  
716.0  11:56:32 42.405846 -72.53245   4     13     59  
716.0  11:56:37 42.40584 -72.53244   5     16     55  
716.0  11:56:42 42.405838 -72.53244   3     13     43  
716.0  11:56:44 42.405846 -72.53245   4     18     43  
716.0  11:56:52 42.40583 -72.53243   4     11     57  
716.0  11:56:57 42.40583 -72.53243   3     17     58  
717.0  11:57:00 42.40583 -72.53244   4     19     56  
717.0  11:57:02 42.40583 -72.53244   5     12     55  
717.0  11:57:06 42.40583 -72.53243   3     17     40  
717.0  11:57:12 42.40583 -72.53244   4     10     45  
717.0  11:57:18 42.405834 -72.532455   4     19     55  
717.0  11:57:23 42.405838 -72.53246   4     16     43  
717.0  11:57:28 42.40584 -72.53247   5     16     59  
717.0  11:57:28 42.405834 -72.532455   4     18     47  
717.0  11:57:38 42.405846 -72.53247   5     14     58  
718.0  11:58:00 42.40585 -72.53246   5     11     43  
718.0  11:58:21 42.405846 -72.53246   4     12     42  
718.0  11:58:49 42.40584 -72.53248   4     17     52  
718.0  11:58:54 42.40584 -72.53247   4     10     58  
719.0  11:59:00 42.40584 -72.532486   4     16     58  
719.0  11:59:04 42.405846 -72.532486   3     10     56  
719.0  11:59:09 42.40585 -72.532486   4     10     40  
719.0  11:59:15 42.40585 -72.532486   4     11     49  
719.0  11:59:20 42.40585 -72.532486   5     14     45  
719.0  11:59:23 42.40585 -72.532486   5     16     41  
719.0  11:59:30 42.40585 -72.53248   4     18     47  
719.0  11:59:37 42.405853 -72.53248   4     11     46  
719.0  11:59:42 42.405853 -72.53248   5     18     54  
719.0  11:59:45 42.40585 -72.53248   4     14     46  
719.0  11:59:53 42.405853 -72.53248   3     17     59  
719.0  11:59:58 42.40585 -72.53248   4     11     56  
720.0  12:00:00 42.40585 -72.53248   3     13     59  
720.0  12:00:03 42.40585 -72.53248   5     12     42  
720.0  12:00:08 42.40585 -72.53248   3     19     45  
720.0  12:00:08 42.405846 -72.53248   3     17     52  
720.0  12:00:18 42.405846 -72.53247   4     10     46  
720.0  12:00:33 42.405846 -72.53247   5     10     55  
720.0  12:00:55 42.405888 -72.53246   3     10     52  
721.0  12:01:00 42.40594 -72.53244   5     13     52  
721.0  12:01:17 42.405937 -72.53244   4     13     43  
721.0  12:01:39 42.40588 -72.53249   4     12     58  
722.0  12:02:00 42.40514 -72.53239   4     14     50  
722.0  12:02:08 42.404907 -72.53211   5     17     54  
722.0  12:02:14 42.404907 -72.531845   4     15     49  
722.0  12:02:19 42.404915 -72.53164   3     18     44  
722.0  12:02:24 42.404957 -72.530945   3     18     55  
722.0  12:02:27 42.404915 -72.53175   3     19     43  
722.0  12:02:34 42.405064 -72.53042   5     15     44  
723.0  12:03:00 42.40387 -72.52958   4     10     43  
723.0  12:03:10 42.40317 -72.52915   3     11     56  
723.0  12:03:15 42.40317 -72.52917   3     12     54  
723.0  12:03:21 42.403175 -72.52919   4     16     51  
723.0  12:03:22 42.40317 -72.52915   4     13     44  
723.0  12:03:31 42.403175 -72.529236   3     10     44  
723.0  12:03:36 42.403175 -72.52923   3     15     40  
723.0  12:03:41 42.403103 -72.52913   4     16     40  
723.0  12:03:51 42.402714 -72.52885   5     12     47  
724.0  12:04:00 42.400837 -72.52798   5     14     49  
724.0  12:04:57 42.395325 -72.5271   5     18     43  
725.0  12:05:00 42.395332 -72.5271   5     15     40  
725.0  12:05:10 42.395332 -72.52714   3     18     57  
725.0  12:05:19 42.39534 -72.527145   4     11     53  
725.0  12:05:27 42.395336 -72.527145   5     14     48  
726.0  12:06:00 42.393387 -72.52598   4     10     47  
727.0  12:07:00 42.39083 -72.525276   5     12     54  
728.0  12:08:00 42.38777 -72.523895   5     10     54  
728.0  12:08:40 42.386593 -72.52247   3     13     46  
728.0  12:08:45 42.386204 -72.52247   4     16     50  
729.0  12:09:00 42.38516 -72.52175   4     12     43  
729.0  12:09:22 42.383118 -72.52064   4     18     49  
730.0  12:10:00 42.380474 -72.51939   3     16     41  
730.0  12:10:52 42.3794 -72.51976   3     10     53  
731.0  12:11:00 42.377937 -72.520004   4     11     45  
731.0  12:11:14 42.377895 -72.52   4     11     50  
731.0  12:11:36 42.377533 -72.51997   4     17     48  
731.0  12:11:51 42.375946 -72.5199   4     12     44  
731.0  12:11:56 42.37567 -72.519936   3     11     41  
732.0  12:12:00 42.375614 -72.51983   3     15     52  
732.0  12:12:02 42.37561 -72.51977   5     11     52  
732.0  12:12:04 42.37574 -72.51993   5     16     53  
732.0  12:12:12 42.375637 -72.51926   3     19     59  
732.0  12:12:24 42.375656 -72.51913   3     15     59  
732.0  12:12:26 42.375637 -72.51926   5     17     55  
732.0  12:12:34 42.375755 -72.51831   4     11     41  
732.0  12:12:39 42.375755 -72.51816   3     16     59  
732.0  12:12:44 42.375774 -72.517685   5     12     53  
732.0  12:12:49 42.37575 -72.51825   3     14     53  
732.0  12:12:59 42.375866 -72.51555   3     11     51  
733.0  12:13:00 42.37588 -72.51525   3     17     50  
733.0  12:13:04 42.375904 -72.51483   3     15     53  
734.0  12:14:00 42.375763 -72.50959   3     18     44  
734.0  12:14:14 42.375713 -72.50763   3     19     40  
734.0  12:14:19 42.375713 -72.50741   3     17     49  
734.0  12:14:20 42.375725 -72.508156   4     17     59  
734.0  12:14:29 42.3757 -72.50746   4     13     47  
734.0  12:14:34 42.3757 -72.5071   5     13     44  
735.0  12:15:00 42.375957 -72.50264   3     15     57  
735.0  12:15:03 42.376007 -72.5023   5     17     45  
735.0  12:15:08 42.37586 -72.50335   3     17     40  
735.0  12:15:08 42.376163 -72.50153   4     15     50  
735.0  12:15:56 42.375767 -72.50061   3     12     50  
736.0  12:16:00 42.375122 -72.50074   3     13     49  
736.0  12:16:01 42.375233 -72.50072   4     14     46  
736.0  12:16:05 42.375954 -72.50058   3     12     47  
737.0  12:17:00 42.37305 -72.50119   5     17     57  
737.0  12:17:11 42.373062 -72.501205   4     18     53  
737.0  12:17:12 42.37304 -72.501175   3     12     50  
737.0  12:17:25 42.373074 -72.50121   3     15     46  
737.0  12:17:46 42.37304 -72.50122   3     11     55  
738.0  12:18:00 42.36997 -72.501976   3     11     58  
738.0  12:18:45 42.369305 -72.49919   5     18     44  
738.0  12:18:45 42.36922 -72.500206   5     12     56  
738.0  12:18:55 42.370075 -72.49906   3     11     53  
739.0  12:19:00 42.37019 -72.49906   4     18     53  
739.0  12:19:00 42.370186 -72.49906   5     15     56  
739.0  12:19:06 42.370186 -72.49906   4     15     57  
739.0  12:19:07 42.37012 -72.49906   5     10     54  
739.0  12:19:39 42.371147 -72.498566   3     15     41  
739.0  12:19:50 42.3694 -72.496475   5     19     58  
739.0  12:19:56 42.368843 -72.49577   5     10     41  
740.0  12:20:00 42.368843 -72.49577   4     18     40  
740.0  12:20:00 42.36815 -72.49489   3     16     43  
740.0  12:20:56 42.3616 -72.487686   5     11     58  
741.0  12:21:00 42.36088 -72.487076   4     16     44  
742.0  12:22:00 42.3566 -72.48539   3     12     52  
743.0  12:23:00 42.358086 -72.4853   3     17     52  
744.0  12:24:00 42.3539 -72.4758   4     19     49  
745.0  12:25:00 42.354534 -72.48005   3     13     57  
754.0  12:34:56 42.366695 -72.493   3     14     42  
755.0  12:35:00 42.36736 -72.49386   4     10     50  
755.0  12:35:12 42.368378 -72.49514   5     14     48  
755.0  12:35:32 42.370747 -72.49796   5     11     45  
755.0  12:35:37 42.371136 -72.49838   5     13     49  
755.0  12:35:47 42.371075 -72.49831   3     10     55  
755.0  12:35:47 42.371204 -72.49874   3     11     54  
756.0  12:36:00 42.37026 -72.499146   5     10     40  
756.0  12:36:14 42.37026 -72.499146   3     16     46  
757.0  12:37:00 42.369385 -72.50175   3     14     40  
757.0  12:37:36 42.371243 -72.50164   3     12     56  
757.0  12:37:46 42.37181 -72.50148   5     16     51  
757.0  12:37:49 42.371365 -72.5016   3     13     56  
758.0  12:38:00 42.372765 -72.50122   5     14     47  
758.0  12:38:35 42.374107 -72.50088   3     16     41  
758.0  12:38:41 42.374672 -72.50077   4     16     59  
758.0  12:38:47 42.3752 -72.50067   4     14     52  
759.0  12:39:00 42.37609 -72.50051   3     12     41  
759.0  12:39:44 42.376255 -72.50173   5     11     53  
759.0  12:39:44 42.37632 -72.50133   4     13     59  
760.0  12:40:00 42.375767 -72.50492   4     15     57  
761.0  12:41:00 42.37587 -72.51069   5     10     58  
761.0  12:41:14 42.3759 -72.511635   5     17     40  
761.0  12:41:15 42.37587 -72.51077   5     10     48  
761.0  12:41:56 42.37595 -72.51431   3     14     55  
762.0  12:42:00 42.375854 -72.51655   5     16     56  
762.0  12:42:18 42.375824 -72.516785   5     17     55  
762.0  12:42:38 42.37581 -72.51803   5     11     45  
762.0  12:42:43 42.37577 -72.51885   3     16     41  
762.0  12:42:48 42.37574 -72.51924   5     19     52  
762.0  12:42:53 42.375782 -72.51865   3     14     50  
763.0  12:43:00 42.375713 -72.51945   3     17     51  
763.0  12:43:11 42.375694 -72.51945   4     18     54  
763.0  12:43:15 42.375694 -72.51945   4     12     42  
763.0  12:43:15 42.375694 -72.51945   3     18     59  
763.0  12:43:42 42.375877 -72.51986   5     14     52  
763.0  12:43:52 42.377247 -72.519905   5     13     46  
763.0  12:43:57 42.377388 -72.51988   4     18     55  
764.0  12:44:00 42.377426 -72.51989   4     17     58  
764.0  12:44:02 42.377422 -72.51989   5     19     47  
764.0  12:44:04 42.37727 -72.519905   5     17     48  
764.0  12:44:12 42.377457 -72.51993   5     12     40  
764.0  12:44:17 42.377472 -72.51991   4     12     56  
764.0  12:44:22 42.377483 -72.51991   5     19     51  
764.0  12:44:26 42.377464 -72.51993   4     11     51  
764.0  12:44:33 42.37808 -72.519936   4     17     57  
764.0  12:44:38 42.378563 -72.519936   4     12     42  
764.0  12:44:43 42.379044 -72.51985   3     17     45  
764.0  12:44:49 42.378468 -72.519936   4     10     49  
765.0  12:45:00 42.379833 -72.51949   5     16     57  
765.0  12:45:04 42.37982 -72.51948   5     10     47  
765.0  12:45:09 42.37982 -72.51947   4     11     56  
765.0  12:45:14 42.37986 -72.51946   4     19     55  
765.0  12:45:16 42.37982 -72.51948   5     13     40  
766.0  12:46:00 42.38394 -72.52103   4     15     42  
767.0  12:47:00 42.387714 -72.52355   3     12     47  
767.0  12:47:08 42.387714 -72.52355   3     19     59  
767.0  12:47:13 42.387714 -72.523544   3     12     59  
767.0  12:47:18 42.38772 -72.52354   5     12     48  
767.0  12:47:23 42.38772 -72.52354   5     18     41  
767.0  12:47:23 42.387714 -72.523544   5     11     42  
767.0  12:47:34 42.387745 -72.52359   5     15     57  
767.0  12:47:39 42.38791 -72.52385   5     11     51  
767.0  12:47:44 42.388195 -72.524124   3     19     41  
767.0  12:47:49 42.388462 -72.52433   4     14     47  
767.0  12:47:57 42.38874 -72.5245   5     13     44  
768.0  12:48:00 42.389008 -72.52463   5     19     48  
769.0  12:49:00 42.39188 -72.52536   5     14     40  
770.0  12:50:00 42.393936 -72.526184   5     19     59  
770.0  12:50:50 42.397507 -72.52796   5     14     50  
770.0  12:50:55 42.39773 -72.527985   4     12     52  
771.0  12:51:00 42.397694 -72.52797   3     17     57  
771.0  12:51:01 42.397694 -72.52797   5     12     43  
771.0  12:51:04 42.39769 -72.52799   5     10     40  
771.0  12:51:11 42.39801 -72.528046   5     10     42  
771.0  12:51:16 42.398563 -72.52804   4     17     43  
771.0  12:51:43 42.40234 -72.52845   4     16     43  
772.0  12:52:00 42.403954 -72.52949   3     18     46  
773.0  12:53:00 42.406376 -72.53071   5     15     49  
773.0  12:53:19 42.40628 -72.53163   3     14     48  
773.0  12:53:21 42.406406 -72.53122   4     12     55  
773.0  12:53:36 42.406105 -72.532295   4     11     56  
773.0  12:53:41 42.405987 -72.5325   4     13     47  
773.0  12:53:46 42.40586 -72.53249   4     11     57  
773.0  12:53:48 42.4061 -72.53234   5     15     52  
773.0  12:53:56 42.405857 -72.532486   3     10     50  
774.0  12:54:00 42.40586 -72.5325   3     11     58  
774.0  12:54:01 42.40586 -72.5325   5     12     48  
774.0  12:54:07 42.405853 -72.53251   4     12     46  
774.0  12:54:10 42.405857 -72.53249   5     19     56  
783.0  13:03:00 42.405075 -72.529854   5     15     43  
783.0  13:03:10 42.40511 -72.5299   3     17     45  
783.0  13:03:16 42.404995 -72.529785   5     13     51  
783.0  13:03:56 42.403244 -72.52914   4     17     58  
784.0  13:04:00 42.402966 -72.528915   4     11     55  
784.0  13:04:20 42.400715 -72.52794   3     12     46  
785.0  13:05:00 42.395657 -72.52723   3     17     57  
786.0  13:06:00 42.3934 -72.526054   3     19     54  
787.0  13:07:00 42.390877 -72.525276   5     13     47  
787.0  13:07:46 42.388687 -72.52454   4     17     40  
787.0  13:07:50 42.38927 -72.52482   3     19     53  
788.0  13:08:00 42.38778 -72.52388   3     15     47  
788.0  13:08:41 42.38719 -72.523   3     16     43  
789.0  13:09:00 42.38612 -72.52248   5     13     58  
789.0  13:09:58 42.383812 -72.52102   4     18     55  
790.0  13:10:00 42.38349 -72.52086   5     12     53  
790.0  13:10:08 42.38328 -72.52075   4     17     42  
790.0  13:10:13 42.383385 -72.520805   3     13     48  
791.0  13:11:00 42.379578 -72.51977   4     10     49  
791.0  13:11:00 42.37955 -72.51978   4     15     45  
791.0  13:11:01 42.380363 -72.5195   5     16     49  
791.0  13:11:10 42.379574 -72.51977   3     15     54  
791.0  13:11:15 42.3795 -72.519775   4     16     54  
791.0  13:11:20 42.379215 -72.5199   5     12     46  
791.0  13:11:23 42.37957 -72.51977   4     17     48  
791.0  13:11:30 42.378372 -72.52001   4     15     56  
791.0  13:11:38 42.37796 -72.520035   5     13     55  
791.0  13:11:50 42.37786 -72.52003   5     10     57  
791.0  13:11:54 42.37808 -72.52002   4     14     45  
792.0  13:12:00 42.377865 -72.52001   4     19     49  
792.0  13:12:00 42.377865 -72.52001   3     11     44  
792.0  13:12:05 42.377853 -72.52001   4     16     40  
792.0  13:12:11 42.377735 -72.51997   4     18     48  
792.0  13:12:16 42.377464 -72.519966   3     18     46  
792.0  13:12:16 42.37786 -72.52001   5     16     59  
792.0  13:12:26 42.377224 -72.51996   4     16     54  
792.0  13:12:31 42.377033 -72.519936   4     18     46  
792.0  13:12:58 42.37591 -72.51988   3     14     42  
793.0  13:13:00 42.37591 -72.51988   5     17     51  
793.0  13:13:03 42.375908 -72.519875   3     13     56  
793.0  13:13:04 42.375923 -72.51986   3     15     55  
793.0  13:13:13 42.375732 -72.51987   5     12     53  
793.0  13:13:18 42.375675 -72.51993   4     17     54  
793.0  13:13:24 42.37566 -72.51996   5     12     49  
793.0  13:13:26 42.37572 -72.51988   5     17     59  
793.0  13:13:34 42.375668 -72.51996   3     13     51  
793.0  13:13:39 42.375668 -72.51996   3     13     48  
793.0  13:13:49 42.37567 -72.51995   5     13     40  
794.0  13:14:00 42.375652 -72.51922   3     12     52  
794.0  13:14:11 42.37565 -72.51922   5     13     59  
843.0  14:03:30 42.403152 -72.529106   5     17     48  
843.0  14:03:56 42.40057 -72.52791   3     11     49  
844.0  14:04:00 42.399822 -72.52798   5     19     56  
844.0  14:04:12 42.39863 -72.52807   3     19     54  
844.0  14:04:22 42.398033 -72.52812   4     13     59  
844.0  14:04:27 42.398018 -72.528145   4     12     45  
844.0  14:04:32 42.397808 -72.528114   5     13     57  
845.0  14:05:00 42.39533 -72.52709   4     10     44  
845.0  14:05:22 42.395355 -72.52705   3     17     58  
846.0  14:06:00 42.393826 -72.52622   4     13     41  
847.0  14:07:00 42.39101 -72.52528   5     16     46  
848.0  14:08:00 42.387753 -72.523895   3     17     49  
849.0  14:09:00 42.384636 -72.52149   4     15     44  
849.0  14:09:22 42.3837 -72.52097   3     12     47  
849.0  14:09:22 42.38286 -72.52053   5     19     49  
849.0  14:09:32 42.382645 -72.520386   5     12     50  
849.0  14:09:37 42.382256 -72.520096   3     15     59  
849.0  14:09:43 42.38185 -72.51976   4     19     41  
850.0  14:10:00 42.380432 -72.5194   3     13     44  
850.0  14:10:16 42.37912 -72.51985   4     17     56  
850.0  14:10:21 42.37868 -72.51997   4     18     42  
850.0  14:10:23 42.379574 -72.51966   5     15     57  
850.0  14:10:32 42.3779 -72.52   3     11     42  
850.0  14:10:41 42.37785 -72.52   4     15     56  
851.0  14:11:00 42.378 -72.52002   3     17     58  
851.0  14:11:09 42.378 -72.52002   4     12     49  
851.0  14:11:14 42.377945 -72.520004   5     15     47  
851.0  14:11:14 42.37786 -72.52   4     13     59  
851.0  14:11:16 42.37801 -72.52002   4     15     47  
851.0  14:11:24 42.377357 -72.51998   4     15     44  
851.0  14:11:44 42.375885 -72.51994   3     10     43  
851.0  14:11:47 42.377144 -72.51997   4     19     53  
851.0  14:11:54 42.375607 -72.51943   3     14     43  
851.0  14:11:59 42.37562 -72.51927   4     16     52  
852.0  14:12:00 42.37564 -72.51926   3     12     43  
852.0  14:12:07 42.37565 -72.51925   5     18     55  
852.0  14:12:09 42.375614 -72.51928   4     19     56  
852.0  14:12:17 42.37566 -72.51914   4     13     47  
852.0  14:12:25 42.375675 -72.519   4     17     46  
852.0  14:12:47 42.37578 -72.518196   5     13     43  
853.0  14:13:00 42.375923 -72.514915   3     11     46  
853.0  14:13:37 42.37587 -72.51183   3     19     48  
853.0  14:13:42 42.37591 -72.511795   4     17     43  
853.0  14:13:45 42.375847 -72.51181   5     13     43  
854.0  14:14:00 42.375862 -72.5106   5     12     59  
854.0  14:14:01 42.375862 -72.5106   5     11     47  
854.0  14:14:22 42.375774 -72.509125   5     15     51  
854.0  14:14:59 42.375774 -72.50387   3     19     49  
855.0  14:15:00 42.37582 -72.50354   4     13     47  
855.0  14:15:10 42.375896 -72.50302   3     12     52  
855.0  14:15:10 42.37575 -72.50403   3     10     57  
855.0  14:15:20 42.376217 -72.501274   3     14     55  
855.0  14:15:26 42.37622 -72.5013   4     16     54  
855.0  14:15:34 42.376236 -72.50131   5     19     45  
855.0  14:15:36 42.376217 -72.50128   5     11     45  
856.0  14:16:00 42.376354 -72.50082   3     14     54  
856.0  14:16:13 42.375893 -72.500565   3     12     57  
856.0  14:16:18 42.37517 -72.500725   5     16     41  
856.0  14:16:21 42.376102 -72.50053   5     13     48  
857.0  14:17:00 42.373066 -72.50133   3     11     42  
857.0  14:17:39 42.37277 -72.50133   4     19     41  
857.0  14:17:44 42.372334 -72.501396   5     19     43  
857.0  14:17:49 42.371803 -72.50148   5     12     43  
857.0  14:17:52 42.372604 -72.50136   5     16     45  
858.0  14:18:00 42.370293 -72.50189   3     16     41  
859.0  14:19:00 42.36938 -72.49913   3     10     59  
859.0  14:19:07 42.36978 -72.49905   5     19     47  
859.0  14:19:20 42.36995 -72.49906   4     10     44  
859.0  14:19:46 42.371037 -72.498795   3     11     54  
859.0  14:19:47 42.37047 -72.49907   4     15     59  
859.0  14:19:57 42.37121 -72.49854   3     10     41  
860.0  14:20:00 42.371193 -72.49854   3     10     58  
860.0  14:20:02 42.371193 -72.49854   4     11     47  
860.0  14:20:07 42.371185 -72.49853   4     18     58  
860.0  14:20:09 42.371204 -72.49854   4     16     49  
860.0  14:20:17 42.371067 -72.49827   5     15     54  
860.0  14:20:22 42.3707 -72.49781   3     19     57  
860.0  14:20:36 42.369125 -72.49609   4     16     46  
860.0  14:20:56 42.366856 -72.49323   4     12     47  
861.0  14:21:00 42.366173 -72.49234   4     10     47  
861.0  14:21:50 42.36136 -72.48744   4     14     47  
862.0  14:22:00 42.359844 -72.48608   5     15     52  
863.0  14:23:00 42.355846 -72.485115   3     12     44  
864.0  14:24:00 42.356926 -72.482635   5     16     44  
865.0  14:25:00 42.353313 -72.47744   4     15     57  
866.0  14:26:00 42.35468 -72.48009   4     10     52  
867.0  14:27:00 42.35467 -72.48006   3     19     50  
868.0  14:28:00 42.354588 -72.480034   4     15     40  
869.0  14:29:00 42.35466 -72.48008   5     18     57  
870.0  14:30:00 42.354683 -72.48005   4     18     41  
871.0  14:31:00 42.35469 -72.48011   5     10     58  
872.0  14:32:00 42.356014 -72.4808   4     18     53  
872.0  14:32:44 42.361115 -72.48719   3     17     47  
872.0  14:32:45 42.359806 -72.48607   4     12     58  
873.0  14:33:00 42.362312 -72.48808   4     11     54  
874.0  14:34:00 42.36553 -72.491394   5     14     46  
874.0  14:34:35 42.36904 -72.495865   3     13     56  
874.0  14:34:50 42.370625 -72.49775   4     17     49  
874.0  14:34:55 42.371044 -72.498184   4     11     48  
875.0  14:35:00 42.371197 -72.498344   4     12     41  
875.0  14:35:03 42.3712 -72.498344   4     17     40  
875.0  14:35:05 42.370968 -72.49811   5     14     48  
875.0  14:35:24 42.3702 -72.4991   5     12     41  
875.0  14:35:27 42.370697 -72.499115   4     14     43  
875.0  14:35:34 42.37023 -72.49913   4     19     41  
875.0  14:35:39 42.370216 -72.49913   4     10     48  
875.0  14:35:44 42.369995 -72.499115   3     16     53  
875.0  14:35:49 42.370228 -72.49913   4     15     50  
876.0  14:36:00 42.36922 -72.50002   5     12     45  
877.0  14:37:00 42.37108 -72.50163   3     19     49  
877.0  14:37:01 42.370956 -72.50166   3     19     42  
877.0  14:37:12 42.371605 -72.50149   3     15     52  
877.0  14:37:12 42.370956 -72.50166   5     11     56  
877.0  14:37:25 42.37277 -72.50123   3     17     51  
877.0  14:37:30 42.372757 -72.50121   5     13     59  
877.0  14:37:36 42.372776 -72.50121   4     18     54  
877.0  14:37:42 42.372753 -72.50122   4     12     47  
877.0  14:37:44 42.372795 -72.50122   3     11     41  
877.0  14:37:57 42.37282 -72.50122   5     12     45  
878.0  14:38:00 42.37285 -72.50124   4     16     57  
878.0  14:38:05 42.37285 -72.50124   4     10     48  
878.0  14:38:12 42.37284 -72.501236   5     12     54  
878.0  14:38:19 42.372845 -72.501236   3     17     46  
878.0  14:38:49 42.374264 -72.500916   4     14     49  
879.0  14:39:00 42.375805 -72.5006   4     10     47  
880.0  14:40:00 42.375736 -72.50557   5     17     52  
880.0  14:40:47 42.375893 -72.50938   5     18     42  
880.0  14:40:49 42.375847 -72.50803   3     10     51  
881.0  14:41:00 42.375874 -72.51064   5     17     44  
881.0  14:41:12 42.375904 -72.511505   5     14     54  
882.0  14:42:00 42.376022 -72.513115   5     14     47  
882.0  14:42:48 42.375843 -72.51789   3     14     56  
882.0  14:42:59 42.375828 -72.518105   4     10     50  
883.0  14:43:04 42.375828 -72.518105   5     13     53  
883.0  14:43:09 42.375828 -72.518105   3     15     53  
883.0  14:43:11 42.375828 -72.518105   4     11     55  
883.0  14:43:19 42.375828 -72.518105   4     15     57  
883.0  14:43:24 42.375828 -72.518105   5     18     57  
883.0  14:43:30 42.375828 -72.518105   4     11     44  
883.0  14:43:33 42.375828 -72.518105   3     16     40  
883.0  14:43:41 42.375828 -72.518105   4     13     59  
883.0  14:43:46 42.375828 -72.518105   5     11     40  
883.0  14:43:52 42.375828 -72.518105   3     19     57  
884.0  14:44:02 42.375828 -72.518105   3     15     40  
884.0  14:44:07 42.375828 -72.518105   4     15     52  
884.0  14:44:12 42.375828 -72.518105   4     15     47  
884.0  14:44:17 42.375828 -72.518105   3     19     43  
884.0  14:44:19 42.375828 -72.518105   5     19     41  
884.0  14:44:37 42.375828 -72.518105   5     19     47  
884.0  14:44:42 42.375828 -72.518105   5     18     59  
885.0  14:45:27 42.375828 -72.518105   4     10     41  
885.0  14:45:32 42.375828 -72.518105   5     17     49  
885.0  14:45:38 42.375828 -72.518105   4     12     56  
885.0  14:45:43 42.375828 -72.518105   4     12     57  
885.0  14:45:48 42.375828 -72.518105   3     16     46  
885.0  14:45:48 42.375828 -72.518105   3     18     40  
886.0  14:46:23 42.375828 -72.518105   4     17     51  
886.0  14:46:29 42.375828 -72.518105   4     14     40  
886.0  14:46:49 42.375828 -72.518105   5     11     50  
886.0  14:46:54 42.375828 -72.518105   5     16     59  
886.0  14:46:54 42.375828 -72.518105   5     18     47  
887.0  14:47:04 42.375828 -72.518105   3     18     42  
887.0  14:47:09 42.375828 -72.518105   4     17     49  
887.0  14:47:14 42.375828 -72.518105   5     13     46  
887.0  14:47:16 42.375828 -72.518105   3     11     49  
887.0  14:47:24 42.375828 -72.518105   4     11     55  
887.0  14:47:29 42.375828 -72.518105   4     15     48  
887.0  14:47:38 42.375828 -72.518105   4     11     52  
887.0  14:47:39 42.375828 -72.518105   4     15     44  
887.0  14:47:45 42.375828 -72.518105   5     13     44  
887.0  14:47:50 42.375828 -72.518105   5     16     41  
887.0  14:47:55 42.375828 -72.518105   4     19     50  
888.0  14:48:00 42.375828 -72.518105   5     18     51  
888.0  14:48:11 42.375828 -72.518105   3     18     56  
888.0  14:48:16 42.375828 -72.518105   4     14     49  
888.0  14:48:21 42.375828 -72.518105   4     11     45  
888.0  14:48:25 42.375828 -72.518105   4     10     54  
888.0  14:48:36 42.375828 -72.518105   4     15     48  
888.0  14:48:41 42.375828 -72.518105   5     19     57  
888.0  14:48:46 42.375828 -72.518105   5     19     46  
888.0  14:48:47 42.375828 -72.518105   5     14     44  
891.0  14:51:32 42.375828 -72.518105   5     16     53  
903.0  15:03:50 42.40503 -72.5297   3     14     47  
903.0  15:03:55 42.40463 -72.52966   5     14     57  
904.0  15:04:00 42.404057 -72.52957   4     19     56  
904.0  15:04:12 42.40332 -72.529175   4     15     50  
904.0  15:04:17 42.403214 -72.529106   4     15     54  
904.0  15:04:22 42.403214 -72.52912   5     13     43  
904.0  15:04:26 42.403248 -72.52912   4     16     40  
904.0  15:04:37 42.403187 -72.52913   3     13     47  
904.0  15:04:42 42.403088 -72.529015   5     11     42  
905.0  15:05:00 42.401653 -72.52818   5     11     54  
905.0  15:05:13 42.400475 -72.5279   3     19     48  
905.0  15:05:28 42.39866 -72.528076   4     17     52  
906.0  15:06:00 42.395657 -72.527214   5     16     43  
906.0  15:06:02 42.395657 -72.527214   4     19     40  
906.0  15:06:07 42.395462 -72.52713   4     14     50  
906.0  15:06:12 42.395435 -72.527115   4     16     43  
906.0  15:06:17 42.395416 -72.527115   3     18     55  
906.0  15:06:22 42.395393 -72.52711   4     11     48  
906.0  15:06:23 42.395405 -72.527115   4     11     42  
907.0  15:07:00 42.3936 -72.52607   4     13     45  
908.0  15:08:00 42.392838 -72.52572   3     15     54  
909.0  15:09:00 42.39099 -72.52518   4     11     40  
910.0  15:10:00 42.387825 -72.523895   3     17     59  
911.0  15:11:00 42.386517 -72.52239   5     13     44  
911.0  15:11:07 42.386467 -72.52241   3     18     56  
911.0  15:11:12 42.386326 -72.52244   5     12     49  
911.0  15:11:51 42.383804 -72.52101   4     13     43  
912.0  15:12:00 42.383038 -72.52064   5     15     41  
912.0  15:12:03 42.383728 -72.520966   5     16     40  
912.0  15:12:11 42.3829 -72.520546   5     19     46  
912.0  15:12:16 42.382915 -72.52054   5     14     59  
912.0  15:12:21 42.38291 -72.52054   5     10     46  
912.0  15:12:25 42.38291 -72.52054   4     16     59  
912.0  15:12:47 42.38176 -72.519615   5     14     55  
913.0  15:13:00 42.381126 -72.519325   3     10     41  
913.0  15:13:31 42.37961 -72.51967   4     19     53  
914.0  15:14:00 42.37793 -72.51994   3     11     59  
914.0  15:14:05 42.377926 -72.51995   4     16     49  
914.0  15:14:09 42.37791 -72.51999   4     13     55  
914.0  15:14:21 42.377365 -72.51991   3     13     57  
914.0  15:14:26 42.377026 -72.51991   5     13     51  
914.0  15:14:34 42.376675 -72.5199   5     16     57  
914.0  15:14:35 42.377365 -72.51991   5     14     56  
914.0  15:14:50 42.376007 -72.519875   4     15     55  
914.0  15:14:55 42.37601 -72.51988   5     12     50  
915.0  15:15:00 42.37602 -72.519875   5     15     44  
915.0  15:15:00 42.376003 -72.51987   5     10     56  
915.0  15:15:05 42.37585 -72.51987   4     10     51  
915.0  15:15:07 42.37602 -72.51988   3     17     57  
915.0  15:15:16 42.375656 -72.51985   3     19     43  
915.0  15:15:21 42.37561 -72.519615   3     15     55  
915.0  15:15:26 42.375626 -72.51927   5     12     40  
915.0  15:15:29 42.375633 -72.519775   3     14     49  
915.0  15:15:42 42.375607 -72.51917   3     12     47  
915.0  15:15:47 42.3756 -72.51916   5     10     58  
915.0  15:15:51 42.375607 -72.51917   3     13     53  
916.0  15:16:00 42.37573 -72.51859   5     13     45  
916.0  15:16:12 42.375828 -72.51774   4     11     45  
916.0  15:16:17 42.37586 -72.51729   3     13     41  
916.0  15:16:22 42.375847 -72.516846   3     11     46  
916.0  15:16:23 42.375828 -72.51774   3     14     52  
916.0  15:16:33 42.375874 -72.5156   5     19     47  
916.0  15:16:38 42.375893 -72.514694   3     15     43  
916.0  15:16:43 42.375908 -72.51392   4     11     54  
917.0  15:17:00 42.375874 -72.51199   4     16     46  
917.0  15:17:02 42.37586 -72.51194   5     10     59  
917.0  15:17:08 42.375847 -72.511795   5     19     49  
917.0  15:17:13 42.375854 -72.511795   3     16     49  
917.0  15:17:16 42.375847 -72.511826   3     18     58  
917.0  15:17:23 42.37588 -72.511826   3     11     57  
917.0  15:17:28 42.375885 -72.51184   5     13     43  
917.0  15:17:32 42.375885 -72.51185   3     11     41  
917.0  15:17:41 42.375885 -72.511856   3     10     49  
917.0  15:17:50 42.37588 -72.5114   5     14     41  
917.0  15:17:58 42.375862 -72.51093   3     13     45  
918.0  15:18:00 42.375862 -72.51089   3     19     47  
918.0  15:18:07 42.375854 -72.510704   4     11     48  
918.0  15:18:18 42.375782 -72.50918   5     11     48  
918.0  15:18:27 42.375736 -72.50784   5     16     55  
918.0  15:18:37 42.375736 -72.507416   3     19     55  
918.0  15:18:46 42.37574 -72.50742   5     15     48  
918.0  15:18:55 42.37575 -72.50722   5     17     50  
919.0  15:19:00 42.375755 -72.506935   3     16     49  
919.0  15:19:04 42.375755 -72.506935   4     13     57  
919.0  15:19:16 42.375755 -72.50627   3     10     40  
919.0  15:19:25 42.37571 -72.50512   3     16     49  
920.0  15:20:00 42.376137 -72.50145   3     13     56  
920.0  15:20:28 42.375835 -72.500595   5     16     53  
920.0  15:20:33 42.375385 -72.50069   5     19     52  
920.0  15:20:37 42.375916 -72.50058   3     17     55  
921.0  15:21:00 42.3731 -72.50124   5     19     42  
921.0  15:21:43 42.372856 -72.50127   3     14     58  
921.0  15:21:48 42.37244 -72.501366   5     10     59  
921.0  15:21:53 42.37196 -72.501434   5     12     54  
921.0  15:21:57 42.37262 -72.50133   3     18     48  
922.0  15:22:00 42.3711 -72.50166   4     11     59  
923.0  15:23:00 42.369263 -72.49937   3     18     45  
923.0  15:23:06 42.369453 -72.49909   5     13     53  
923.0  15:23:12 42.36976 -72.49906   5     18     56  
923.0  15:23:17 42.37007 -72.499054   5     17     47  
923.0  15:23:19 42.369507 -72.49907   4     10     56  
923.0  15:23:27 42.370255 -72.49904   5     16     44  
923.0  15:23:32 42.370323 -72.499054   5     15     45  
924.0  15:24:00 42.37114 -72.498375   3     11     54  
924.0  15:24:02 42.37112 -72.49873   3     14     57  
925.0  15:25:00 42.365128 -72.49098   4     11     45  
926.0  15:26:00 42.361534 -72.487564   4     19     49  
926.0  15:26:01 42.36164 -72.487656   5     13     57  
926.0  15:26:06 42.3611 -72.4872   4     10     53  
927.0  15:27:00 42.357098 -72.485245   5     17     45  
928.0  15:28:00 42.356266 -72.485245   3     14     42  
929.0  15:29:00 42.3579 -72.484085   3     10     43  
930.0  15:30:00 42.353634 -72.47515   5     17     49  
931.0  15:31:00 42.35359 -72.47899   4     17     55  
932.0  15:32:00 42.354862 -72.48015   3     14     58  
933.0  15:33:00 42.357826 -72.48393   5     12     47  
933.0  15:33:30 42.359875 -72.48608   4     16     58  
933.0  15:33:31 42.361046 -72.487114   4     18     53  
934.0  15:34:00 42.362267 -72.48806   3     11     51  
935.0  15:35:00 42.363693 -72.489265   3     11     53  
935.0  15:35:32 42.366756 -72.49306   4     13     57  
935.0  15:35:45 42.368107 -72.494736   4     19     44  
936.0  15:36:00 42.36991 -72.496994   4     10     55  
936.0  15:36:25 42.37101 -72.49816   3     16     52  
936.0  15:36:58 42.37023 -72.49913   4     15     56  
937.0  15:37:00 42.370216 -72.49912   3     19     47  
937.0  15:37:04 42.370216 -72.499115   4     12     42  
937.0  15:37:09 42.37022 -72.499115   4     16     54  
937.0  15:37:14 42.370163 -72.4991   4     12     50  
937.0  15:37:19 42.36993 -72.49909   5     11     43  
937.0  15:37:25 42.369633 -72.49908   5     10     52  
937.0  15:37:29 42.370033 -72.4991   3     13     41  
938.0  15:38:00 42.369286 -72.501015   3     19     58  
938.0  15:38:42 42.371033 -72.50163   4     11     40  
938.0  15:38:52 42.371685 -72.50146   3     12     40  
938.0  15:38:58 42.371246 -72.50158   3     17     55  
939.0  15:39:00 42.372547 -72.50126   3     13     54  
939.0  15:39:00 42.372696 -72.50122   5     15     53  
939.0  15:39:05 42.372715 -72.50121   5     11     46  
939.0  15:39:10 42.372707 -72.50122   5     15     55  
939.0  15:39:16 42.372704 -72.50123   3     16     50  
939.0  15:39:20 42.37271 -72.50122   4     18     46  
939.0  15:39:31 42.372704 -72.50122   4     14     45  
939.0  15:39:39 42.372715 -72.50121   4     10     55  
939.0  15:39:42 42.372704 -72.50121   5     19     42  
940.0  15:40:00 42.37368 -72.501   3     15     53  
940.0  15:40:07 42.374233 -72.50087   4     14     52  
940.0  15:40:10 42.373512 -72.50103   4     15     56  
941.0  15:41:00 42.37635 -72.50118   3     16     43  
941.0  15:41:31 42.37622 -72.501205   5     13     40  
942.0  15:42:00 42.375854 -72.50364   4     19     59  
942.0  15:42:17 42.375725 -72.50603   4     16     47  
942.0  15:42:24 42.37576 -72.50689   4     12     57  
943.0  15:43:00 42.375767 -72.50916   3     19     42  
944.0  15:44:00 42.37591 -72.51259   4     11     42  
945.0  15:45:00 42.375874 -72.51665   4     19     45  
945.0  15:45:40 42.375694 -72.51922   4     11     51  
945.0  15:45:41 42.37575 -72.51856   4     14     43  
945.0  15:45:50 42.375698 -72.51935   5     17     58  
945.0  15:45:55 42.375687 -72.51933   3     19     42  
946.0  15:46:00 42.37569 -72.51933   4     14     44  
946.0  15:46:00 42.375694 -72.51933   4     15     51  
946.0  15:46:04 42.37569 -72.51934   3     16     59  
946.0  15:46:12 42.375767 -72.51978   4     12     52  
946.0  15:46:17 42.375973 -72.51981   3     19     45  
946.0  15:46:27 42.3764 -72.5198   3     10     56  
946.0  15:46:31 42.37633 -72.5198   3     10     43  
946.0  15:46:39 42.3764 -72.5198   3     19     57  
946.0  15:46:39 42.377235 -72.51981   4     18     53  
946.0  15:46:56 42.37741 -72.51977   3     16     44  
947.0  15:47:00 42.377396 -72.51976   5     17     53  
947.0  15:47:29 42.377415 -72.519745   5     11     48  
947.0  15:47:35 42.37742 -72.51976   4     17     47  
947.0  15:47:40 42.377483 -72.519745   4     15     49  
947.0  15:47:45 42.37777 -72.5198   5     11     55  
947.0  15:47:50 42.378113 -72.51983   5     18     40  
947.0  15:47:55 42.37842 -72.519844   4     15     46  
948.0  15:48:00 42.37879 -72.51983   4     18     57  
948.0  15:48:00 42.378944 -72.51979   5     13     51  
948.0  15:48:08 42.37917 -72.519714   3     13     48  
949.0  15:49:00 42.3813 -72.51925   4     14     54  
949.0  15:49:40 42.38237 -72.520065   3     10     54  
949.0  15:49:45 42.381897 -72.51968   5     13     42  
949.0  15:49:46 42.382866 -72.5204   5     16     47  
949.0  15:49:56 42.383705 -72.52084   5     13     43  
950.0  15:50:00 42.384266 -72.52115   5     15     48  
951.0  15:51:00 42.38743 -72.52322   3     14     49  
952.0  15:52:00 42.38777 -72.52368   4     10     52  
952.0  15:52:08 42.388103 -72.52405   3     10     40  
952.0  15:52:11 42.387745 -72.52365   3     10     50  
952.0  15:52:18 42.388885 -72.52455   5     13     55  
953.0  15:53:00 42.390907 -72.52516   3     15     54  
954.0  15:54:00 42.393684 -72.526024   3     14     40  
955.0  15:55:00 42.39423 -72.52639   4     14     46  
955.0  15:55:29 42.39532 -72.52703   5     17     40  
955.0  15:55:54 42.3973 -72.52786   4     19     53  
956.0  15:56:00 42.397404 -72.52791   5     11     43  
956.0  15:56:00 42.39745 -72.52793   5     15     41  
956.0  15:56:05 42.39768 -72.52801   4     16     52  
956.0  15:56:10 42.39808 -72.52807   5     15     49  
956.0  15:56:12 42.39745 -72.52793   5     17     52  
956.0  15:56:50 42.401485 -72.52803   4     19     53  
957.0  15:57:00 42.403606 -72.5293   3     19     49  
958.0  15:58:00 42.405518 -72.52971   3     17     42  
958.0  15:58:22 42.406384 -72.53056   3     14     40  
958.0  15:58:43 42.406258 -72.53155   3     18     50  
958.0  15:58:48 42.40621 -72.53168   4     12     53  
959.0  15:59:00 42.40612 -72.53215   4     13     52  
960.0  16:00:00 42.405792 -72.532486   4     13     58  
960.0  16:00:58 42.40583 -72.53251   3     18     45  
961.0  16:01:00 42.405827 -72.53252   3     13     44  
961.0  16:01:21 42.405815 -72.532524   4     13     47  
962.0  16:02:00 42.405136 -72.53237   4     10     50  
962.0  16:02:12 42.405266 -72.53239   3     16     56  
962.0  16:02:43 42.40493 -72.53081   3     14     46  
962.0  16:02:48 42.40494 -72.530716   5     14     49  
962.0  16:02:53 42.404995 -72.530495   4     15     47  
963.0  16:03:00 42.405003 -72.530136   3     10     52  
963.0  16:03:01 42.404995 -72.53032   5     17     57  
963.0  16:03:42 42.403183 -72.529144   3     16     52  
963.0  16:03:45 42.403625 -72.52941   5     17     41  
963.0  16:03:53 42.40315 -72.52913   3     19     57  
963.0  16:03:58 42.40312 -72.52913   5     19     53  
964.0  16:04:00 42.403133 -72.529144   3     15     58  
964.0  16:04:03 42.403122 -72.52915   3     17     52  
964.0  16:04:07 42.40312 -72.52911   5     12     46  
964.0  16:04:20 42.40308 -72.529205   5     14     46  
964.0  16:04:35 42.400814 -72.52798   5     18     52  
965.0  16:05:00 42.397564 -72.52804   4     18     56  
965.0  16:05:17 42.395885 -72.52733   3     10     55  
966.0  16:06:00 42.39335 -72.52599   3     19     55  
967.0  16:07:00 42.393253 -72.52594   5     14     57  
968.0  16:08:00 42.390953 -72.52527   4     12     54  
969.0  16:09:00 42.387783 -72.5239   4     12     55  
969.0  16:09:06 42.388027 -72.52411   5     18     42  
970.0  16:10:00 42.38619 -72.52244   4     15     54  
971.0  16:11:00 42.384346 -72.52129   3     13     56  
971.0  16:11:16 42.384087 -72.52114   3     17     47  
971.0  16:11:38 42.38287 -72.52052   4     15     48  
972.0  16:12:00 42.38286 -72.52052   3     18     48  
972.0  16:12:00 42.382847 -72.52054   5     17     56  
972.0  16:12:23 42.382782 -72.520515   4     17     41  
972.0  16:12:45 42.382843 -72.52054   5     12     41  
973.0  16:13:00 42.382736 -72.52039   4     14     47  
973.0  16:13:07 42.38286 -72.52053   4     10     43  
974.0  16:14:00 42.379505 -72.51966   3     14     40  
974.0  16:14:56 42.378235 -72.519936   5     12     47  
975.0  16:15:00 42.378143 -72.51994   3     15     45  
975.0  16:15:19 42.37806 -72.51996   3     10     48  
975.0  16:15:41 42.37788 -72.52   4     12     54  
976.0  16:16:00 42.377876 -72.51998   3     12     53  
976.0  16:16:03 42.377876 -72.519966   3     15     54  
976.0  16:16:25 42.37788 -72.52   3     11     53  
977.0  16:17:00 42.376144 -72.51987   4     16     42  
978.0  16:18:00 42.375576 -72.519196   4     11     50  
979.0  16:19:00 42.37587 -72.5157   3     17     40  
979.0  16:19:57 42.37583 -72.51184   4     17     48  
980.0  16:20:00 42.375877 -72.51173   4     16     57  
980.0  16:20:18 42.37584 -72.51095   4     14     47  
980.0  16:20:26 42.375828 -72.51058   3     10     44  
980.0  16:20:35 42.375793 -72.509285   3     13     49  
980.0  16:20:45 42.37571 -72.50789   3     12     44  
980.0  16:20:56 42.3757 -72.507416   3     16     42  
981.0  16:21:00 42.375698 -72.507324   4     14     51  
981.0  16:21:06 42.375687 -72.50717   3     14     44  
981.0  16:21:14 42.375656 -72.506256   5     14     55  
981.0  16:21:23 42.375652 -72.50506   5     10     56  
982.0  16:22:00 42.37614 -72.50148   3     15     52  
982.0  16:22:09 42.37616 -72.50149   4     11     43  
982.0  16:22:41 42.376057 -72.50057   3     11     43  
982.0  16:22:50 42.374172 -72.50098   4     12     56  
983.0  16:23:00 42.373207 -72.501175   4     19     56  
983.0  16:23:38 42.372955 -72.50124   4     17     56  
983.0  16:23:44 42.372734 -72.5013   5     16     51  
983.0  16:23:50 42.37231 -72.501366   4     18     44  
983.0  16:23:50 42.372906 -72.50125   5     12     48  
984.0  16:24:00 42.371334 -72.50157   4     12     59  
984.0  16:24:00 42.371117 -72.501625   5     18     49  
985.0  16:25:00 42.369236 -72.50032   3     11     55  
985.0  16:25:23 42.36947 -72.49905   5     17     49  
985.0  16:25:28 42.36984 -72.49905   4     15     42  
985.0  16:25:31 42.369263 -72.49919   4     19     57  
985.0  16:25:38 42.37022 -72.49914   4     10     53  
985.0  16:25:43 42.37018 -72.4991   3     15     53  
985.0  16:25:49 42.3702 -72.499084   3     19     57  
985.0  16:25:59 42.370354 -72.49907   3     13     58  
986.0  16:26:00 42.370785 -72.49902   3     14     44  
986.0  16:26:05 42.37092 -72.49891   3     10     48  
986.0  16:26:17 42.37112 -72.49854   5     14     45  
986.0  16:26:22 42.37111 -72.498535   3     11     42  
986.0  16:26:27 42.37111 -72.49855   3     14     43  
986.0  16:26:31 42.371117 -72.49854   3     13     44  
986.0  16:26:38 42.371117 -72.498566   4     17     58  
986.0  16:26:43 42.371117 -72.498566   4     19     54  
986.0  16:26:48 42.37108 -72.49836   3     13     59  
986.0  16:26:53 42.37082 -72.49807   4     18     41  
986.0  16:26:53 42.371117 -72.498566   3     18     46  
987.0  16:27:00 42.370113 -72.49735   5     17     56  
987.0  16:27:33 42.367012 -72.49341   5     13     49  
988.0  16:28:00 42.364567 -72.49032   3     19     51  
989.0  16:29:00 42.361217 -72.48732   3     11     45  
989.0  16:29:00 42.36111 -72.48723   5     12     46  
990.0  16:30:00 42.356747 -72.48533   5     12     42  
991.0  16:31:00 42.356503 -72.485374   5     11     40  
992.0  16:32:00 42.358105 -72.48435   3     15     50  
993.0  16:33:00 42.35529 -72.47915   4     14     59  
994.0  16:34:00 42.35338 -72.47632   3     12     55  
995.0  16:35:00 42.35531 -72.48049   5     13     53  
996.0  16:36:00 42.358963 -72.485306   4     11     43  
997.0  16:37:00 42.36227 -72.48808   4     11     52  
998.0  16:38:00 42.36585 -72.49186   5     18     45  
998.0  16:38:25 42.367027 -72.49338   3     13     46  
998.0  16:38:43 42.370155 -72.497345   3     16     41  
998.0  16:38:48 42.37069 -72.49793   5     19     50  
998.0  16:38:53 42.371105 -72.49833   5     19     50  
999.0  16:39:00 42.371197 -72.49841   4     11     40  
999.0  16:39:01 42.37116 -72.49836   5     16     51  
999.0  16:39:02 42.371014 -72.49825   4     11     53  
999.0  16:39:11 42.370907 -72.498985   4     16     50  
999.0  16:39:44 42.370228 -72.499115   3     19     45  
1000.0  16:40:00 42.36922 -72.49939   5     19     46  
1000.0  16:40:06 42.369453 -72.49913   3     17     44  
1001.0  16:41:00 42.3705 -72.50175   4     11     53  
1001.0  16:41:19 42.372265 -72.50128   3     13     41  
1001.0  16:41:24 42.371788 -72.50139   5     12     46  
1001.0  16:41:27 42.37253 -72.50121   3     18     45  
1001.0  16:41:32 42.372585 -72.501205   3     17     40  
1001.0  16:41:37 42.372585 -72.50123   3     13     58  
1002.0  16:42:00 42.37468 -72.50074   4     14     49  
1002.0  16:42:39 42.376232 -72.50135   4     16     51  
1002.0  16:42:49 42.37624 -72.50136   4     19     57  
1002.0  16:42:53 42.376244 -72.501366   3     14     51  
1003.0  16:43:00 42.37603 -72.50253   4     18     46  
1004.0  16:44:00 42.37578 -72.5082   5     12     41  
1004.0  16:44:41 42.375874 -72.51066   4     18     50  
1005.0  16:45:00 42.375927 -72.512886   5     14     52  
1005.0  16:45:38 42.375805 -72.51749   4     11     53  
1005.0  16:45:41 42.37587 -72.51655   5     13     58  
1005.0  16:45:51 42.37578 -72.51838   5     10     50  
1005.0  16:45:57 42.375774 -72.51896   3     10     57  
1006.0  16:46:00 42.375713 -72.51931   4     14     59  
1006.0  16:46:02 42.375713 -72.51931   3     15     40  
1006.0  16:46:05 42.375763 -72.51879   4     12     54  
1006.0  16:46:12 42.375706 -72.51963   4     13     56  
1006.0  16:46:17 42.375713 -72.519684   3     12     52  
1006.0  16:46:22 42.375782 -72.51987   5     18     46  
1006.0  16:46:27 42.375713 -72.51965   3     12     55  
1006.0  16:46:44 42.376865 -72.51981   3     19     44  
1006.0  16:46:49 42.377064 -72.519806   5     16     40  
1006.0  16:46:54 42.377247 -72.5198   4     12     51  
1006.0  16:46:59 42.37738 -72.51978   4     10     48  
1007.0  16:47:00 42.377064 -72.519806   3     13     49  
1007.0  16:47:00 42.377403 -72.51979   3     19     46  
1007.0  16:47:10 42.377403 -72.51978   5     15     50  
1007.0  16:47:15 42.377407 -72.51978   4     14     48  
1007.0  16:47:20 42.37741 -72.51979   4     15     54  
1007.0  16:47:25 42.377415 -72.5198   5     19     59  
1007.0  16:47:27 42.377407 -72.51979   3     19     58  
1007.0  16:47:35 42.37742 -72.519806   3     15     54  
1007.0  16:47:46 42.37742 -72.519806   5     17     45  
1007.0  16:47:51 42.37741 -72.5198   5     13     55  
1007.0  16:47:52 42.37742 -72.51981   3     10     43  
1008.0  16:48:00 42.377453 -72.519806   4     14     52  
1008.0  16:48:01 42.377453 -72.519806   4     11     50  
1008.0  16:48:07 42.37769 -72.51983   4     12     53  
1008.0  16:48:12 42.378056 -72.519844   3     12     55  
1008.0  16:48:14 42.37752 -72.51982   4     18     40  
1008.0  16:48:22 42.37882 -72.51983   5     15     46  
1009.0  16:49:00 42.38116 -72.51924   5     12     52  
1010.0  16:50:00 42.38208 -72.51987   3     18     42  
1010.0  16:50:00 42.382248 -72.520004   4     15     59  
1010.0  16:50:05 42.382607 -72.52025   4     10     59  
1010.0  16:50:10 42.383026 -72.520485   3     15     54  
1010.0  16:50:20 42.383442 -72.52071   4     17     56  
1011.0  16:51:00 42.386917 -72.52259   3     10     52  
1011.0  16:51:07 42.387253 -72.52296   4     18     58  
1011.0  16:51:07 42.3866 -72.52235   3     16     59  
1011.0  16:51:38 42.38769 -72.5235   3     17     47  
1012.0  16:52:00 42.387695 -72.52354   3     18     58  
1012.0  16:52:00 42.388374 -72.52425   3     11     41  
1013.0  16:53:00 42.39139 -72.52523   4     17     56  
1014.0  16:54:00 42.39381 -72.52612   5     17     40  
1015.0  16:55:00 42.39686 -72.52767   5     17     44  
1015.0  16:55:06 42.397243 -72.52784   5     17     47  
1015.0  16:55:11 42.397797 -72.52802   5     14     55  
1015.0  16:55:16 42.398277 -72.52805   5     14     53  
1015.0  16:55:21 42.39878 -72.528015   5     17     49  
1015.0  16:55:44 42.40162 -72.52811   4     14     42  
1015.0  16:55:49 42.40096 -72.52788   4     10     55  
1016.0  16:56:00 42.403698 -72.52935   3     18     41  
1016.0  16:56:20 42.403934 -72.529434   5     12     45  
1016.0  16:56:28 42.404037 -72.529564   4     18     53  
1016.0  16:56:33 42.40465 -72.52965   3     15     51  
1017.0  16:57:00 42.406345 -72.53038   5     19     41  
1017.0  16:57:25 42.40629 -72.531425   5     19     55  
1017.0  16:57:28 42.406387 -72.53119   5     15     41  
1017.0  16:57:43 42.40617 -72.53181   3     17     47  
1017.0  16:57:48 42.406063 -72.53224   3     10     51  
1017.0  16:57:51 42.406086 -72.53207   5     10     57  
1018.0  16:58:00 42.405823 -72.53243   3     17     45  
1018.0  16:58:01 42.405846 -72.53243   3     13     55  
1018.0  16:58:07 42.40579 -72.53241   4     12     56  
1018.0  16:58:12 42.405792 -72.53242   5     10     58  
1018.0  16:58:13 42.405804 -72.532425   4     14     56  
1018.0  16:58:22 42.40579 -72.532425   5     17     41  
1018.0  16:58:28 42.405796 -72.53242   3     11     59  
1018.0  16:58:36 42.405792 -72.532425   3     17     51  
1018.0  16:58:38 42.4058 -72.53242   4     14     54  
1018.0  16:58:44 42.405807 -72.53243   5     17     52  
1019.0  16:59:00 42.405807 -72.53244   4     18     53  
1020.0  17:00:00 42.4058 -72.53248   4     18     42  
1021.0  17:01:00 42.405853 -72.53251   5     12     55  
1021.0  17:01:22 42.405853 -72.53252   3     14     53  
1021.0  17:01:28 42.405846 -72.53252   3     12     45  
1021.0  17:01:36 42.40584 -72.53252   5     19     53  
1021.0  17:01:38 42.405846 -72.53252   3     14     49  
1021.0  17:01:50 42.4057 -72.53248   3     12     46  
1022.0  17:02:00 42.405315 -72.53241   5     18     41  
1022.0  17:02:15 42.404915 -72.53196   3     18     51  
1022.0  17:02:20 42.40491 -72.531784   3     12     56  
1022.0  17:02:35 42.40494 -72.53101   4     13     43  
1022.0  17:02:46 42.405 -72.53072   5     19     52  
1022.0  17:02:51 42.40505 -72.5304   5     14     55  
1023.0  17:03:00 42.405056 -72.529854   5     13     56  
1023.0  17:03:15 42.404953 -72.5297   3     16     41  
1023.0  17:03:20 42.40462 -72.5297   4     12     42  
1023.0  17:03:38 42.40327 -72.52918   4     19     50  
1023.0  17:03:43 42.40319 -72.52915   3     10     57  
1023.0  17:03:48 42.40317 -72.52912   4     16     53  
1023.0  17:03:54 42.40312 -72.52905   4     14     56  
1023.0  17:03:54 42.40319 -72.52915   3     11     40  
1024.0  17:04:00 42.402657 -72.52871   4     17     41  
1024.0  17:04:04 42.402485 -72.528595   3     11     46  
1024.0  17:04:09 42.402016 -72.52835   3     18     59  
1024.0  17:04:19 42.401386 -72.52808   3     12     46  
1024.0  17:04:22 42.401814 -72.52827   4     14     56  
1024.0  17:04:41 42.39822 -72.528114   5     17     57  
1025.0  17:05:00 42.395977 -72.527374   5     15     49  
1026.0  17:06:00 42.39345 -72.5261   5     10     41  
1027.0  17:07:00 42.391994 -72.52541   5     19     58  
1028.0  17:08:00 42.38938 -72.52483   3     17     55  
1028.0  17:08:11 42.38864 -72.5245   4     11     59  
1028.0  17:08:44 42.38779 -72.523895   4     16     48  
1028.0  17:08:47 42.38779 -72.523895   4     19     42  
1028.0  17:08:49 42.38779 -72.523895   3     14     57  
1028.0  17:08:55 42.38782 -72.5239   4     10     55  
1029.0  17:09:00 42.38783 -72.5239   5     14     59  
1029.0  17:09:03 42.387825 -72.5239   5     12     40  
1029.0  17:09:32 42.38651 -72.5224   4     17     50  
1029.0  17:09:38 42.386204 -72.52244   4     15     45  
1030.0  17:10:00 42.386143 -72.52247   5     15     55  
1030.0  17:10:09 42.386143 -72.52247   5     18     41  
1030.0  17:10:45 42.38386 -72.52104   5     14     47  
1030.0  17:10:50 42.383446 -72.52082   3     11     42  
1030.0  17:10:56 42.382988 -72.52057   4     13     51  
1031.0  17:11:00 42.382507 -72.520256   3     18     49  
1031.0  17:11:09 42.382587 -72.52032   3     11     42  
1031.0  17:11:09 42.382587 -72.52032   4     12     49  
1031.0  17:11:50 42.37958 -72.519646   4     19     51  
1031.0  17:11:56 42.379173 -72.519844   3     11     47  
1032.0  17:12:00 42.3787 -72.519966   3     14     56  
1032.0  17:12:01 42.37878 -72.51995   5     12     55  
1032.0  17:12:05 42.379307 -72.51978   3     14     53  
1032.0  17:12:16 42.378 -72.52001   4     14     46  
1032.0  17:12:21 42.377983 -72.520004   5     19     50  
1032.0  17:12:26 42.37792 -72.520004   5     10     51  
1032.0  17:12:30 42.378 -72.52001   3     13     43  
1033.0  17:13:00 42.377872 -72.52   5     19     42  
1033.0  17:13:02 42.377884 -72.520004   5     18     41  
1033.0  17:13:25 42.37787 -72.52001   5     15     58  
1033.0  17:13:43 42.376514 -72.51989   4     11     41  
1034.0  17:14:00 42.375984 -72.519905   4     18     54  
1034.0  17:14:06 42.37598 -72.519905   3     15     40  
1034.0  17:14:07 42.376114 -72.519875   5     19     54  
1034.0  17:14:11 42.375973 -72.51989   5     17     45  
1034.0  17:14:17 42.375977 -72.51988   3     16     52  
1034.0  17:14:22 42.37587 -72.5199   5     19     58  
1034.0  17:14:23 42.375973 -72.51988   3     15     53  
1034.0  17:14:32 42.375675 -72.519936   3     11     57  
1034.0  17:14:45 42.37557 -72.51972   5     11     46  
1034.0  17:14:45 42.375626 -72.51989   3     12     42  
1034.0  17:14:55 42.375595 -72.51919   3     11     52  
1035.0  17:15:00 42.375587 -72.51918   5     12     54  
1035.0  17:15:00 42.375584 -72.51918   4     13     52  
1035.0  17:15:05 42.37558 -72.51917   4     13     50  
1035.0  17:15:07 42.375595 -72.51919   3     10     54  
1035.0  17:15:15 42.375572 -72.51916   5     16     41  
1035.0  17:15:20 42.37559 -72.51908   4     19     56  
1035.0  17:15:25 42.37561 -72.51898   4     13     56  
1035.0  17:15:34 42.375607 -72.519005   5     15     50  
1035.0  17:15:36 42.375706 -72.51862   5     13     48  
1035.0  17:15:41 42.375748 -72.5179   4     11     42  
1035.0  17:15:46 42.37578 -72.51726   5     13     54  
1035.0  17:15:51 42.375805 -72.5167   5     13     51  
1035.0  17:15:56 42.375774 -72.517365   4     15     52  
1036.0  17:16:00 42.375862 -72.51542   3     18     54  
1036.0  17:16:59 42.375835 -72.513405   4     12     58  
1037.0  17:17:05 42.37586 -72.51341   3     19     46  
1037.0  17:17:10 42.375874 -72.51341   4     12     42  
1037.0  17:17:11 42.375835 -72.513405   3     12     43  
1037.0  17:17:20 42.375893 -72.513405   5     18     52  
1037.0  17:17:28 42.37589 -72.51339   5     11     55  
1037.0  17:17:32 42.375893 -72.5134   5     15     46  
1037.0  17:17:41 42.3759 -72.51341   3     17     41  
1037.0  17:17:50 42.375896 -72.513405   5     17     51  
1037.0  17:17:58 42.375896 -72.51341   5     19     51  
1038.0  17:18:07 42.375874 -72.51279   3     12     42  
1038.0  17:18:18 42.375847 -72.51142   5     14     56  
1038.0  17:18:26 42.375805 -72.510956   3     19     47  
1038.0  17:18:35 42.375755 -72.510475   4     10     43  
1038.0  17:18:44 42.375725 -72.50909   4     13     43  
1038.0  17:18:54 42.3757 -72.5079   5     16     46  
1039.0  17:19:08 42.37573 -72.50746   3     13     58  
1039.0  17:19:19 42.375675 -72.50729   3     19     59  
1039.0  17:19:28 42.375652 -72.50643   3     19     48  
1039.0  17:19:37 42.375618 -72.50502   3     19     50  
1040.0  17:20:09 42.37611 -72.50151   3     10     48  
1040.0  17:20:14 42.376102 -72.50152   3     11     54  
1040.0  17:20:19 42.376083 -72.501526   3     14     54  
1040.0  17:20:23 42.37611 -72.50152   5     13     55  
1041.0  17:21:19 42.37622 -72.50087   5     16     42  
1041.0  17:21:29 42.375046 -72.50077   3     10     49  
1041.0  17:21:34 42.37455 -72.50087   4     17     48  
1041.0  17:21:52 42.373108 -72.50121   3     11     59  
1041.0  17:21:59 42.373096 -72.50122   4     16     58  
1042.0  17:22:04 42.373108 -72.50121   4     14     54  
1042.0  17:22:09 42.37311 -72.50121   3     12     49  
1042.0  17:22:12 42.3731 -72.50122   3     13     56  
1042.0  17:22:20 42.373108 -72.50122   3     11     59  
1042.0  17:22:25 42.373123 -72.50121   5     16     42  
1042.0  17:22:31 42.373123 -72.50122   3     19     44  
1042.0  17:22:36 42.373123 -72.50121   4     14     48  
1042.0  17:22:36 42.37312 -72.50122   5     18     50  
1043.0  17:23:03 42.372807 -72.50129   4     10     56  
1044.0  17:24:30 42.36928 -72.49922   3     13     57  
1044.0  17:24:36 42.369648 -72.49909   4     10     43  
1044.0  17:24:41 42.37 -72.49909   3     19     50  
1044.0  17:24:49 42.370197 -72.499084   3     10     58  
1044.0  17:24:49 42.369648 -72.49909   4     11     53  
1044.0  17:24:59 42.37027 -72.49907   5     18     51  
1045.0  17:25:16 42.37099 -72.49889   3     16     50  
1045.0  17:25:22 42.371155 -72.498634   3     15     52  
1045.0  17:25:27 42.37119 -72.49854   3     12     40  
1045.0  17:25:27 42.37099 -72.49889   5     17     50  
1045.0  17:25:53 42.369244 -72.4962   3     11     57  
1048.0  17:28:06 42.36127 -72.48739   4     19     50  
1052.0  17:32:26 42.353424 -72.47525   4     13     43  
1061.0  17:41:46 42.3178 -72.42643   4     13     46  
1061.0  17:41:49 42.319176 -72.42675   4     18     57  
1063.0  17:43:57 42.303543 -72.420204   3     15     48  
1065.0  17:45:44 42.291508 -72.40958   5     16     50  
1065.0  17:45:50 42.292065 -72.41006   5     18     55  
1066.0  17:46:06 42.291058 -72.409   5     13     58  
1066.0  17:46:12 42.290695 -72.4086   4     14     41  
1067.0  17:47:07 42.28733 -72.40675   3     16     43  
1067.0  17:47:23 42.285133 -72.40678   4     16     48  
1067.0  17:47:28 42.284405 -72.40647   4     12     40  
1068.0  17:48:07 42.28 -72.40352   4     12     44  
1068.0  17:48:09 42.280655 -72.40397   3     17     52  
1068.0  17:48:17 42.279926 -72.40287   4     13     47  
1068.0  17:48:22 42.27986 -72.402565   5     19     44  
1068.0  17:48:28 42.27954 -72.40231   4     17     52  
1071.0  17:51:12 42.279633 -72.40311   4     11     44  
1071.0  17:51:17 42.2801 -72.403465   5     17     49  
1071.0  17:51:22 42.2806 -72.40381   3     19     48  
1072.0  17:52:15 42.287296 -72.40675   4     18     59  
1072.0  17:52:20 42.28793 -72.40673   3     17     57  
1073.0  17:53:09 42.29067 -72.40842   4     10     49  
1073.0  17:53:42 42.29413 -72.41169   5     10     41  
1073.0  17:53:56 42.294537 -72.41217   3     11     53  
1074.0  17:54:40 42.30088 -72.417854   5     16     56  
1074.0  17:54:57 42.303177 -72.41964   5     12     44  
1076.0  17:56:24 42.31663 -72.42612   5     15     49  
1076.0  17:56:29 42.317432 -72.42631   3     13     58  
1076.0  17:56:37 42.31679 -72.426155   4     15     55  
1079.0  17:59:20 42.330692 -72.45205   5     10     56  
1079.0  17:59:31 42.331608 -72.45409   4     12     42  
1079.0  17:59:40 42.33246 -72.455345   5     15     52  
1080.0  18:00:05 42.333538 -72.4562   4     19     40  
1085.0  18:05:14 42.351025 -72.4706   5     15     42  
1085.0  18:05:15 42.349796 -72.469055   5     13     47  
1088.0  18:08:45 42.360798 -72.48698   4     11     57  
1088.0  18:08:50 42.361423 -72.48751   4     12     58  
1090.0  18:10:32 42.36754 -72.49401   3     10     41  
1090.0  18:10:47 42.36916 -72.49609   3     14     44  
1091.0  18:11:01 42.370586 -72.49777   3     17     55  
1091.0  18:11:06 42.370945 -72.498146   4     13     54  
1091.0  18:11:11 42.371128 -72.49835   4     12     52  
1091.0  18:11:17 42.37113 -72.49837   4     17     44  
1091.0  18:11:19 42.371002 -72.498215   3     15     52  
1091.0  18:11:27 42.371094 -72.49873   5     12     49  
1091.0  18:11:32 42.370865 -72.49901   5     15     45  
1091.0  18:11:37 42.37048 -72.49912   4     15     47  
1091.0  18:11:42 42.37097 -72.49891   5     14     48  
1091.0  18:11:43 42.37048 -72.49912   4     16     55  
1091.0  18:11:53 42.370213 -72.499146   5     19     40  
1091.0  18:11:58 42.3702 -72.49915   5     17     44  
1092.0  18:12:03 42.37015 -72.49915   3     16     52  
1092.0  18:12:05 42.370213 -72.499146   5     15     41  
1092.0  18:12:13 42.369495 -72.49915   3     15     45  
1092.0  18:12:19 42.369255 -72.499275   5     18     56  
1092.0  18:12:27 42.369377 -72.49917   4     11     48  
1092.0  18:12:39 42.369247 -72.50049   4     10     49  
1092.0  18:12:44 42.369267 -72.50063   3     15     46  
1093.0  18:13:34 42.370773 -72.50171   3     12     42  
1093.0  18:13:39 42.37143 -72.50154   4     14     49  
1093.0  18:13:50 42.37194 -72.50141   4     19     41  
1093.0  18:13:58 42.372612 -72.50125   4     13     51  
1094.0  18:14:04 42.372658 -72.50123   3     15     59  
1094.0  18:14:09 42.37266 -72.50123   5     12     40  
1094.0  18:14:12 42.372658 -72.501236   5     19     52  
1094.0  18:14:19 42.372665 -72.50122   3     14     49  
1094.0  18:14:24 42.37267 -72.50121   3     10     42  
1094.0  18:14:29 42.37267 -72.50121   4     14     47  
1094.0  18:14:38 42.37267 -72.501205   4     13     58  
1094.0  18:14:43 42.372665 -72.50121   4     12     49  
1094.0  18:14:48 42.37265 -72.50121   4     19     57  
1094.0  18:14:51 42.37267 -72.501205   3     10     57  
1095.0  18:15:13 42.37399 -72.50092   3     12     51  
1095.0  18:15:18 42.374435 -72.50086   4     16     45  
1095.0  18:15:23 42.3739 -72.50094   5     12     56  
1095.0  18:15:24 42.37488 -72.50078   5     11     45  
1096.0  18:16:35 42.376278 -72.50155   5     17     50  
1096.0  18:16:40 42.376167 -72.50207   3     19     43  
1097.0  18:17:03 42.37573 -72.505684   5     16     43  
1097.0  18:17:48 42.375816 -72.50963   5     12     49  
1097.0  18:17:50 42.37578 -72.50828   4     15     44  
1097.0  18:17:59 42.375866 -72.51064   4     13     55  
1098.0  18:18:04 42.375835 -72.51067   5     12     50  
1099.0  18:19:10 42.375835 -72.51574   3     17     57  
1099.0  18:19:15 42.375813 -72.51629   5     13     58  
1099.0  18:19:20 42.37582 -72.51659   4     13     42  
1099.0  18:19:25 42.375816 -72.51668   3     18     49  
1099.0  18:19:27 42.37581 -72.516365   5     16     56  
1099.0  18:19:36 42.37581 -72.516685   4     17     59  
1099.0  18:19:41 42.375805 -72.51669   5     17     54  
1099.0  18:19:46 42.3758 -72.51671   5     11     59  
1099.0  18:19:49 42.375813 -72.516685   5     10     53  
1100.0  18:20:54 42.375763 -72.51808   5     13     46  
1100.0  18:20:59 42.375763 -72.51808   4     10     49  
1101.0  18:21:04 42.375763 -72.51808   5     14     50  
1101.0  18:21:14 42.375763 -72.51808   3     17     47  
1101.0  18:21:14 42.375763 -72.51808   5     13     53  
1101.0  18:21:37 42.375763 -72.51808   5     13     48  
1101.0  18:21:39 42.375763 -72.51808   3     11     53  
1102.0  18:22:00 42.375763 -72.51808   4     11     58  
1102.0  18:22:05 42.375763 -72.51808   5     16     44  
1102.0  18:22:25 42.375763 -72.51808   3     16     51  
1102.0  18:22:27 42.375763 -72.51808   5     17     52  
1102.0  18:22:50 42.375763 -72.51808   3     12     58  
1102.0  18:22:50 42.375763 -72.51808   3     12     56  
1103.0  18:23:00 42.375763 -72.51808   4     17     45  
1103.0  18:23:05 42.375763 -72.51808   3     14     40  
1103.0  18:23:10 42.375763 -72.51808   5     11     54  
1103.0  18:23:12 42.375763 -72.51808   5     13     54  
1103.0  18:23:20 42.375763 -72.51808   4     19     43  
1103.0  18:23:25 42.375763 -72.51808   4     16     46  
1103.0  18:23:30 42.375763 -72.51808   3     15     57  
1103.0  18:23:34 42.375763 -72.51808   5     18     56  
1103.0  18:23:59 42.375763 -72.51808   5     14     43  
1104.0  18:24:26 42.375763 -72.51808   3     12     50  
1104.0  18:24:31 42.375763 -72.51808   3     10     43  
1104.0  18:24:36 42.375763 -72.51808   4     18     54  
1104.0  18:24:42 42.375763 -72.51808   3     19     42  
1104.0  18:24:43 42.375763 -72.51808   3     19     50  
1105.0  18:25:24 42.375763 -72.51808   3     13     57  
1105.0  18:25:29 42.375763 -72.51808   4     12     49  
1105.0  18:25:36 42.375763 -72.51808   5     12     46  
1105.0  18:25:38 42.375763 -72.51808   5     12     49  
1106.0  18:26:02 42.375763 -72.51808   3     12     50  
1106.0  18:26:05 42.375763 -72.51808   3     12     42  
1106.0  18:26:13 42.375763 -72.51808   4     13     52  
1106.0  18:26:18 42.375763 -72.51808   5     13     57  
1106.0  18:26:21 42.375763 -72.51808   4     13     51  
1110.0  18:30:30 42.375763 -72.51808   4     16     50  
1110.0  18:30:38 42.375763 -72.51808   4     14     50  
1110.0  18:30:39 42.375763 -72.51808   4     18     43  
1110.0  18:30:49 42.375763 -72.51808   5     11     46  
1110.0  18:30:54 42.375763 -72.51808   3     15     42  
1110.0  18:30:54 42.375763 -72.51808   5     18     51  
1111.0  18:31:31 42.375763 -72.51808   3     15     41  
1111.0  18:31:36 42.375763 -72.51808   5     11     56  
1111.0  18:31:46 42.375763 -72.51808   5     17     55  
1112.0  18:32:02 42.375763 -72.51808   3     12     57  
1112.0  18:32:07 42.375763 -72.51808   4     18     53  
1112.0  18:32:12 42.375763 -72.51808   5     10     55  
1112.0  18:32:17 42.375763 -72.51808   4     14     56  
1112.0  18:32:25 42.375763 -72.51808   4     12     40  
1112.0  18:32:28 42.375763 -72.51808   5     16     48  
1113.0  18:33:11 42.375763 -72.51808   3     11     40  
1113.0  18:33:17 42.375763 -72.51808   4     14     47  
1113.0  18:33:22 42.375763 -72.51808   5     13     40  
1113.0  18:33:27 42.375763 -72.51808   3     17     45  
1113.0  18:33:31 42.375763 -72.51808   3     19     40  
1113.0  18:33:42 42.375763 -72.51808   5     19     49  
1113.0  18:33:47 42.375763 -72.51808   5     12     56  
1113.0  18:33:53 42.375763 -72.51808   3     17     50  
1113.0  18:33:57 42.375763 -72.51808   3     14     50  
1114.0  18:34:40 42.375763 -72.51808   4     18     51  
1114.0  18:34:45 42.375763 -72.51808   4     10     48  
1114.0  18:34:56 42.375763 -72.51808   5     10     59  
1115.0  18:35:03 42.375763 -72.51808   4     10     42  
1115.0  18:35:32 42.375763 -72.51808   4     10     50  
1115.0  18:35:35 42.375763 -72.51808   3     18     42  
1115.0  18:35:47 42.375763 -72.51808   3     14     43  
1115.0  18:35:52 42.375763 -72.51808   4     19     51  
1115.0  18:35:57 42.375763 -72.51808   5     18     56  
1116.0  18:36:02 42.375763 -72.51808   5     11     57  
1116.0  18:36:02 42.375763 -72.51808   5     16     41  
1116.0  18:36:42 42.375763 -72.51808   4     14     42  
1116.0  18:36:55 42.375763 -72.51808   5     13     44  
1117.0  18:37:00 42.375763 -72.51808   4     16     41  
1117.0  18:37:13 42.375763 -72.51808   5     15     40  
1117.0  18:37:31 42.375763 -72.51808   4     14     59  
1117.0  18:37:31 42.375763 -72.51808   5     15     48  
1118.0  18:38:55 42.375763 -72.51808   5     12     50  
1119.0  18:39:02 42.375763 -72.51808   5     17     52  
1121.0  18:41:34 42.375763 -72.51808   5     14     49  
1121.0  18:41:39 42.375763 -72.51808   3     14     56  
1121.0  18:41:40 42.375763 -72.51808   3     15     59  
1122.0  18:42:20 42.375763 -72.51808   5     12     49  
1124.0  18:44:31 42.375763 -72.51808   3     17     40  
1124.0  18:44:43 42.375763 -72.51808   5     11     42  
1124.0  18:44:46 42.375763 -72.51808   5     11     53  
1125.0  18:45:18 42.375763 -72.51808   3     18     55  
1126.0  18:46:17 42.375763 -72.51808   3     19     56  
1126.0  18:46:20 42.375763 -72.51808   4     12     56  
1126.0  18:46:27 42.375763 -72.51808   4     17     45  
1126.0  18:46:32 42.375763 -72.51808   3     19     51  
1126.0  18:46:37 42.375763 -72.51808   3     10     53  
1126.0  18:46:42 42.375763 -72.51808   3     12     44  
1126.0  18:46:42 42.375763 -72.51808   4     11     44  
1126.0  18:46:58 42.375763 -72.51808   5     12     57  
1127.0  18:47:30 42.375763 -72.51808   4     17     44  
1127.0  18:47:39 42.375763 -72.51808   3     11     51  
1127.0  18:47:40 42.375763 -72.51808   4     18     59  
1128.0  18:48:08 42.375763 -72.51808   5     19     43  
1128.0  18:48:30 42.375763 -72.51808   3     18     59  
1128.0  18:48:49 42.375763 -72.51808   3     11     49  
1128.0  18:48:52 42.375763 -72.51808   4     11     41  
1128.0  18:48:59 42.375763 -72.51808   4     15     45  
1129.0  18:49:04 42.375763 -72.51808   3     18     55  
1129.0  18:49:09 42.375763 -72.51808   4     16     45  
1129.0  18:49:14 42.375763 -72.51808   5     16     56  
1129.0  18:49:19 42.375763 -72.51808   5     14     43  
1129.0  18:49:24 42.375763 -72.51808   4     13     42  
1129.0  18:49:46 42.375763 -72.51808   5     11     46  
1130.0  18:50:01 42.375763 -72.51808   4     15     58  
1130.0  18:50:07 42.375763 -72.51808   4     15     55  
1130.0  18:50:08 42.375763 -72.51808   5     13     43  
1130.0  18:50:17 42.375763 -72.51808   3     12     52  
1130.0  18:50:59 42.375763 -72.51808   4     14     50  
1131.0  18:51:04 42.375763 -72.51808   5     10     41  
1131.0  18:51:09 42.375763 -72.51808   4     19     42  
1131.0  18:51:12 42.375763 -72.51808   3     18     52  
1131.0  18:51:19 42.375763 -72.51808   5     10     59  
1131.0  18:51:25 42.375763 -72.51808   4     19     52  
1131.0  18:51:26 42.375763 -72.51808   5     10     49  
1131.0  18:51:35 42.375763 -72.51808   5     13     43  
1131.0  18:51:43 42.375763 -72.51808   4     14     58  
1131.0  18:51:52 42.375763 -72.51808   5     18     54  
1132.0  18:52:01 42.375763 -72.51808   4     13     57  
1132.0  18:52:10 42.375763 -72.51808   4     10     42  
1132.0  18:52:23 42.375763 -72.51808   3     16     50  
1132.0  18:52:32 42.375763 -72.51808   3     12     59  
1132.0  18:52:41 42.375763 -72.51808   3     18     40  
1132.0  18:52:50 42.375763 -72.51808   3     11     40  
1132.0  18:52:58 42.375763 -72.51808   3     18     56  
1133.0  18:53:07 42.375763 -72.51808   3     18     41  
1133.0  18:53:40 42.375763 -72.51808   5     15     40  
1133.0  18:53:45 42.375763 -72.51808   5     11     55  
1133.0  18:53:50 42.375763 -72.51808   4     16     56  
1133.0  18:53:55 42.375763 -72.51808   5     19     46  
1133.0  18:53:56 42.375763 -72.51808   4     17     46  
1134.0  18:54:41 42.375763 -72.51808   3     11     46  
1134.0  18:54:46 42.375763 -72.51808   5     16     48  
1134.0  18:54:51 42.375763 -72.51808   5     11     56  
1134.0  18:54:56 42.375763 -72.51808   5     14     58  
1135.0  18:55:16 42.375763 -72.51808   5     19     45  
1135.0  18:55:24 42.375763 -72.51808   4     13     53  
1135.0  18:55:31 42.375763 -72.51808   3     10     59  
1135.0  18:55:34 42.375763 -72.51808   3     18     54  
1135.0  18:55:39 42.375763 -72.51808   5     14     48  
1135.0  18:55:44 42.375763 -72.51808   5     16     58  
1135.0  18:55:49 42.375763 -72.51808   3     11     56  
1135.0  18:55:57 42.375763 -72.51808   3     16     44  
1135.0  18:55:57 42.375763 -72.51808   5     11     42  
1136.0  18:56:12 42.375763 -72.51808   5     10     54  
1136.0  18:56:17 42.375763 -72.51808   5     12     57  
1136.0  18:56:23 42.375763 -72.51808   3     13     56  
1136.0  18:56:24 42.375763 -72.51808   5     18     51  
1136.0  18:56:33 42.375763 -72.51808   5     16     40  
1136.0  18:56:38 42.375763 -72.51808   3     10     48  
1138.0  18:58:02 42.375763 -72.51808   3     17     43  
1138.0  18:58:05 42.375763 -72.51808   4     11     44  
1138.0  18:58:16 42.375763 -72.51808   5     19     52  
1138.0  18:58:21 42.375763 -72.51808   4     10     47  
1138.0  18:58:26 42.375763 -72.51808   4     16     51  
1138.0  18:58:27 42.375763 -72.51808   4     16     56  
1138.0  18:58:37 42.375763 -72.51808   4     17     47  
1138.0  18:58:59 42.375763 -72.51808   3     15     40  
1139.0  18:59:04 42.375763 -72.51808   5     13     45  
1139.0  18:59:09 42.375763 -72.51808   4     17     58  
1139.0  18:59:14 42.375763 -72.51808   4     15     53  
1139.0  18:59:15 42.375763 -72.51808   4     14     50  
1139.0  18:59:32 42.375763 -72.51808   5     17     47  
1139.0  18:59:42 42.375763 -72.51808   5     12     52  
1139.0  18:59:51 42.375763 -72.51808   3     17     55  
1141.0  19:01:17 42.375763 -72.51808   3     15     49  
1144.0  19:04:53 42.375763 -72.51808   3     17     57  
1144.0  19:04:54 42.375763 -72.51808   4     12     42  
1147.0  19:07:28 42.375763 -72.51808   3     14     49  
1147.0  19:07:31 42.375763 -72.51808   5     15     51  
1148.0  19:08:23 42.375763 -72.51808   5     12     49  
1148.0  19:08:31 42.375763 -72.51808   3     18     41  
1148.0  19:08:36 42.375763 -72.51808   4     19     55  
1148.0  19:08:38 42.375763 -72.51808   5     15     47  
1148.0  19:08:47 42.375763 -72.51808   4     14     56  
1148.0  19:08:58 42.375763 -72.51808   3     17     53  
1149.0  19:09:03 42.375763 -72.51808   5     16     57  
1149.0  19:09:08 42.375763 -72.51808   4     16     45  
1149.0  19:09:13 42.375763 -72.51808   5     16     47  
1149.0  19:09:15 42.375763 -72.51808   4     16     40  
1149.0  19:09:23 42.375763 -72.51808   4     14     53  
1149.0  19:09:28 42.375763 -72.51808   5     16     42  
1149.0  19:09:34 42.375763 -72.51808   5     18     57  
1149.0  19:09:39 42.375763 -72.51808   5     19     42  
1149.0  19:09:40 42.375763 -72.51808   5     18     57  
1149.0  19:09:58 42.375763 -72.51808   3     14     48  
1150.0  19:10:03 42.375763 -72.51808   3     19     46  
1150.0  19:10:08 42.375763 -72.51808   5     10     51  
1150.0  19:10:14 42.375763 -72.51808   3     11     47  
1150.0  19:10:17 42.375763 -72.51808   5     10     58  
1150.0  19:10:43 42.375763 -72.51808   4     15     52  
1151.0  19:11:39 42.375763 -72.51808   3     19     52  
1151.0  19:11:44 42.375763 -72.51808   3     15     50  
1151.0  19:11:55 42.375763 -72.51808   4     10     40  
1151.0  19:11:57 42.375763 -72.51808   3     12     55  
1152.0  19:12:05 42.375763 -72.51808   4     16     46  
1152.0  19:12:10 42.375763 -72.51808   5     14     40  
1152.0  19:12:15 42.375763 -72.51808   3     15     42  
1152.0  19:12:19 42.375763 -72.51808   4     15     59  
1152.0  19:12:30 42.375763 -72.51808   4     11     58  
1153.0  19:13:39 42.375763 -72.51808   3     13     49  
1154.0  19:14:49 42.375763 -72.51808   5     18     45  
1156.0  19:16:07 42.375763 -72.51808   5     10     43  
1156.0  19:16:12 42.375763 -72.51808   3     14     41  
1156.0  19:16:17 42.375763 -72.51808   4     14     42  
1156.0  19:16:27 42.375763 -72.51808   5     10     49  
1156.0  19:16:35 42.375763 -72.51808   3     12     58  
1156.0  19:16:40 42.375763 -72.51808   5     10     43  
1156.0  19:16:45 42.375763 -72.51808   5     11     42  
1156.0  19:16:50 42.375763 -72.51808   4     16     42  
1157.0  19:17:22 42.375763 -72.51808   4     19     44  
1157.0  19:17:23 42.375763 -72.51808   5     14     43  
1157.0  19:17:33 42.375763 -72.51808   3     11     47  
1157.0  19:17:38 42.375763 -72.51808   4     10     53  
1157.0  19:17:43 42.375763 -72.51808   5     16     59  
1157.0  19:17:45 42.375763 -72.51808   4     18     46  
1157.0  19:17:53 42.375763 -72.51808   3     11     45  
1157.0  19:17:58 42.375763 -72.51808   5     16     46  
1158.0  19:18:03 42.375763 -72.51808   5     10     45  
1158.0  19:18:10 42.375763 -72.51808   4     16     52  
1158.0  19:18:37 42.375763 -72.51808   3     19     46  
1158.0  19:18:59 42.375763 -72.51808   3     18     58  
1159.0  19:19:09 42.375763 -72.51808   4     18     45  
1159.0  19:19:14 42.375763 -72.51808   4     18     57  
1159.0  19:19:20 42.375763 -72.51808   3     17     55  
1159.0  19:19:21 42.375763 -72.51808   4     11     53  
1159.0  19:19:30 42.375763 -72.51808   3     12     42  
1159.0  19:19:35 42.375763 -72.51808   4     12     46  
1160.0  19:20:00 42.375763 -72.51808   3     15     58  
1160.0  19:20:05 42.375763 -72.51808   5     12     50  
1160.0  19:20:10 42.375763 -72.51808   3     17     59  
1160.0  19:20:13 42.375763 -72.51808   5     16     40  
1160.0  19:20:15 42.375763 -72.51808   4     15     48  
1160.0  19:20:18 42.375763 -72.51808   5     12     42  
1160.0  19:20:30 42.375763 -72.51808   4     10     50  
1161.0  19:21:20 42.375763 -72.51808   5     19     53  
1161.0  19:21:25 42.375763 -72.51808   3     17     53  
1161.0  19:21:30 42.375763 -72.51808   5     15     54  
1162.0  19:22:25 42.375763 -72.51808   3     16     46  
1162.0  19:22:31 42.375763 -72.51808   4     10     51  
1162.0  19:22:55 42.375763 -72.51808   4     19     51  
1163.0  19:23:00 42.375763 -72.51808   5     15     50  
1163.0  19:23:00 42.375763 -72.51808   4     17     43  
1163.0  19:23:10 42.375763 -72.51808   3     16     56  
1163.0  19:23:18 42.375763 -72.51808   5     15     41  
1163.0  19:23:24 42.375763 -72.51808   4     14     55  
1163.0  19:23:26 42.375763 -72.51808   5     19     56  
1163.0  19:23:34 42.375763 -72.51808   5     19     44  
1164.0  19:24:18 42.375763 -72.51808   3     10     45  
1164.0  19:24:24 42.375763 -72.51808   3     10     51  
1164.0  19:24:28 42.375763 -72.51808   3     13     52  
1167.0  19:27:30 42.375763 -72.51808   4     12     43  
1167.0  19:27:35 42.375763 -72.51808   5     18     46  
1167.0  19:27:40 42.375763 -72.51808   3     10     42  
1168.0  19:28:15 42.375763 -72.51808   4     11     52  
1168.0  19:28:24 42.375763 -72.51808   5     17     50  
1168.0  19:28:36 42.375763 -72.51808   3     11     58  
1168.0  19:28:41 42.375763 -72.51808   3     14     59  
1168.0  19:28:53 42.375763 -72.51808   5     12     45  
1169.0  19:29:03 42.375763 -72.51808   3     16     55  
1169.0  19:29:13 42.375763 -72.51808   4     16     40  
1169.0  19:29:38 42.375763 -72.51808   4     11     49  
1169.0  19:29:43 42.375763 -72.51808   4     10     54  
1169.0  19:29:59 42.375763 -72.51808   3     10     55  
1170.0  19:30:04 42.375763 -72.51808   3     10     51  
1170.0  19:30:09 42.375763 -72.51808   4     13     48  
1170.0  19:30:17 42.375763 -72.51808   4     12     58  
1171.0  19:31:09 42.375763 -72.51808   3     18     42  
1171.0  19:31:19 42.375763 -72.51808   4     17     52  
1171.0  19:31:25 42.375763 -72.51808   5     14     59  
1171.0  19:31:30 42.375763 -72.51808   3     19     50  
1171.0  19:31:31 42.375763 -72.51808   4     16     50  
1171.0  19:31:40 42.375763 -72.51808   5     13     49  
1171.0  19:31:45 42.375763 -72.51808   5     19     51  
1171.0  19:31:50 42.375763 -72.51808   5     17     58  
1171.0  19:31:53 42.375763 -72.51808   5     11     43  
1172.0  19:32:20 42.375763 -72.51808   5     17     42  
1172.0  19:32:46 42.375763 -72.51808   3     17     53  
1173.0  19:33:18 42.375763 -72.51808   4     16     52  
1173.0  19:33:34 42.375763 -72.51808   5     14     57  
1173.0  19:33:39 42.375763 -72.51808   3     14     58  
1174.0  19:34:18 42.375763 -72.51808   3     14     40  
1179.0  19:39:30 42.375763 -72.51808   4     13     44  
1180.0  19:40:19 42.375763 -72.51808   4     19     56  
1180.0  19:40:57 42.375763 -72.51808   5     19     45  
1181.0  19:41:02 42.375763 -72.51808   3     11     51  
1181.0  19:41:10 42.375763 -72.51808   3     11     50  
1181.0  19:41:35 42.375763 -72.51808   4     19     55  
1181.0  19:41:42 42.375763 -72.51808   3     18     46  
1182.0  19:42:36 42.375763 -72.51808   3     19     56  
1182.0  19:42:42 42.375763 -72.51808   3     12     51  
1182.0  19:42:47 42.375763 -72.51808   4     12     41  
1182.0  19:42:49 42.375763 -72.51808   4     18     48  
1182.0  19:42:57 42.375763 -72.51808   5     14     42  
1183.0  19:43:02 42.375763 -72.51808   5     19     56  
1183.0  19:43:08 42.375763 -72.51808   5     11     56  
1183.0  19:43:12 42.375763 -72.51808   3     11     49  
1183.0  19:43:51 42.375763 -72.51808   3     13     57  
1185.0  19:45:47 42.375763 -72.51808   4     10     42  
1185.0  19:45:52 42.375763 -72.51808   4     18     45  
1185.0  19:45:57 42.375763 -72.51808   4     12     55  
1186.0  19:46:01 42.375763 -72.51808   4     14     53  
1186.0  19:46:24 42.375763 -72.51808   4     18     50  
1186.0  19:46:42 42.375763 -72.51808   5     19     45  
1186.0  19:46:47 42.375763 -72.51808   4     10     48  
1186.0  19:46:53 42.375763 -72.51808   5     10     55  
1186.0  19:46:56 42.375763 -72.51808   4     15     47  
1187.0  19:47:03 42.375763 -72.51808   3     11     52  
1188.0  19:48:16 42.375763 -72.51808   5     15     51  
1188.0  19:48:21 42.375763 -72.51808   5     16     57  
1188.0  19:48:26 42.375763 -72.51808   5     11     59  
1188.0  19:48:31 42.375763 -72.51808   5     18     54  
1188.0  19:48:56 42.375763 -72.51808   3     12     45  
1189.0  19:49:07 42.375763 -72.51808   5     15     48  
1189.0  19:49:12 42.375763 -72.51808   4     12     47  
1189.0  19:49:13 42.375763 -72.51808   3     14     42  
1189.0  19:49:22 42.375763 -72.51808   5     15     40  
1189.0  19:49:39 42.375763 -72.51808   5     16     59  
1189.0  19:49:50 42.375763 -72.51808   3     19     53  
1191.0  19:51:05 42.375763 -72.51808   4     13     54  
1191.0  19:51:10 42.375763 -72.51808   3     14     49  
1191.0  19:51:10 42.375763 -72.51808   4     10     56  
1191.0  19:51:20 42.375763 -72.51808   4     17     49  
1191.0  19:51:28 42.375763 -72.51808   4     12     58  
1191.0  19:51:32 42.375763 -72.51808   4     18     46  
1191.0  19:51:46 42.375763 -72.51808   3     18     52  
1191.0  19:51:52 42.375763 -72.51808   4     18     43  
1191.0  19:51:57 42.375763 -72.51808   4     11     43  
1192.0  19:52:02 42.375763 -72.51808   3     14     56  
1192.0  19:52:04 42.375763 -72.51808   3     10     58  
1192.0  19:52:30 42.375763 -72.51808   3     12     53  
1192.0  19:52:35 42.375763 -72.51808   4     18     49  
1192.0  19:52:48 42.375763 -72.51808   4     11     49  
1193.0  19:53:44 42.375763 -72.51808   4     10     52  
1193.0  19:53:49 42.375763 -72.51808   3     11     47  
1193.0  19:53:49 42.375763 -72.51808   4     12     55  
1203.0  20:03:08 42.375763 -72.51808   5     19     45  
1203.0  20:03:27 42.375763 -72.51808   3     19     41  
1203.0  20:03:38 42.375763 -72.51808   4     10     43  
1203.0  20:03:43 42.375763 -72.51808   4     10     46  
1203.0  20:03:49 42.375763 -72.51808   3     15     41  
1203.0  20:03:54 42.375763 -72.51808   4     18     52  
1203.0  20:03:55 42.375763 -72.51808   5     17     44  
1204.0  20:04:08 42.375763 -72.51808   5     12     45  
1204.0  20:04:21 42.375763 -72.51808   3     11     48  
1204.0  20:04:26 42.375763 -72.51808   5     16     56  
1204.0  20:04:31 42.375763 -72.51808   4     15     59  
1204.0  20:04:36 42.375763 -72.51808   3     17     56  
1204.0  20:04:41 42.375763 -72.51808   4     11     40  
1204.0  20:04:43 42.375763 -72.51808   5     18     47  
1205.0  20:05:45 42.375763 -72.51808   4     14     59  
1205.0  20:05:50 42.375763 -72.51808   4     10     48  
1206.0  20:06:23 42.375763 -72.51808   4     12     47  
1206.0  20:06:28 42.375763 -72.51808   3     12     42  
1207.0  20:07:00 42.375763 -72.51808   5     16     59  
1207.0  20:07:05 42.375763 -72.51808   3     13     48  
1207.0  20:07:13 42.375763 -72.51808   4     17     59  
1207.0  20:07:16 42.375763 -72.51808   5     17     42  
1208.0  20:08:50 42.375763 -72.51808   3     17     44  
1209.0  20:09:17 42.375763 -72.51808   3     12     42  
1209.0  20:09:18 42.375763 -72.51808   4     16     46  
1209.0  20:09:27 42.375763 -72.51808   3     18     43  
1209.0  20:09:32 42.375763 -72.51808   3     19     47  
1209.0  20:09:37 42.375763 -72.51808   4     16     41  
1209.0  20:09:41 42.375763 -72.51808   3     16     44  
1210.0  20:10:10 42.375763 -72.51808   4     18     50  
1210.0  20:10:15 42.375763 -72.51808   5     12     50  
1210.0  20:10:16 42.375763 -72.51808   4     19     49  
1210.0  20:10:28 42.375763 -72.51808   5     12     55  
1210.0  20:10:33 42.375763 -72.51808   5     15     55  
1210.0  20:10:38 42.375763 -72.51808   4     14     51  
1211.0  20:11:00 42.375763 -72.51808   5     17     58  
1211.0  20:11:22 42.375763 -72.51808   5     19     43  
1211.0  20:11:40 42.375763 -72.51808   5     14     48  
1211.0  20:11:50 42.375763 -72.51808   4     19     48  
1212.0  20:12:09 42.375763 -72.51808   4     12     47  
1212.0  20:12:11 42.375763 -72.51808   4     11     41  
1213.0  20:13:19 42.375763 -72.51808   4     14     51  
1213.0  20:13:30 42.375763 -72.51808   5     18     52  
1213.0  20:13:33 42.375763 -72.51808   5     15     53  
1213.0  20:13:40 42.375763 -72.51808   4     10     51  
1213.0  20:13:45 42.375763 -72.51808   5     18     57  
1213.0  20:13:50 42.375763 -72.51808   3     17     43  
1213.0  20:13:55 42.375763 -72.51808   3     18     42  
1213.0  20:13:55 42.375763 -72.51808   3     16     53  
1214.0  20:14:43 42.375763 -72.51808   5     15     58  
1214.0  20:14:44 42.375763 -72.51808   5     17     51  
1215.0  20:15:16 42.375763 -72.51808   3     14     43  
1215.0  20:15:38 42.375763 -72.51808   5     11     53  
1215.0  20:15:52 42.375763 -72.51808   5     13     59  
