0.0  00:00:00 42.2541 -72.5767   23     21     24  
1.0  00:01:00 42.2541 -72.5767   24     23     22  
2.0  00:02:00 42.2541 -72.5767   20     24     21  
3.0  00:03:00 42.2541 -72.5767   22     23     24  
4.0  00:04:00 42.2541 -72.5767   22     21     23  
5.0  00:05:00 42.2541 -72.5767   24     22     21  
6.0  00:06:00 42.2541 -72.5767   22     21     20  
7.0  00:07:00 42.2541 -72.5767   22     23     21  
8.0  00:08:00 42.2541 -72.5767   23     24     24  
9.0  00:09:00 42.2541 -72.5767   23     23     24  
10.0  00:10:00 42.2541 -72.5767   20     21     23  
11.0  00:11:00 42.2541 -72.5767   22     22     23  
12.0  00:12:00 42.2541 -72.5767   23     21     20  
13.0  00:13:00 42.2541 -72.5767   21     22     22  
14.0  00:14:00 42.2541 -72.5767   22     22     20  
15.0  00:15:00 42.2541 -72.5767   23     22     21  
16.0  00:16:00 42.2541 -72.5767   21     24     22  
17.0  00:17:00 42.2541 -72.5767   22     23     23  
18.0  00:18:00 42.2541 -72.5767   21     24     23  
19.0  00:19:00 42.2541 -72.5767   22     23     24  
20.0  00:20:00 42.2541 -72.5767   23     24     21  
21.0  00:21:00 42.2541 -72.5767   24     20     22  
22.0  00:22:00 42.2541 -72.5767   23     23     23  
23.0  00:23:00 42.2541 -72.5767   24     22     20  
24.0  00:24:00 42.2541 -72.5767   22     23     23  
25.0  00:25:00 42.2541 -72.5767   23     23     24  
26.0  00:26:00 42.2541 -72.5767   24     23     23  
27.0  00:27:00 42.2541 -72.5767   22     21     24  
28.0  00:28:00 42.2541 -72.5767   23     23     21  
29.0  00:29:00 42.2541 -72.5767   21     22     24  
30.0  00:30:00 42.2541 -72.5767   20     22     24  
31.0  00:31:00 42.2541 -72.5767   24     20     20  
32.0  00:32:00 42.2541 -72.5767   24     20     20  
33.0  00:33:00 42.2541 -72.5767   22     24     24  
34.0  00:34:00 42.2541 -72.5767   20     20     20  
35.0  00:35:00 42.2541 -72.5767   24     21     21  
36.0  00:36:00 42.2541 -72.5767   21     21     23  
37.0  00:37:00 42.2541 -72.5767   20     24     20  
38.0  00:38:00 42.2541 -72.5767   20     21     21  
39.0  00:39:00 42.2541 -72.5767   22     20     20  
40.0  00:40:00 42.2541 -72.5767   22     24     22  
41.0  00:41:00 42.2541 -72.5767   21     21     23  
42.0  00:42:00 42.2541 -72.5767   21     22     21  
51.0  00:51:07 42.253597 -72.57462   22     21     24  
51.0  00:51:19 42.253807 -72.57551   23     22     22  
51.0  00:51:32 42.254063 -72.576385   21     21     22  
51.0  00:51:44 42.2542 -72.57702   20     20     24  
53.0  00:53:42 42.261574 -72.57265   24     24     22  
53.0  00:53:54 42.263157 -72.57229   24     20     21  
54.0  00:54:07 42.264774 -72.57188   23     21     20  
54.0  00:54:19 42.26638 -72.57149   24     20     20  
54.0  00:54:32 42.266644 -72.57004   23     23     20  
55.0  00:55:33 42.2731 -72.56531   22     20     22  
55.0  00:55:43 42.27463 -72.56495   24     22     21  
55.0  00:55:51 42.275993 -72.564606   22     23     23  
56.0  00:56:00 42.277008 -72.56353   21     24     20  
56.0  00:56:09 42.277843 -72.56179   24     21     21  
56.0  00:56:17 42.278572 -72.560295   21     23     21  
56.0  00:56:26 42.279617 -72.55928   23     20     21  
56.0  00:56:37 42.280575 -72.55816   22     21     22  
56.0  00:56:45 42.281193 -72.556526   24     24     23  
56.0  00:56:53 42.281788 -72.55504   23     21     21  
57.0  00:57:02 42.282463 -72.55335   24     20     24  
57.0  00:57:10 42.283066 -72.55182   21     24     21  
57.0  00:57:19 42.283695 -72.55023   22     20     23  
57.0  00:57:29 42.284584 -72.548035   22     21     21  
57.0  00:57:38 42.28519 -72.54622   22     21     24  
57.0  00:57:46 42.28553 -72.54439   24     24     21  
57.0  00:57:55 42.285995 -72.54255   21     23     23  
58.0  00:58:03 42.286774 -72.54056   23     20     22  
58.0  00:58:12 42.28749 -72.538826   21     23     22  
58.0  00:58:22 42.28867 -72.536934   22     20     21  
58.0  00:58:32 42.28916 -72.535225   23     21     23  
58.0  00:58:42 42.290394 -72.5333   23     24     20  
58.0  00:58:50 42.292343 -72.53206   24     21     23  
58.0  00:58:59 42.293846 -72.53128   24     21     20  
59.0  00:59:07 42.2957 -72.53113   21     23     20  
59.0  00:59:18 42.297665 -72.53074   23     21     21  
59.0  00:59:27 42.299225 -72.529594   22     23     24  
59.0  00:59:36 42.30063 -72.528534   22     23     20  
59.0  00:59:44 42.301846 -72.52779   23     23     23  
59.0  00:59:52 42.303307 -72.52752   22     23     21  
60.0  01:00:00 42.257935 -72.572525   20     22     21  
60.0  01:00:08 42.30451 -72.52801   21     20     24  
60.0  01:00:08 42.257767 -72.571945   22     22     23  
60.0  01:00:17 42.257153 -72.57209   22     20     24  
60.0  01:00:19 42.306507 -72.53022   24     20     24  
60.0  01:00:28 42.30755 -72.53064   21     24     20  
60.0  01:00:28 42.256393 -72.57222   20     20     21  
60.0  01:00:37 42.308613 -72.5297   20     24     21  
60.0  01:00:37 42.255955 -72.57234   23     23     23  
60.0  01:00:45 42.30991 -72.52952   23     21     21  
60.0  01:00:45 42.255344 -72.57273   23     21     21  
60.0  01:00:53 42.254757 -72.57316   22     20     24  
60.0  01:00:54 42.311142 -72.53   23     23     23  
61.0  01:01:02 42.254356 -72.57366   21     20     22  
61.0  01:01:03 42.312477 -72.53046   20     22     20  
61.0  01:01:11 42.254265 -72.57398   23     22     20  
61.0  01:01:14 42.314457 -72.5308   20     21     21  
61.0  01:01:21 42.254227 -72.57416   24     23     21  
61.0  01:01:22 42.316025 -72.530304   24     24     20  
61.0  01:01:30 42.317432 -72.5298   23     23     21  
61.0  01:01:30 42.2542 -72.57415   22     20     20  
61.0  01:01:38 42.25418 -72.57415   24     23     21  
61.0  01:01:39 42.318283 -72.529045   24     20     24  
61.0  01:01:47 42.318966 -72.52832   23     20     24  
61.0  01:01:47 42.254208 -72.57417   21     24     22  
61.0  01:01:55 42.25428 -72.5742   21     22     20  
61.0  01:01:56 42.319386 -72.528076   20     24     22  
62.0  01:02:04 42.254314 -72.5742   22     20     23  
62.0  01:02:07 42.319946 -72.52958   23     22     21  
62.0  01:02:14 42.254353 -72.57419   20     23     21  
62.0  01:02:16 42.320225 -72.53103   24     20     20  
62.0  01:02:23 42.25433 -72.5742   20     23     24  
62.0  01:02:24 42.320274 -72.53252   22     20     22  
62.0  01:02:31 42.2543 -72.5742   21     24     20  
62.0  01:02:33 42.320305 -72.53355   24     24     24  
62.0  01:02:40 42.254265 -72.5742   21     21     23  
62.0  01:02:41 42.32034 -72.534325   23     23     21  
62.0  01:02:49 42.320698 -72.53434   21     24     22  
62.0  01:02:49 42.254253 -72.57419   21     20     22  
62.0  01:02:57 42.25425 -72.574196   24     21     24  
63.0  01:03:00 42.320827 -72.5338   24     21     21  
63.0  01:03:08 42.32112 -72.5337   23     22     21  
63.0  01:03:08 42.25423 -72.57423   23     21     24  
63.0  01:03:16 42.321163 -72.53415   22     20     23  
63.0  01:03:16 42.254223 -72.57423   20     20     21  
63.0  01:03:25 42.321503 -72.534225   23     23     24  
63.0  01:03:25 42.254227 -72.57422   20     21     24  
63.0  01:03:33 42.321735 -72.53413   23     24     21  
63.0  01:03:34 42.254265 -72.57419   23     24     24  
63.0  01:03:42 42.321697 -72.53339   24     21     22  
63.0  01:03:42 42.254265 -72.5742   20     24     21  
63.0  01:03:51 42.25425 -72.57421   23     24     20  
63.0  01:03:52 42.321766 -72.532234   21     21     20  
64.0  01:04:00 42.32186 -72.53121   20     22     24  
64.0  01:04:01 42.25421 -72.57427   22     21     23  
64.0  01:04:09 42.321922 -72.53042   20     21     21  
64.0  01:04:10 42.254192 -72.57426   21     24     21  
64.0  01:04:17 42.3221 -72.52989   24     20     21  
64.0  01:04:19 42.25417 -72.57425   21     21     22  
64.0  01:04:26 42.322216 -72.52955   22     20     23  
64.0  01:04:27 42.254135 -72.57426   24     24     23  
64.0  01:04:34 42.322605 -72.52879   20     21     23  
64.0  01:04:36 42.25415 -72.57422   20     23     23  
64.0  01:04:44 42.323555 -72.52835   21     21     23  
64.0  01:04:45 42.254166 -72.5742   20     21     22  
64.0  01:04:53 42.324265 -72.52857   24     22     22  
64.0  01:04:55 42.254227 -72.57418   24     20     20  
65.0  01:05:01 42.324886 -72.52868   21     21     21  
65.0  01:05:04 42.254242 -72.57421   22     22     21  
65.0  01:05:09 42.32512 -72.52874   24     23     23  
65.0  01:05:13 42.254227 -72.57423   23     24     22  
65.0  01:05:18 42.325138 -72.529526   21     24     22  
65.0  01:05:21 42.254215 -72.574196   20     23     22  
65.0  01:05:26 42.325146 -72.53027   23     23     21  
65.0  01:05:30 42.25423 -72.57417   22     20     22  
65.0  01:05:36 42.3253 -72.53077   21     21     21  
65.0  01:05:39 42.254227 -72.57417   20     21     20  
65.0  01:05:45 42.32528 -72.53082   22     22     24  
65.0  01:05:49 42.254204 -72.57418   22     22     24  
65.0  01:05:53 42.325268 -72.53083   23     24     24  
65.0  01:05:58 42.254215 -72.57419   20     21     22  
66.0  01:06:01 42.325264 -72.53084   20     23     20  
66.0  01:06:06 42.2542 -72.57417   20     20     20  
66.0  01:06:10 42.32521 -72.53113   20     23     21  
66.0  01:06:18 42.324932 -72.531075   20     23     22  
66.0  01:06:28 42.325073 -72.530304   22     20     23  
66.0  01:06:37 42.325066 -72.52949   24     21     24  
66.0  01:06:45 42.325066 -72.528984   22     20     22  
66.0  01:06:54 42.325058 -72.52851   24     22     23  
67.0  01:07:02 42.32499 -72.5276   20     22     21  
67.0  01:07:11 42.324295 -72.52691   22     24     23  
67.0  01:07:21 42.32348 -72.52631   21     21     24  
67.0  01:07:29 42.323273 -72.52543   20     21     20  
67.0  01:07:38 42.32326 -72.52488   22     24     20  
67.0  01:07:48 42.323734 -72.52467   24     24     23  
67.0  01:07:56 42.32491 -72.52453   20     21     22  
68.0  01:08:05 42.326195 -72.52438   23     24     21  
68.0  01:08:15 42.327732 -72.52424   21     21     24  
68.0  01:08:23 42.329082 -72.52405   20     22     21  
68.0  01:08:31 42.330444 -72.52387   20     22     20  
68.0  01:08:40 42.331814 -72.52369   23     24     22  
68.0  01:08:48 42.333046 -72.52349   22     22     20  
68.0  01:08:57 42.334118 -72.52336   20     22     20  
69.0  01:09:07 42.335716 -72.5229   23     24     20  
69.0  01:09:16 42.336945 -72.52205   20     21     23  
69.0  01:09:24 42.337986 -72.52125   24     20     20  
69.0  01:09:33 42.339066 -72.52061   21     21     24  
69.0  01:09:47 42.340195 -72.52008   22     20     23  
69.0  01:09:57 42.341187 -72.51989   23     23     24  
70.0  01:10:06 42.342438 -72.52002   22     23     23  
70.0  01:10:14 42.34365 -72.520325   22     23     21  
70.0  01:10:23 42.3449 -72.52044   24     22     21  
70.0  01:10:31 42.346264 -72.52043   22     24     21  
70.0  01:10:39 42.34732 -72.52026   22     22     24  
70.0  01:10:49 42.348793 -72.519936   24     23     21  
70.0  01:10:58 42.35017 -72.51983   22     20     21  
71.0  01:11:02 42.254242 -72.57414   23     24     22  
71.0  01:11:07 42.351368 -72.52014   20     24     24  
71.0  01:11:14 42.254242 -72.57414   20     22     23  
71.0  01:11:15 42.352825 -72.52054   22     23     24  
71.0  01:11:24 42.35415 -72.52048   24     24     20  
71.0  01:11:27 42.254234 -72.574135   23     21     21  
71.0  01:11:32 42.355453 -72.520744   24     20     23  
71.0  01:11:39 42.254227 -72.57413   20     20     22  
71.0  01:11:42 42.35692 -72.52092   20     23     23  
71.0  01:11:51 42.35833 -72.520805   21     20     23  
72.0  01:12:00 42.359623 -72.52076   22     21     23  
72.0  01:12:08 42.360966 -72.520744   20     22     20  
72.0  01:12:17 42.362095 -72.52071   21     24     21  
72.0  01:12:25 42.363358 -72.52071   24     23     22  
72.0  01:12:35 42.36487 -72.52054   24     21     24  
72.0  01:12:40 42.254215 -72.57417   21     24     23  
72.0  01:12:44 42.366085 -72.52032   24     20     20  
72.0  01:12:50 42.25401 -72.574425   21     20     20  
72.0  01:12:52 42.367413 -72.52014   20     23     24  
72.0  01:12:58 42.25359 -72.57465   24     22     23  
73.0  01:13:00 42.253567 -72.574875   24     23     21  
73.0  01:13:01 42.368572 -72.52   23     20     21  
73.0  01:13:06 42.25361 -72.57502   21     22     21  
73.0  01:13:09 42.369877 -72.51985   24     20     24  
73.0  01:13:14 42.253857 -72.57572   21     24     24  
73.0  01:13:18 42.370937 -72.519806   20     21     22  
73.0  01:13:23 42.254 -72.5762   22     23     21  
73.0  01:13:29 42.37203 -72.51971   21     22     21  
73.0  01:13:31 42.254055 -72.57624   21     24     21  
73.0  01:13:37 42.37224 -72.519516   23     24     24  
73.0  01:13:42 42.254078 -72.57631   23     22     24  
73.0  01:13:46 42.37212 -72.518906   21     23     23  
73.0  01:13:50 42.254124 -72.576584   21     22     24  
73.0  01:13:54 42.372585 -72.51875   22     22     22  
73.0  01:13:59 42.254215 -72.57706   23     24     22  
74.0  01:14:00 42.25423 -72.57713   20     24     20  
74.0  01:14:03 42.373024 -72.51877   22     20     24  
74.0  01:14:07 42.254215 -72.577126   22     23     21  
74.0  01:14:11 42.373047 -72.51881   23     20     22  
74.0  01:14:16 42.25428 -72.57716   22     22     22  
74.0  01:14:22 42.373055 -72.51879   20     24     21  
74.0  01:14:24 42.25498 -72.57687   24     23     24  
74.0  01:14:31 42.373085 -72.518745   22     20     23  
74.0  01:14:34 42.256054 -72.576515   22     24     23  
74.0  01:14:39 42.373093 -72.51874   23     24     21  
74.0  01:14:43 42.256542 -72.57633   21     24     20  
74.0  01:14:48 42.37308 -72.51867   24     24     20  
74.0  01:14:51 42.25708 -72.57612   24     22     21  
74.0  01:14:56 42.37308 -72.51868   23     23     21  
74.0  01:14:59 42.257603 -72.5759   23     21     20  
75.0  01:15:00 42.257694 -72.575874   24     22     24  
75.0  01:15:05 42.373085 -72.51867   21     23     22  
75.0  01:15:08 42.25769 -72.575874   24     24     20  
75.0  01:15:15 42.373074 -72.51864   20     23     22  
75.0  01:15:17 42.257683 -72.57588   23     20     23  
75.0  01:15:24 42.373074 -72.51863   21     21     22  
75.0  01:15:27 42.257683 -72.5759   24     20     24  
75.0  01:15:33 42.3731 -72.51867   23     21     22  
75.0  01:15:35 42.257782 -72.575905   24     22     20  
75.0  01:15:42 42.37311 -72.518715   21     22     21  
75.0  01:15:44 42.25836 -72.57555   23     24     22  
75.0  01:15:51 42.373257 -72.51901   24     21     21  
75.0  01:15:52 42.258877 -72.57506   21     24     20  
76.0  01:16:00 42.259495 -72.57436   20     21     21  
76.0  01:16:01 42.25926 -72.57466   24     23     22  
76.0  01:16:08 42.373253 -72.51944   20     22     22  
76.0  01:16:10 42.260033 -72.57362   21     21     23  
76.0  01:16:17 42.373253 -72.51945   24     23     22  
76.0  01:16:20 42.261097 -72.57278   22     22     23  
76.0  01:16:26 42.37325 -72.51945   20     23     20  
76.0  01:16:29 42.26223 -72.5725   22     23     20  
76.0  01:16:34 42.373257 -72.51964   22     22     20  
76.0  01:16:37 42.263374 -72.572174   22     23     22  
76.0  01:16:43 42.373493 -72.5198   23     22     23  
76.0  01:16:45 42.26468 -72.57184   24     20     21  
76.0  01:16:52 42.37397 -72.51977   22     24     23  
76.0  01:16:54 42.265827 -72.57159   24     24     21  
77.0  01:17:00 42.26672 -72.5711   23     21     21  
77.0  01:17:02 42.374645 -72.51973   24     22     21  
77.0  01:17:03 42.266693 -72.57121   21     24     24  
77.0  01:17:11 42.374653 -72.519714   21     21     24  
77.0  01:17:17 42.266567 -72.56953   22     21     24  
77.0  01:17:19 42.374657 -72.51969   23     23     24  
77.0  01:17:24 42.26672 -72.56782   22     24     22  
77.0  01:17:28 42.374706 -72.51971   23     21     23  
77.0  01:17:33 42.267746 -72.5669   22     21     23  
77.0  01:17:37 42.375153 -72.51973   23     23     20  
77.0  01:17:41 42.26919 -72.566086   21     23     22  
77.0  01:17:45 42.37538 -72.51976   21     23     24  
77.0  01:17:50 42.270275 -72.56584   24     20     20  
77.0  01:17:57 42.375404 -72.51977   20     22     24  
77.0  01:17:59 42.271744 -72.5656   24     20     21  
78.0  01:18:00 42.272556 -72.56541   22     21     24  
78.0  01:18:05 42.37547 -72.519775   24     22     23  
78.0  01:18:09 42.273666 -72.565125   21     23     23  
78.0  01:18:14 42.37578 -72.51979   23     22     21  
78.0  01:18:18 42.27485 -72.564835   22     23     22  
78.0  01:18:22 42.37642 -72.51981   21     22     24  
78.0  01:18:27 42.27631 -72.564316   23     22     23  
78.0  01:18:31 42.376923 -72.519844   23     20     22  
78.0  01:18:35 42.277325 -72.5629   23     24     21  
78.0  01:18:39 42.37723 -72.519875   23     20     22  
78.0  01:18:43 42.278034 -72.561485   24     21     20  
78.0  01:18:50 42.377384 -72.51986   20     21     20  
78.0  01:18:52 42.278732 -72.560074   20     23     24  
78.0  01:18:59 42.377407 -72.51987   23     24     22  
79.0  01:19:00 42.28025 -72.558846   24     23     24  
79.0  01:19:02 42.28013 -72.55895   23     23     23  
79.0  01:19:07 42.377407 -72.51987   21     22     24  
79.0  01:19:11 42.280815 -72.55768   22     21     23  
79.0  01:19:16 42.377453 -72.51985   21     20     23  
79.0  01:19:20 42.281418 -72.55608   21     22     24  
79.0  01:19:25 42.378025 -72.51986   20     24     23  
79.0  01:19:28 42.282124 -72.55432   20     24     20  
79.0  01:19:34 42.378586 -72.51989   21     24     22  
79.0  01:19:36 42.282806 -72.552574   21     22     24  
79.0  01:19:45 42.379684 -72.519554   23     24     20  
79.0  01:19:45 42.28344 -72.55096   20     21     23  
79.0  01:19:54 42.380493 -72.51933   20     20     22  
79.0  01:19:56 42.284332 -72.548706   21     20     21  
80.0  01:20:00 42.284985 -72.54716   23     24     21  
80.0  01:20:02 42.38128 -72.51929   22     24     23  
80.0  01:20:05 42.28506 -72.54696   21     22     21  
80.0  01:20:11 42.38139 -72.51926   20     24     22  
80.0  01:20:14 42.285477 -72.54491   21     20     24  
80.0  01:20:22 42.381374 -72.519226   24     21     23  
80.0  01:20:22 42.285892 -72.543045   20     20     24  
80.0  01:20:30 42.38137 -72.51927   21     21     22  
80.0  01:20:31 42.286613 -72.54098   24     20     24  
80.0  01:20:40 42.28741 -72.539   21     21     21  
80.0  01:20:41 42.381477 -72.51926   24     23     20  
80.0  01:20:51 42.381992 -72.51976   23     24     20  
80.0  01:20:51 42.288624 -72.53708   21     20     20  
80.0  01:20:59 42.289135 -72.53546   20     24     21  
81.0  01:21:00 42.28942 -72.534584   21     20     24  
81.0  01:21:02 42.381992 -72.51976   21     22     22  
81.0  01:21:08 42.29002 -72.53365   23     21     20  
81.0  01:21:11 42.383984 -72.52101   23     24     22  
81.0  01:21:16 42.291348 -72.53266   23     22     21  
81.0  01:21:19 42.384922 -72.52153   24     22     24  
81.0  01:21:25 42.292923 -72.531685   24     21     24  
81.0  01:21:28 42.38577 -72.52203   22     20     21  
81.0  01:21:34 42.29465 -72.53117   22     24     21  
81.0  01:21:38 42.386013 -72.52251   24     24     24  
81.0  01:21:44 42.29663 -72.5311   24     21     21  
81.0  01:21:47 42.386078 -72.523476   24     24     21  
81.0  01:21:52 42.298096 -72.53047   22     21     20  
81.0  01:21:55 42.385796 -72.52458   23     21     20  
82.0  01:22:00 42.299812 -72.52914   22     23     21  
82.0  01:22:01 42.299366 -72.52947   23     21     21  
82.0  01:22:07 42.38572 -72.525154   24     24     24  
82.0  01:22:09 42.30068 -72.52854   23     22     20  
82.0  01:22:16 42.38648 -72.5255   20     23     21  
82.0  01:22:18 42.301937 -72.52775   24     22     23  
82.0  01:22:24 42.38708 -72.52577   20     24     22  
82.0  01:22:26 42.303215 -72.52758   20     22     23  
82.0  01:22:34 42.387234 -72.52636   24     22     21  
82.0  01:22:42 42.305393 -72.528885   23     22     21  
82.0  01:22:43 42.387115 -72.52641   24     23     23  
82.0  01:22:52 42.387096 -72.52637   20     24     20  
82.0  01:22:52 42.306416 -72.530205   24     20     21  
83.0  01:23:00 42.387093 -72.52636   23     20     20  
83.0  01:23:00 42.307564 -72.53073   22     21     24  
83.0  01:23:01 42.307297 -72.530876   20     20     20  
83.0  01:23:09 42.387096 -72.52636   23     20     21  
83.0  01:23:09 42.308327 -72.52984   20     23     22  
83.0  01:23:18 42.38709 -72.52635   23     24     20  
83.0  01:23:18 42.309666 -72.529465   20     23     20  
83.0  01:23:26 42.310898 -72.52989   20     21     24  
83.0  01:23:29 42.387085 -72.52634   24     20     21  
83.0  01:23:37 42.387085 -72.52633   21     24     23  
83.0  01:23:37 42.31231 -72.53044   23     21     20  
83.0  01:23:46 42.387085 -72.52633   22     20     23  
83.0  01:23:47 42.31424 -72.530876   22     24     21  
83.0  01:23:55 42.387085 -72.52634   24     21     21  
83.0  01:23:56 42.315575 -72.53045   23     21     22  
84.0  01:24:00 42.316845 -72.530014   23     21     24  
84.0  01:24:04 42.316994 -72.52995   22     21     22  
84.0  01:24:07 42.38709 -72.52634   21     20     22  
84.0  01:24:13 42.318005 -72.52929   24     20     21  
84.0  01:24:15 42.38709 -72.52634   24     22     24  
84.0  01:24:22 42.31891 -72.52837   22     24     22  
84.0  01:24:25 42.38709 -72.526344   22     20     21  
84.0  01:24:30 42.319332 -72.52799   21     21     23  
84.0  01:24:34 42.38709 -72.52635   20     21     21  
84.0  01:24:41 42.319782 -72.52916   23     22     23  
84.0  01:24:43 42.38709 -72.52636   22     23     22  
84.0  01:24:49 42.320187 -72.53058   21     22     21  
84.0  01:24:52 42.38709 -72.52636   23     21     22  
84.0  01:24:58 42.32026 -72.53193   21     21     22  
85.0  01:25:00 42.387093 -72.52635   23     23     23  
85.0  01:25:00 42.320297 -72.5329   20     24     20  
85.0  01:25:06 42.320316 -72.533356   21     23     20  
85.0  01:25:09 42.3871 -72.526344   24     23     22  
85.0  01:25:16 42.32034 -72.53421   22     20     24  
85.0  01:25:19 42.387108 -72.52633   23     21     24  
85.0  01:25:27 42.320656 -72.53436   21     20     24  
85.0  01:25:28 42.38711 -72.52633   21     20     20  
85.0  01:25:37 42.387108 -72.52634   22     24     20  
85.0  01:25:37 42.32089 -72.533714   20     21     23  
85.0  01:25:45 42.387104 -72.52634   24     20     23  
85.0  01:25:49 42.32114 -72.53374   20     21     20  
85.0  01:25:54 42.3871 -72.52634   23     21     24  
85.0  01:25:57 42.32118 -72.53414   23     21     24  
86.0  01:26:00 42.321163 -72.53415   22     23     20  
86.0  01:26:02 42.38704 -72.52632   22     24     23  
86.0  01:26:06 42.321163 -72.53416   22     22     21  
86.0  01:26:13 42.386585 -72.5262   23     20     23  
86.0  01:26:16 42.32144 -72.53424   20     21     24  
86.0  01:26:21 42.38597 -72.52599   23     23     21  
86.0  01:26:24 42.32178 -72.534096   24     21     22  
86.0  01:26:31 42.38558 -72.525856   20     20     20  
86.0  01:26:35 42.321712 -72.53287   21     20     21  
86.0  01:26:39 42.38529 -72.5257   20     20     20  
86.0  01:26:44 42.32187 -72.53193   21     23     24  
86.0  01:26:48 42.385406 -72.52495   22     24     22  
86.0  01:26:53 42.321907 -72.530815   21     20     24  
86.0  01:26:56 42.38566 -72.52388   21     23     20  
87.0  01:27:00 42.32213 -72.52989   24     20     22  
87.0  01:27:03 42.3221 -72.52996   24     23     24  
87.0  01:27:06 42.385853 -72.52285   24     22     23  
87.0  01:27:11 42.322212 -72.52966   20     24     23  
87.0  01:27:17 42.385853 -72.52282   24     22     22  
87.0  01:27:20 42.322464 -72.529045   20     20     23  
87.0  01:27:26 42.385746 -72.52242   22     24     24  
87.0  01:27:31 42.323307 -72.52833   22     24     20  
87.0  01:27:34 42.385147 -72.52177   23     21     23  
87.0  01:27:39 42.324226 -72.52857   23     23     21  
87.0  01:27:43 42.38433 -72.521324   20     21     24  
87.0  01:27:48 42.32492 -72.5287   21     23     21  
87.0  01:27:51 42.383457 -72.52083   21     22     22  
87.0  01:27:57 42.325157 -72.5289   20     22     20  
88.0  01:28:00 42.325157 -72.5297   21     22     22  
88.0  01:28:05 42.38244 -72.52023   22     21     21  
88.0  01:28:05 42.325157 -72.529816   23     22     22  
88.0  01:28:13 42.325256 -72.530624   21     23     22  
88.0  01:28:17 42.38154 -72.51943   24     21     21  
88.0  01:28:24 42.325302 -72.531105   24     22     20  
88.0  01:28:26 42.381325 -72.519325   21     24     20  
88.0  01:28:32 42.325314 -72.53111   23     20     20  
88.0  01:28:35 42.380455 -72.519424   20     21     23  
88.0  01:28:41 42.325317 -72.53112   23     20     21  
88.0  01:28:43 42.37953 -72.51965   21     20     21  
88.0  01:28:50 42.325024 -72.53118   20     23     22  
88.0  01:28:54 42.37858 -72.519936   20     21     20  
88.0  01:28:58 42.324978 -72.53057   24     21     24  
89.0  01:29:00 42.325115 -72.53011   20     21     23  
89.0  01:29:03 42.3779 -72.51999   22     24     24  
89.0  01:29:07 42.3251 -72.5298   22     22     24  
89.0  01:29:13 42.377876 -72.51997   23     24     20  
89.0  01:29:18 42.32511 -72.52889   23     20     21  
89.0  01:29:22 42.377457 -72.51993   21     20     21  
89.0  01:29:27 42.325134 -72.52813   21     24     20  
89.0  01:29:31 42.376682 -72.519936   21     21     20  
89.0  01:29:35 42.32478 -72.52716   21     20     23  
89.0  01:29:40 42.376038 -72.51993   24     22     21  
89.0  01:29:43 42.323982 -72.52675   22     21     20  
89.0  01:29:52 42.323357 -72.52597   24     21     21  
89.0  01:29:56 42.375973 -72.51985   24     24     23  
90.0  01:30:00 42.323273 -72.52495   24     23     24  
90.0  01:30:00 42.32326 -72.524864   20     24     22  
90.0  01:30:06 42.375954 -72.51983   22     23     20  
90.0  01:30:10 42.323563 -72.524666   20     22     24  
90.0  01:30:15 42.37594 -72.5198   22     22     24  
90.0  01:30:19 42.32456 -72.5246   20     20     24  
90.0  01:30:24 42.375935 -72.5198   21     20     20  
90.0  01:30:27 42.325726 -72.52446   21     24     22  
90.0  01:30:32 42.375923 -72.51983   20     24     20  
90.0  01:30:35 42.327106 -72.52432   23     23     24  
90.0  01:30:41 42.375378 -72.51984   20     24     23  
90.0  01:30:44 42.32848 -72.52417   22     24     20  
90.0  01:30:49 42.374744 -72.51981   22     23     23  
90.0  01:30:52 42.32988 -72.52397   22     24     20  
91.0  01:31:00 42.37446 -72.51987   24     20     21  
91.0  01:31:00 42.331867 -72.5237   23     20     24  
91.0  01:31:02 42.331715 -72.52372   24     22     22  
91.0  01:31:09 42.374454 -72.51981   22     20     24  
91.0  01:31:11 42.332832 -72.52353   22     23     23  
91.0  01:31:17 42.374325 -72.51979   20     20     20  
91.0  01:31:19 42.333916 -72.52339   20     20     23  
91.0  01:31:26 42.37369 -72.51982   21     21     20  
91.0  01:31:28 42.33523 -72.52307   23     20     20  
91.0  01:31:35 42.37341 -72.51984   21     24     22  
91.0  01:31:37 42.336456 -72.522484   20     20     23  
91.0  01:31:43 42.373264 -72.51985   22     20     23  
91.0  01:31:46 42.337635 -72.52146   21     24     21  
91.0  01:31:54 42.3724 -72.51981   21     21     21  
91.0  01:31:57 42.339245 -72.52047   23     22     23  
92.0  01:32:00 42.340076 -72.520096   24     22     22  
92.0  01:32:03 42.372143 -72.51936   24     23     23  
92.0  01:32:05 42.340187 -72.52006   22     22     24  
92.0  01:32:11 42.3722 -72.51882   21     22     23  
92.0  01:32:13 42.341106 -72.51986   23     24     22  
92.0  01:32:19 42.37275 -72.51881   20     22     21  
92.0  01:32:21 42.342243 -72.51994   21     20     22  
92.0  01:32:28 42.37311 -72.518814   20     22     24  
92.0  01:32:30 42.34366 -72.52033   21     24     22  
92.0  01:32:37 42.373123 -72.51879   23     23     23  
92.0  01:32:39 42.34511 -72.520424   22     23     20  
92.0  01:32:48 42.373116 -72.518715   22     22     23  
92.0  01:32:49 42.346695 -72.52038   22     23     21  
92.0  01:32:57 42.37309 -72.51869   22     24     23  
92.0  01:32:58 42.347965 -72.52012   23     24     23  
93.0  01:33:00 42.34878 -72.519936   21     20     21  
93.0  01:33:05 42.373104 -72.5187   20     24     20  
93.0  01:33:06 42.349052 -72.51991   21     22     23  
93.0  01:33:14 42.3731 -72.5187   22     22     21  
93.0  01:33:14 42.350323 -72.51989   22     23     21  
93.0  01:33:22 42.351284 -72.52017   23     20     23  
93.0  01:33:23 42.373116 -72.518715   22     21     21  
93.0  01:33:30 42.35244 -72.52063   20     20     21  
93.0  01:33:31 42.37309 -72.51873   21     21     24  
93.0  01:33:42 42.373127 -72.518745   23     22     24  
93.0  01:33:42 42.354164 -72.52052   20     24     23  
93.0  01:33:50 42.355305 -72.52077   23     24     20  
93.0  01:33:51 42.373108 -72.518776   20     20     24  
93.0  01:33:59 42.35555 -72.5208   22     23     23  
94.0  01:34:00 42.373108 -72.51877   24     22     23  
94.0  01:34:00 42.355515 -72.52075   20     23     21  
94.0  01:34:08 42.37314 -72.51876   23     20     22  
94.0  01:34:08 42.3555 -72.520744   23     22     22  
94.0  01:34:16 42.355736 -72.52078   22     24     20  
94.0  01:34:17 42.37315 -72.51876   21     22     23  
94.0  01:34:25 42.373154 -72.518745   22     20     24  
94.0  01:34:25 42.356785 -72.52089   20     23     24  
94.0  01:34:36 42.373146 -72.51875   22     24     21  
94.0  01:34:36 42.358402 -72.52086   22     22     20  
94.0  01:34:45 42.373135 -72.518776   20     23     22  
94.0  01:34:45 42.35967 -72.5208   21     23     22  
94.0  01:34:53 42.37314 -72.51878   24     22     24  
94.0  01:34:56 42.361107 -72.52078   23     20     22  
95.0  01:35:00 42.362595 -72.52072   24     22     23  
95.0  01:35:02 42.37314 -72.51879   24     20     24  
95.0  01:35:04 42.36274 -72.52071   20     21     20  
95.0  01:35:11 42.37313 -72.518814   21     21     21  
95.0  01:35:13 42.364155 -72.520645   24     23     20  
95.0  01:35:19 42.37312 -72.51882   22     23     21  
95.0  01:35:22 42.365467 -72.52042   24     23     22  
95.0  01:35:29 42.37312 -72.518814   23     21     21  
95.0  01:35:34 42.367508 -72.52012   24     21     21  
95.0  01:35:38 42.373135 -72.51879   21     21     24  
95.0  01:35:42 42.368633 -72.52001   20     24     22  
95.0  01:35:47 42.373142 -72.518776   21     22     23  
95.0  01:35:56 42.373165 -72.51881   24     21     24  
96.0  01:36:04 42.37326 -72.51918   20     20     20  
96.0  01:36:12 42.373238 -72.51956   22     21     21  
96.0  01:36:23 42.37323 -72.519554   23     23     23  
96.0  01:36:32 42.372963 -72.51981   23     24     20  
96.0  01:36:41 42.372147 -72.51975   20     22     24  
96.0  01:36:49 42.370934 -72.51982   20     21     21  
96.0  01:36:58 42.369835 -72.51989   20     20     22  
97.0  01:37:11 42.368553 -72.52003   22     24     21  
97.0  01:37:22 42.366287 -72.52031   20     20     20  
97.0  01:37:31 42.364803 -72.520546   20     24     22  
97.0  01:37:39 42.363586 -72.52072   24     20     24  
97.0  01:37:49 42.362537 -72.52077   24     22     20  
97.0  01:37:57 42.361515 -72.5208   24     24     24  
98.0  01:38:06 42.360275 -72.52081   20     21     24  
98.0  01:38:17 42.35859 -72.520874   24     24     21  
98.0  01:38:26 42.357403 -72.52094   23     21     23  
98.0  01:38:35 42.356174 -72.52098   20     21     20  
98.0  01:38:45 42.35514 -72.52083   21     20     24  
98.0  01:38:58 42.354977 -72.52081   22     23     21  
99.0  01:39:16 42.354923 -72.520836   21     24     20  
99.0  01:39:32 42.352654 -72.52065   23     24     24  
99.0  01:39:45 42.351383 -72.520355   23     20     21  
99.0  01:39:54 42.349422 -72.519936   24     20     23  
100.0  01:40:03 42.347973 -72.5201   21     20     22  
100.0  01:40:12 42.346577 -72.52042   23     23     24  
100.0  01:40:22 42.344982 -72.52048   24     22     20  
100.0  01:40:31 42.343895 -72.520454   24     24     22  
100.0  01:40:39 42.342686 -72.52018   22     22     20  
100.0  01:40:48 42.34153 -72.519966   20     23     24  
100.0  01:40:58 42.340576 -72.52005   21     23     22  
101.0  01:41:07 42.340324 -72.520134   22     23     22  
101.0  01:41:18 42.34028 -72.5201   21     21     21  
101.0  01:41:26 42.33958 -72.520355   22     24     22  
101.0  01:41:35 42.338413 -72.521065   24     21     23  
101.0  01:41:43 42.33732 -72.521805   22     20     23  
101.0  01:41:52 42.336105 -72.52277   23     22     23  
102.0  01:42:00 42.334866 -72.523285   21     20     24  
102.0  01:42:10 42.333344 -72.52353   23     22     21  
102.0  01:42:19 42.331955 -72.5237   23     24     20  
102.0  01:42:28 42.330532 -72.523895   21     21     21  
102.0  01:42:37 42.32926 -72.52408   24     21     24  
102.0  01:42:46 42.327576 -72.5243   22     22     20  
102.0  01:42:54 42.326355 -72.52442   21     21     21  
103.0  01:43:05 42.32473 -72.52461   23     21     23  
103.0  01:43:14 42.32374 -72.52475   23     24     23  
103.0  01:43:22 42.323273 -72.52495   24     22     20  
103.0  01:43:31 42.3234 -72.52588   20     20     23  
103.0  01:43:39 42.323895 -72.526665   21     20     24  
103.0  01:43:48 42.324715 -72.52706   20     20     20  
103.0  01:43:58 42.325165 -72.52804   23     21     23  
104.0  01:44:07 42.32515 -72.52858   22     21     20  
104.0  01:44:16 42.32515 -72.52933   23     20     21  
104.0  01:44:25 42.32515 -72.53032   23     22     21  
104.0  01:44:34 42.32531 -72.53098   23     24     22  
104.0  01:44:42 42.325325 -72.5311   24     24     23  
104.0  01:44:56 42.325333 -72.53113   21     20     23  
105.0  01:45:06 42.32534 -72.53116   24     20     22  
105.0  01:45:14 42.325344 -72.53117   22     23     22  
105.0  01:45:23 42.325344 -72.53117   23     20     21  
105.0  01:45:31 42.325336 -72.531166   21     24     23  
105.0  01:45:40 42.325314 -72.5312   24     23     21  
105.0  01:45:48 42.32504 -72.53122   24     21     22  
106.0  01:46:01 42.325 -72.530495   23     22     22  
106.0  01:46:10 42.325092 -72.52968   23     23     20  
106.0  01:46:19 42.325104 -72.52889   24     22     22  
106.0  01:46:27 42.324917 -72.52872   21     24     22  
106.0  01:46:38 42.323994 -72.52854   24     20     21  
106.0  01:46:48 42.32271 -72.528725   24     24     23  
106.0  01:46:57 42.32236 -72.52936   24     24     22  
107.0  01:47:05 42.32221 -72.529755   24     22     20  
107.0  01:47:14 42.322136 -72.52995   22     20     23  
107.0  01:47:22 42.322002 -72.530304   24     21     24  
107.0  01:47:31 42.32191 -72.53136   22     21     20  
107.0  01:47:41 42.321766 -72.53257   21     22     22  
107.0  01:47:50 42.321743 -72.533325   21     23     24  
107.0  01:47:58 42.321796 -72.53388   21     23     20  
108.0  01:48:07 42.321636 -72.53424   22     23     23  
108.0  01:48:15 42.32102 -72.5343   21     21     22  
108.0  01:48:24 42.320805 -72.53388   22     23     21  
108.0  01:48:35 42.321087 -72.533646   24     23     24  
108.0  01:48:43 42.321163 -72.53412   20     24     22  
108.0  01:48:52 42.320812 -72.5343   24     21     23  
109.0  01:49:01 42.320393 -72.534355   20     21     20  
109.0  01:49:10 42.320267 -72.53386   23     22     22  
109.0  01:49:18 42.32022 -72.53255   23     22     22  
109.0  01:49:29 42.32016 -72.5308   23     22     24  
109.0  01:49:38 42.319733 -72.52916   22     21     21  
109.0  01:49:47 42.31931 -72.52812   20     24     24  
109.0  01:49:55 42.319126 -72.52801   24     23     21  
110.0  01:50:04 42.318695 -72.52865   21     20     24  
110.0  01:50:13 42.317772 -72.52955   20     23     23  
110.0  01:50:24 42.31611 -72.53031   20     20     21  
110.0  01:50:33 42.31466 -72.53078   23     21     20  
110.0  01:50:41 42.313206 -72.53082   24     21     22  
110.0  01:50:50 42.311928 -72.53035   22     20     24  
110.0  01:50:59 42.310596 -72.52995   23     20     23  
111.0  01:51:08 42.30937 -72.52954   21     23     23  
111.0  01:51:18 42.307995 -72.53005   20     21     24  
111.0  01:51:27 42.306988 -72.530655   20     22     23  
111.0  01:51:35 42.306026 -72.529915   23     21     22  
111.0  01:51:44 42.305313 -72.52894   23     24     20  
111.0  01:51:54 42.3041 -72.52803   20     20     23  
112.0  01:52:14 42.30297 -72.52764   22     24     24  
112.0  01:52:24 42.299553 -72.5293   23     20     20  
112.0  01:52:32 42.298214 -72.53039   24     20     20  
112.0  01:52:41 42.296543 -72.53119   20     21     23  
112.0  01:52:50 42.294807 -72.53132   23     23     21  
112.0  01:52:58 42.29339 -72.53154   21     22     20  
113.0  01:53:07 42.29207 -72.53232   21     22     23  
113.0  01:53:17 42.290287 -72.53345   20     21     20  
113.0  01:53:25 42.289288 -72.534904   23     20     23  
113.0  01:53:36 42.288822 -72.53667   23     22     24  
113.0  01:53:45 42.287598 -72.538795   20     24     23  
113.0  01:53:53 42.286938 -72.54035   24     21     21  
114.0  01:54:02 42.286232 -72.54208   23     24     23  
114.0  01:54:13 42.285595 -72.54443   22     21     22  
114.0  01:54:22 42.285305 -72.546165   21     23     22  
114.0  01:54:30 42.28479 -72.54783   23     21     21  
114.0  01:54:39 42.284172 -72.54931   23     22     24  
114.0  01:54:48 42.283497 -72.550995   21     21     22  
114.0  01:54:56 42.28282 -72.5527   22     22     22  
115.0  01:55:07 42.28212 -72.55444   22     20     20  
115.0  01:55:15 42.281475 -72.556076   20     23     22  
115.0  01:55:23 42.2809 -72.55753   22     20     20  
115.0  01:55:32 42.28038 -72.5588   20     22     23  
115.0  01:55:40 42.279377 -72.559555   24     20     23  
115.0  01:55:48 42.27846 -72.56062   24     21     24  
115.0  01:55:58 42.27753 -72.56254   21     24     21  
116.0  01:56:07 42.27674 -72.56398   23     20     24  
116.0  01:56:15 42.275383 -72.56493   23     24     21  
116.0  01:56:24 42.2742 -72.565056   21     23     24  
116.0  01:56:32 42.27283 -72.56535   22     23     24  
116.0  01:56:41 42.27162 -72.56563   20     24     22  
116.0  01:56:52 42.269966 -72.56593   20     21     21  
117.0  01:57:00 42.268806 -72.56628   22     24     21  
117.0  01:57:08 42.267593 -72.56709   21     24     23  
117.0  01:57:17 42.266693 -72.56801   20     20     20  
117.0  01:57:26 42.266556 -72.569305   21     23     21  
117.0  01:57:35 42.266712 -72.57081   23     24     23  
117.0  01:57:45 42.26613 -72.57167   24     21     21  
117.0  01:57:54 42.264957 -72.571915   24     24     23  
118.0  01:58:03 42.26389 -72.5722   24     20     24  
118.0  01:58:11 42.2626 -72.57247   21     22     24  
118.0  01:58:20 42.26137 -72.572754   24     23     20  
118.0  01:58:29 42.26034 -72.573204   22     21     22  
118.0  01:58:40 42.259476 -72.57443   20     21     21  
118.0  01:58:49 42.258957 -72.57483   23     20     21  
118.0  01:58:58 42.25837 -72.57415   22     21     20  
119.0  01:59:06 42.25807 -72.5733   24     21     21  
119.0  01:59:15 42.25799 -72.572975   23     23     23  
119.0  01:59:23 42.258007 -72.573   21     24     23  
119.0  01:59:34 42.258034 -72.57303   22     20     23  
119.0  01:59:43 42.258045 -72.57303   20     21     23  
119.0  01:59:51 42.258034 -72.57299   24     20     21  
928.0  15:28:55 0.0 -0.0   24     22     22  
929.0  15:29:00 0.0 -0.0   21     21     21  
