0.0  00:00:00 42.385845 -72.52253   3     17     41  
0.0  00:00:06 42.385796 -72.52249   5     19     51  
0.0  00:00:14 42.38528 -72.521835   5     13     56  
0.0  00:00:25 42.384407 -72.52137   5     13     52  
0.0  00:00:34 42.383694 -72.520966   4     10     46  
0.0  00:00:42 42.382965 -72.52058   5     13     43  
0.0  00:00:51 42.38224 -72.52006   3     16     40  
0.0  00:00:59 42.381714 -72.51955   5     10     47  
1.0  00:01:00 42.38159 -72.51941   3     17     48  
1.0  00:01:08 42.381615 -72.5194   4     10     57  
1.0  00:01:18 42.38166 -72.51938   4     15     48  
1.0  00:01:27 42.381683 -72.51937   3     16     48  
1.0  00:01:55 42.381668 -72.51933   4     11     47  
2.0  00:02:00 42.384014 -72.51828   5     12     40  
2.0  00:02:06 42.38389 -72.518364   5     11     41  
2.0  00:02:19 42.385674 -72.517555   5     12     46  
2.0  00:02:28 42.38698 -72.51713   3     15     51  
2.0  00:02:36 42.388157 -72.516945   5     10     56  
2.0  00:02:45 42.388775 -72.51685   3     11     58  
2.0  00:02:53 42.388844 -72.51733   3     18     44  
3.0  00:03:00 42.388935 -72.51774   3     19     40  
3.0  00:03:02 42.38893 -72.51772   3     13     58  
3.0  00:03:13 42.388935 -72.51778   3     17     52  
3.0  00:03:21 42.388943 -72.517784   3     18     54  
3.0  00:03:30 42.38895 -72.517784   3     15     47  
3.0  00:03:38 42.388954 -72.51775   5     10     52  
3.0  00:03:47 42.388935 -72.517815   5     18     51  
3.0  00:03:55 42.389233 -72.518234   5     17     42  
4.0  00:04:00 42.389122 -72.51871   3     19     43  
4.0  00:04:07 42.3891 -72.518776   5     12     41  
4.0  00:04:16 42.38935 -72.51894   3     10     42  
4.0  00:04:24 42.38981 -72.51906   4     15     42  
4.0  00:04:33 42.39025 -72.51918   5     18     49  
4.0  00:04:41 42.39059 -72.51964   3     14     46  
4.0  00:04:53 42.390957 -72.519745   5     12     51  
5.0  00:05:00 42.3916 -72.52006   4     17     48  
5.0  00:05:04 42.3916 -72.52006   5     19     50  
5.0  00:05:11 42.391872 -72.52007   4     19     48  
5.0  00:05:20 42.391846 -72.52008   4     19     45  
5.0  00:05:29 42.39184 -72.52007   3     15     49  
5.0  00:05:37 42.39187 -72.52008   4     11     40  
5.0  00:05:46 42.392117 -72.52022   5     10     47  
5.0  00:05:57 42.392487 -72.51966   4     19     58  
6.0  00:06:00 42.392673 -72.51893   5     11     40  
6.0  00:06:06 42.392708 -72.5187   3     10     40  
6.0  00:06:14 42.392788 -72.517845   3     16     45  
6.0  00:06:23 42.392708 -72.51703   5     19     56  
6.0  00:06:32 42.392635 -72.51652   3     15     44  
6.0  00:06:40 42.392952 -72.51625   5     16     41  
6.0  00:06:50 42.39396 -72.51583   4     13     58  
6.0  00:06:58 42.394875 -72.51562   5     16     43  
7.0  00:07:00 42.3954 -72.51552   5     11     56  
7.0  00:07:09 42.39559 -72.51546   4     10     54  
7.0  00:07:18 42.395542 -72.514656   3     19     40  
7.0  00:07:26 42.395283 -72.51387   3     12     40  
7.0  00:07:35 42.39514 -72.51297   3     16     53  
7.0  00:07:45 42.39518 -72.5123   4     15     48  
7.0  00:07:53 42.39482 -72.512024   4     14     58  
8.0  00:08:00 42.394745 -72.51125   5     12     54  
8.0  00:08:02 42.394722 -72.51133   3     10     41  
8.0  00:08:10 42.39488 -72.511055   3     18     57  
8.0  00:08:18 42.39499 -72.51099   3     17     52  
8.0  00:08:26 42.395348 -72.510925   3     18     53  
8.0  00:08:36 42.39559 -72.51129   5     10     46  
8.0  00:08:45 42.39599 -72.51106   3     18     54  
8.0  00:08:54 42.396328 -72.511185   3     18     46  
9.0  00:09:00 42.396347 -72.51215   5     10     41  
9.0  00:09:02 42.39636 -72.51206   5     16     47  
9.0  00:09:11 42.396107 -72.51278   3     10     50  
9.0  00:09:20 42.39548 -72.51317   4     18     55  
9.0  00:09:31 42.395153 -72.513374   5     18     53  
9.0  00:09:39 42.395306 -72.51403   4     12     52  
9.0  00:09:48 42.395576 -72.51483   4     10     57  
9.0  00:09:57 42.395664 -72.51539   4     11     43  
10.0  00:10:00 42.395767 -72.515495   3     12     46  
10.0  00:10:05 42.39583 -72.51548   3     16     45  
10.0  00:10:14 42.396843 -72.5154   3     13     54  
10.0  00:10:25 42.39808 -72.51559   5     19     45  
10.0  00:10:34 42.398476 -72.51574   5     12     55  
10.0  00:10:42 42.39825 -72.51657   5     16     50  
10.0  00:10:51 42.39784 -72.517784   3     13     57  
10.0  00:10:59 42.397522 -72.518715   3     12     45  
11.0  00:11:00 42.39737 -72.519325   3     19     40  
11.0  00:11:07 42.397285 -72.51984   5     12     43  
11.0  00:11:18 42.39719 -72.5211   4     11     45  
11.0  00:11:27 42.397163 -72.52174   3     10     49  
11.0  00:11:36 42.39712 -72.52187   3     16     54  
11.0  00:11:45 42.397076 -72.52207   3     10     57  
11.0  00:11:53 42.397057 -72.522156   5     10     52  
12.0  00:12:00 42.397083 -72.52202   4     12     40  
12.0  00:12:01 42.39706 -72.52213   5     16     51  
12.0  00:12:11 42.3971 -72.52194   5     17     50  
12.0  00:12:20 42.3971 -72.52188   4     11     42  
12.0  00:12:29 42.397106 -72.52183   3     18     48  
12.0  00:12:37 42.397106 -72.52181   3     14     50  
12.0  00:12:46 42.397114 -72.52179   5     10     49  
12.0  00:12:55 42.39711 -72.52179   3     10     45  
13.0  00:13:00 42.396976 -72.52256   3     16     49  
13.0  00:13:06 42.39695 -72.52267   3     10     59  
13.0  00:13:16 42.396576 -72.52354   4     19     44  
13.0  00:13:24 42.39599 -72.524506   4     15     41  
13.0  00:13:32 42.39569 -72.5254   4     11     52  
13.0  00:13:40 42.395416 -72.52625   4     19     40  
13.0  00:13:49 42.395206 -72.52684   5     17     55  
13.0  00:13:58 42.39457 -72.52666   3     14     56  
14.0  00:14:00 42.39427 -72.52647   5     14     59  
14.0  00:14:06 42.394047 -72.52634   5     12     58  
14.0  00:14:14 42.393543 -72.52608   5     17     46  
14.0  00:14:22 42.393406 -72.52602   4     18     41  
14.0  00:14:33 42.393406 -72.52602   3     16     54  
14.0  00:14:44 42.393425 -72.52603   4     11     53  
14.0  00:14:55 42.393406 -72.52601   3     16     44  
15.0  00:15:00 42.393 -72.52577   4     12     47  
15.0  00:15:03 42.393 -72.52577   5     15     50  
15.0  00:15:12 42.392334 -72.52554   4     14     49  
15.0  00:15:20 42.391533 -72.52534   4     17     58  
15.0  00:15:29 42.391006 -72.52527   4     16     45  
15.0  00:15:37 42.390835 -72.525246   5     10     51  
15.0  00:15:50 42.390797 -72.5252   5     18     57  
15.0  00:15:59 42.38991 -72.52502   4     10     58  
16.0  00:16:00 42.38955 -72.52492   5     16     46  
16.0  00:16:07 42.3892 -72.52477   5     17     47  
16.0  00:16:15 42.38842 -72.524376   5     12     51  
16.0  00:16:23 42.387917 -72.52402   5     14     40  
16.0  00:16:32 42.3878 -72.5239   4     11     59  
16.0  00:16:43 42.387737 -72.52376   4     14     49  
16.0  00:16:52 42.387325 -72.523155   3     15     47  
17.0  00:17:00 42.38672 -72.522514   3     19     46  
17.0  00:17:00 42.386497 -72.52243   4     17     44  
17.0  00:17:09 42.38608 -72.52251   5     19     49  
17.0  00:17:17 42.38602 -72.52298   5     11     59  
17.0  00:17:25 42.385925 -72.523865   4     14     56  
17.0  00:17:35 42.385674 -72.524925   3     14     56  
17.0  00:17:44 42.385895 -72.52525   3     19     47  
17.0  00:17:52 42.38653 -72.525505   4     14     57  
18.0  00:18:00 42.38718 -72.525826   5     14     58  
18.0  00:18:01 42.387043 -72.52572   5     13     40  
18.0  00:18:09 42.38727 -72.52625   3     10     53  
18.0  00:18:18 42.387096 -72.52646   4     10     43  
18.0  00:18:29 42.38691 -72.52641   3     19     40  
18.0  00:18:38 42.38629 -72.52615   3     18     58  
18.0  00:18:46 42.385674 -72.52591   3     10     43  
18.0  00:18:55 42.385483 -72.52587   5     16     56  
19.0  00:19:00 42.385307 -72.52655   4     17     44  
19.0  00:19:03 42.385307 -72.52655   3     15     45  
19.0  00:19:12 42.38509 -72.52747   5     14     46  
19.0  00:19:22 42.38495 -72.52832   4     15     52  
19.0  00:19:30 42.384933 -72.52838   4     14     59  
19.0  00:19:39 42.384937 -72.52839   4     12     42  
19.0  00:19:47 42.38486 -72.52853   4     16     57  
19.0  00:19:56 42.38485 -72.529366   5     16     44  
20.0  00:20:00 42.38504 -72.530235   3     12     41  
20.0  00:20:04 42.385063 -72.53033   4     14     43  
20.0  00:20:17 42.385098 -72.53162   5     11     40  
20.0  00:20:25 42.38488 -72.532394   3     19     46  
20.0  00:20:34 42.384712 -72.53264   5     15     45  
20.0  00:20:43 42.384033 -72.532234   4     16     57  
20.0  00:20:51 42.383247 -72.53195   5     16     49  
21.0  00:21:00 42.382313 -72.53181   3     13     52  
21.0  00:21:00 42.381897 -72.5318   5     11     43  
21.0  00:21:12 42.381023 -72.53188   4     16     42  
21.0  00:21:21 42.38002 -72.53202   5     17     54  
21.0  00:21:29 42.37895 -72.53218   5     11     53  
21.0  00:21:38 42.37775 -72.53235   3     17     42  
21.0  00:21:47 42.377518 -72.5328   5     14     47  
21.0  00:21:55 42.377537 -72.53371   4     11     40  
22.0  00:22:00 42.377544 -72.53414   4     12     49  
22.0  00:22:06 42.37755 -72.53419   3     10     45  
22.0  00:22:15 42.378136 -72.53422   5     17     41  
22.0  00:22:23 42.37889 -72.53412   4     11     57  
22.0  00:22:32 42.37947 -72.53405   5     10     41  
22.0  00:22:40 42.379726 -72.53403   4     17     51  
22.0  00:22:49 42.380234 -72.53398   4     19     54  
22.0  00:22:59 42.38088 -72.53392   5     12     52  
23.0  00:23:00 42.381207 -72.53389   3     14     50  
23.0  00:23:08 42.381474 -72.53386   4     14     51  
23.0  00:23:16 42.38204 -72.533806   4     13     59  
23.0  00:23:25 42.382187 -72.53376   4     17     47  
23.0  00:23:33 42.38221 -72.533165   5     14     54  
23.0  00:23:44 42.38232 -72.53222   4     17     42  
23.0  00:23:55 42.38237 -72.53188   3     18     50  
24.0  00:24:00 42.38242 -72.53129   3     13     59  
24.0  00:24:05 42.38242 -72.53129   3     11     47  
24.0  00:24:15 42.382435 -72.530426   3     12     55  
24.0  00:24:24 42.382717 -72.530136   3     18     45  
24.0  00:24:38 42.383156 -72.53031   4     16     46  
24.0  00:24:49 42.38307 -72.531075   5     19     41  
24.0  00:24:58 42.38304 -72.531685   3     18     51  
25.0  00:25:00 42.383034 -72.53176   3     18     45  
25.0  00:25:06 42.38307 -72.531876   5     17     50  
25.0  00:25:15 42.383694 -72.53205   3     10     51  
25.0  00:25:24 42.384544 -72.532364   4     19     45  
25.0  00:25:34 42.38473 -72.53245   5     17     51  
25.0  00:25:45 42.385014 -72.53185   5     12     40  
25.0  00:25:53 42.385113 -72.53113   4     18     46  
26.0  00:26:00 42.385082 -72.53113   5     11     48  
26.0  00:26:02 42.385086 -72.53112   3     12     56  
26.0  00:26:10 42.38508 -72.53113   5     16     40  
26.0  00:26:18 42.38509 -72.53113   5     18     59  
26.0  00:26:26 42.385094 -72.53107   5     18     40  
26.0  00:26:37 42.385647 -72.53088   5     14     58  
26.0  00:26:45 42.386497 -72.531204   5     13     44  
26.0  00:26:54 42.387455 -72.53159   5     12     57  
27.0  00:27:00 42.388493 -72.53201   4     18     53  
27.0  00:27:02 42.38839 -72.53197   3     17     51  
27.0  00:27:14 42.389214 -72.53232   4     18     45  
27.0  00:27:22 42.39031 -72.53278   4     14     50  
27.0  00:27:32 42.391376 -72.533226   4     16     48  
27.0  00:27:42 42.392136 -72.53354   3     18     48  
27.0  00:27:50 42.39273 -72.53364   5     17     55  
27.0  00:27:59 42.39307 -72.53276   4     15     41  
28.0  00:28:00 42.393272 -72.53246   4     17     53  
28.0  00:28:07 42.393436 -72.5325   5     11     49  
28.0  00:28:16 42.39345 -72.53293   5     17     41  
28.0  00:28:26 42.39364 -72.53329   3     13     57  
33.0  00:33:26 42.392395 -72.53612   5     18     58  
33.0  00:33:36 42.3924 -72.53611   5     18     41  
33.0  00:33:44 42.392403 -72.53604   5     10     54  
33.0  00:33:52 42.39238 -72.53543   3     17     58  
34.0  00:34:00 42.39245 -72.53475   4     15     47  
34.0  00:34:00 42.392506 -72.53449   3     11     43  
34.0  00:34:09 42.392597 -72.534035   5     12     40  
34.0  00:34:17 42.392673 -72.533875   3     16     43  
34.0  00:34:27 42.393463 -72.534134   4     19     54  
34.0  00:34:36 42.394352 -72.534325   3     18     44  
34.0  00:34:45 42.395096 -72.534096   5     13     42  
34.0  00:34:53 42.395374 -72.53321   3     13     57  
35.0  00:35:00 42.3956 -72.53183   4     10     57  
35.0  00:35:02 42.39555 -72.53206   4     14     57  
35.0  00:35:11 42.39576 -72.53128   4     10     40  
35.0  00:35:23 42.395805 -72.530556   3     10     57  
35.0  00:35:32 42.395412 -72.529755   5     11     52  
35.0  00:35:40 42.39493 -72.529015   3     11     54  
35.0  00:35:49 42.39479 -72.52803   5     13     55  
35.0  00:35:57 42.395054 -72.5272   5     19     57  
36.0  00:36:00 42.395027 -72.52687   4     12     56  
36.0  00:36:06 42.394947 -72.52683   3     10     56  
36.0  00:36:17 42.394135 -72.52636   4     12     54  
36.0  00:36:25 42.39357 -72.52608   5     14     48  
36.0  00:36:34 42.39339 -72.52603   3     12     40  
36.0  00:36:43 42.393394 -72.52604   4     16     54  
36.0  00:36:52 42.3934 -72.52605   5     18     50  
37.0  00:37:00 42.3934 -72.526054   4     11     50  
37.0  00:37:00 42.393394 -72.526054   3     18     49  
37.0  00:37:10 42.393322 -72.525955   4     11     56  
37.0  00:37:19 42.39281 -72.52573   5     11     50  
37.0  00:37:28 42.392063 -72.52549   4     15     57  
37.0  00:37:36 42.39142 -72.52533   5     12     44  
37.0  00:37:45 42.39092 -72.5253   4     19     42  
37.0  00:37:53 42.390835 -72.52529   5     18     43  
38.0  00:38:00 42.390816 -72.52527   4     10     43  
38.0  00:38:04 42.390816 -72.52527   5     13     40  
38.0  00:38:12 42.390373 -72.52514   3     18     43  
38.0  00:38:20 42.389706 -72.52497   3     17     55  
38.0  00:38:28 42.38901 -72.52469   4     10     56  
38.0  00:38:37 42.388336 -72.524315   5     15     53  
38.0  00:38:45 42.38785 -72.52396   3     13     45  
38.0  00:38:55 42.38777 -72.52389   4     11     47  
39.0  00:39:00 42.38776 -72.52388   4     13     59  
39.0  00:39:04 42.38776 -72.52388   5     12     45  
39.0  00:39:13 42.387455 -72.52336   3     18     44  
39.0  00:39:21 42.386894 -72.52265   5     19     40  
39.0  00:39:29 42.386307 -72.52241   5     11     45  
39.0  00:39:38 42.386066 -72.522484   4     12     54  
39.0  00:39:48 42.386078 -72.522484   5     13     58  
39.0  00:39:56 42.38608 -72.52249   5     10     45  
40.0  00:40:00 42.38608 -72.5225   5     11     53  
40.0  00:40:05 42.38608 -72.5225   3     19     46  
40.0  00:40:14 42.38598 -72.52253   4     19     44  
40.0  00:40:22 42.38566 -72.52222   5     11     40  
40.0  00:40:31 42.38501 -72.521675   5     14     52  
40.0  00:40:41 42.384155 -72.5212   3     11     51  
40.0  00:40:49 42.383507 -72.52086   4     17     59  
40.0  00:40:58 42.382824 -72.52047   4     18     40  
41.0  00:41:00 42.382343 -72.52014   3     16     44  
41.0  00:41:07 42.38219 -72.52001   4     16     45  
41.0  00:41:15 42.381676 -72.51949   5     13     53  
41.0  00:41:24 42.381588 -72.519394   3     11     43  
41.0  00:41:35 42.38159 -72.519394   4     17     40  
41.0  00:41:43 42.381588 -72.51939   4     17     51  
41.0  00:41:53 42.381596 -72.51939   3     13     45  
42.0  00:42:00 42.38155 -72.519325   5     14     40  
42.0  00:42:01 42.38156 -72.51934   3     15     53  
42.0  00:42:10 42.38157 -72.5192   4     10     46  
42.0  00:42:19 42.381992 -72.51909   5     19     45  
42.0  00:42:30 42.38207 -72.5191   4     14     55  
42.0  00:42:39 42.382313 -72.51912   4     15     44  
43.0  00:43:00 42.384697 -72.51789   3     12     47  
43.0  00:43:01 42.38312 -72.51886   4     19     53  
43.0  00:43:09 42.385437 -72.51765   3     14     45  
43.0  00:43:24 42.387077 -72.51711   5     16     47  
43.0  00:43:33 42.38799 -72.516975   4     18     41  
43.0  00:43:42 42.38868 -72.51689   4     12     43  
43.0  00:43:50 42.388863 -72.51743   4     12     53  
43.0  00:43:59 42.3889 -72.517654   5     11     55  
44.0  00:44:00 42.38889 -72.51767   4     10     42  
44.0  00:44:09 42.38888 -72.517685   4     11     40  
44.0  00:44:19 42.389027 -72.51801   5     11     41  
44.0  00:44:27 42.389133 -72.51854   4     12     58  
44.0  00:44:35 42.389175 -72.5189   4     12     55  
44.0  00:44:43 42.38959 -72.51898   5     13     40  
44.0  00:44:52 42.39007 -72.51911   5     16     56  
45.0  00:45:00 42.39061 -72.51967   3     11     43  
45.0  00:45:04 42.39058 -72.51962   3     13     42  
45.0  00:45:12 42.39105 -72.51976   4     10     50  
45.0  00:45:21 42.391502 -72.52002   4     10     50  
45.0  00:45:30 42.39203 -72.520164   3     18     49  
45.0  00:45:38 42.392467 -72.51993   5     12     55  
45.0  00:45:47 42.392597 -72.51926   5     16     42  
45.0  00:45:57 42.39278 -72.51818   3     13     59  
46.0  00:46:00 42.392754 -72.51753   3     19     55  
46.0  00:46:06 42.392735 -72.5173   3     18     44  
46.0  00:46:15 42.39264 -72.51653   4     16     52  
46.0  00:46:24 42.39277 -72.51629   4     12     48  
46.0  00:46:32 42.393658 -72.51591   4     14     59  
46.0  00:46:40 42.394676 -72.51564   4     17     51  
46.0  00:46:50 42.395626 -72.51539   4     13     48  
46.0  00:46:59 42.39558 -72.51486   3     19     59  
47.0  00:47:00 42.395443 -72.51436   5     13     59  
47.0  00:47:08 42.3953 -72.51397   3     11     53  
47.0  00:47:17 42.395134 -72.513115   4     17     48  
47.0  00:47:25 42.39514 -72.5123   4     16     50  
47.0  00:47:34 42.39479 -72.51194   5     16     57  
47.0  00:47:45 42.39484 -72.51113   4     14     44  
47.0  00:47:54 42.39493 -72.51102   5     12     51  
48.0  00:48:00 42.394985 -72.511024   4     19     57  
48.0  00:48:03 42.394985 -72.511024   5     16     46  
48.0  00:48:11 42.395023 -72.51103   5     18     40  
48.0  00:48:20 42.395046 -72.51103   3     16     43  
48.0  00:48:29 42.395046 -72.51103   3     17     53  
48.0  00:48:39 42.39505 -72.51103   3     15     52  
48.0  00:48:47 42.39505 -72.51104   3     15     57  
48.0  00:48:56 42.395042 -72.51104   4     10     59  
49.0  00:49:00 42.395035 -72.51104   4     12     47  
49.0  00:49:04 42.395035 -72.51104   4     10     49  
49.0  00:49:13 42.395042 -72.51103   4     14     56  
49.0  00:49:21 42.39535 -72.51094   5     12     41  
49.0  00:49:31 42.395706 -72.51123   3     18     41  
49.0  00:49:39 42.39612 -72.511   3     13     44  
49.0  00:49:48 42.39636 -72.51136   4     16     57  
49.0  00:49:56 42.396366 -72.51224   5     19     53  
50.0  00:50:00 42.395996 -72.51291   3     13     58  
50.0  00:50:05 42.395935 -72.51296   3     15     40  
50.0  00:50:14 42.395313 -72.51321   3     14     53  
50.0  00:50:24 42.39514 -72.51343   3     16     45  
50.0  00:50:33 42.3954 -72.51431   3     15     53  
50.0  00:50:42 42.39566 -72.5152   5     19     59  
50.0  00:50:50 42.395718 -72.51544   3     11     48  
50.0  00:50:58 42.39639 -72.51541   5     14     43  
51.0  00:51:00 42.39699 -72.515434   5     17     47  
51.0  00:51:07 42.397335 -72.51548   4     10     58  
51.0  00:51:21 42.39848 -72.51578   3     17     46  
51.0  00:51:30 42.398205 -72.51668   3     19     56  
51.0  00:51:38 42.39786 -72.51768   5     12     54  
51.0  00:51:47 42.397507 -72.51872   3     14     48  
51.0  00:51:55 42.397297 -72.51961   5     11     56  
52.0  00:52:00 42.397198 -72.52073   3     12     43  
52.0  00:52:04 42.39721 -72.5206   3     16     58  
52.0  00:52:15 42.397156 -72.52167   3     17     51  
52.0  00:52:23 42.39714 -72.5217   4     18     56  
52.0  00:52:32 42.39714 -72.521675   4     11     45  
52.0  00:52:40 42.39714 -72.52167   5     16     56  
52.0  00:52:48 42.39709 -72.52178   3     13     54  
52.0  00:52:56 42.397003 -72.52244   3     16     42  
53.0  00:53:00 42.396786 -72.52316   4     18     45  
53.0  00:53:07 42.39668 -72.52334   4     15     51  
53.0  00:53:15 42.39611 -72.52413   3     15     56  
53.0  00:53:24 42.395725 -72.525215   4     16     52  
53.0  00:53:32 42.395435 -72.52612   5     18     59  
53.0  00:53:41 42.395164 -72.526924   4     12     48  
53.0  00:53:50 42.394768 -72.52681   3     16     54  
54.0  00:54:00 42.39401 -72.52634   3     12     50  
54.0  00:54:00 42.393738 -72.52617   3     12     53  
54.0  00:54:09 42.393513 -72.52609   5     14     48  
54.0  00:54:18 42.39337 -72.526024   4     12     44  
54.0  00:54:26 42.393375 -72.52602   5     10     47  
54.0  00:54:34 42.393387 -72.52601   3     19     42  
54.0  00:54:43 42.39339 -72.52602   5     12     43  
54.0  00:54:54 42.39338 -72.52598   5     15     58  
55.0  00:55:00 42.392845 -72.5257   5     12     44  
55.0  00:55:03 42.392925 -72.525734   3     16     50  
55.0  00:55:11 42.392178 -72.5255   4     13     51  
55.0  00:55:20 42.391533 -72.525314   5     14     49  
55.0  00:55:28 42.390972 -72.52526   4     19     46  
55.0  00:55:37 42.39086 -72.52525   3     19     51  
55.0  00:55:47 42.390854 -72.52526   3     15     46  
55.0  00:55:56 42.39051 -72.525154   3     16     52  
56.0  00:56:00 42.389828 -72.525   4     13     53  
56.0  00:56:04 42.389744 -72.52498   4     17     58  
56.0  00:56:12 42.38913 -72.52475   4     12     47  
56.0  00:56:21 42.38862 -72.5245   3     11     43  
56.0  00:56:30 42.388084 -72.52414   5     13     45  
56.0  00:56:40 42.387833 -72.52394   3     13     55  
56.0  00:56:49 42.387836 -72.52393   4     14     40  
56.0  00:56:57 42.387833 -72.523926   5     12     53  
57.0  00:57:00 42.38783 -72.523926   3     16     49  
57.0  00:57:07 42.387833 -72.523926   5     10     55  
57.0  00:57:15 42.38773 -72.52373   5     18     52  
57.0  00:57:23 42.38722 -72.523   5     14     53  
57.0  00:57:33 42.38654 -72.522415   3     12     52  
57.0  00:57:42 42.386105 -72.52248   4     18     40  
57.0  00:57:51 42.38598 -72.52263   4     15     50  
57.0  00:57:59 42.386 -72.52349   4     10     45  
58.0  00:58:00 42.38588 -72.52401   5     10     43  
58.0  00:58:08 42.385765 -72.524506   3     11     52  
58.0  00:58:17 42.385735 -72.52522   5     17     49  
58.0  00:58:28 42.386497 -72.52552   4     19     42  
58.0  00:58:37 42.387074 -72.5258   4     10     47  
58.0  00:58:46 42.387196 -72.52638   5     12     45  
58.0  00:58:54 42.387074 -72.52646   5     17     55  
59.0  00:59:00 42.386967 -72.52644   3     13     56  
59.0  00:59:03 42.387005 -72.52646   4     14     55  
59.0  00:59:11 42.386475 -72.526215   3     14     49  
59.0  00:59:26 42.385582 -72.52587   5     12     53  
59.0  00:59:36 42.38539 -72.526085   5     14     45  
59.0  00:59:45 42.385204 -72.52695   4     17     48  
59.0  00:59:53 42.38494 -72.52806   4     12     46  
60.0  01:00:00 42.38481 -72.52925   5     16     52  
60.0  01:00:03 42.3848 -72.52901   3     12     51  
60.0  01:00:23 42.385 -72.53014   3     10     57  
60.0  01:00:26 42.385 -72.53014   4     13     54  
60.0  01:00:36 42.384895 -72.53234   4     17     54  
60.0  01:00:45 42.3848 -72.53257   3     14     52  
60.0  01:00:53 42.384342 -72.53243   3     11     49  
61.0  01:01:00 42.38317 -72.53196   5     15     59  
61.0  01:01:02 42.383392 -72.53201   3     17     40  
61.0  01:01:10 42.38255 -72.53184   4     18     55  
61.0  01:01:18 42.381676 -72.531815   3     13     56  
61.0  01:01:30 42.380604 -72.53194   4     14     52  
61.0  01:01:38 42.37959 -72.532074   4     17     41  
61.0  01:01:47 42.378563 -72.532196   5     12     54  
61.0  01:01:55 42.37769 -72.532295   3     12     53  
62.0  01:02:00 42.377506 -72.53273   3     16     40  
62.0  01:02:04 42.377506 -72.53273   5     11     58  
62.0  01:02:13 42.377525 -72.533485   5     14     53  
62.0  01:02:24 42.377544 -72.53409   4     11     40  
62.0  01:02:33 42.37793 -72.53417   3     17     53  
62.0  01:02:41 42.378532 -72.53411   3     15     44  
62.0  01:02:50 42.379112 -72.53406   3     15     50  
62.0  01:02:59 42.3795 -72.534   4     18     54  
63.0  01:03:00 42.379623 -72.53399   4     14     48  
63.0  01:03:07 42.37984 -72.533966   4     13     59  
63.0  01:03:19 42.380478 -72.53392   5     11     45  
63.0  01:03:27 42.381065 -72.53387   5     15     56  
63.0  01:03:36 42.38167 -72.533806   4     18     46  
63.0  01:03:44 42.382076 -72.533775   5     14     57  
63.0  01:03:53 42.382206 -72.53352   5     11     46  
64.0  01:04:00 42.38225 -72.532486   5     16     47  
64.0  01:04:01 42.38223 -72.53267   3     12     59  
64.0  01:04:12 42.38233 -72.53199   3     17     54  
64.0  01:04:20 42.382343 -72.53191   5     10     53  
64.0  01:04:29 42.382347 -72.5319   3     18     49  
64.0  01:04:38 42.382397 -72.53147   4     16     55  
64.0  01:04:46 42.382423 -72.53077   4     17     57  
64.0  01:04:55 42.38246 -72.5302   4     10     42  
65.0  01:05:00 42.38259 -72.53009   5     16     48  
65.0  01:05:06 42.38259 -72.5301   4     18     52  
65.0  01:05:14 42.38294 -72.53014   4     16     47  
65.0  01:05:23 42.383163 -72.53047   4     15     40  
65.0  01:05:31 42.383095 -72.53109   5     12     52  
65.0  01:05:40 42.383057 -72.53168   4     12     53  
65.0  01:05:49 42.383156 -72.5319   3     13     54  
66.0  01:06:00 42.38424 -72.53223   5     12     51  
66.0  01:06:00 42.38446 -72.53232   4     12     50  
66.0  01:06:08 42.384697 -72.53243   5     14     43  
66.0  01:06:16 42.384888 -72.532234   5     15     52  
66.0  01:06:24 42.385075 -72.53146   3     13     51  
66.0  01:06:33 42.385174 -72.53088   5     17     43  
66.0  01:06:41 42.38591 -72.530945   3     12     46  
66.0  01:06:51 42.38697 -72.53138   3     11     43  
67.0  01:07:00 42.387833 -72.53173   5     16     44  
67.0  01:07:00 42.38824 -72.531906   3     13     54  
67.0  01:07:12 42.388737 -72.53211   3     17     44  
67.0  01:07:20 42.389923 -72.532616   4     12     50  
67.0  01:07:29 42.390778 -72.532974   5     11     52  
67.0  01:07:37 42.391567 -72.533325   4     17     52  
67.0  01:07:47 42.392376 -72.533676   4     12     40  
67.0  01:07:56 42.392635 -72.534164   3     17     49  
68.0  01:08:00 42.392452 -72.53487   4     17     53  
68.0  01:08:04 42.39243 -72.53495   3     16     58  
68.0  01:08:12 42.39243 -72.53558   4     18     54  
68.0  01:08:21 42.392647 -72.53612   4     17     58  
68.0  01:08:29 42.392437 -72.53646   5     16     43  
68.0  01:08:40 42.39238 -72.536125   4     10     43  
68.0  01:08:49 42.39238 -72.53611   5     19     57  
68.0  01:08:58 42.39238 -72.53611   4     16     58  
69.0  01:09:00 42.39238 -72.53611   4     17     56  
69.0  01:09:06 42.39238 -72.53611   3     10     48  
69.0  01:09:14 42.39238 -72.53611   5     11     41  
69.0  01:09:27 42.39238 -72.53611   4     10     46  
69.0  01:09:38 42.39238 -72.53611   4     14     50  
69.0  01:09:46 42.39238 -72.53611   4     10     53  
69.0  01:09:54 42.39238 -72.53611   3     14     51  
70.0  01:10:00 42.39238 -72.5361   5     11     51  
70.0  01:10:03 42.39238 -72.5361   4     11     55  
70.0  01:10:12 42.39238 -72.5361   5     11     50  
70.0  01:10:21 42.392384 -72.536095   3     11     41  
70.0  01:10:31 42.392387 -72.536095   5     13     52  
70.0  01:10:40 42.392387 -72.53609   5     14     59  
70.0  01:10:49 42.392387 -72.53609   5     15     52  
70.0  01:10:57 42.392387 -72.53609   3     18     40  
71.0  01:11:00 42.392387 -72.53609   4     17     45  
71.0  01:11:06 42.392387 -72.53609   5     15     42  
71.0  01:11:15 42.392387 -72.536095   4     14     50  
71.0  01:11:25 42.392384 -72.53609   3     13     54  
71.0  01:11:34 42.39238 -72.53609   3     13     51  
71.0  01:11:42 42.39238 -72.53609   3     17     49  
71.0  01:11:51 42.392376 -72.53609   3     13     55  
72.0  01:12:00 42.392376 -72.53609   3     19     59  
72.0  01:12:00 42.39238 -72.536095   4     11     55  
72.0  01:12:08 42.39238 -72.536095   3     10     42  
72.0  01:12:18 42.39237 -72.53606   5     18     44  
72.0  01:12:27 42.39236 -72.53605   3     11     46  
72.0  01:12:36 42.39236 -72.536064   5     19     50  
72.0  01:12:44 42.392365 -72.53607   4     12     56  
72.0  01:12:53 42.39237 -72.53608   3     12     47  
73.0  01:13:00 42.39237 -72.53608   5     17     48  
73.0  01:13:02 42.39237 -72.53608   5     10     42  
73.0  01:13:12 42.39237 -72.53609   5     17     55  
73.0  01:13:20 42.392365 -72.53607   4     17     53  
73.0  01:13:29 42.392365 -72.536064   5     18     58  
73.0  01:13:37 42.39237 -72.53607   3     11     41  
73.0  01:13:46 42.392376 -72.53602   4     13     41  
73.0  01:13:54 42.392365 -72.535355   4     19     45  
74.0  01:14:00 42.39247 -72.53455   3     18     57  
74.0  01:14:05 42.39249 -72.53447   5     17     48  
74.0  01:14:14 42.39259 -72.533966   3     13     51  
74.0  01:14:22 42.392754 -72.53385   3     16     54  
74.0  01:14:31 42.39348 -72.53413   5     15     43  
74.0  01:14:39 42.394184 -72.53428   5     13     48  
74.0  01:14:48 42.39484 -72.53428   3     15     44  
74.0  01:14:59 42.395355 -72.53323   5     14     59  
75.0  01:15:00 42.395454 -72.53249   3     17     45  
75.0  01:15:07 42.3955 -72.53219   5     16     51  
75.0  01:15:16 42.395668 -72.5315   5     10     45  
75.0  01:15:25 42.39582 -72.53086   5     10     47  
75.0  01:15:34 42.3957 -72.53023   4     13     41  
75.0  01:15:42 42.3952 -72.52943   4     16     42  
75.0  01:15:53 42.39477 -72.528305   5     10     40  
76.0  01:16:00 42.395054 -72.52726   4     18     44  
76.0  01:16:02 42.394993 -72.52745   5     19     41  
76.0  01:16:11 42.39513 -72.5269   5     17     46  
76.0  01:16:19 42.394688 -72.526665   3     17     50  
76.0  01:16:28 42.394093 -72.52633   3     18     57  
76.0  01:16:37 42.39352 -72.52606   3     14     46  
76.0  01:16:49 42.393394 -72.52601   5     13     56  
76.0  01:16:58 42.393402 -72.52602   4     19     51  
77.0  01:17:00 42.393402 -72.526024   4     13     47  
77.0  01:17:06 42.393394 -72.52602   4     11     57  
77.0  01:17:14 42.39327 -72.52589   3     15     59  
77.0  01:17:23 42.3927 -72.52566   5     12     40  
77.0  01:17:32 42.39196 -72.5254   4     18     52  
77.0  01:17:43 42.391075 -72.52522   3     14     45  
77.0  01:17:51 42.390823 -72.52524   4     19     54  
77.0  01:17:59 42.390728 -72.52518   5     18     47  
78.0  01:18:00 42.390453 -72.525116   4     19     44  
78.0  01:18:08 42.390083 -72.52505   3     10     43  
78.0  01:18:16 42.389248 -72.5248   5     17     56  
78.0  01:18:24 42.388565 -72.524475   5     11     56  
78.0  01:18:34 42.38789 -72.52403   5     19     42  
78.0  01:18:43 42.387814 -72.523926   5     15     53  
78.0  01:18:52 42.387814 -72.523895   3     17     57  
79.0  01:19:00 42.387817 -72.52388   4     12     55  
79.0  01:19:01 42.387814 -72.52388   3     18     43  
79.0  01:19:09 42.387814 -72.523865   3     12     58  
79.0  01:19:18 42.38757 -72.52349   5     18     46  
79.0  01:19:29 42.386845 -72.5226   4     11     54  
79.0  01:19:37 42.38621 -72.52241   3     11     49  
79.0  01:19:45 42.38606 -72.52247   4     17     44  
79.0  01:19:54 42.386066 -72.522484   5     17     56  
80.0  01:20:00 42.386074 -72.522484   3     11     51  
80.0  01:20:03 42.386074 -72.522484   4     15     52  
80.0  01:20:11 42.38605 -72.522484   4     18     47  
80.0  01:20:21 42.38571 -72.522354   4     16     47  
80.0  01:20:29 42.38533 -72.52184   5     13     58  
80.0  01:20:42 42.384758 -72.52154   3     12     48  
80.0  01:20:50 42.38443 -72.52133   3     11     58  
80.0  01:20:59 42.384186 -72.52119   5     16     55  
81.0  01:21:00 42.383804 -72.52097   5     11     40  
81.0  01:21:08 42.383568 -72.52085   3     11     41  
81.0  01:21:18 42.383034 -72.52059   5     12     47  
81.0  01:21:27 42.38225 -72.520035   4     17     45  
81.0  01:21:36 42.38168 -72.51949   5     13     47  
81.0  01:21:44 42.381596 -72.519394   3     14     44  
81.0  01:21:53 42.38161 -72.51941   3     18     42  
82.0  01:22:00 42.381626 -72.51942   3     12     55  
82.0  01:22:01 42.381622 -72.51942   5     18     46  
82.0  01:22:12 42.381634 -72.519424   3     18     49  
82.0  01:22:21 42.38164 -72.519424   4     12     53  
82.0  01:22:29 42.38164 -72.519424   5     19     45  
82.0  01:22:38 42.38158 -72.51924   4     15     44  
82.0  01:22:48 42.381947 -72.5191   5     19     56  
82.0  01:22:56 42.38204 -72.51908   3     12     54  
83.0  01:23:00 42.382046 -72.51908   4     13     56  
83.0  01:23:06 42.382046 -72.51908   5     18     52  
83.0  01:23:15 42.38205 -72.51907   3     13     51  
83.0  01:23:24 42.382065 -72.51907   4     16     48  
83.0  01:23:34 42.382565 -72.51905   3     18     54  
84.0  01:24:00 42.386105 -72.51742   4     18     46  
84.0  01:24:19 42.388298 -72.51693   4     12     55  
84.0  01:24:24 42.38858 -72.51687   4     11     46  
85.0  01:25:00 42.388973 -72.51785   3     19     44  
85.0  01:25:11 42.389256 -72.51834   5     16     53  
86.0  01:26:00 42.390575 -72.51953   3     15     55  
87.0  01:27:00 42.392475 -72.51967   5     15     57  
88.0  01:28:00 42.394573 -72.51566   3     14     55  
89.0  01:29:00 42.394833 -72.51107   4     14     42  
90.0  01:30:00 42.39552 -72.513145   4     13     48  
90.0  01:30:59 42.397686 -72.51554   4     17     42  
91.0  01:31:00 42.397938 -72.51558   4     14     58  
91.0  01:31:05 42.39824 -72.515625   5     11     48  
91.0  01:31:10 42.398464 -72.51578   5     18     57  
91.0  01:31:15 42.398403 -72.516136   4     14     42  
92.0  01:32:00 42.397182 -72.52154   5     13     44  
93.0  01:33:00 42.396572 -72.52346   4     18     55  
93.0  01:33:29 42.395348 -72.52643   4     13     40  
93.0  01:33:37 42.395237 -72.526764   3     15     52  
93.0  01:33:42 42.39522 -72.52681   4     13     49  
93.0  01:33:48 42.39522 -72.526794   4     10     44  
93.0  01:33:53 42.39522 -72.526794   5     13     53  
93.0  01:33:58 42.395195 -72.52686   4     17     53  
94.0  01:34:00 42.395023 -72.52694   4     16     46  
94.0  01:34:03 42.39497 -72.52691   4     10     48  
94.0  01:34:26 42.393505 -72.52606   4     15     41  
94.0  01:34:31 42.39339 -72.52601   5     15     49  
94.0  01:34:36 42.39339 -72.52599   4     15     50  
94.0  01:34:41 42.393402 -72.52598   3     12     50  
94.0  01:34:46 42.393406 -72.52597   4     14     57  
94.0  01:34:51 42.393402 -72.525986   5     19     50  
94.0  01:34:57 42.3934 -72.52599   3     13     49  
95.0  01:35:00 42.393394 -72.52601   5     10     49  
95.0  01:35:02 42.393394 -72.52601   4     17     48  
95.0  01:35:07 42.393394 -72.52602   3     14     56  
96.0  01:36:00 42.390827 -72.52524   3     18     49  
96.0  01:36:34 42.38874 -72.52451   4     19     57  
97.0  01:37:00 42.387764 -72.52385   5     14     42  
98.0  01:38:00 42.385956 -72.5237   4     14     46  
98.0  01:38:17 42.38568 -72.52513   4     16     50  
98.0  01:38:22 42.38593 -72.52524   3     14     45  
98.0  01:38:35 42.386257 -72.525375   3     17     41  
98.0  01:38:43 42.387154 -72.525795   3     13     46  
98.0  01:38:52 42.38713 -72.52641   5     17     53  
98.0  01:38:57 42.387108 -72.52641   4     15     40  
99.0  01:39:00 42.38712 -72.52639   4     11     58  
99.0  01:39:02 42.38712 -72.52639   5     16     48  
99.0  01:39:07 42.387115 -72.52638   5     16     45  
99.0  01:39:12 42.387104 -72.52639   4     12     50  
99.0  01:39:17 42.38706 -72.5264   3     11     40  
99.0  01:39:22 42.38685 -72.52631   3     19     41  
100.0  01:40:00 42.385414 -72.526   4     13     43  
100.0  01:40:00 42.38538 -72.52616   3     19     47  
100.0  01:40:06 42.38529 -72.52658   4     12     41  
101.0  01:41:00 42.384926 -72.52834   4     16     42  
101.0  01:41:35 42.38489 -72.52838   4     12     48  
101.0  01:41:45 42.38484 -72.52845   4     19     46  
101.0  01:41:53 42.384804 -72.52914   3     18     44  
102.0  01:42:00 42.385036 -72.53028   5     12     51  
102.0  01:42:02 42.385 -72.530106   5     17     42  
102.0  01:42:10 42.385105 -72.530624   5     12     41  
102.0  01:42:19 42.38511 -72.53145   3     16     43  
102.0  01:42:27 42.384926 -72.53223   3     16     50  
102.0  01:42:39 42.384674 -72.53261   4     10     41  
102.0  01:42:48 42.384064 -72.53225   4     10     53  
102.0  01:42:57 42.383293 -72.53197   3     11     51  
103.0  01:43:00 42.382652 -72.53184   5     11     49  
103.0  01:43:06 42.382465 -72.531815   4     15     46  
103.0  01:43:14 42.381832 -72.53182   4     13     45  
103.0  01:43:22 42.38171 -72.531906   5     17     44  
103.0  01:43:33 42.381668 -72.53192   3     11     43  
103.0  01:43:44 42.38114 -72.53189   4     10     40  
103.0  01:43:53 42.379707 -72.53206   3     19     52  
104.0  01:44:00 42.378258 -72.53219   3     12     48  
104.0  01:44:01 42.37851 -72.53217   3     13     59  
104.0  01:44:10 42.37768 -72.532295   5     16     54  
104.0  01:44:19 42.377506 -72.53281   4     18     46  
104.0  01:44:30 42.377537 -72.533806   5     11     40  
104.0  01:44:39 42.377556 -72.534164   3     15     54  
104.0  01:44:51 42.377945 -72.53422   3     10     49  
105.0  01:45:00 42.379314 -72.534065   4     19     49  
105.0  01:45:05 42.378933 -72.5341   5     10     58  
105.0  01:45:14 42.379566 -72.534035   5     12     42  
105.0  01:45:25 42.380264 -72.533966   4     18     57  
105.0  01:45:34 42.380962 -72.533905   3     18     48  
105.0  01:45:42 42.38152 -72.53385   3     10     59  
105.0  01:45:51 42.382027 -72.5338   5     16     54  
105.0  01:45:59 42.38218 -72.53366   4     14     53  
106.0  01:46:00 42.382168 -72.53329   3     18     45  
106.0  01:46:07 42.382183 -72.533   3     13     46  
106.0  01:46:18 42.382305 -72.53206   5     11     48  
106.0  01:46:27 42.3823 -72.53192   4     18     45  
106.0  01:46:35 42.382385 -72.531136   3     14     45  
106.0  01:46:44 42.38243 -72.53034   5     18     46  
106.0  01:46:53 42.38265 -72.53008   4     16     50  
107.0  01:47:00 42.383118 -72.53034   3     19     48  
107.0  01:47:01 42.383038 -72.53019   4     15     53  
107.0  01:47:13 42.38307 -72.53096   3     19     59  
107.0  01:47:21 42.383038 -72.53165   3     10     57  
107.0  01:47:30 42.383083 -72.53186   4     19     52  
107.0  01:47:39 42.383835 -72.532104   4     16     41  
107.0  01:47:47 42.384632 -72.53241   5     14     58  
107.0  01:47:56 42.384823 -72.53241   3     14     55  
108.0  01:48:00 42.385056 -72.53168   4     11     53  
108.0  01:48:06 42.385067 -72.531586   4     12     43  
108.0  01:48:15 42.385105 -72.53108   4     17     50  
108.0  01:48:24 42.385098 -72.53104   4     16     48  
108.0  01:48:32 42.385143 -72.53085   3     15     47  
108.0  01:48:40 42.385727 -72.53087   4     15     57  
108.0  01:48:49 42.386562 -72.53121   3     12     47  
108.0  01:48:59 42.38769 -72.53168   5     14     43  
109.0  01:49:00 42.388237 -72.531906   4     16     40  
109.0  01:49:08 42.388657 -72.53208   4     16     46  
109.0  01:49:16 42.389458 -72.53242   5     13     57  
109.0  01:49:25 42.39031 -72.53278   4     19     59  
109.0  01:49:34 42.39112 -72.53316   3     14     47  
109.0  01:49:42 42.391838 -72.533455   5     16     55  
109.0  01:49:52 42.392605 -72.53384   4     10     48  
110.0  01:50:00 42.392513 -72.534645   3     14     58  
110.0  01:50:01 42.392574 -72.5344   4     17     43  
110.0  01:50:10 42.39239 -72.535126   3     18     51  
110.0  01:50:18 42.392387 -72.53584   4     18     54  
110.0  01:50:27 42.39263 -72.53647   3     16     50  
110.0  01:50:35 42.3925 -72.536736   5     12     50  
110.0  01:50:45 42.392384 -72.536194   5     17     42  
110.0  01:50:54 42.392384 -72.5361   4     10     45  
111.0  01:51:00 42.39238 -72.53608   4     14     57  
111.0  01:51:03 42.39238 -72.53609   4     11     40  
111.0  01:51:14 42.39238 -72.53608   3     15     41  
111.0  01:51:22 42.39238 -72.53607   5     14     57  
111.0  01:51:31 42.392384 -72.53609   3     16     51  
111.0  01:51:41 42.392387 -72.5361   5     14     41  
111.0  01:51:49 42.392387 -72.53611   4     14     43  
111.0  01:51:58 42.39239 -72.53612   3     19     50  
112.0  01:52:00 42.392387 -72.53609   5     13     45  
112.0  01:52:06 42.392387 -72.536064   4     13     42  
112.0  01:52:15 42.392387 -72.536026   4     15     46  
112.0  01:52:23 42.392387 -72.53598   4     14     47  
112.0  01:52:37 42.392387 -72.53591   5     16     43  
112.0  01:52:46 42.392395 -72.53592   3     11     40  
112.0  01:52:54 42.3924 -72.53593   4     12     54  
113.0  01:53:00 42.392395 -72.535965   4     19     51  
113.0  01:53:03 42.392395 -72.53596   3     19     55  
113.0  01:53:11 42.392395 -72.53599   5     10     49  
113.0  01:53:20 42.392395 -72.536   4     16     43  
113.0  01:53:31 42.39239 -72.536   3     12     55  
113.0  01:53:39 42.392395 -72.535995   5     16     55  
113.0  01:53:47 42.3924 -72.53572   5     10     54  
113.0  01:53:56 42.3924 -72.53495   3     16     58  
114.0  01:54:00 42.39254 -72.53426   5     16     54  
114.0  01:54:05 42.39254 -72.53426   3     12     47  
114.0  01:54:15 42.392597 -72.533936   5     13     47  
114.0  01:54:25 42.393074 -72.534035   4     13     57  
114.0  01:54:34 42.39391 -72.53426   5     19     45  
114.0  01:54:43 42.394596 -72.534386   4     14     49  
114.0  01:54:51 42.3952 -72.53389   5     19     41  
115.0  01:55:00 42.395393 -72.53287   3     13     56  
115.0  01:55:00 42.39546 -72.532425   3     18     47  
115.0  01:55:08 42.395527 -72.532005   4     15     45  
115.0  01:55:18 42.395767 -72.531204   4     17     41  
115.0  01:55:27 42.3958 -72.53061   4     12     51  
115.0  01:55:35 42.39551 -72.52996   5     11     40  
115.0  01:55:44 42.39499 -72.52912   4     12     41  
115.0  01:55:53 42.394775 -72.528305   5     12     52  
116.0  01:56:00 42.39508 -72.52715   5     12     45  
116.0  01:56:01 42.395008 -72.52739   5     15     40  
116.0  01:56:13 42.39512 -72.52702   4     15     43  
116.0  01:56:21 42.39513 -72.52689   4     14     54  
116.0  01:56:30 42.39476 -72.526665   5     14     46  
116.0  01:56:38 42.394085 -72.52632   5     19     51  
116.0  01:56:46 42.393585 -72.52605   3     14     51  
116.0  01:56:54 42.39349 -72.52598   4     11     53  
117.0  01:57:00 42.393517 -72.52597   3     13     52  
117.0  01:57:05 42.393517 -72.52597   4     18     51  
117.0  01:57:14 42.393517 -72.52596   4     17     44  
117.0  01:57:23 42.393517 -72.52597   4     15     58  
117.0  01:57:31 42.3935 -72.52596   4     10     45  
117.0  01:57:39 42.393383 -72.5259   3     12     43  
117.0  01:57:48 42.39294 -72.52569   3     16     46  
117.0  01:57:58 42.392033 -72.525375   5     19     56  
118.0  01:58:00 42.391533 -72.52525   4     11     43  
118.0  01:58:07 42.39131 -72.525215   4     12     51  
118.0  01:58:16 42.39101 -72.52522   4     13     45  
118.0  01:58:25 42.39095 -72.525246   4     13     40  
118.0  01:58:33 42.390957 -72.525246   5     11     58  
118.0  01:58:41 42.39097 -72.52522   3     19     51  
118.0  01:58:51 42.39097 -72.52522   4     13     56  
118.0  01:58:59 42.39097 -72.525215   4     11     51  
119.0  01:59:00 42.390965 -72.52522   4     10     54  
119.0  01:59:08 42.390965 -72.52522   3     17     46  
119.0  01:59:17 42.390965 -72.52523   4     15     50  
119.0  01:59:24 42.39096 -72.525215   3     14     58  
119.0  01:59:32 42.390957 -72.5252   3     15     41  
119.0  01:59:42 42.390953 -72.5252   3     11     54  
119.0  01:59:50 42.390957 -72.5252   3     17     59  
119.0  01:59:58 42.390915 -72.52517   4     10     42  
120.0  02:00:00 42.39071 -72.52513   5     13     41  
120.0  02:00:06 42.390587 -72.525116   4     11     56  
120.0  02:00:15 42.38994 -72.524994   4     12     40  
120.0  02:00:23 42.389183 -72.52474   3     11     44  
120.0  02:00:33 42.38834 -72.52432   3     19     54  
120.0  02:00:41 42.387917 -72.52405   3     19     59  
120.0  02:00:49 42.387894 -72.524   5     10     51  
120.0  02:00:58 42.387905 -72.524   4     12     50  
121.0  02:01:00 42.387905 -72.524   3     11     41  
121.0  02:01:07 42.387905 -72.52399   5     19     41  
121.0  02:01:16 42.3879 -72.52389   5     11     43  
121.0  02:01:27 42.387783 -72.52375   4     10     49  
121.0  02:01:35 42.38771 -72.52364   3     18     55  
121.0  02:01:44 42.3873 -72.52306   4     13     53  
121.0  02:01:53 42.386665 -72.52243   5     15     54  
122.0  02:02:00 42.386074 -72.52248   3     15     44  
122.0  02:02:01 42.3861 -72.52245   3     13     59  
122.0  02:02:09 42.386086 -72.52249   3     19     41  
122.0  02:02:21 42.3861 -72.522514   3     12     45  
122.0  02:02:29 42.38596 -72.522575   5     15     43  
122.0  02:02:39 42.385616 -72.52214   4     13     50  
122.0  02:02:54 42.384754 -72.52155   3     12     42  
123.0  02:03:00 42.38323 -72.52073   5     10     47  
123.0  02:03:02 42.38332 -72.52078   3     17     56  
123.0  02:03:12 42.38242 -72.52021   4     16     48  
123.0  02:03:20 42.38181 -72.51967   3     12     55  
123.0  02:03:28 42.381634 -72.51946   3     16     51  
123.0  02:03:36 42.38164 -72.51943   5     18     54  
123.0  02:03:45 42.38163 -72.5194   5     16     43  
123.0  02:03:56 42.381615 -72.51939   4     17     41  
124.0  02:04:00 42.38162 -72.51934   5     19     49  
124.0  02:04:06 42.38162 -72.51935   3     11     45  
124.0  02:04:15 42.381596 -72.519325   5     12     49  
124.0  02:04:23 42.381702 -72.519104   5     11     54  
124.0  02:04:31 42.38231 -72.51911   3     12     54  
124.0  02:04:45 42.38323 -72.51881   4     13     44  
125.0  02:05:00 42.38617 -72.51737   5     19     42  
125.0  02:05:05 42.38323 -72.51881   3     16     46  
125.0  02:05:21 42.388275 -72.51692   5     19     59  
125.0  02:05:29 42.388714 -72.5169   5     13     58  
125.0  02:05:38 42.388885 -72.51751   5     17     54  
125.0  02:05:47 42.388927 -72.51769   5     12     46  
125.0  02:05:56 42.388973 -72.51793   5     18     41  
126.0  02:06:00 42.389233 -72.51834   3     10     47  
126.0  02:06:04 42.38922 -72.5184   3     14     50  
126.0  02:06:17 42.389095 -72.51869   3     19     54  
126.0  02:06:25 42.38933 -72.5189   4     14     44  
126.0  02:06:36 42.390057 -72.51907   3     19     56  
126.0  02:06:45 42.390507 -72.519356   5     17     42  
126.0  02:06:53 42.39077 -72.51972   5     14     45  
127.0  02:07:00 42.39124 -72.51985   4     18     51  
127.0  02:07:02 42.39116 -72.519806   3     14     43  
127.0  02:07:10 42.391403 -72.519966   4     12     43  
127.0  02:07:18 42.391747 -72.52002   3     13     57  
127.0  02:07:28 42.391857 -72.52006   3     18     50  
127.0  02:07:36 42.391857 -72.520065   4     11     42  
127.0  02:07:45 42.392044 -72.520195   5     16     43  
127.0  02:07:53 42.39245 -72.5198   3     13     41  
128.0  02:08:00 42.39269 -72.51871   3     17     58  
128.0  02:08:01 42.39265 -72.518936   4     16     55  
128.0  02:08:10 42.392765 -72.518074   3     15     51  
128.0  02:08:21 42.392677 -72.51684   5     19     59  
128.0  02:08:29 42.392628 -72.51649   3     15     59  
128.0  02:08:38 42.392868 -72.51626   5     19     48  
128.0  02:08:47 42.393997 -72.5158   5     16     53  
128.0  02:08:55 42.395206 -72.51553   5     18     59  
129.0  02:09:00 42.39567 -72.51528   3     11     44  
129.0  02:09:04 42.39567 -72.51528   5     13     42  
129.0  02:09:14 42.39549 -72.51448   5     15     46  
129.0  02:09:23 42.395206 -72.51364   5     11     42  
129.0  02:09:32 42.39515 -72.512634   3     10     45  
129.0  02:09:40 42.39496 -72.51201   3     13     49  
129.0  02:09:57 42.394703 -72.51147   4     19     43  
130.0  02:10:00 42.39533 -72.51096   4     13     59  
130.0  02:10:07 42.395504 -72.51117   3     16     47  
130.0  02:10:16 42.39575 -72.511154   4     14     46  
130.0  02:10:25 42.395817 -72.51112   5     17     43  
130.0  02:10:40 42.395824 -72.51114   4     10     47  
130.0  02:10:49 42.396282 -72.51119   5     12     44  
130.0  02:10:58 42.39635 -72.51214   5     17     53  
131.0  02:11:00 42.396206 -72.51264   5     19     49  
131.0  02:11:07 42.39606 -72.51287   3     13     42  
131.0  02:11:15 42.395424 -72.513214   3     19     48  
131.0  02:11:24 42.3952 -72.51327   4     19     40  
131.0  02:11:33 42.395226 -72.51384   3     11     42  
131.0  02:11:45 42.39553 -72.5147   3     18     44  
131.0  02:11:56 42.39574 -72.51551   5     14     55  
132.0  02:12:00 42.396408 -72.51542   5     19     50  
132.0  02:12:05 42.396408 -72.51542   5     10     42  
132.0  02:12:13 42.397617 -72.51549   5     10     58  
132.0  02:12:22 42.398388 -72.51563   3     11     52  
132.0  02:12:31 42.398422 -72.516106   3     17     46  
132.0  02:12:39 42.39805 -72.51717   3     12     55  
132.0  02:12:49 42.39757 -72.51854   4     11     52  
132.0  02:12:58 42.39734 -72.51945   3     13     58  
133.0  02:13:00 42.397255 -72.52022   3     17     52  
133.0  02:13:06 42.397236 -72.52048   5     18     41  
133.0  02:13:15 42.397167 -72.5215   3     13     48  
133.0  02:13:23 42.39716 -72.521736   5     14     55  
133.0  02:13:31 42.397156 -72.521736   3     19     56  
133.0  02:13:41 42.397083 -72.52193   4     19     57  
133.0  02:13:53 42.39692 -72.52282   3     15     52  
134.0  02:14:00 42.396076 -72.52424   3     12     56  
134.0  02:14:02 42.39617 -72.524025   4     19     49  
134.0  02:14:11 42.39584 -72.52491   4     12     42  
134.0  02:14:20 42.395515 -72.525925   3     11     58  
134.0  02:14:28 42.395233 -72.5268   3     11     57  
134.0  02:14:39 42.39483 -72.52686   5     18     43  
134.0  02:14:48 42.39408 -72.5264   5     18     43  
134.0  02:14:56 42.39353 -72.52614   5     11     47  
135.0  02:15:00 42.393364 -72.52605   3     18     50  
135.0  02:15:05 42.393368 -72.526054   5     13     49  
135.0  02:15:13 42.393326 -72.52597   5     10     52  
135.0  02:15:22 42.39285 -72.52572   3     12     49  
135.0  02:15:33 42.391987 -72.52545   4     18     50  
135.0  02:15:41 42.39123 -72.525276   4     11     42  
135.0  02:15:50 42.39087 -72.52524   4     11     53  
135.0  02:15:58 42.39084 -72.52522   3     13     51  
136.0  02:16:00 42.39067 -72.525154   5     14     54  
136.0  02:16:07 42.390457 -72.525116   5     17     43  
136.0  02:16:15 42.38965 -72.52494   4     17     45  
136.0  02:16:26 42.388775 -72.52454   3     14     43  
136.0  02:16:34 42.38817 -72.52418   5     19     40  
136.0  02:16:42 42.387794 -72.52389   5     11     54  
136.0  02:16:51 42.38777 -72.523834   4     19     57  
136.0  02:16:59 42.387455 -72.52332   3     13     53  
137.0  02:17:00 42.387142 -72.5229   4     11     47  
137.0  02:17:08 42.38686 -72.522606   5     17     53  
137.0  02:17:18 42.386135 -72.52246   4     13     40  
137.0  02:17:27 42.38597 -72.522606   4     16     46  
137.0  02:17:36 42.386013 -72.52338   3     10     53  
137.0  02:17:44 42.38577 -72.52451   5     16     48  
137.0  02:17:53 42.385685 -72.52516   3     11     59  
138.0  02:18:00 42.386417 -72.52547   5     13     51  
138.0  02:18:01 42.38617 -72.52537   5     11     44  
138.0  02:18:11 42.386993 -72.5257   4     11     44  
138.0  02:18:20 42.387268 -72.52621   4     11     58  
138.0  02:18:30 42.38709 -72.52644   4     18     41  
138.0  02:18:39 42.38694 -72.52647   3     17     42  
138.0  02:18:53 42.386295 -72.526276   5     14     53  
139.0  02:19:00 42.385494 -72.52594   5     17     47  
139.0  02:19:03 42.385498 -72.52594   5     13     48  
139.0  02:19:11 42.38534 -72.526146   4     13     44  
139.0  02:19:20 42.38517 -72.52697   4     13     44  
139.0  02:19:28 42.38499 -72.52783   4     13     50  
139.0  02:19:38 42.384907 -72.528404   5     10     43  
139.0  02:19:46 42.384872 -72.52844   5     11     48  
139.0  02:19:57 42.384865 -72.52844   5     14     57  
140.0  02:20:00 42.384815 -72.52849   4     11     48  
140.0  02:20:05 42.38481 -72.5285   4     19     45  
140.0  02:20:15 42.38479 -72.52928   5     19     41  
140.0  02:20:24 42.38497 -72.53031   3     11     46  
140.0  02:20:33 42.385056 -72.531456   4     10     40  
140.0  02:20:42 42.384853 -72.53243   3     10     56  
140.0  02:20:53 42.384632 -72.5327   5     12     49  
141.0  02:21:00 42.38369 -72.532135   4     14     56  
141.0  02:21:02 42.38397 -72.53225   5     16     53  
141.0  02:21:11 42.383083 -72.53195   4     14     45  
141.0  02:21:19 42.382137 -72.53185   5     12     52  
141.0  02:21:28 42.381195 -72.53188   5     18     46  
141.0  02:21:36 42.380318 -72.53199   5     17     45  
141.0  02:21:47 42.379063 -72.53217   5     17     58  
141.0  02:21:55 42.378155 -72.53229   4     17     47  
142.0  02:22:00 42.377502 -72.53244   3     18     48  
142.0  02:22:04 42.377537 -72.53239   3     19     46  
142.0  02:22:13 42.37751 -72.533134   5     14     58  
142.0  02:22:22 42.37755 -72.53403   3     12     50  
142.0  02:22:30 42.37775 -72.53424   3     17     43  
142.0  02:22:41 42.37862 -72.53413   4     15     44  
142.0  02:22:50 42.379223 -72.53407   3     17     44  
142.0  02:22:58 42.379524 -72.53403   4     18     47  
143.0  02:23:00 42.379627 -72.53401   5     16     48  
143.0  02:23:07 42.379734 -72.534004   5     19     57  
143.0  02:23:15 42.380035 -72.53397   4     18     59  
143.0  02:23:24 42.380047 -72.53397   3     19     43  
143.0  02:23:38 42.38005 -72.533966   5     16     46  
143.0  02:23:49 42.380077 -72.53396   4     14     46  
143.0  02:23:57 42.380077 -72.53396   5     12     45  
144.0  02:24:00 42.380077 -72.53396   4     16     41  
144.0  02:24:06 42.380077 -72.53396   3     18     42  
144.0  02:24:14 42.380074 -72.53396   5     11     41  
144.0  02:24:23 42.380074 -72.53396   5     18     48  
144.0  02:24:31 42.380074 -72.533966   4     16     48  
144.0  02:24:46 42.380074 -72.533966   5     14     54  
144.0  02:24:55 42.380074 -72.533966   3     19     57  
145.0  02:25:00 42.380074 -72.53396   5     15     54  
145.0  02:25:04 42.380074 -72.53396   4     11     59  
145.0  02:25:12 42.380074 -72.53396   4     19     42  
145.0  02:25:21 42.380066 -72.53396   4     19     41  
145.0  02:25:32 42.38005 -72.53394   3     15     51  
145.0  02:25:41 42.380245 -72.53393   3     12     42  
145.0  02:25:49 42.38082 -72.5339   3     13     57  
145.0  02:25:58 42.381367 -72.53385   4     18     48  
146.0  02:26:00 42.381718 -72.53382   5     19     44  
146.0  02:26:08 42.381924 -72.533806   4     12     44  
146.0  02:26:17 42.38214 -72.533745   4     15     57  
146.0  02:26:27 42.382187 -72.53354   5     13     46  
146.0  02:26:36 42.3822 -72.532845   3     14     57  
146.0  02:26:44 42.38231 -72.53203   4     15     50  
146.0  02:26:53 42.382317 -72.53191   5     14     47  
147.0  02:27:00 42.3825 -72.53173   5     13     55  
147.0  02:27:02 42.382385 -72.531746   5     12     59  
147.0  02:27:10 42.38303 -72.53183   5     11     40  
147.0  02:27:21 42.38406 -72.53216   4     15     53  
147.0  02:27:30 42.384693 -72.532425   3     14     47  
147.0  02:27:38 42.384872 -72.5323   4     11     57  
147.0  02:27:46 42.385086 -72.53148   3     15     44  
147.0  02:27:54 42.385105 -72.53128   5     13     47  
148.0  02:28:00 42.385113 -72.53127   4     17     58  
148.0  02:28:03 42.38511 -72.53129   3     10     49  
148.0  02:28:13 42.385345 -72.530876   3     15     53  
148.0  02:28:21 42.386166 -72.53107   3     11     47  
148.0  02:28:30 42.386974 -72.5314   4     13     42  
148.0  02:28:39 42.387993 -72.531815   5     16     50  
148.0  02:28:51 42.388763 -72.53215   5     14     58  
148.0  02:28:59 42.390003 -72.53267   4     18     53  
149.0  02:29:00 42.39036 -72.532814   5     17     59  
149.0  02:29:14 42.390892 -72.533035   3     16     45  
149.0  02:29:22 42.391922 -72.53347   5     15     40  
149.0  02:29:31 42.39253 -72.53372   3     11     51  
149.0  02:29:39 42.39282 -72.53324   4     16     48  
149.0  02:29:48 42.393143 -72.5326   3     18     46  
149.0  02:29:57 42.39344 -72.53249   3     15     52  
150.0  02:30:00 42.39369 -72.53261   4     14     56  
150.0  02:30:07 42.393845 -72.53268   5     17     48  
150.0  02:30:16 42.394157 -72.53282   4     18     59  
150.0  02:30:24 42.394478 -72.532974   3     10     51  
150.0  02:30:33 42.39479 -72.53312   4     17     48  
150.0  02:30:40 42.394943 -72.5335   5     12     48  
150.0  02:30:49 42.39488 -72.53388   4     11     40  
150.0  02:30:59 42.394615 -72.534   4     11     56  
151.0  02:31:00 42.394573 -72.53395   3     12     51  
151.0  02:31:11 42.39444 -72.53392   5     19     59  
817.0  13:37:00 0.0 -0.0   3     12     40  
818.0  13:38:00 42.394768 -72.533485   5     13     40  
825.0  13:45:26 42.394253 -72.53293   3     10     53  
825.0  13:45:38 42.39424 -72.53293   5     12     59  
825.0  13:45:47 42.39425 -72.53278   4     15     47  
825.0  13:45:54 42.39423 -72.53284   3     19     56  
826.0  13:46:00 42.394222 -72.53291   3     11     42  
826.0  13:46:03 42.394226 -72.532906   3     14     50  
826.0  13:46:11 42.394226 -72.532936   4     18     40  
826.0  13:46:19 42.394245 -72.532875   3     18     54  
826.0  13:46:30 42.39423 -72.53291   3     12     42  
826.0  13:46:38 42.394238 -72.53293   4     15     56  
826.0  13:46:47 42.39424 -72.532875   3     18     48  
826.0  13:46:55 42.39423 -72.53289   5     19     47  
827.0  13:47:00 42.39423 -72.53288   3     10     57  
827.0  13:47:04 42.39423 -72.53288   5     13     47  
827.0  13:47:12 42.394238 -72.53284   3     15     43  
827.0  13:47:23 42.394226 -72.53291   4     18     56  
827.0  13:47:31 42.39422 -72.53291   3     12     52  
827.0  13:47:39 42.394215 -72.532906   5     14     45  
827.0  13:47:47 42.3942 -72.53288   3     19     52  
827.0  13:47:56 42.394226 -72.53287   5     17     43  
