747.0  12:27:48 42.4765 -72.60709   23     20     21  
747.0  12:27:59 42.475468 -72.60566   22     24     20  
748.0  12:28:00 42.474976 -72.60496   23     21     24  
748.0  12:28:09 42.474583 -72.60439   21     22     22  
748.0  12:28:17 42.473648 -72.60311   23     23     22  
748.0  12:28:26 42.47268 -72.6018   20     24     24  
748.0  12:28:35 42.471676 -72.60041   21     20     23  
748.0  12:28:44 42.470673 -72.599   20     20     21  
748.0  12:28:55 42.469482 -72.59734   24     22     24  
749.0  12:29:00 42.468628 -72.596214   23     23     20  
749.0  12:29:04 42.46852 -72.59611   23     24     20  
749.0  12:29:13 42.4678 -72.59537   22     23     22  
749.0  12:29:23 42.46724 -72.594574   20     23     22  
749.0  12:29:31 42.4673 -72.5936   20     24     22  
749.0  12:29:39 42.467545 -72.59231   22     22     23  
749.0  12:29:50 42.468063 -72.590034   23     21     21  
749.0  12:29:58 42.468414 -72.588394   22     24     24  
750.0  12:30:00 42.468353 -72.58733   21     24     22  
750.0  12:30:07 42.468117 -72.58654   24     23     21  
750.0  12:30:16 42.467655 -72.58503   20     23     21  
750.0  12:30:24 42.46715 -72.58334   24     20     21  
750.0  12:30:32 42.46676 -72.58192   20     21     21  
750.0  12:30:44 42.466503 -72.580376   20     24     21  
750.0  12:30:52 42.466415 -72.57965   22     21     20  
751.0  12:31:00 42.466137 -72.57968   20     23     23  
751.0  12:31:01 42.466187 -72.57965   22     21     21  
751.0  12:31:10 42.46579 -72.579865   23     20     23  
751.0  12:31:18 42.465084 -72.5802   21     22     24  
751.0  12:31:27 42.464035 -72.58066   21     20     22  
751.0  12:31:38 42.462883 -72.58107   22     24     22  
751.0  12:31:46 42.461857 -72.58139   20     21     21  
751.0  12:31:54 42.460953 -72.581665   23     21     20  
752.0  12:32:00 42.459827 -72.58203   24     20     22  
752.0  12:32:03 42.459827 -72.58203   20     24     23  
752.0  12:32:11 42.45881 -72.582375   22     23     23  
752.0  12:32:20 42.458027 -72.58269   24     23     23  
752.0  12:32:53 42.45773 -72.58144   21     21     24  
752.0  12:32:58 42.45774 -72.58144   22     21     24  
753.0  12:33:00 42.45775 -72.58144   21     21     21  
753.0  12:33:04 42.457756 -72.58144   24     23     22  
753.0  12:33:04 42.457752 -72.58144   22     21     21  
753.0  12:33:12 42.45779 -72.58144   23     23     22  
753.0  12:33:23 42.45781 -72.58144   23     23     21  
753.0  12:33:31 42.45784 -72.58146   23     22     23  
753.0  12:33:39 42.457855 -72.58147   23     24     20  
753.0  12:33:47 42.457855 -72.58147   20     24     21  
753.0  12:33:56 42.45784 -72.581474   20     21     21  
754.0  12:34:00 42.45783 -72.58148   23     23     22  
754.0  12:34:04 42.45783 -72.58148   22     23     22  
754.0  12:34:14 42.45782 -72.58148   21     20     21  
754.0  12:34:22 42.457825 -72.581474   22     23     24  
754.0  12:34:31 42.45783 -72.581474   24     22     22  
754.0  12:34:39 42.457832 -72.58146   24     23     24  
754.0  12:34:48 42.45783 -72.58146   21     21     20  
755.0  12:35:00 42.457813 -72.58145   20     21     23  
755.0  12:35:06 42.457817 -72.58145   22     23     22  
755.0  12:35:29 42.457794 -72.58144   23     20     22  
755.0  12:35:37 42.457794 -72.58144   21     22     24  
755.0  12:35:42 42.457817 -72.58145   24     20     23  
755.0  12:35:46 42.457798 -72.58144   20     20     24  
755.0  12:35:54 42.457794 -72.58144   24     24     21  
756.0  12:36:00 42.45779 -72.58144   21     20     23  
756.0  12:36:03 42.45779 -72.58144   23     24     24  
756.0  12:36:14 42.457787 -72.58142   20     24     23  
756.0  12:36:22 42.45778 -72.58141   21     22     20  
756.0  12:36:31 42.45777 -72.58141   21     20     23  
756.0  12:36:39 42.45777 -72.58142   24     24     24  
756.0  12:36:48 42.457756 -72.581436   21     23     23  
756.0  12:36:56 42.457783 -72.58145   24     23     22  
757.0  12:37:00 42.457813 -72.5815   22     22     21  
757.0  12:37:06 42.45784 -72.581566   21     21     21  
757.0  12:37:15 42.457848 -72.58183   22     20     20  
757.0  12:37:23 42.457897 -72.582306   23     23     21  
757.0  12:37:31 42.45796 -72.58264   23     20     20  
757.0  12:37:40 42.458168 -72.582634   20     23     20  
757.0  12:37:48 42.45893 -72.58229   22     22     20  
757.0  12:37:59 42.459866 -72.58193   20     24     20  
758.0  12:38:00 42.45992 -72.58169   20     24     20  
758.0  12:38:07 42.459846 -72.58136   23     23     23  
758.0  12:38:16 42.45963 -72.58015   24     23     20  
758.0  12:38:24 42.459423 -72.57897   23     24     22  
758.0  12:38:33 42.459328 -72.57841   21     23     22  
758.0  12:38:41 42.4593 -72.578354   22     20     22  
758.0  12:38:52 42.45925 -72.57795   21     20     21  
759.0  12:39:00 42.459103 -72.577095   23     22     23  
759.0  12:39:00 42.45904 -72.57674   21     21     20  
759.0  12:39:09 42.45891 -72.57594   21     21     20  
759.0  12:39:18 42.45868 -72.574585   20     23     23  
759.0  12:39:27 42.458447 -72.57323   21     23     22  
759.0  12:39:36 42.458138 -72.57158   20     21     21  
759.0  12:39:46 42.457024 -72.57017   22     21     20  
759.0  12:39:54 42.455837 -72.56894   21     22     20  
760.0  12:40:00 42.454792 -72.567825   23     20     21  
760.0  12:40:02 42.454998 -72.568054   20     20     22  
760.0  12:40:11 42.454556 -72.567055   23     20     21  
760.0  12:40:19 42.45462 -72.5667   24     23     24  
760.0  12:40:27 42.45444 -72.566414   21     21     24  
760.0  12:40:38 42.453564 -72.56556   24     20     24  
760.0  12:40:46 42.452686 -72.56446   21     20     20  
760.0  12:40:55 42.451992 -72.56346   22     20     21  
761.0  12:41:00 42.451515 -72.56284   20     20     21  
761.0  12:41:03 42.451538 -72.562874   21     22     20  
761.0  12:41:12 42.4515 -72.56281   20     21     24  
761.0  12:41:20 42.45151 -72.56281   23     21     23  
761.0  12:41:31 42.451508 -72.5628   22     21     21  
761.0  12:41:40 42.451492 -72.56277   20     21     22  
761.0  12:41:49 42.451496 -72.56276   22     24     20  
761.0  12:41:58 42.451324 -72.56246   24     20     24  
762.0  12:42:00 42.45092 -72.56188   24     22     24  
762.0  12:42:06 42.450756 -72.56164   24     21     21  
762.0  12:42:14 42.449978 -72.560486   23     23     23  
762.0  12:42:27 42.448833 -72.5585   23     22     23  
762.0  12:42:35 42.447823 -72.556526   20     24     20  
762.0  12:42:43 42.446728 -72.55504   24     20     21  
762.0  12:42:51 42.44542 -72.55406   20     23     24  
763.0  12:43:00 42.44399 -72.55315   24     22     22  
763.0  12:43:00 42.4433 -72.5526   23     21     24  
763.0  12:43:08 42.44264 -72.55198   22     22     24  
763.0  12:43:18 42.440975 -72.55014   20     22     20  
763.0  12:43:27 42.439724 -72.54897   24     21     21  
763.0  12:43:36 42.438187 -72.54783   22     21     23  
763.0  12:43:44 42.436733 -72.546974   22     20     24  
763.0  12:43:53 42.43506 -72.54614   22     22     23  
764.0  12:44:00 42.43324 -72.545135   24     24     21  
764.0  12:44:02 42.43359 -72.54536   23     22     23  
764.0  12:44:12 42.431725 -72.543976   24     22     22  
764.0  12:44:21 42.430286 -72.5427   21     22     22  
764.0  12:44:29 42.42909 -72.54165   21     23     23  
764.0  12:44:38 42.4277 -72.540565   24     23     24  
764.0  12:44:47 42.426205 -72.539536   23     23     20  
764.0  12:44:59 42.424698 -72.53857   23     23     22  
765.0  12:45:00 42.42349 -72.53796   21     21     20  
765.0  12:45:10 42.42223 -72.537476   21     21     23  
765.0  12:45:18 42.420765 -72.53707   23     24     22  
765.0  12:45:26 42.419086 -72.53686   21     22     20  
765.0  12:45:35 42.41759 -72.53688   21     20     22  
765.0  12:45:44 42.41595 -72.53709   23     20     20  
765.0  12:45:53 42.414516 -72.53727   20     23     21  
766.0  12:46:00 42.412655 -72.537506   24     22     23  
766.0  12:46:03 42.412655 -72.537506   21     20     20  
766.0  12:46:12 42.41124 -72.53768   22     22     20  
766.0  12:46:21 42.410015 -72.53782   24     20     20  
766.0  12:46:30 42.409443 -72.53789   22     22     21  
766.0  12:46:39 42.409096 -72.53793   21     23     23  
766.0  12:46:47 42.40901 -72.53793   24     23     24  
766.0  12:46:58 42.40902 -72.53793   24     23     21  
767.0  12:47:00 42.409027 -72.537926   22     21     24  
767.0  12:47:07 42.40903 -72.537926   21     20     20  
767.0  12:47:16 42.40893 -72.53785   23     21     21  
767.0  12:47:25 42.40892 -72.5377   21     20     22  
767.0  12:47:34 42.40893 -72.53764   22     22     21  
767.0  12:47:43 42.40906 -72.53731   23     21     24  
767.0  12:47:54 42.409393 -72.53615   21     21     23  
768.0  12:48:00 42.409542 -72.53467   24     23     22  
768.0  12:48:02 42.40953 -72.534805   23     21     24  
768.0  12:48:11 42.40962 -72.533676   20     20     23  
768.0  12:48:20 42.40969 -72.53336   20     22     22  
768.0  12:48:29 42.4097 -72.53332   20     23     23  
768.0  12:48:38 42.40975 -72.5326   22     21     22  
768.0  12:48:49 42.40992 -72.53132   24     20     21  
768.0  12:48:58 42.40988 -72.531136   22     20     22  
769.0  12:49:00 42.40987 -72.531136   24     23     20  
769.0  12:49:06 42.409878 -72.53114   21     24     23  
769.0  12:49:17 42.409878 -72.53115   21     21     22  
769.0  12:49:25 42.40987 -72.5311   24     23     22  
769.0  12:49:34 42.409832 -72.530914   24     24     22  
769.0  12:49:45 42.40967 -72.530876   22     22     21  
769.0  12:49:54 42.409153 -72.53073   21     21     23  
770.0  12:50:00 42.409004 -72.53069   20     23     24  
770.0  12:50:06 42.408997 -72.530685   24     24     20  
770.0  12:50:15 42.40894 -72.53073   23     22     21  
770.0  12:50:24 42.40897 -72.53076   21     23     20  
770.0  12:50:35 42.408997 -72.53077   23     22     22  
770.0  12:50:44 42.408962 -72.53073   21     22     20  
770.0  12:50:52 42.408375 -72.53051   21     21     24  
771.0  12:51:00 42.4069 -72.53004   20     24     23  
771.0  12:51:01 42.40735 -72.53019   21     20     24  
771.0  12:51:09 42.40602 -72.52984   21     21     21  
771.0  12:51:18 42.404858 -72.52974   24     20     23  
771.0  12:51:28 42.40365 -72.52943   21     23     23  
771.0  12:51:37 42.403435 -72.52924   24     23     21  
771.0  12:51:46 42.40315 -72.52911   21     22     24  
771.0  12:51:55 42.403137 -72.52915   21     20     24  
772.0  12:52:00 42.403107 -72.52916   22     20     23  
772.0  12:52:03 42.403107 -72.52916   20     21     20  
772.0  12:52:12 42.4031 -72.52913   20     22     23  
772.0  12:52:23 42.402454 -72.52863   23     20     20  
772.0  12:52:31 42.401264 -72.5281   21     22     24  
772.0  12:52:39 42.40003 -72.528   22     22     20  
772.0  12:52:48 42.39888 -72.52811   20     23     24  
772.0  12:52:57 42.398136 -72.52812   22     22     24  
773.0  12:53:00 42.398094 -72.5281   22     23     20  
773.0  12:53:06 42.398094 -72.5281   24     24     20  
773.0  12:53:17 42.39803 -72.52808   22     22     20  
773.0  12:53:26 42.39742 -72.527985   22     23     24  
773.0  12:53:35 42.39658 -72.527664   20     24     24  
773.0  12:53:43 42.395866 -72.52734   21     21     22  
773.0  12:53:52 42.395557 -72.5272   22     21     20  
774.0  12:54:00 42.39546 -72.52714   20     21     20  
774.0  12:54:01 42.395462 -72.52714   24     24     22  
774.0  12:54:13 42.39529 -72.52706   21     24     23  
774.0  12:54:22 42.3946 -72.52667   23     23     23  
774.0  12:54:31 42.394176 -72.52644   21     21     20  
774.0  12:54:39 42.39355 -72.5261   20     22     22  
774.0  12:54:48 42.393394 -72.52605   24     21     24  
774.0  12:54:56 42.393353 -72.52607   23     24     21  
775.0  12:55:00 42.393326 -72.526054   22     20     21  
775.0  12:55:07 42.393322 -72.52606   20     22     23  
775.0  12:55:15 42.393326 -72.526054   21     20     22  
775.0  12:55:24 42.39325 -72.52595   24     24     24  
775.0  12:55:32 42.392605 -72.52569   22     23     23  
775.0  12:55:42 42.391605 -72.525375   24     23     20  
775.0  12:55:50 42.39095 -72.52529   20     22     24  
776.0  12:56:00 42.39089 -72.52526   21     21     21  
776.0  12:56:06 42.39089 -72.52527   23     21     21  
776.0  12:56:15 42.390892 -72.52525   21     20     21  
776.0  12:56:24 42.3909 -72.52525   21     20     24  
776.0  12:56:33 42.3909 -72.52525   24     20     20  
776.0  12:56:42 42.39079 -72.525185   24     23     23  
776.0  12:56:52 42.389915 -72.52502   20     23     22  
777.0  12:57:00 42.389065 -72.52471   21     23     21  
777.0  12:57:00 42.388783 -72.524574   21     22     24  
777.0  12:57:09 42.388355 -72.524345   24     20     24  
777.0  12:57:19 42.3878 -72.52392   23     20     21  
777.0  12:57:28 42.387787 -72.52387   21     20     21  
777.0  12:57:36 42.3878 -72.523865   20     22     24  
777.0  12:57:47 42.3878 -72.523865   23     24     20  
777.0  12:57:55 42.387787 -72.52385   21     24     22  
778.0  12:58:00 42.387535 -72.52343   21     21     20  
778.0  12:58:04 42.387535 -72.52343   24     23     21  
778.0  12:58:12 42.386856 -72.52261   24     20     24  
778.0  12:58:24 42.38644 -72.5224   22     23     20  
778.0  12:58:33 42.386337 -72.522415   24     20     23  
778.0  12:58:43 42.386314 -72.52243   22     21     24  
778.0  12:58:52 42.38631 -72.52242   21     21     22  
779.0  12:59:00 42.38587 -72.52253   24     20     22  
779.0  12:59:00 42.385723 -72.522354   23     24     20  
779.0  12:59:09 42.38545 -72.521935   21     20     24  
779.0  12:59:17 42.38448 -72.52139   21     20     23  
779.0  12:59:26 42.383667 -72.52094   24     22     22  
779.0  12:59:41 42.38279 -72.52046   20     20     22  
779.0  12:59:55 42.381798 -72.5197   20     20     23  
780.0  13:00:00 42.38158 -72.51943   21     23     23  
780.0  13:00:08 42.381577 -72.51943   21     21     22  
780.0  13:00:17 42.381474 -72.51931   24     23     20  
780.0  13:00:29 42.380424 -72.51944   22     20     22  
780.0  13:00:38 42.379566 -72.519684   22     22     24  
780.0  13:00:47 42.378876 -72.519966   22     21     21  
780.0  13:00:55 42.37853 -72.52   21     20     24  
781.0  13:01:00 42.378525 -72.52   24     22     21  
781.0  13:01:03 42.378525 -72.52   23     23     20  
781.0  13:01:12 42.37852 -72.52   23     22     20  
781.0  13:01:23 42.37843 -72.52   24     24     20  
781.0  13:01:31 42.378136 -72.51999   22     24     24  
781.0  13:01:39 42.377865 -72.52002   22     21     23  
781.0  13:01:48 42.37784 -72.52003   24     21     23  
781.0  13:01:57 42.37784 -72.52002   21     23     20  
782.0  13:02:00 42.37784 -72.52002   24     24     23  
782.0  13:02:05 42.377842 -72.52002   23     24     22  
782.0  13:02:17 42.377834 -72.520004   20     21     21  
782.0  13:02:25 42.377666 -72.51994   24     20     22  
782.0  13:02:34 42.377632 -72.51994   20     20     20  
782.0  13:02:42 42.377625 -72.519936   21     24     23  
782.0  13:02:51 42.377625 -72.51993   21     22     24  
782.0  13:02:59 42.37763 -72.519936   24     20     20  
783.0  13:03:00 42.37763 -72.51994   20     20     20  
783.0  13:03:11 42.377586 -72.51994   24     21     20  
783.0  13:03:19 42.377144 -72.51996   20     23     23  
783.0  13:03:27 42.37649 -72.519936   23     22     21  
783.0  13:03:36 42.37615 -72.51992   24     23     21  
783.0  13:03:45 42.37603 -72.51991   21     20     21  
783.0  13:03:54 42.375996 -72.51992   22     24     24  
784.0  13:04:00 42.37598 -72.519905   20     23     22  
784.0  13:04:05 42.375977 -72.5199   23     23     20  
784.0  13:04:13 42.37598 -72.519905   22     21     23  
784.0  13:04:22 42.375996 -72.51992   21     24     24  
784.0  13:04:30 42.37584 -72.519936   23     23     20  
784.0  13:04:38 42.375343 -72.51992   21     21     21  
784.0  13:04:47 42.37471 -72.519905   23     22     22  
784.0  13:04:58 42.374435 -72.519936   21     23     21  
785.0  13:05:00 42.37446 -72.51996   22     21     21  
785.0  13:05:07 42.374466 -72.51997   24     23     21  
785.0  13:05:17 42.374485 -72.51998   22     20     21  
785.0  13:05:26 42.374454 -72.519966   23     21     21  
785.0  13:05:34 42.374157 -72.519905   24     20     23  
785.0  13:05:43 42.373745 -72.519905   21     21     24  
785.0  13:05:55 42.373505 -72.51989   23     23     20  
786.0  13:06:00 42.373474 -72.51987   23     21     21  
786.0  13:06:04 42.373474 -72.51987   23     24     22  
786.0  13:06:12 42.373478 -72.51987   22     21     21  
786.0  13:06:21 42.373486 -72.519875   22     22     24  
786.0  13:06:30 42.373493 -72.51987   24     22     20  
786.0  13:06:39 42.373493 -72.51987   20     20     21  
786.0  13:06:50 42.373474 -72.519875   20     24     23  
786.0  13:06:59 42.373363 -72.51987   23     22     22  
787.0  13:07:00 42.373096 -72.51987   23     23     21  
787.0  13:07:08 42.372604 -72.51983   24     24     20  
787.0  13:07:16 42.37159 -72.51979   24     23     22  
787.0  13:07:26 42.370155 -72.51988   24     23     24  
787.0  13:07:37 42.368332 -72.520096   21     23     22  
787.0  13:07:48 42.366302 -72.52036   24     23     21  
787.0  13:07:58 42.364735 -72.520615   22     20     24  
788.0  13:08:00 42.363583 -72.52078   20     23     21  
788.0  13:08:06 42.363007 -72.520805   22     20     23  
788.0  13:08:15 42.361607 -72.52081   20     23     21  
788.0  13:08:24 42.36012 -72.52084   21     20     21  
788.0  13:08:35 42.358597 -72.5209   23     23     21  
788.0  13:08:52 42.356804 -72.52103   21     21     21  
789.0  13:09:00 42.355423 -72.52137   22     22     23  
789.0  13:09:48 42.351593 -72.52598   20     24     22  
790.0  13:10:00 42.351597 -72.52596   24     22     20  
790.0  13:10:03 42.351597 -72.52597   20     24     21  
790.0  13:10:12 42.351597 -72.52598   24     21     22  
790.0  13:10:20 42.351555 -72.52661   22     21     23  
790.0  13:10:29 42.351562 -72.527214   20     22     20  
790.0  13:10:38 42.351566 -72.52731   22     21     22  
790.0  13:10:50 42.351166 -72.52741   23     22     21  
790.0  13:10:58 42.350887 -72.52742   24     23     23  
791.0  13:11:00 42.35081 -72.52742   24     23     23  
791.0  13:11:07 42.350754 -72.52742   24     22     20  
791.0  13:11:16 42.35023 -72.52742   20     21     23  
791.0  13:11:24 42.349846 -72.52767   21     21     22  
791.0  13:11:33 42.34967 -72.52809   21     21     21  
791.0  13:11:43 42.349472 -72.52853   24     24     24  
791.0  13:11:52 42.34917 -72.52882   23     22     20  
792.0  13:12:00 42.34884 -72.52892   21     20     21  
792.0  13:12:01 42.348843 -72.52892   24     23     20  
792.0  13:12:10 42.348835 -72.52893   21     21     22  
792.0  13:12:19 42.348827 -72.528915   20     20     23  
792.0  13:12:27 42.348827 -72.52892   22     22     22  
792.0  13:12:38 42.348812 -72.52894   24     20     20  
792.0  13:12:47 42.34861 -72.528984   21     20     22  
792.0  13:12:55 42.348347 -72.52932   20     20     20  
793.0  13:13:00 42.348312 -72.529655   24     20     21  
793.0  13:13:04 42.348312 -72.529655   21     20     21  
793.0  13:13:13 42.348347 -72.53029   24     24     20  
793.0  13:13:22 42.34866 -72.53061   20     22     20  
793.0  13:13:33 42.34905 -72.53047   20     24     24  
793.0  13:13:42 42.3496 -72.5303   23     21     21  
793.0  13:13:51 42.35026 -72.5303   24     21     20  
794.0  13:14:00 42.350468 -72.53029   21     23     20  
794.0  13:14:00 42.350468 -72.53029   22     21     22  
794.0  13:14:08 42.35047 -72.53029   21     20     23  
794.0  13:14:16 42.350487 -72.53028   21     23     24  
794.0  13:14:27 42.35057 -72.53029   21     23     24  
794.0  13:14:35 42.35104 -72.53029   20     24     20  
794.0  13:14:44 42.3515 -72.53029   21     21     20  
794.0  13:14:53 42.351635 -72.53009   23     20     22  
795.0  13:15:00 42.351562 -72.52856   20     24     21  
795.0  13:15:01 42.351574 -72.52892   23     21     21  
795.0  13:15:09 42.351543 -72.52749   21     20     22  
795.0  13:15:22 42.35151 -72.52652   23     23     22  
795.0  13:15:33 42.3515 -72.52653   24     24     20  
795.0  13:15:43 42.3515 -72.52654   22     22     23  
795.0  13:15:52 42.351498 -72.52656   24     20     23  
796.0  13:16:00 42.351574 -72.525955   24     22     20  
796.0  13:16:01 42.35156 -72.52618   21     22     20  
796.0  13:16:13 42.351833 -72.52422   24     20     22  
796.0  13:16:37 42.3528 -72.523   23     22     20  
796.0  13:16:39 42.3528 -72.523   24     23     20  
796.0  13:16:50 42.355637 -72.521194   24     22     24  
796.0  13:16:59 42.35563 -72.52121   20     24     21  
797.0  13:17:00 42.355663 -72.52115   23     24     21  
797.0  13:17:10 42.35593 -72.52087   22     21     21  
797.0  13:17:19 42.35671 -72.52095   24     21     23  
797.0  13:17:27 42.35759 -72.52088   22     22     24  
797.0  13:17:36 42.358746 -72.520836   20     23     22  
797.0  13:17:45 42.359875 -72.52079   22     24     22  
797.0  13:17:53 42.36117 -72.520744   23     23     20  
798.0  13:18:00 42.362663 -72.52071   22     24     24  
798.0  13:18:04 42.362827 -72.52072   22     24     23  
798.0  13:18:13 42.364178 -72.52066   20     24     22  
798.0  13:18:21 42.36537 -72.52045   23     21     22  
798.0  13:18:30 42.366898 -72.52021   22     24     21  
798.0  13:18:39 42.36848 -72.51998   22     20     24  
798.0  13:18:49 42.370045 -72.51983   21     23     24  
799.0  13:19:00 42.37189 -72.51972   24     24     23  
799.0  13:19:00 42.37216 -72.51972   24     20     20  
799.0  13:19:12 42.37189 -72.51972   24     23     23  
799.0  13:19:21 42.37288 -72.51975   24     24     24  
799.0  13:19:29 42.37294 -72.51975   20     24     20  
799.0  13:19:38 42.372967 -72.51977   20     21     22  
799.0  13:19:46 42.373066 -72.519775   21     23     21  
799.0  13:19:56 42.373913 -72.51981   21     23     21  
800.0  13:20:00 42.37444 -72.51981   20     23     24  
800.0  13:20:05 42.37456 -72.5198   22     24     21  
800.0  13:20:14 42.374706 -72.51977   21     23     20  
800.0  13:20:22 42.374714 -72.51976   24     21     20  
800.0  13:20:31 42.374683 -72.51977   22     24     21  
800.0  13:20:40 42.374813 -72.51978   24     23     22  
800.0  13:20:51 42.375595 -72.519775   20     23     24  
801.0  13:21:00 42.376137 -72.519844   23     22     21  
801.0  13:21:00 42.376366 -72.519844   20     24     20  
801.0  13:21:08 42.376568 -72.51986   21     20     21  
801.0  13:21:17 42.376995 -72.519875   23     24     23  
801.0  13:21:25 42.37734 -72.51987   20     21     22  
801.0  13:21:34 42.37744 -72.51984   22     23     21  
801.0  13:21:45 42.37751 -72.51983   21     22     24  
801.0  13:21:54 42.377537 -72.519806   24     24     24  
802.0  13:22:00 42.377533 -72.51979   20     23     24  
802.0  13:22:02 42.37753 -72.51979   21     23     24  
802.0  13:22:10 42.377544 -72.5198   22     23     24  
802.0  13:22:19 42.37789 -72.51985   23     23     20  
802.0  13:22:28 42.3788 -72.51987   20     21     21  
802.0  13:22:38 42.37966 -72.51952   23     23     23  
802.0  13:22:47 42.379776 -72.51949   22     24     22  
802.0  13:22:56 42.379784 -72.51947   24     20     22  
803.0  13:23:00 42.37981 -72.519455   20     24     24  
803.0  13:23:04 42.379826 -72.519455   23     23     21  
803.0  13:23:13 42.380295 -72.51932   24     24     24  
803.0  13:23:21 42.381256 -72.51934   22     23     20  
803.0  13:23:31 42.38154 -72.51928   24     23     22  
803.0  13:23:40 42.38163 -72.51935   24     23     21  
803.0  13:23:49 42.381783 -72.519516   22     24     21  
803.0  13:23:57 42.382206 -72.51995   20     22     22  
804.0  13:24:00 42.38286 -72.5204   23     24     20  
804.0  13:24:06 42.382973 -72.52047   24     24     20  
804.0  13:24:15 42.383144 -72.52057   24     24     22  
804.0  13:24:26 42.383217 -72.52051   23     22     21  
804.0  13:24:35 42.38325 -72.5205   24     24     20  
804.0  13:24:43 42.383644 -72.52075   20     23     20  
804.0  13:24:52 42.38455 -72.52125   22     23     22  
805.0  13:25:00 42.385765 -72.52191   21     21     21  
805.0  13:25:01 42.38555 -72.5218   21     24     24  
805.0  13:25:09 42.386032 -72.52219   23     20     23  
805.0  13:25:20 42.386345 -72.522354   20     21     22  
805.0  13:25:31 42.386913 -72.52255   23     21     24  
805.0  13:25:52 42.387646 -72.523445   21     23     22  
805.0  13:25:59 42.387634 -72.52355   22     22     24  
806.0  13:26:00 42.387634 -72.52355   23     20     21  
806.0  13:26:04 42.387638 -72.52356   23     22     22  
806.0  13:26:09 42.387627 -72.523575   21     20     23  
806.0  13:26:14 42.387638 -72.52356   20     24     23  
806.0  13:26:24 42.387714 -72.52373   22     24     24  
806.0  13:26:31 42.388206 -72.52421   22     21     22  
807.0  13:27:00 42.39104 -72.52521   21     22     23  
807.0  13:27:22 42.391026 -72.52524   21     21     20  
807.0  13:27:32 42.391388 -72.52538   20     24     20  
807.0  13:27:40 42.392353 -72.52557   21     21     20  
807.0  13:27:47 42.387646 -72.523445   22     20     23  
807.0  13:27:51 42.393215 -72.52586   20     23     23  
808.0  13:28:00 42.393826 -72.52615   24     22     20  
808.0  13:28:00 42.39382 -72.52615   22     20     23  
808.0  13:28:08 42.39382 -72.52615   24     24     23  
808.0  13:28:17 42.393795 -72.52616   24     20     22  
808.0  13:28:27 42.39379 -72.526146   24     22     21  
808.0  13:28:36 42.393795 -72.52615   22     20     23  
808.0  13:28:44 42.393818 -72.526245   24     24     24  
808.0  13:28:53 42.394188 -72.52647   20     22     21  
809.0  13:29:00 42.39478 -72.52682   21     24     21  
809.0  13:29:01 42.39476 -72.5268   22     23     23  
809.0  13:29:10 42.39483 -72.52686   22     21     24  
809.0  13:29:23 42.394825 -72.52689   22     24     20  
809.0  13:29:31 42.394825 -72.52689   22     22     23  
809.0  13:29:40 42.395054 -72.52701   24     23     21  
809.0  13:29:49 42.395943 -72.527405   22     22     24  
809.0  13:29:57 42.396957 -72.5278   24     20     20  
810.0  13:30:00 42.397434 -72.52796   23     21     24  
810.0  13:30:06 42.39757 -72.52798   21     21     21  
810.0  13:30:18 42.39766 -72.527985   23     22     20  
810.0  13:30:26 42.39787 -72.52809   22     23     20  
810.0  13:30:35 42.399223 -72.528015   22     20     23  
810.0  13:30:44 42.400505 -72.52783   22     21     22  
810.0  13:30:53 42.401855 -72.528206   24     24     24  
811.0  13:31:00 42.403248 -72.52901   21     22     23  
811.0  13:31:01 42.40304 -72.52886   22     23     21  
811.0  13:31:12 42.403904 -72.5294   20     20     20  
811.0  13:31:21 42.40391 -72.52946   20     23     24  
811.0  13:31:30 42.403908 -72.52949   21     22     22  
811.0  13:31:38 42.404312 -72.529655   20     21     20  
811.0  13:31:47 42.405354 -72.52961   24     22     24  
811.0  13:31:56 42.406933 -72.52994   21     21     23  
812.0  13:32:00 42.408005 -72.53027   22     24     22  
812.0  13:32:07 42.40844 -72.53041   21     24     20  
812.0  13:32:16 42.40916 -72.530594   22     23     24  
812.0  13:32:24 42.40928 -72.530685   24     21     24  
812.0  13:32:32 42.40933 -72.530716   23     22     24  
812.0  13:32:41 42.40975 -72.53092   23     24     23  
812.0  13:32:49 42.409946 -72.531456   23     20     21  
813.0  13:33:00 42.40973 -72.533   23     23     23  
813.0  13:33:00 42.40969 -72.53333   23     24     22  
813.0  13:33:08 42.409653 -72.533585   24     21     23  
813.0  13:33:17 42.40965 -72.533585   24     22     22  
813.0  13:33:25 42.40964 -72.53365   24     23     21  
813.0  13:33:34 42.40953 -72.53464   23     22     23  
813.0  13:33:44 42.409363 -72.53609   23     21     20  
813.0  13:33:55 42.409023 -72.537674   23     20     23  
814.0  13:34:00 42.409412 -72.53786   24     24     21  
814.0  13:34:04 42.409412 -72.53786   21     23     24  
814.0  13:34:13 42.410522 -72.5377   21     22     22  
814.0  13:34:22 42.41222 -72.53749   23     24     23  
814.0  13:34:31 42.413937 -72.53727   23     24     24  
814.0  13:34:39 42.415573 -72.53707   24     23     21  
814.0  13:34:50 42.417675 -72.53682   21     24     23  
815.0  13:35:00 42.42034 -72.53692   24     20     20  
815.0  13:35:32 42.425743 -72.53918   21     23     24  
815.0  13:35:43 42.427444 -72.54034   20     24     23  
815.0  13:35:52 42.42891 -72.54146   20     24     21  
816.0  13:36:00 42.43032 -72.5427   20     22     24  
816.0  13:36:00 42.4308 -72.54311   21     21     22  
816.0  13:36:09 42.431583 -72.54379   24     21     21  
816.0  13:36:17 42.432945 -72.54488   21     23     23  
816.0  13:36:26 42.434357 -72.54576   24     20     23  
816.0  13:36:38 42.43632 -72.546745   23     23     24  
816.0  13:36:47 42.438187 -72.547775   20     20     21  
816.0  13:36:55 42.439583 -72.54883   23     24     24  
817.0  13:37:00 42.44091 -72.550026   20     23     24  
817.0  13:37:04 42.441067 -72.550186   24     21     20  
817.0  13:37:12 42.44227 -72.55154   21     21     21  
817.0  13:37:21 42.4437 -72.55288   24     22     24  
817.0  13:37:32 42.445583 -72.554146   24     22     22  
817.0  13:37:40 42.446884 -72.55515   24     21     21  
817.0  13:37:49 42.448055 -72.55684   20     23     23  
817.0  13:37:58 42.44889 -72.558525   23     22     23  
818.0  13:38:00 42.44954 -72.55973   21     23     21  
818.0  13:38:06 42.449863 -72.560265   22     22     22  
818.0  13:38:15 42.450745 -72.56153   20     21     21  
818.0  13:38:26 42.45178 -72.56304   23     20     20  
818.0  13:38:35 42.45225 -72.56365   23     23     20  
818.0  13:38:48 42.45224 -72.563644   22     24     23  
818.0  13:38:56 42.45225 -72.56364   24     21     21  
819.0  13:39:00 42.45226 -72.56365   24     21     21  
819.0  13:39:04 42.45226 -72.56365   22     24     21  
819.0  13:39:13 42.45246 -72.564   22     20     20  
819.0  13:39:24 42.45331 -72.56518   21     22     20  
819.0  13:39:32 42.45471 -72.566635   24     23     20  
819.0  13:39:41 42.45599 -72.56786   21     24     21  
819.0  13:39:49 42.45752 -72.56932   23     21     24  
819.0  13:39:59 42.458904 -72.57063   23     20     24  
820.0  13:40:00 42.45995 -72.57158   20     22     20  
820.0  13:40:08 42.46084 -72.572235   21     22     22  
820.0  13:40:30 42.464058 -72.57424   23     24     22  
820.0  13:40:40 42.464928 -72.57527   24     23     24  
820.0  13:40:48 42.465374 -72.57597   22     20     20  
820.0  13:40:57 42.46537 -72.57594   24     21     22  
821.0  13:41:00 42.46548 -72.57619   23     23     24  
821.0  13:41:06 42.465565 -72.57637   22     21     22  
821.0  13:41:17 42.466125 -72.578   23     23     20  
821.0  13:41:26 42.466293 -72.578766   24     22     20  
821.0  13:41:36 42.466366 -72.57932   24     20     23  
821.0  13:41:44 42.46623 -72.57967   21     21     20  
821.0  13:41:53 42.46546 -72.58003   24     23     24  
822.0  13:42:00 42.46384 -72.58072   22     22     20  
822.0  13:42:01 42.464314 -72.58055   20     23     20  
822.0  13:42:12 42.462658 -72.58112   21     20     22  
822.0  13:42:20 42.461346 -72.58157   20     23     21  
822.0  13:42:29 42.46007 -72.582016   21     23     23  
822.0  13:42:38 42.458797 -72.58241   23     21     20  
822.0  13:42:47 42.458004 -72.58271   24     23     20  
822.0  13:42:55 42.457714 -72.58277   22     24     21  
823.0  13:43:00 42.457584 -72.582184   21     20     24  
823.0  13:43:06 42.45757 -72.58202   21     23     23  
823.0  13:43:14 42.45754 -72.581505   24     23     20  
823.0  13:43:33 42.45768 -72.58142   21     24     24  
823.0  13:43:44 42.457794 -72.58145   23     21     21  
823.0  13:43:49 42.45781 -72.58146   21     23     21  
823.0  13:43:54 42.457817 -72.58145   24     23     23  
823.0  13:43:56 42.457817 -72.58145   24     24     22  
824.0  13:44:00 42.457825 -72.58145   24     20     24  
824.0  13:44:06 42.4578 -72.58145   21     22     23  
824.0  13:44:14 42.457767 -72.58145   23     20     22  
824.0  13:44:23 42.4578 -72.58144   22     20     22  
824.0  13:44:31 42.457817 -72.58144   22     24     20  
824.0  13:44:40 42.45794 -72.58144   22     23     23  
824.0  13:44:48 42.457962 -72.581436   22     21     22  
824.0  13:44:59 42.45793 -72.581436   21     21     21  
825.0  13:45:00 42.45792 -72.581436   21     23     23  
825.0  13:45:07 42.45791 -72.581436   20     20     24  
825.0  13:45:16 42.45788 -72.58146   23     24     23  
825.0  13:45:24 42.45785 -72.58145   21     24     24  
825.0  13:45:33 42.45784 -72.58146   21     20     24  
825.0  13:45:42 42.45783 -72.58147   22     21     23  
825.0  13:45:53 42.45783 -72.58146   23     23     22  
826.0  13:46:00 42.45785 -72.58145   23     23     23  
826.0  13:46:01 42.457848 -72.58145   21     23     24  
826.0  13:46:10 42.457855 -72.58146   24     23     20  
826.0  13:46:18 42.45784 -72.58146   21     24     21  
826.0  13:46:27 42.457836 -72.58147   20     22     24  
826.0  13:46:36 42.45776 -72.58146   22     21     20  
827.0  13:47:00 42.45786 -72.58227   23     24     24  
827.0  13:47:19 42.458157 -72.582596   23     23     21  
827.0  13:47:28 42.458946 -72.582245   21     22     23  
827.0  13:47:38 42.45981 -72.58188   21     22     24  
827.0  13:47:47 42.459743 -72.58112   20     20     21  
827.0  13:47:56 42.45952 -72.57981   22     21     23  
828.0  13:48:00 42.459366 -72.57885   24     23     24  
828.0  13:48:04 42.459354 -72.57875   21     23     23  
828.0  13:48:13 42.4593 -72.5784   21     23     21  
828.0  13:48:22 42.459286 -72.578415   20     22     20  
828.0  13:48:33 42.45927 -72.57842   22     20     23  
828.0  13:48:41 42.45928 -72.57843   20     23     23  
828.0  13:48:50 42.459305 -72.57843   24     21     22  
828.0  13:48:59 42.45932 -72.57834   20     21     22  
829.0  13:49:00 42.459244 -72.577995   23     22     24  
829.0  13:49:07 42.459167 -72.57752   21     23     20  
829.0  13:49:48 42.457005 -72.57014   23     20     20  
829.0  13:49:55 42.4589 -72.576004   23     24     20  
829.0  13:49:59 42.45565 -72.56873   20     22     21  
830.0  13:50:00 42.45508 -72.56812   21     20     24  
830.0  13:50:07 42.454796 -72.5678   20     24     22  
830.0  13:50:15 42.454536 -72.56689   22     23     24  
830.0  13:50:24 42.45458 -72.566765   21     22     24  
830.0  13:50:32 42.454464 -72.56645   22     21     21  
831.0  13:51:00 42.45177 -72.56319   23     21     21  
831.0  13:51:43 42.451366 -72.56262   23     20     24  
831.0  13:51:54 42.45055 -72.56143   22     21     23  
831.0  13:51:56 42.45367 -72.565704   24     22     23  
832.0  13:52:00 42.44962 -72.56003   22     24     22  
832.0  13:52:02 42.44973 -72.5602   24     22     22  
832.0  13:52:14 42.448875 -72.55869   24     20     20  
832.0  13:52:22 42.447674 -72.55639   23     20     20  
832.0  13:52:30 42.446377 -72.55473   23     20     24  
832.0  13:52:39 42.444927 -72.55375   21     22     22  
832.0  13:52:50 42.443073 -72.552414   24     23     24  
832.0  13:52:58 42.44166 -72.55095   22     24     24  
833.0  13:53:00 42.440865 -72.550064   22     20     20  
833.0  13:53:07 42.44037 -72.54957   23     23     20  
833.0  13:53:16 42.438747 -72.5482   22     20     21  
833.0  13:53:25 42.437 -72.5471   20     22     21  
834.0  13:54:00 42.430172 -72.54264   23     21     24  
834.0  13:54:30 42.426052 -72.53947   20     20     24  
835.0  13:55:00 42.4197 -72.53688   22     24     20  
836.0  13:56:00 42.409515 -72.53786   20     20     23  
836.0  13:56:53 42.40928 -72.53619   24     21     20  
837.0  13:57:00 42.409454 -72.5349   21     22     20  
837.0  13:57:47 42.409843 -72.53159   22     23     20  
838.0  13:58:00 42.409657 -72.53089   21     24     23  
838.0  13:58:14 42.409065 -72.530685   21     21     24  
838.0  13:58:19 42.409042 -72.53067   21     21     23  
838.0  13:58:24 42.409035 -72.53065   21     21     22  
839.0  13:59:00 42.40424 -72.52968   23     23     24  
839.0  13:59:12 42.403206 -72.52916   22     20     22  
839.0  13:59:17 42.403088 -72.52908   21     23     21  
839.0  13:59:23 42.40309 -72.5291   22     22     24  
839.0  13:59:28 42.403034 -72.5291   24     21     23  
839.0  13:59:28 42.403088 -72.52908   21     21     24  
839.0  13:59:52 42.400887 -72.52798   24     21     21  
840.0  14:00:00 42.39942 -72.52802   24     24     23  
840.0  14:00:40 42.395306 -72.527054   23     23     23  
840.0  14:00:45 42.39528 -72.52707   21     20     23  
840.0  14:00:50 42.395275 -72.527084   24     24     20  
840.0  14:00:55 42.395287 -72.52709   22     21     20  
841.0  14:01:00 42.395298 -72.52711   22     21     22  
841.0  14:01:00 42.395298 -72.52711   24     24     21  
841.0  14:01:04 42.395283 -72.52709   21     24     21  
841.0  14:01:13 42.395275 -72.527084   24     23     21  
841.0  14:01:18 42.39529 -72.52708   21     20     21  
841.0  14:01:23 42.395306 -72.52707   21     23     20  
841.0  14:01:28 42.3953 -72.52707   24     20     23  
841.0  14:01:33 42.395187 -72.527016   21     23     23  
841.0  14:01:48 42.393818 -72.52622   21     24     24  
841.0  14:01:53 42.3935 -72.52606   22     21     24  
841.0  14:01:56 42.39412 -72.52639   23     24     21  
842.0  14:02:00 42.393356 -72.52601   24     24     24  
842.0  14:02:03 42.393337 -72.52599   21     23     23  
842.0  14:02:08 42.393326 -72.525986   23     20     23  
842.0  14:02:13 42.39333 -72.52598   24     21     23  
842.0  14:02:19 42.393333 -72.525986   22     23     24  
842.0  14:02:27 42.393345 -72.525986   21     23     23  
843.0  14:03:00 42.39085 -72.52524   24     21     21  
844.0  14:04:00 42.38772 -72.523865   24     21     23  
845.0  14:05:00 42.386776 -72.52258   23     24     24  
846.0  14:06:00 42.38164 -72.51953   22     21     20  
846.0  14:06:52 42.37782 -72.51997   22     21     21  
846.0  14:06:57 42.377827 -72.519966   24     20     20  
847.0  14:07:00 42.377842 -72.51994   24     21     22  
847.0  14:07:03 42.377846 -72.519936   21     21     24  
847.0  14:07:08 42.37785 -72.51992   22     24     23  
847.0  14:07:13 42.377857 -72.51991   20     23     24  
847.0  14:07:18 42.377827 -72.51992   21     23     20  
847.0  14:07:28 42.37784 -72.51991   24     22     23  
847.0  14:07:28 42.3778 -72.519905   21     21     23  
847.0  14:07:45 42.377106 -72.51992   23     20     22  
847.0  14:07:51 42.377056 -72.51993   22     21     20  
847.0  14:07:56 42.377056 -72.51993   21     23     23  
848.0  14:08:00 42.37694 -72.51993   21     20     23  
848.0  14:08:01 42.376976 -72.51993   23     23     21  
848.0  14:08:06 42.376858 -72.51993   20     21     24  
848.0  14:08:11 42.376812 -72.51993   24     22     20  
849.0  14:09:00 42.374275 -72.51986   22     20     23  
850.0  14:10:00 42.36697 -72.52025   21     24     22  
851.0  14:11:00 42.35746 -72.52093   24     22     22  
852.0  14:12:00 42.351597 -72.52578   22     23     20  
853.0  14:13:00 42.350372 -72.527405   23     20     23  
854.0  14:14:00 42.34888 -72.5289   24     23     20  
855.0  14:15:00 42.348904 -72.53055   21     21     21  
856.0  14:16:00 42.35073 -72.530266   21     20     20  
857.0  14:17:00 42.352333 -72.52332   23     21     23  
858.0  14:18:00 42.355694 -72.52097   20     21     23  
859.0  14:19:00 42.360786 -72.52074   20     24     23  
860.0  14:20:00 42.36642 -72.52027   24     22     21  
861.0  14:21:00 42.37297 -72.51974   24     20     23  
862.0  14:22:00 42.374737 -72.51973   23     20     24  
862.0  14:22:00 42.37474 -72.51976   22     20     23  
863.0  14:23:00 42.374706 -72.51972   20     23     20  
864.0  14:24:00 42.37472 -72.5197   21     20     22  
865.0  14:25:00 42.375343 -72.51973   22     24     24  
865.0  14:25:21 42.375412 -72.519745   20     21     20  
866.0  14:26:00 42.377354 -72.51979   24     24     21  
866.0  14:26:14 42.377354 -72.51979   20     24     20  
867.0  14:27:00 42.37743 -72.51988   21     23     20  
867.0  14:27:12 42.37743 -72.51988   24     21     20  
868.0  14:28:00 42.379795 -72.5195   22     22     22  
869.0  14:29:00 42.382812 -72.520355   21     20     24  
869.0  14:29:33 42.385986 -72.52233   23     22     23  
869.0  14:29:44 42.38656 -72.522354   24     23     24  
869.0  14:29:53 42.387184 -72.52291   22     23     21  
870.0  14:30:00 42.387646 -72.52349   21     24     24  
870.0  14:30:06 42.387585 -72.5234   22     22     23  
870.0  14:30:15 42.38769 -72.523506   24     24     22  
870.0  14:30:23 42.387695 -72.52352   24     24     21  
870.0  14:30:34 42.38822 -72.52416   20     24     21  
870.0  14:30:42 42.3892 -72.52471   23     24     24  
870.0  14:30:51 42.390266 -72.52505   23     22     21  
871.0  14:31:00 42.39098 -72.52515   20     21     22  
871.0  14:31:00 42.39104 -72.525154   21     21     22  
871.0  14:31:08 42.391075 -72.52513   24     22     20  
871.0  14:31:17 42.391075 -72.52515   21     24     24  
871.0  14:31:28 42.391148 -72.52518   24     23     24  
871.0  14:31:37 42.391365 -72.52525   21     22     23  
871.0  14:31:45 42.39155 -72.52527   24     21     21  
871.0  14:31:54 42.391655 -72.52531   21     23     21  
872.0  14:32:00 42.392395 -72.52553   20     22     22  
872.0  14:32:02 42.392284 -72.52549   20     23     20  
872.0  14:32:11 42.393227 -72.52585   21     20     24  
872.0  14:32:23 42.39385 -72.52615   21     21     23  
872.0  14:32:32 42.3939 -72.52609   24     22     23  
872.0  14:32:41 42.393906 -72.526085   20     22     21  
872.0  14:32:49 42.393925 -72.52612   20     22     24  
872.0  14:32:58 42.394337 -72.52642   24     23     20  
873.0  14:33:00 42.394684 -72.5266   22     24     21  
873.0  14:33:06 42.39492 -72.52675   20     22     24  
873.0  14:33:17 42.39604 -72.527306   24     21     23  
873.0  14:33:26 42.39688 -72.52769   21     20     22  
873.0  14:33:34 42.397827 -72.52803   22     23     22  
873.0  14:33:42 42.39904 -72.52802   22     23     22  
873.0  14:33:51 42.40019 -72.52786   20     21     21  
874.0  14:34:00 42.401367 -72.52803   24     23     24  
874.0  14:34:04 42.400887 -72.527885   22     20     22  
874.0  14:34:14 42.402855 -72.52876   20     23     24  
874.0  14:34:23 42.403664 -72.52929   23     23     24  
874.0  14:34:31 42.403976 -72.52946   20     20     23  
874.0  14:34:40 42.404003 -72.529495   20     24     24  
874.0  14:34:48 42.404037 -72.52958   20     20     23  
874.0  14:34:57 42.404594 -72.52972   23     24     20  
875.0  14:35:00 42.405464 -72.52973   24     23     23  
875.0  14:35:08 42.406 -72.52981   20     24     22  
875.0  14:35:17 42.407383 -72.53013   24     24     24  
875.0  14:35:26 42.408676 -72.53054   22     24     24  
875.0  14:35:35 42.40926 -72.530624   20     23     24  
875.0  14:35:44 42.409237 -72.53059   20     22     21  
875.0  14:35:52 42.4094 -72.53067   21     22     22  
876.0  14:36:00 42.40971 -72.53083   20     23     22  
876.0  14:36:03 42.409683 -72.53082   24     23     22  
876.0  14:36:11 42.409927 -72.53092   21     22     24  
876.0  14:36:20 42.409912 -72.53151   21     22     20  
876.0  14:36:28 42.409744 -72.53277   24     22     21  
876.0  14:36:37 42.40958 -72.534134   22     22     20  
876.0  14:36:45 42.409363 -72.536026   21     22     22  
876.0  14:36:56 42.409092 -72.53744   24     23     23  
877.0  14:37:00 42.409267 -72.537865   23     20     21  
877.0  14:37:06 42.409267 -72.537865   23     22     24  
877.0  14:37:15 42.410595 -72.53769   21     23     23  
877.0  14:37:27 42.412083 -72.53751   24     24     22  
878.0  14:38:00 42.420486 -72.53695   20     21     22  
879.0  14:39:00 42.43124 -72.54348   21     24     20  
880.0  14:40:00 42.441734 -72.55093   24     20     22  
880.0  14:40:06 42.4422 -72.55144   20     21     24  
880.0  14:40:17 42.443775 -72.55294   24     20     24  
880.0  14:40:25 42.4453 -72.55394   23     23     21  
880.0  14:40:34 42.44668 -72.55492   23     22     22  
880.0  14:40:43 42.447735 -72.55625   24     22     21  
880.0  14:40:51 42.448704 -72.55816   21     23     23  
881.0  14:41:00 42.450054 -72.56052   24     22     21  
881.0  14:41:47 42.45224 -72.56361   22     23     24  
881.0  14:41:57 42.452244 -72.56361   21     21     23  
882.0  14:42:00 42.452385 -72.563896   21     24     23  
882.0  14:42:05 42.449593 -72.5598   21     20     24  
882.0  14:42:06 42.452442 -72.56397   23     22     20  
882.0  14:42:14 42.453194 -72.565   23     20     23  
882.0  14:42:22 42.45423 -72.56613   20     24     20  
882.0  14:42:30 42.455513 -72.567375   23     23     21  
883.0  14:43:00 42.46104 -72.572365   20     23     23  
883.0  14:43:13 42.46233 -72.57312   24     24     21  
883.0  14:43:25 42.46387 -72.574066   24     22     22  
883.0  14:43:34 42.464714 -72.57493   20     22     23  
883.0  14:43:44 42.46527 -72.57571   20     23     21  
883.0  14:43:54 42.465355 -72.57589   21     23     20  
884.0  14:44:00 42.465393 -72.57601   20     22     22  
884.0  14:44:07 42.465374 -72.57597   24     20     23  
884.0  14:44:21 42.465958 -72.57737   20     23     24  
884.0  14:44:33 42.466312 -72.57879   22     20     21  
884.0  14:44:42 42.466373 -72.57923   22     23     20  
884.0  14:44:52 42.466377 -72.579285   21     21     24  
885.0  14:45:00 42.465816 -72.57988   24     23     24  
885.0  14:45:01 42.466003 -72.57979   24     23     22  
885.0  14:45:12 42.464996 -72.58024   20     22     22  
885.0  14:45:20 42.464005 -72.58066   24     24     20  
885.0  14:45:29 42.462948 -72.58102   23     23     20  
885.0  14:45:38 42.461975 -72.58134   24     23     20  
886.0  14:46:00 42.45876 -72.58239   23     23     23  
886.0  14:46:21 42.45764 -72.58252   22     21     23  
886.0  14:46:32 42.45759 -72.582   21     24     23  
886.0  14:46:40 42.457554 -72.58148   23     21     23  
886.0  14:46:58 42.457703 -72.58142   23     23     24  
887.0  14:47:00 42.457733 -72.5814   20     23     20  
887.0  14:47:23 42.457745 -72.581406   23     21     22  
887.0  14:47:34 42.45775 -72.58143   21     24     24  
896.0  14:56:48 42.457756 -72.581474   23     20     23  
897.0  14:57:01 42.457905 -72.582184   20     21     23  
897.0  14:57:13 42.45797 -72.582634   20     21     20  
897.0  14:57:25 42.45842 -72.58249   20     22     21  
898.0  14:58:23 42.45878 -72.57514   23     24     20  
898.0  14:58:35 42.458374 -72.57289   21     24     23  
898.0  14:58:42 42.45794 -72.57115   24     24     20  
898.0  14:58:50 42.456856 -72.56998   24     24     24  
898.0  14:58:58 42.45571 -72.56877   24     21     20  
899.0  14:59:00 42.455074 -72.56811   23     23     20  
899.0  14:59:07 42.45475 -72.56774   21     22     20  
899.0  14:59:16 42.454586 -72.56675   23     20     21  
899.0  14:59:27 42.454273 -72.566246   24     20     24  
899.0  14:59:35 42.453533 -72.5655   23     24     22  
899.0  14:59:43 42.452618 -72.56434   20     20     22  
899.0  14:59:51 42.451904 -72.5633   23     23     20  
900.0  15:00:00 42.45151 -72.562805   21     23     20  
900.0  15:00:00 42.451496 -72.56279   23     23     22  
900.0  15:00:08 42.4515 -72.5628   23     23     23  
900.0  15:00:19 42.451496 -72.56278   22     23     24  
900.0  15:00:27 42.451397 -72.56257   24     23     24  
900.0  15:00:35 42.450855 -72.5618   20     23     20  
900.0  15:00:43 42.450066 -72.56064   20     22     23  
900.0  15:00:51 42.44923 -72.55927   22     21     21  
901.0  15:01:00 42.448 -72.556885   20     23     21  
901.0  15:01:02 42.448208 -72.557304   24     22     22  
901.0  15:01:14 42.44657 -72.55487   23     24     22  
901.0  15:01:23 42.44515 -72.55385   24     23     21  
901.0  15:01:32 42.443516 -72.55275   22     20     21  
901.0  15:01:40 42.44203 -72.55131   23     21     23  
901.0  15:01:48 42.440784 -72.549934   21     23     21  
901.0  15:01:56 42.439484 -72.54873   23     24     20  
902.0  15:02:00 42.438267 -72.54783   23     24     21  
902.0  15:02:06 42.43772 -72.547485   21     21     24  
902.0  15:02:15 42.436024 -72.5466   23     21     20  
902.0  15:02:23 42.4345 -72.54583   23     20     20  
902.0  15:02:32 42.4331 -72.54504   21     22     20  
902.0  15:02:41 42.432915 -72.544914   20     24     22  
902.0  15:02:49 42.432835 -72.54485   23     22     24  
903.0  15:03:00 42.431786 -72.544   23     23     24  
903.0  15:03:00 42.431355 -72.543625   24     24     24  
903.0  15:03:08 42.430557 -72.54293   24     24     23  
903.0  15:03:17 42.428963 -72.54155   24     20     20  
903.0  15:03:25 42.42744 -72.540375   20     23     23  
903.0  15:03:33 42.425865 -72.53931   23     21     23  
903.0  15:03:41 42.424282 -72.538315   20     24     22  
903.0  15:03:52 42.421986 -72.53735   23     22     24  
904.0  15:04:00 42.42008 -72.5369   22     23     23  
904.0  15:04:00 42.41966 -72.53686   24     21     23  
904.0  15:04:11 42.418427 -72.5368   21     20     21  
904.0  15:04:19 42.41633 -72.536995   22     20     20  
904.0  15:04:28 42.41495 -72.53717   24     24     24  
904.0  15:04:36 42.413456 -72.53737   22     24     22  
904.0  15:04:48 42.41135 -72.537636   22     23     22  
904.0  15:04:56 42.409916 -72.53781   24     23     24  
905.0  15:05:00 42.40934 -72.537895   23     24     21  
905.0  15:05:05 42.409218 -72.53792   20     21     23  
905.0  15:05:14 42.408882 -72.53783   23     21     24  
905.0  15:05:22 42.408943 -72.53756   21     23     22  
905.0  15:05:31 42.40917 -72.53694   22     20     23  
905.0  15:05:41 42.40941 -72.535194   20     20     24  
905.0  15:05:50 42.40957 -72.53395   21     20     23  
905.0  15:05:58 42.409634 -72.533394   22     24     21  
906.0  15:06:00 42.409645 -72.53338   24     24     24  
906.0  15:06:07 42.40966 -72.53324   23     24     24  
906.0  15:06:15 42.409767 -72.532326   21     24     21  
906.0  15:06:24 42.40988 -72.53151   21     22     24  
906.0  15:06:39 42.409912 -72.531166   21     22     20  
906.0  15:06:48 42.409924 -72.53116   22     21     20  
906.0  15:06:56 42.40993 -72.53105   23     20     21  
907.0  15:07:00 42.40983 -72.53088   21     20     24  
907.0  15:07:04 42.40974 -72.53087   22     21     20  
907.0  15:07:13 42.40923 -72.53073   24     21     20  
907.0  15:07:22 42.40908 -72.53069   22     24     20  
907.0  15:07:33 42.408676 -72.530556   23     22     23  
907.0  15:07:41 42.40754 -72.53021   23     20     22  
907.0  15:07:50 42.406193 -72.52986   22     22     20  
907.0  15:07:58 42.40473 -72.5297   24     21     20  
908.0  15:08:00 42.40399 -72.529625   21     22     24  
908.0  15:08:06 42.40363 -72.52942   20     20     24  
908.0  15:08:15 42.40248 -72.52863   21     22     22  
908.0  15:08:26 42.400642 -72.5279   24     22     21  
908.0  15:08:35 42.399323 -72.528015   23     21     20  
908.0  15:08:44 42.398132 -72.52809   23     23     21  
908.0  15:08:53 42.397076 -72.527855   22     24     24  
909.0  15:09:00 42.396282 -72.527504   21     24     21  
909.0  15:09:02 42.39636 -72.52754   20     20     21  
909.0  15:09:11 42.395866 -72.52732   24     20     22  
909.0  15:09:21 42.395527 -72.52716   21     21     21  
909.0  15:09:30 42.395412 -72.5271   20     21     24  
909.0  15:09:39 42.395382 -72.52707   23     24     24  
909.0  15:09:47 42.395374 -72.52706   24     24     24  
909.0  15:09:56 42.39535 -72.527054   20     20     22  
910.0  15:10:00 42.394836 -72.52679   20     21     22  
910.0  15:10:04 42.394733 -72.52673   24     24     21  
910.0  15:10:14 42.393803 -72.52621   20     24     24  
910.0  15:10:23 42.39336 -72.526   24     21     23  
910.0  15:10:31 42.393364 -72.52601   22     22     20  
910.0  15:10:41 42.39337 -72.526   24     22     21  
910.0  15:10:49 42.393383 -72.526   21     24     24  
910.0  15:10:58 42.39335 -72.525925   24     21     23  
911.0  15:11:00 42.393345 -72.52592   22     21     21  
911.0  15:11:08 42.39332 -72.525894   21     24     20  
911.0  15:11:17 42.392776 -72.525665   22     21     21  
911.0  15:11:26 42.391838 -72.525375   24     22     21  
911.0  15:11:34 42.39104 -72.525215   22     22     23  
911.0  15:11:42 42.39083 -72.52522   24     24     24  
911.0  15:11:51 42.39083 -72.52523   23     20     21  
912.0  15:12:00 42.389885 -72.52501   21     23     23  
912.0  15:12:01 42.390118 -72.52506   20     21     21  
912.0  15:12:10 42.389053 -72.52471   24     23     20  
912.0  15:12:18 42.388306 -72.52432   24     20     23  
912.0  15:12:26 42.387764 -72.52389   24     22     21  
912.0  15:12:35 42.38776 -72.52387   23     20     24  
912.0  15:12:44 42.387764 -72.52388   24     21     24  
912.0  15:12:54 42.387753 -72.523865   22     20     22  
913.0  15:13:00 42.387417 -72.52334   24     24     21  
913.0  15:13:02 42.38748 -72.52343   21     23     20  
913.0  15:13:11 42.38681 -72.5226   20     24     23  
913.0  15:13:22 42.38628 -72.5224   22     24     22  
914.0  15:14:00 42.38525 -72.5218   23     22     23  
914.0  15:14:03 42.38534 -72.52186   21     20     21  
914.0  15:14:15 42.383984 -72.521126   20     23     24  
914.0  15:14:24 42.38303 -72.52062   24     23     24  
914.0  15:14:32 42.382206 -72.520065   20     20     23  
914.0  15:14:41 42.381683 -72.5196   20     22     24  
914.0  15:14:55 42.381256 -72.51929   22     23     23  
915.0  15:15:00 42.38003 -72.519485   23     24     20  
915.0  15:15:08 42.37983 -72.51954   22     24     22  
915.0  15:15:16 42.37956 -72.5197   23     23     20  
915.0  15:15:24 42.379543 -72.519714   21     20     24  
915.0  15:15:33 42.379513 -72.519714   20     21     20  
915.0  15:15:41 42.379044 -72.51987   20     21     20  
915.0  15:15:50 42.378597 -72.51996   24     20     21  
916.0  15:16:00 42.378372 -72.51994   23     22     24  
916.0  15:16:02 42.378384 -72.51994   23     22     20  
916.0  15:16:10 42.37815 -72.51993   23     23     24  
916.0  15:16:19 42.37803 -72.519936   24     23     22  
916.0  15:16:27 42.378 -72.519936   20     23     20  
916.0  15:16:35 42.377834 -72.51997   22     21     21  
916.0  15:16:45 42.377834 -72.51999   20     20     21  
916.0  15:16:58 42.377827 -72.52001   21     23     21  
917.0  15:17:00 42.37782 -72.52001   21     23     20  
917.0  15:17:06 42.377815 -72.520004   21     24     24  
917.0  15:17:14 42.377808 -72.52   23     24     24  
917.0  15:17:22 42.37781 -72.51999   24     23     24  
917.0  15:17:30 42.377785 -72.51998   20     20     22  
917.0  15:17:39 42.377705 -72.51994   20     23     20  
917.0  15:17:49 42.37771 -72.51993   23     23     23  
917.0  15:17:57 42.377625 -72.51992   24     21     23  
918.0  15:18:00 42.377388 -72.519905   21     22     23  
918.0  15:18:06 42.37732 -72.5199   23     20     22  
918.0  15:18:14 42.376995 -72.51991   24     24     21  
918.0  15:18:22 42.37657 -72.51991   23     22     23  
918.0  15:18:31 42.37628 -72.5199   24     22     22  
918.0  15:18:41 42.3761 -72.519875   24     23     20  
918.0  15:18:50 42.37605 -72.5199   23     23     20  
918.0  15:18:59 42.37605 -72.51992   23     23     21  
919.0  15:19:00 42.376053 -72.51992   20     21     22  
919.0  15:19:07 42.376053 -72.51992   23     20     24  
919.0  15:19:15 42.37604 -72.51992   22     23     24  
919.0  15:19:23 42.376045 -72.51991   20     21     22  
919.0  15:19:34 42.3757 -72.51992   21     24     23  
919.0  15:19:42 42.37513 -72.51987   23     24     20  
919.0  15:19:51 42.37478 -72.51985   20     24     23  
919.0  15:19:59 42.37442 -72.519875   22     24     21  
920.0  15:20:00 42.374386 -72.51987   23     23     23  
920.0  15:20:08 42.374382 -72.51986   24     20     24  
920.0  15:20:17 42.37438 -72.51986   24     21     21  
920.0  15:20:29 42.37415 -72.519806   23     20     20  
920.0  15:20:38 42.373653 -72.51983   21     21     22  
920.0  15:20:47 42.3735 -72.51983   23     20     23  
920.0  15:20:55 42.373486 -72.51983   22     20     22  
921.0  15:21:00 42.373474 -72.5198   21     21     24  
921.0  15:21:03 42.373474 -72.5198   22     20     23  
921.0  15:21:12 42.373466 -72.519775   22     21     23  
921.0  15:21:23 42.37346 -72.51975   21     21     21  
921.0  15:21:36 42.37346 -72.51975   23     21     22  
921.0  15:21:45 42.373455 -72.51977   21     20     23  
921.0  15:21:53 42.373245 -72.51979   24     22     21  
922.0  15:22:00 42.372288 -72.51973   20     21     24  
922.0  15:22:02 42.3725 -72.51975   24     21     23  
922.0  15:22:11 42.371574 -72.51973   20     23     21  
922.0  15:22:21 42.370155 -72.51986   24     22     23  
922.0  15:22:29 42.36885 -72.52   21     21     21  
922.0  15:22:37 42.367664 -72.52014   22     23     22  
922.0  15:22:46 42.366512 -72.5203   21     20     21  
922.0  15:22:54 42.365143 -72.52052   22     20     24  
923.0  15:23:00 42.36377 -72.520744   24     22     22  
923.0  15:23:03 42.363926 -72.52073   22     23     24  
923.0  15:23:16 42.361706 -72.52077   22     21     24  
923.0  15:23:28 42.36053 -72.52078   24     24     21  
923.0  15:23:36 42.35882 -72.520836   23     24     21  
923.0  15:23:45 42.357853 -72.520905   21     23     20  
923.0  15:23:54 42.3568 -72.521   24     23     23  
924.0  15:24:00 42.355896 -72.520996   21     23     20  
924.0  15:24:08 42.355835 -72.52099   23     22     22  
924.0  15:24:18 42.35556 -72.52119   22     21     22  
925.0  15:25:00 42.353523 -72.5226   20     20     21  
925.0  15:25:46 42.35159 -72.525955   23     22     24  
925.0  15:25:57 42.35158 -72.525955   22     23     20  
926.0  15:26:00 42.35157 -72.526054   22     23     21  
926.0  15:26:05 42.351562 -72.52615   23     20     22  
926.0  15:26:15 42.351543 -72.52683   22     20     21  
926.0  15:26:24 42.35146 -72.52738   24     23     21  
926.0  15:26:33 42.35116 -72.52739   24     22     24  
926.0  15:26:41 42.35084 -72.52739   24     21     22  
926.0  15:26:52 42.35056 -72.52739   22     23     22  
927.0  15:27:00 42.350075 -72.52742   21     22     23  
927.0  15:27:01 42.350185 -72.52739   22     21     20  
927.0  15:27:09 42.349876 -72.52755   22     23     23  
927.0  15:27:17 42.34973 -72.527756   20     21     22  
927.0  15:27:25 42.349613 -72.52816   22     20     20  
927.0  15:27:34 42.3495 -72.52843   22     21     22  
927.0  15:27:47 42.34915 -72.52878   22     20     22  
927.0  15:27:56 42.348858 -72.528885   23     22     22  
928.0  15:28:00 42.34885 -72.5289   22     22     22  
928.0  15:28:04 42.34885 -72.52891   24     22     21  
928.0  15:28:13 42.348854 -72.52891   22     21     21  
928.0  15:28:21 42.348858 -72.52891   20     23     20  
928.0  15:28:30 42.34886 -72.52891   20     20     23  
928.0  15:28:40 42.348866 -72.52889   23     22     22  
929.0  15:29:00 42.34848 -72.529015   24     21     21  
929.0  15:29:24 42.348293 -72.52975   22     20     21  
929.0  15:29:35 42.348415 -72.530464   22     20     20  
929.0  15:29:44 42.348713 -72.5306   24     20     23  
929.0  15:29:53 42.34897 -72.53049   20     23     20  
930.0  15:30:00 42.34961 -72.53029   22     22     23  
930.0  15:30:02 42.349464 -72.530304   21     24     24  
930.0  15:30:10 42.350075 -72.53027   22     24     23  
930.0  15:30:54 42.35046 -72.53024   24     24     21  
931.0  15:31:00 42.350563 -72.53026   20     20     22  
931.0  15:31:05 42.350613 -72.53026   23     21     23  
931.0  15:31:14 42.351044 -72.530266   24     23     22  
931.0  15:31:22 42.351425 -72.53027   23     22     20  
931.0  15:31:31 42.35155 -72.53014   24     21     20  
931.0  15:31:40 42.351524 -72.52903   23     20     21  
931.0  15:31:48 42.351513 -72.52779   23     23     20  
931.0  15:31:59 42.35149 -72.526634   21     21     21  
932.0  15:32:00 42.35149 -72.526505   20     21     22  
932.0  15:32:08 42.351486 -72.526505   23     22     21  
932.0  15:32:18 42.351475 -72.52648   23     23     24  
932.0  15:32:27 42.35148 -72.5265   21     23     21  
932.0  15:32:36 42.35151 -72.52637   23     24     24  
932.0  15:32:45 42.3516 -72.525375   23     22     21  
932.0  15:32:59 42.352306 -72.52337   23     21     22  
933.0  15:33:00 42.353344 -72.522606   23     22     20  
933.0  15:33:14 42.35408 -72.522064   24     20     24  
933.0  15:33:23 42.355453 -72.521286   24     20     21  
933.0  15:33:32 42.355656 -72.521065   24     24     22  
933.0  15:33:41 42.35563 -72.52105   21     22     22  
933.0  15:33:54 42.355595 -72.520966   22     20     21  
934.0  15:34:00 42.355595 -72.52096   24     24     23  
934.0  15:34:02 42.355595 -72.52095   23     21     21  
934.0  15:34:11 42.35569 -72.52084   23     22     22  
934.0  15:34:20 42.356342 -72.52089   21     22     21  
935.0  15:35:00 42.362442 -72.52072   20     22     21  
935.0  15:35:01 42.36213 -72.52072   24     20     21  
935.0  15:35:12 42.363983 -72.520676   21     23     24  
935.0  15:35:16 42.357365 -72.52088   23     24     24  
935.0  15:35:20 42.365444 -72.52043   20     20     22  
935.0  15:35:28 42.366997 -72.5202   22     23     21  
935.0  15:35:37 42.368534 -72.51996   20     20     24  
935.0  15:35:46 42.370052 -72.5198   24     20     21  
935.0  15:35:55 42.371437 -72.51971   20     20     23  
936.0  15:36:00 42.372242 -72.51969   20     20     24  
936.0  15:36:11 42.372375 -72.51969   24     22     20  
936.0  15:36:21 42.372963 -72.51974   22     21     21  
936.0  15:36:29 42.372982 -72.51976   24     24     23  
936.0  15:36:38 42.37306 -72.51976   23     20     24  
936.0  15:36:48 42.373455 -72.51978   24     24     22  
936.0  15:36:59 42.3743 -72.51985   21     22     21  
937.0  15:37:00 42.37443 -72.51981   23     24     20  
937.0  15:37:08 42.37457 -72.51977   22     22     22  
937.0  15:37:17 42.3747 -72.519745   23     21     20  
937.0  15:37:25 42.37472 -72.51973   22     21     23  
937.0  15:37:34 42.3747 -72.51969   23     21     20  
937.0  15:37:42 42.374676 -72.51968   24     23     24  
937.0  15:37:54 42.374672 -72.5197   22     24     23  
938.0  15:38:00 42.374702 -72.51971   23     22     23  
938.0  15:38:02 42.374695 -72.51971   24     21     24  
938.0  15:38:11 42.37472 -72.51973   21     20     22  
938.0  15:38:19 42.37476 -72.51976   22     24     24  
938.0  15:38:28 42.374866 -72.51978   21     20     23  
938.0  15:38:37 42.37505 -72.519745   24     22     20  
938.0  15:38:48 42.375183 -72.51972   22     21     22  
938.0  15:38:57 42.375225 -72.51975   24     22     23  
939.0  15:39:00 42.37525 -72.519775   22     21     23  
939.0  15:39:06 42.375275 -72.51979   23     20     22  
939.0  15:39:15 42.375317 -72.51978   20     22     20  
939.0  15:39:23 42.37535 -72.51979   24     23     22  
939.0  15:39:32 42.375565 -72.51976   21     23     21  
939.0  15:39:43 42.376076 -72.51981   20     20     22  
939.0  15:39:51 42.37637 -72.51983   23     24     22  
940.0  15:40:00 42.376434 -72.51983   20     24     24  
940.0  15:40:00 42.37649 -72.519844   22     23     20  
940.0  15:40:09 42.3766 -72.51985   24     23     22  
940.0  15:40:17 42.376984 -72.51985   23     23     22  
940.0  15:40:26 42.37739 -72.51984   23     23     21  
940.0  15:40:37 42.377453 -72.51982   22     20     20  
940.0  15:40:46 42.377457 -72.51981   23     22     20  
940.0  15:40:54 42.377457 -72.519806   21     24     23  
941.0  15:41:00 42.377575 -72.51979   23     22     23  
941.0  15:41:03 42.377575 -72.51979   23     20     21  
941.0  15:41:12 42.378223 -72.51985   20     24     23  
941.0  15:41:20 42.37883 -72.519844   21     23     21  
941.0  15:41:32 42.37954 -72.51961   24     22     23  
941.0  15:41:40 42.37981 -72.5195   23     21     24  
941.0  15:41:49 42.37979 -72.51949   24     24     24  
941.0  15:41:57 42.379803 -72.51949   23     20     21  
942.0  15:42:00 42.379814 -72.51948   23     24     23  
942.0  15:42:06 42.37982 -72.51947   23     24     20  
942.0  15:42:15 42.380066 -72.519424   21     23     20  
942.0  15:42:26 42.380875 -72.51928   23     23     22  
942.0  15:42:35 42.38118 -72.51926   21     22     23  
942.0  15:42:44 42.381268 -72.51926   22     23     20  
942.0  15:42:53 42.3813 -72.519264   24     22     24  
943.0  15:43:00 42.381405 -72.51926   21     21     24  
943.0  15:43:04 42.381435 -72.519264   22     23     20  
943.0  15:43:13 42.38172 -72.51948   24     20     20  
943.0  15:43:24 42.382763 -72.52037   23     21     21  
943.0  15:43:33 42.383926 -72.521034   20     22     21  
943.0  15:43:42 42.384872 -72.52156   20     20     24  
943.0  15:43:51 42.385834 -72.522125   20     24     23  
944.0  15:44:00 42.386234 -72.52239   20     24     21  
944.0  15:44:00 42.38652 -72.52235   21     22     23  
944.0  15:44:08 42.38685 -72.522545   24     24     21  
944.0  15:44:19 42.38689 -72.52259   20     20     22  
944.0  15:44:27 42.386925 -72.52261   24     23     23  
944.0  15:44:36 42.38706 -72.52279   23     24     22  
944.0  15:44:44 42.387417 -72.523224   21     23     22  
944.0  15:44:53 42.38768 -72.52354   24     20     24  
945.0  15:45:00 42.387653 -72.52352   21     24     24  
945.0  15:45:01 42.387653 -72.52352   21     24     21  
945.0  15:45:12 42.387665 -72.52352   24     23     21  
945.0  15:45:20 42.387665 -72.52357   23     20     21  
945.0  15:45:28 42.38767 -72.52359   24     24     23  
945.0  15:45:37 42.387707 -72.52357   23     24     22  
945.0  15:45:46 42.387726 -72.52357   24     23     24  
945.0  15:45:54 42.38773 -72.52348   24     21     22  
946.0  15:46:00 42.38771 -72.523445   21     21     24  
946.0  15:46:05 42.38773 -72.52347   20     24     20  
946.0  15:46:14 42.387722 -72.523575   21     24     23  
946.0  15:46:23 42.38771 -72.52354   20     24     22  
946.0  15:46:31 42.387726 -72.523544   21     23     24  
946.0  15:46:40 42.387676 -72.52347   20     20     22  
946.0  15:46:48 42.38766 -72.52347   23     22     24  
946.0  15:46:59 42.38766 -72.523575   23     23     20  
947.0  15:47:00 42.38766 -72.523605   20     24     24  
947.0  15:47:08 42.38766 -72.5236   23     22     23  
947.0  15:47:17 42.387657 -72.52361   23     23     22  
947.0  15:47:26 42.387653 -72.52363   23     24     23  
947.0  15:47:34 42.38764 -72.52363   21     22     24  
947.0  15:47:43 42.387653 -72.52364   20     23     21  
947.0  15:47:54 42.38764 -72.523636   23     22     23  
948.0  15:48:00 42.387627 -72.5236   22     20     21  
948.0  15:48:03 42.387634 -72.523605   23     20     20  
948.0  15:48:12 42.387608 -72.523575   22     23     21  
948.0  15:48:20 42.3876 -72.52353   23     23     21  
948.0  15:48:28 42.387733 -72.52375   24     21     21  
948.0  15:48:41 42.388268 -72.524254   23     21     23  
948.0  15:48:53 42.389874 -72.524994   23     23     22  
949.0  15:49:00 42.39084 -72.52514   23     24     23  
949.0  15:49:01 42.390694 -72.525116   21     20     24  
949.0  15:49:10 42.391113 -72.52519   21     20     20  
949.0  15:49:18 42.3912 -72.52522   21     24     24  
949.0  15:49:27 42.391212 -72.525215   24     21     24  
949.0  15:49:35 42.39109 -72.52513   23     20     20  
949.0  15:49:46 42.39167 -72.52525   24     24     23  
949.0  15:49:55 42.392487 -72.52552   22     20     24  
950.0  15:50:00 42.39331 -72.525856   21     21     20  
950.0  15:50:05 42.39331 -72.525856   22     22     23  
950.0  15:50:14 42.393826 -72.526085   23     24     22  
950.0  15:50:23 42.39386 -72.526115   23     24     20  
950.0  15:50:33 42.393864 -72.526115   24     20     22  
950.0  15:50:44 42.393845 -72.52611   23     22     21  
950.0  15:50:53 42.39382 -72.5261   22     20     23  
951.0  15:51:00 42.393852 -72.52612   23     23     23  
951.0  15:51:01 42.393837 -72.526115   22     21     21  
951.0  15:51:22 42.393875 -72.52615   23     21     21  
951.0  15:51:24 42.393875 -72.52615   23     20     23  
951.0  15:51:36 42.394855 -72.52677   20     22     23  
951.0  15:51:45 42.39489 -72.52677   22     23     24  
951.0  15:51:53 42.395233 -72.52697   23     20     23  
952.0  15:52:00 42.396263 -72.527435   24     24     20  
952.0  15:52:01 42.39604 -72.52734   20     22     22  
952.0  15:52:10 42.396927 -72.52771   21     24     20  
952.0  15:52:19 42.39795 -72.528046   20     22     21  
952.0  15:52:30 42.399334 -72.52799   22     21     24  
952.0  15:52:39 42.400486 -72.52784   22     22     23  
952.0  15:52:47 42.40158 -72.52809   20     20     23  
952.0  15:52:55 42.402863 -72.52879   20     20     21  
953.0  15:53:00 42.403584 -72.52928   24     20     23  
953.0  15:53:04 42.40363 -72.52931   21     22     20  
953.0  15:53:12 42.403904 -72.52945   23     21     21  
953.0  15:53:23 42.40396 -72.5295   24     23     21  
953.0  15:53:32 42.403988 -72.52955   23     21     20  
953.0  15:53:40 42.404594 -72.529686   20     20     24  
953.0  15:53:49 42.405766 -72.52972   23     23     21  
953.0  15:53:58 42.406994 -72.52996   21     23     23  
954.0  15:54:00 42.407833 -72.53022   22     23     24  
954.0  15:54:06 42.40821 -72.53033   22     22     20  
954.0  15:54:17 42.409084 -72.53058   23     22     24  
954.0  15:54:26 42.409187 -72.530624   23     23     23  
954.0  15:54:34 42.409275 -72.53065   22     22     21  
954.0  15:54:42 42.40929 -72.53064   21     21     20  
954.0  15:54:52 42.409283 -72.53064   23     22     23  
955.0  15:55:00 42.40927 -72.53064   24     20     23  
955.0  15:55:00 42.409267 -72.53064   23     23     23  
955.0  15:55:14 42.409256 -72.53064   24     20     24  
955.0  15:55:23 42.40923 -72.53064   23     21     21  
955.0  15:55:31 42.409153 -72.53063   24     23     22  
955.0  15:55:40 42.409245 -72.530685   23     22     22  
955.0  15:55:49 42.40963 -72.53085   23     24     23  
955.0  15:55:57 42.409897 -72.530945   20     22     21  
956.0  15:56:00 42.409935 -72.53121   24     20     23  
956.0  15:56:12 42.40979 -72.53214   24     23     24  
956.0  15:56:24 42.409565 -72.53425   24     22     22  
956.0  15:56:33 42.409367 -72.53592   24     20     20  
956.0  15:56:42 42.40909 -72.53739   24     20     21  
956.0  15:56:51 42.409172 -72.53785   22     20     22  
956.0  15:56:59 42.40997 -72.53776   20     20     20  
957.0  15:57:00 42.410503 -72.53769   23     20     20  
957.0  15:57:08 42.411102 -72.537605   23     20     21  
957.0  15:57:19 42.41303 -72.53736   21     23     20  
957.0  15:57:28 42.414806 -72.53714   24     24     23  
957.0  15:57:36 42.416492 -72.53694   20     20     22  
957.0  15:57:44 42.41843 -72.53677   20     24     24  
957.0  15:57:55 42.42015 -72.53687   23     22     23  
958.0  15:58:00 42.42245 -72.53743   22     23     23  
958.0  15:58:03 42.422253 -72.53736   24     20     20  
958.0  15:58:16 42.424637 -72.538445   20     22     20  
958.0  15:58:28 42.427128 -72.54007   24     23     22  
959.0  15:59:00 42.433174 -72.545   24     23     20  
959.0  15:59:28 42.43685 -72.54699   22     23     24  
959.0  15:59:39 42.439526 -72.54871   21     21     23  
959.0  15:59:48 42.44131 -72.55037   21     20     22  
959.0  15:59:56 42.44258 -72.55181   24     23     23  
960.0  16:00:00 42.44367 -72.55282   22     23     24  
960.0  16:00:04 42.44383 -72.55295   21     21     23  
960.0  16:00:13 42.445347 -72.55396   20     20     20  
960.0  16:00:22 42.446632 -72.55487   23     23     24  
960.0  16:00:33 42.448162 -72.55686   24     24     20  
960.0  16:00:41 42.44915 -72.55883   20     22     21  
960.0  16:00:50 42.45016 -72.5606   24     23     20  
960.0  16:00:59 42.45101 -72.56184   21     24     22  
961.0  16:01:00 42.451492 -72.56252   20     24     22  
961.0  16:01:07 42.45184 -72.56302   20     22     23  
961.0  16:01:16 42.45232 -72.56363   21     23     20  
961.0  16:01:28 42.452366 -72.563705   21     23     22  
961.0  16:01:37 42.45232 -72.563675   21     24     22  
961.0  16:01:45 42.45257 -72.564125   21     20     24  
961.0  16:01:54 42.453278 -72.56509   20     20     22  
962.0  16:02:00 42.454548 -72.56645   21     20     22  
962.0  16:02:02 42.45441 -72.566315   22     21     21  
962.0  16:02:11 42.455517 -72.56739   23     20     24  
962.0  16:02:22 42.45709 -72.5689   21     20     21  
962.0  16:02:31 42.45874 -72.57048   24     22     24  
962.0  16:02:40 42.460495 -72.572   24     24     20  
962.0  16:02:50 42.462067 -72.57295   24     20     23  
963.0  16:03:00 42.464077 -72.57424   23     20     20  
963.0  16:03:02 42.462067 -72.57295   23     21     23  
963.0  16:03:14 42.46519 -72.57561   24     22     23  
963.0  16:03:22 42.46591 -72.57714   21     24     21  
963.0  16:03:30 42.466274 -72.57846   24     22     20  
963.0  16:03:39 42.466373 -72.57928   20     24     22  
963.0  16:03:47 42.466007 -72.57977   23     24     24  
963.0  16:03:56 42.465187 -72.58014   20     22     21  
964.0  16:04:00 42.464172 -72.580574   24     21     22  
964.0  16:04:07 42.463646 -72.58076   20     24     24  
964.0  16:04:16 42.462566 -72.58111   23     20     21  
964.0  16:04:25 42.461308 -72.58155   21     21     22  
964.0  16:04:34 42.460175 -72.581924   20     21     21  
964.0  16:04:43 42.45874 -72.5824   24     23     20  
964.0  16:04:52 42.457855 -72.58273   20     20     24  
965.0  16:05:00 42.45759 -72.58215   22     23     24  
965.0  16:05:02 42.457592 -72.58223   23     22     24  
965.0  16:05:11 42.457516 -72.58163   22     22     23  
965.0  16:05:19 42.45768 -72.58142   23     21     23  
965.0  16:05:28 42.457726 -72.58147   23     20     20  
965.0  16:05:36 42.45772 -72.58147   23     23     21  
965.0  16:05:44 42.457726 -72.581436   24     21     24  
965.0  16:05:56 42.45775 -72.58142   23     21     24  
966.0  16:06:00 42.457783 -72.58144   22     24     20  
966.0  16:06:05 42.45779 -72.58145   20     22     20  
966.0  16:06:14 42.4578 -72.581474   24     23     21  
966.0  16:06:22 42.45776 -72.58146   23     23     20  
966.0  16:06:31 42.45773 -72.58144   21     24     22  
966.0  16:06:40 42.457714 -72.58144   23     21     21  
966.0  16:06:51 42.457718 -72.58144   24     23     23  
967.0  16:07:00 42.45772 -72.58145   21     24     23  
967.0  16:07:00 42.457726 -72.58145   23     20     21  
967.0  16:07:08 42.45773 -72.58145   23     22     20  
967.0  16:07:16 42.457733 -72.58144   20     24     21  
967.0  16:07:25 42.45774 -72.58144   24     21     22  
967.0  16:07:33 42.45775 -72.58144   20     23     23  
967.0  16:07:44 42.457752 -72.58147   23     23     22  
967.0  16:07:53 42.457752 -72.58146   20     20     20  
968.0  16:08:00 42.457714 -72.581436   24     22     20  
968.0  16:08:01 42.457718 -72.581436   20     24     20  
968.0  16:08:10 42.45771 -72.58144   21     20     20  
968.0  16:08:18 42.45773 -72.58144   24     20     23  
968.0  16:08:27 42.457863 -72.58175   23     21     21  
968.0  16:08:38 42.45798 -72.582535   24     22     20  
968.0  16:08:47 42.457985 -72.582634   20     23     20  
968.0  16:08:55 42.45843 -72.58248   22     21     24  
969.0  16:09:00 42.459282 -72.58217   22     20     23  
969.0  16:09:04 42.45939 -72.58213   23     22     24  
969.0  16:09:13 42.460033 -72.58169   24     24     22  
969.0  16:09:22 42.459785 -72.58077   22     22     23  
969.0  16:09:32 42.45941 -72.57879   24     23     21  
969.0  16:09:40 42.459145 -72.57717   23     22     23  
969.0  16:09:49 42.458908 -72.575806   24     22     21  
969.0  16:09:57 42.458595 -72.57406   22     22     23  
970.0  16:10:00 42.458393 -72.5729   23     23     22  
970.0  16:10:06 42.458324 -72.57251   23     23     21  
970.0  16:10:14 42.457893 -72.57109   24     24     22  
970.0  16:10:25 42.456657 -72.56978   23     20     24  
970.0  16:10:33 42.455486 -72.56854   22     22     24  
970.0  16:10:42 42.45475 -72.567696   20     20     24  
970.0  16:10:51 42.454605 -72.566734   21     22     24  
971.0  16:11:00 42.45459 -72.56665   21     24     23  
971.0  16:11:00 42.45461 -72.5666   20     20     21  
971.0  16:11:09 42.454414 -72.56636   21     22     22  
971.0  16:11:19 42.45354 -72.56548   22     20     23  
971.0  16:11:28 42.452557 -72.5642   22     21     21  
971.0  16:11:36 42.45185 -72.56317   21     20     24  
971.0  16:11:45 42.451504 -72.56276   20     24     24  
971.0  16:11:53 42.451504 -72.562775   24     23     24  
972.0  16:12:00 42.45151 -72.56274   20     24     20  
972.0  16:12:02 42.45151 -72.56275   21     22     23  
972.0  16:12:12 42.451515 -72.56274   20     23     21  
972.0  16:12:21 42.451393 -72.5625   21     23     20  
972.0  16:12:29 42.45083 -72.56169   20     22     21  
972.0  16:12:38 42.449944 -72.56038   23     23     23  
972.0  16:12:47 42.449 -72.55876   20     22     21  
972.0  16:12:56 42.448074 -72.55694   23     20     21  
973.0  16:13:00 42.447117 -72.5554   24     24     20  
973.0  16:13:07 42.446644 -72.55491   23     23     24  
973.0  16:13:15 42.445225 -72.55391   24     21     20  
973.0  16:13:24 42.44355 -72.55278   20     24     22  
973.0  16:13:33 42.44216 -72.551445   20     22     22  
973.0  16:13:42 42.44051 -72.54963   23     21     24  
974.0  16:14:00 42.43729 -72.54723   21     21     21  
974.0  16:14:23 42.433483 -72.54529   24     24     20  
974.0  16:14:33 42.431652 -72.5439   22     21     24  
974.0  16:14:42 42.430275 -72.54267   23     22     24  
974.0  16:14:50 42.428734 -72.54135   22     24     23  
974.0  16:14:59 42.427277 -72.54026   20     24     20  
975.0  16:15:00 42.42633 -72.53962   24     22     21  
975.0  16:15:07 42.42558 -72.539116   22     24     23  
975.0  16:15:16 42.423866 -72.53809   20     23     23  
975.0  16:15:27 42.421623 -72.537254   20     20     22  
975.0  16:15:36 42.419907 -72.5369   21     20     20  
975.0  16:15:51 42.417503 -72.53686   21     20     22  
975.0  16:15:59 42.414898 -72.53719   20     22     23  
976.0  16:16:00 42.414124 -72.537285   23     22     20  
976.0  16:16:08 42.413136 -72.537415   23     20     24  
976.0  16:16:19 42.41121 -72.53767   20     22     21  
976.0  16:16:27 42.40987 -72.53783   20     22     21  
976.0  16:16:36 42.409153 -72.5379   24     22     24  
976.0  16:16:45 42.409008 -72.53792   21     24     21  
976.0  16:16:54 42.40897 -72.537926   24     23     23  
977.0  16:17:00 42.408886 -72.5377   23     24     20  
977.0  16:17:03 42.408875 -72.53773   23     21     24  
977.0  16:17:15 42.409164 -72.53699   22     24     22  
977.0  16:17:24 42.40937 -72.535515   23     24     24  
977.0  16:17:33 42.409554 -72.53398   20     23     22  
977.0  16:17:41 42.409626 -72.53334   20     20     24  
977.0  16:17:50 42.40963 -72.53336   20     23     24  
978.0  16:18:00 42.40969 -72.5329   21     22     22  
978.0  16:18:00 42.409763 -72.53228   24     22     22  
978.0  16:18:12 42.409847 -72.53146   22     22     20  
978.0  16:18:21 42.409863 -72.5312   23     24     21  
978.0  16:18:30 42.40987 -72.531   20     20     23  
978.0  16:18:38 42.40976 -72.530846   20     23     22  
978.0  16:18:47 42.409348 -72.53075   23     22     20  
978.0  16:18:55 42.409054 -72.5307   23     24     23  
979.0  16:19:00 42.40905 -72.5307   20     20     23  
979.0  16:19:06 42.409054 -72.53069   24     22     22  
979.0  16:19:15 42.409016 -72.53068   24     20     23  
979.0  16:19:24 42.408348 -72.53043   22     21     21  
979.0  16:19:32 42.40708 -72.53006   24     21     21  
979.0  16:19:41 42.40589 -72.52977   20     20     20  
979.0  16:19:50 42.404724 -72.52967   24     24     23  
980.0  16:20:00 42.403316 -72.52916   23     24     24  
980.0  16:20:01 42.403427 -72.52921   22     23     21  
980.0  16:20:09 42.40314 -72.52907   23     24     21  
980.0  16:20:18 42.403214 -72.52913   23     23     20  
980.0  16:20:27 42.403023 -72.528915   23     22     21  
980.0  16:20:35 42.40223 -72.528435   20     24     22  
980.0  16:20:44 42.400978 -72.52797   23     20     21  
980.0  16:20:54 42.399483 -72.528046   20     20     22  
981.0  16:21:00 42.398376 -72.528145   22     24     21  
981.0  16:21:03 42.398376 -72.528145   22     24     20  
981.0  16:21:11 42.397457 -72.528   22     20     20  
981.0  16:21:20 42.396557 -72.5276   24     22     23  
981.0  16:21:29 42.39588 -72.5273   23     24     23  
981.0  16:21:38 42.395668 -72.52721   20     20     24  
981.0  16:21:50 42.395573 -72.52716   20     22     23  
981.0  16:21:59 42.395218 -72.52697   20     22     24  
982.0  16:22:00 42.394833 -72.52677   23     20     23  
982.0  16:22:07 42.394478 -72.52657   23     23     23  
982.0  16:22:16 42.393764 -72.52617   22     20     24  
982.0  16:22:25 42.39336 -72.52601   24     20     23  
982.0  16:22:33 42.39338 -72.52598   22     24     23  
982.0  16:22:44 42.3932 -72.52582   22     21     22  
982.0  16:22:55 42.392406 -72.52556   21     20     22  
983.0  16:23:00 42.391323 -72.52527   24     21     23  
983.0  16:23:04 42.391323 -72.52527   21     23     20  
983.0  16:23:12 42.390846 -72.52524   23     22     23  
983.0  16:23:21 42.390835 -72.52524   21     24     22  
983.0  16:23:29 42.39038 -72.5251   24     24     20  
983.0  16:23:40 42.389183 -72.52471   22     21     23  
983.0  16:23:49 42.38832 -72.5243   24     24     21  
983.0  16:23:57 42.387897 -72.524   22     24     24  
984.0  16:24:00 42.38784 -72.52393   21     22     24  
984.0  16:24:06 42.387844 -72.52393   23     21     21  
984.0  16:24:14 42.38785 -72.52395   21     20     20  
984.0  16:24:23 42.387856 -72.52392   23     20     24  
984.0  16:24:35 42.387863 -72.52389   21     21     24  
984.0  16:24:44 42.387623 -72.523506   22     21     22  
984.0  16:24:53 42.38697 -72.522675   23     21     21  
985.0  16:25:00 42.38595 -72.52246   21     21     22  
985.0  16:25:01 42.386112 -72.522415   20     22     22  
985.0  16:25:09 42.38563 -72.52218   20     21     21  
985.0  16:25:19 42.385036 -72.52168   23     24     21  
985.0  16:25:30 42.383827 -72.521   21     20     23  
985.0  16:25:39 42.38316 -72.52068   22     24     23  
985.0  16:25:48 42.38241 -72.52022   21     21     20  
985.0  16:25:57 42.381783 -72.51967   20     21     22  
986.0  16:26:00 42.38143 -72.51929   23     21     24  
986.0  16:26:05 42.381313 -72.51929   24     21     21  
986.0  16:26:14 42.380566 -72.5194   22     20     20  
986.0  16:26:25 42.379616 -72.519646   21     23     22  
986.0  16:26:34 42.37908 -72.5199   23     21     20  
986.0  16:26:43 42.37836 -72.51996   23     20     21  
986.0  16:26:52 42.377914 -72.520004   23     23     21  
987.0  16:27:00 42.377827 -72.51999   23     23     23  
987.0  16:27:00 42.37781 -72.51998   22     20     24  
987.0  16:27:09 42.37781 -72.51999   20     20     21  
987.0  16:27:20 42.3778 -72.51995   23     21     24  
987.0  16:27:29 42.37778 -72.519936   22     21     20  
987.0  16:27:38 42.377773 -72.51993   23     23     22  
987.0  16:27:47 42.37778 -72.51992   21     21     22  
987.0  16:27:55 42.37778 -72.51992   20     23     21  
988.0  16:28:00 42.37779 -72.51993   24     23     24  
988.0  16:28:04 42.37779 -72.519936   20     24     23  
988.0  16:28:15 42.377804 -72.51995   24     24     22  
988.0  16:28:24 42.3778 -72.51994   24     24     21  
988.0  16:28:33 42.377804 -72.51994   22     20     21  
988.0  16:28:42 42.37781 -72.51996   23     23     23  
988.0  16:28:51 42.377823 -72.519936   20     21     24  
988.0  16:28:59 42.377842 -72.51994   21     23     23  
989.0  16:29:00 42.37785 -72.51994   24     20     21  
989.0  16:29:10 42.377853 -72.51995   22     20     21  
989.0  16:29:19 42.37775 -72.519905   24     22     23  
989.0  16:29:27 42.377213 -72.51991   21     21     21  
989.0  16:29:36 42.37688 -72.5199   20     23     20  
989.0  16:29:45 42.37676 -72.519905   22     20     23  
989.0  16:29:53 42.376244 -72.51988   24     24     21  
990.0  16:30:00 42.37591 -72.51991   24     21     23  
990.0  16:30:04 42.375908 -72.51991   22     21     22  
990.0  16:30:13 42.375908 -72.51991   23     21     21  
990.0  16:30:22 42.375916 -72.51991   22     23     22  
990.0  16:30:30 42.375942 -72.51989   21     20     23  
990.0  16:30:40 42.375946 -72.5199   24     21     22  
990.0  16:30:50 42.375946 -72.5199   21     24     20  
991.0  16:31:00 42.375725 -72.5199   24     23     24  
991.0  16:31:00 42.37543 -72.51988   24     24     21  
991.0  16:31:09 42.375004 -72.519844   22     24     21  
991.0  16:31:18 42.374485 -72.519875   22     23     24  
991.0  16:31:27 42.374363 -72.51986   20     22     24  
991.0  16:31:36 42.374367 -72.51987   21     23     23  
991.0  16:31:44 42.37435 -72.519875   23     24     20  
991.0  16:31:55 42.37419 -72.519844   24     20     20  
992.0  16:32:00 42.373646 -72.519844   21     23     24  
992.0  16:32:04 42.373695 -72.519844   20     20     23  
992.0  16:32:12 42.373165 -72.51983   22     24     22  
992.0  16:32:21 42.372383 -72.51977   23     21     20  
992.0  16:32:30 42.371304 -72.51977   21     23     23  
992.0  16:32:39 42.36993 -72.51985   21     23     24  
992.0  16:32:54 42.36744 -72.520195   20     23     24  
993.0  16:33:00 42.36599 -72.52039   22     20     22  
993.0  16:33:03 42.36599 -72.52039   20     21     23  
993.0  16:33:12 42.364693 -72.52062   24     24     21  
993.0  16:33:21 42.36342 -72.52077   23     20     23  
993.0  16:33:30 42.36219 -72.52076   23     20     22  
993.0  16:33:41 42.360374 -72.52081   21     22     21  
993.0  16:33:56 42.358665 -72.52088   23     20     24  
994.0  16:34:00 42.356785 -72.520996   22     21     24  
994.0  16:34:05 42.356647 -72.521   24     20     20  
994.0  16:34:14 42.355774 -72.520966   21     22     23  
994.0  16:34:29 42.35535 -72.521385   20     22     21  
994.0  16:34:44 42.353012 -72.52298   23     21     23  
994.0  16:34:53 42.352005 -72.523964   24     22     24  
995.0  16:35:00 42.35164 -72.52558   24     21     23  
995.0  16:35:02 42.351654 -72.52542   23     20     22  
995.0  16:35:11 42.351574 -72.526596   21     24     22  
995.0  16:35:19 42.351547 -72.52739   21     24     23  
995.0  16:35:27 42.35111 -72.52743   21     20     22  
995.0  16:35:38 42.35068 -72.527405   20     21     21  
995.0  16:35:46 42.3501 -72.527435   24     20     21  
995.0  16:35:54 42.3498 -72.52775   20     21     24  
996.0  16:36:00 42.349514 -72.52846   23     23     22  
996.0  16:36:03 42.34955 -72.5284   21     23     24  
996.0  16:36:11 42.349144 -72.52883   21     23     24  
996.0  16:36:20 42.34892 -72.5289   20     23     22  
996.0  16:36:31 42.34888 -72.52891   21     21     20  
996.0  16:36:39 42.348866 -72.528915   20     20     24  
996.0  16:36:47 42.34886 -72.52892   22     24     24  
996.0  16:36:56 42.348873 -72.52891   20     23     21  
997.0  16:37:00 42.348877 -72.528915   24     24     21  
997.0  16:37:05 42.348877 -72.528915   23     23     21  
997.0  16:37:14 42.348873 -72.528915   23     24     20  
997.0  16:37:25 42.348873 -72.52892   20     20     24  
998.0  16:38:00 42.348866 -72.52892   20     20     24  
998.0  16:38:21 42.348877 -72.528915   21     21     21  
998.0  16:38:32 42.348896 -72.5289   22     23     22  
998.0  16:38:40 42.348866 -72.528915   24     22     21  
998.0  16:38:49 42.348835 -72.52893   21     22     21  
998.0  16:38:56 42.34889 -72.5289   23     22     20  
998.0  16:38:59 42.34884 -72.52892   21     24     24  
999.0  16:39:00 42.348846 -72.528915   22     23     21  
999.0  16:39:07 42.348854 -72.5289   23     23     21  
999.0  16:39:15 42.348866 -72.5289   22     20     23  
999.0  16:39:27 42.348858 -72.5289   22     21     22  
999.0  16:39:36 42.34883 -72.52891   20     23     22  
999.0  16:39:45 42.34882 -72.52891   20     21     23  
999.0  16:39:54 42.34883 -72.52891   21     23     23  
1000.0  16:40:00 42.34859 -72.528946   23     20     24  
1000.0  16:40:03 42.34863 -72.52893   20     24     20  
1000.0  16:40:11 42.348328 -72.52929   23     20     20  
1000.0  16:40:23 42.348312 -72.52994   22     22     23  
1000.0  16:40:32 42.348522 -72.53054   21     22     21  
1000.0  16:40:40 42.34895 -72.53051   21     22     24  
1000.0  16:40:49 42.349422 -72.53033   24     24     24  
1000.0  16:40:58 42.35 -72.530266   23     23     21  
1001.0  16:41:00 42.35035 -72.530266   20     24     22  
1001.0  16:41:06 42.350426 -72.530266   21     20     20  
1001.0  16:41:18 42.350494 -72.53026   20     23     22  
1001.0  16:41:26 42.350513 -72.53026   21     21     23  
1001.0  16:41:34 42.350822 -72.53026   21     22     23  
1001.0  16:41:43 42.35142 -72.53025   20     22     21  
1001.0  16:41:51 42.35162 -72.530174   22     24     23  
1002.0  16:42:00 42.35158 -72.52936   21     20     22  
1002.0  16:42:00 42.351574 -72.52869   23     21     24  
1002.0  16:42:11 42.351555 -72.52746   20     23     24  
1002.0  16:42:20 42.35153 -72.526596   22     24     20  
1002.0  16:42:30 42.351536 -72.52646   24     23     24  
1002.0  16:42:38 42.35163 -72.5256   20     21     20  
1002.0  16:42:48 42.35186 -72.52428   22     22     24  
1002.0  16:42:59 42.35268 -72.52308   21     24     23  
1003.0  16:43:00 42.35355 -72.52251   24     22     23  
1003.0  16:43:18 42.35523 -72.52135   21     22     21  
1003.0  16:43:29 42.35569 -72.52103   24     24     22  
1003.0  16:43:38 42.35568 -72.52096   24     23     20  
1003.0  16:43:46 42.35571 -72.520935   23     20     21  
1003.0  16:43:55 42.35573 -72.52094   24     22     20  
1004.0  16:44:00 42.355713 -72.520935   21     24     23  
1004.0  16:44:06 42.355713 -72.520935   24     22     20  
1004.0  16:44:17 42.35592 -72.520805   22     21     24  
1004.0  16:44:30 42.357513 -72.520874   22     20     23  
1004.0  16:44:40 42.358562 -72.52078   23     23     23  
1004.0  16:44:49 42.36033 -72.52076   23     23     21  
1004.0  16:44:57 42.36157 -72.52074   24     22     23  
1005.0  16:45:00 42.362453 -72.52065   20     22     23  
1005.0  16:45:06 42.36289 -72.52056   22     23     21  
1005.0  16:45:15 42.364426 -72.52056   20     22     23  
1005.0  16:45:27 42.366253 -72.52029   23     23     23  
1005.0  16:45:36 42.36757 -72.52012   20     20     23  
1005.0  16:45:45 42.368668 -72.51995   23     23     21  
1005.0  16:45:53 42.369984 -72.51981   21     22     24  
1006.0  16:46:00 42.371513 -72.51972   22     21     22  
1006.0  16:46:05 42.371796 -72.51971   21     22     20  
1006.0  16:46:20 42.373096 -72.51975   23     20     20  
1006.0  16:46:29 42.373127 -72.51975   23     23     24  
1006.0  16:46:38 42.37311 -72.51976   21     20     21  
1006.0  16:46:48 42.373238 -72.51977   20     20     24  
1006.0  16:46:56 42.37395 -72.51981   20     22     22  
1007.0  16:47:00 42.374466 -72.51981   22     22     24  
1007.0  16:47:05 42.37456 -72.51979   23     21     22  
1007.0  16:47:16 42.374718 -72.51977   23     22     22  
1007.0  16:47:25 42.374706 -72.519775   24     23     22  
1007.0  16:47:34 42.374783 -72.519806   21     21     24  
1007.0  16:47:42 42.37496 -72.51984   20     23     22  
1007.0  16:47:51 42.375492 -72.51983   22     22     20  
1007.0  16:47:59 42.375584 -72.51982   21     23     23  
1008.0  16:48:00 42.3756 -72.51982   20     24     22  
1008.0  16:48:10 42.375614 -72.51982   20     21     20  
1008.0  16:48:19 42.37562 -72.51982   20     22     22  
1008.0  16:48:28 42.375633 -72.51982   23     24     21  
1008.0  16:48:37 42.37566 -72.51983   22     21     23  
1008.0  16:48:46 42.37568 -72.51983   23     21     20  
1008.0  16:48:55 42.37613 -72.51987   23     22     21  
1009.0  16:49:00 42.37638 -72.519875   21     20     20  
1009.0  16:49:06 42.376503 -72.51987   23     23     20  
1009.0  16:49:16 42.377113 -72.51987   23     20     24  
1009.0  16:49:24 42.377502 -72.519844   21     24     20  
1009.0  16:49:33 42.37749 -72.519844   24     24     22  
1009.0  16:49:42 42.377487 -72.519844   20     20     22  
1009.0  16:49:50 42.37749 -72.519844   20     20     20  
1010.0  16:50:00 42.377483 -72.51987   24     22     22  
1010.0  16:50:01 42.37748 -72.51986   23     22     22  
1010.0  16:50:09 42.377544 -72.519875   21     24     24  
1010.0  16:50:18 42.378117 -72.5199   20     24     22  
1010.0  16:50:27 42.379097 -72.51981   24     23     21  
1010.0  16:50:35 42.379692 -72.51953   23     22     21  
1010.0  16:50:44 42.379803 -72.51948   22     20     22  
1010.0  16:50:54 42.379887 -72.519485   22     22     20  
1011.0  16:51:00 42.38061 -72.519325   24     24     24  
1011.0  16:51:03 42.38061 -72.519325   21     22     24  
1011.0  16:51:11 42.381264 -72.519264   24     20     24  
1011.0  16:51:20 42.381546 -72.51923   21     20     20  
1011.0  16:51:28 42.38197 -72.51965   20     20     21  
1011.0  16:51:37 42.3827 -72.52028   23     23     20  
1011.0  16:51:48 42.383858 -72.52092   22     21     22  
1011.0  16:51:56 42.384712 -72.52143   20     24     23  
1012.0  16:52:00 42.385403 -72.521805   20     22     23  
1012.0  16:52:05 42.38549 -72.52184   22     20     21  
1012.0  16:52:15 42.385956 -72.522255   21     24     20  
1012.0  16:52:24 42.386322 -72.52238   21     22     23  
1012.0  16:52:32 42.38688 -72.522514   23     22     22  
1012.0  16:52:43 42.387543 -72.523285   21     22     21  
1012.0  16:52:56 42.387745 -72.52354   24     24     24  
1013.0  16:53:00 42.387756 -72.52351   23     20     24  
1013.0  16:53:05 42.387756 -72.52351   23     22     23  
1013.0  16:53:13 42.387844 -72.523705   23     21     24  
1013.0  16:53:21 42.388374 -72.52423   23     22     21  
1013.0  16:53:35 42.38904 -72.52462   20     22     20  
1013.0  16:53:45 42.389805 -72.52495   21     22     23  
1013.0  16:53:54 42.3905 -72.525116   21     24     20  
1014.0  16:54:00 42.391083 -72.52519   21     20     22  
1014.0  16:54:03 42.39105 -72.52519   22     21     20  
1014.0  16:54:11 42.39113 -72.52517   23     23     24  
1014.0  16:54:20 42.391335 -72.52522   20     20     24  
1014.0  16:54:28 42.39212 -72.5254   20     20     24  
1014.0  16:54:39 42.393147 -72.52574   22     22     24  
1014.0  16:54:48 42.393684 -72.526   24     22     22  
1014.0  16:54:57 42.393944 -72.52612   20     24     24  
1015.0  16:55:00 42.39395 -72.5261   22     20     22  
1015.0  16:55:05 42.393955 -72.5261   21     22     21  
1015.0  16:55:14 42.393967 -72.52617   23     20     23  
1015.0  16:55:23 42.394367 -72.52643   20     24     22  
1015.0  16:55:33 42.394894 -72.526764   24     20     21  
1015.0  16:55:42 42.39502 -72.52685   24     23     22  
1015.0  16:55:50 42.395367 -72.52703   22     23     22  
1015.0  16:55:59 42.39602 -72.52732   22     20     20  
1016.0  16:56:00 42.396507 -72.52753   22     20     23  
1016.0  16:56:08 42.39691 -72.5277   21     24     22  
1016.0  16:56:16 42.3979 -72.528046   24     24     20  
1016.0  16:56:27 42.399094 -72.52802   23     22     24  
1016.0  16:56:36 42.400345 -72.52791   20     20     20  
1016.0  16:56:45 42.40159 -72.528145   21     21     23  
1016.0  16:56:55 42.402725 -72.5287   24     20     24  
1017.0  16:57:00 42.403637 -72.52932   21     22     20  
1017.0  16:57:03 42.403637 -72.52932   22     21     20  
1017.0  16:57:12 42.40472 -72.52969   20     24     21  
1017.0  16:57:23 42.406193 -72.5298   21     21     21  
1017.0  16:57:32 42.40734 -72.53007   23     23     23  
1017.0  16:57:40 42.408253 -72.53035   22     22     23  
1017.0  16:57:49 42.40895 -72.53056   22     24     23  
1017.0  16:57:58 42.409195 -72.53065   23     24     24  
1018.0  16:58:00 42.409195 -72.530655   22     21     24  
1018.0  16:58:10 42.40919 -72.530655   22     21     22  
1018.0  16:58:22 42.40944 -72.53078   21     23     21  
1018.0  16:58:30 42.40986 -72.530945   23     23     20  
1018.0  16:58:39 42.40998 -72.531296   21     21     20  
1018.0  16:58:48 42.4098 -72.53245   20     21     22  
1018.0  16:58:57 42.409668 -72.53349   20     23     22  
1019.0  16:59:00 42.409622 -72.53366   24     24     21  
1019.0  16:59:05 42.409626 -72.53366   20     22     21  
1019.0  16:59:52 42.40911 -72.5378   21     20     24  
1020.0  17:00:00 42.40922 -72.53784   23     20     21  
1020.0  17:00:00 42.409447 -72.53785   22     22     23  
1020.0  17:00:10 42.41005 -72.537766   20     20     20  
1020.0  17:00:19 42.411243 -72.53761   22     23     20  
1020.0  17:00:32 42.412586 -72.537445   24     20     23  
1020.0  17:00:40 42.415073 -72.537125   24     22     20  
1020.0  17:00:48 42.41696 -72.53689   21     22     22  
1020.0  17:00:57 42.41864 -72.53677   20     21     23  
1021.0  17:01:00 42.42008 -72.53689   21     23     20  
1021.0  17:01:08 42.42086 -72.53702   20     23     23  
1021.0  17:01:16 42.42234 -72.537384   22     20     23  
1021.0  17:01:30 42.424015 -72.5381   22     20     22  
1021.0  17:01:39 42.42642 -72.53958   23     21     23  
1021.0  17:01:47 42.427956 -72.54066   22     24     21  
1021.0  17:01:55 42.42937 -72.54179   22     24     20  
1022.0  17:02:00 42.430748 -72.54299   23     23     23  
1022.0  17:02:06 42.431175 -72.54337   20     21     24  
1022.0  17:02:16 42.431705 -72.5438   23     20     24  
1022.0  17:02:24 42.431694 -72.543785   23     21     20  
1022.0  17:02:32 42.431686 -72.54376   20     22     22  
1022.0  17:02:41 42.43182 -72.54391   23     20     23  
1022.0  17:02:49 42.432404 -72.5444   21     20     21  
1023.0  17:03:00 42.433544 -72.54523   24     21     24  
1023.0  17:03:00 42.434093 -72.54556   21     23     23  
1023.0  17:03:08 42.43486 -72.54597   20     21     21  
1023.0  17:03:20 42.436214 -72.54665   23     21     21  
1023.0  17:03:28 42.438374 -72.547844   24     24     20  
1023.0  17:03:36 42.43976 -72.548874   22     20     24  
1023.0  17:03:45 42.441067 -72.550095   20     23     24  
1023.0  17:03:56 42.44279 -72.55197   21     23     23  
1024.0  17:04:00 42.444065 -72.55311   24     21     24  
1024.0  17:04:04 42.444237 -72.55324   21     20     21  
1024.0  17:04:13 42.446 -72.554375   23     20     21  
1024.0  17:04:22 42.44723 -72.55549   22     20     21  
1024.0  17:04:31 42.448223 -72.55706   22     22     22  
1024.0  17:04:39 42.4493 -72.55916   22     21     21  
1024.0  17:04:51 42.450466 -72.561035   22     22     24  
1024.0  17:04:59 42.451286 -72.562225   21     22     22  
1025.0  17:05:00 42.45169 -72.56281   20     24     22  
1025.0  17:05:08 42.451965 -72.56321   20     23     24  
1025.0  17:05:17 42.452293 -72.563614   22     20     22  
1025.0  17:05:25 42.452324 -72.56367   21     23     21  
1025.0  17:05:34 42.452347 -72.563675   22     20     20  
1025.0  17:05:45 42.452328 -72.56367   21     24     23  
1025.0  17:05:56 42.452553 -72.564064   24     24     21  
1026.0  17:06:00 42.45357 -72.5654   24     24     20  
1026.0  17:06:05 42.453693 -72.56554   23     21     21  
1026.0  17:06:14 42.45494 -72.566795   22     23     23  
1026.0  17:06:54 42.456078 -72.56789   24     20     22  
1026.0  17:06:55 42.461487 -72.57261   24     23     23  
1027.0  17:07:00 42.462936 -72.57341   21     24     21  
1027.0  17:07:06 42.463226 -72.57358   21     20     22  
1027.0  17:07:15 42.464478 -72.574615   22     23     22  
1027.0  17:07:24 42.46527 -72.57569   21     21     23  
1027.0  17:07:33 42.465942 -72.57713   24     22     20  
1027.0  17:07:42 42.466297 -72.57835   20     20     24  
1027.0  17:07:51 42.466423 -72.57924   23     22     21  
1028.0  17:08:00 42.46592 -72.57985   22     24     21  
1028.0  17:08:02 42.466003 -72.57982   23     23     20  
1028.0  17:08:11 42.46508 -72.58027   21     24     20  
1028.0  17:08:20 42.464947 -72.5803   22     23     21  
1028.0  17:08:29 42.46474 -72.58037   23     23     20  
1028.0  17:08:37 42.46389 -72.58069   20     23     24  
1028.0  17:08:46 42.46286 -72.58104   21     23     24  
1028.0  17:08:58 42.461273 -72.581566   22     20     22  
1029.0  17:09:00 42.460457 -72.581825   23     22     21  
1029.0  17:09:07 42.460068 -72.581955   21     24     20  
1029.0  17:09:15 42.45888 -72.58234   23     24     20  
1029.0  17:09:24 42.458065 -72.58266   22     24     24  
1029.0  17:09:32 42.45765 -72.58254   22     22     20  
1029.0  17:09:41 42.45757 -72.58183   20     22     24  
1029.0  17:09:51 42.457687 -72.58143   22     21     23  
1030.0  17:10:00 42.457752 -72.58148   24     20     22  
1322.0  22:02:28 42.393776 -72.53327   20     24     20  
1322.0  22:02:33 42.393658 -72.53271   20     21     24  
1322.0  22:02:33 42.393658 -72.53271   22     20     23  
1323.0  22:03:00 42.392284 -72.53195   23     21     23  
1323.0  22:03:03 42.392284 -72.53195   20     23     20  
1323.0  22:03:08 42.392284 -72.53195   23     23     23  
