524.0  08:44:20 0.0 -0.0   21     20     24  
524.0  08:44:31 0.0 -0.0   24     21     21  
524.0  08:44:39 0.0 -0.0   20     24     22  
524.0  08:44:47 0.0 -0.0   20     20     22  
524.0  08:44:55 0.0 -0.0   20     21     23  
525.0  08:45:00 0.0 -0.0   22     23     21  
525.0  08:45:03 0.0 -0.0   22     23     20  
525.0  08:45:12 42.3931 -72.53118   20     23     23  
525.0  08:45:20 42.39305 -72.53223   23     20     20  
525.0  08:45:28 42.39378 -72.535095   20     21     23  
525.0  08:45:40 42.393715 -72.53596   22     20     22  
525.0  08:45:49 42.393715 -72.53596   20     21     21  
525.0  08:45:57 42.393715 -72.53596   23     20     24  
526.0  08:46:00 0.0 -0.0   24     21     23  
526.0  08:46:00 42.393715 -72.53596   24     24     20  
526.0  08:46:06 42.393715 -72.53596   20     23     23  
526.0  08:46:15 42.393715 -72.53596   23     21     23  
526.0  08:46:24 42.393715 -72.53596   20     22     21  
526.0  08:46:32 42.393715 -72.53596   21     24     23  
526.0  08:46:40 42.393715 -72.53596   21     20     24  
526.0  08:46:48 42.393715 -72.53596   24     24     24  
526.0  08:46:56 42.393715 -72.53596   24     22     24  
527.0  08:47:00 42.393715 -72.53596   21     23     21  
527.0  08:47:05 42.393715 -72.53596   21     20     23  
527.0  08:47:13 42.393715 -72.53596   21     21     22  
527.0  08:47:23 42.393715 -72.53596   23     23     20  
527.0  08:47:31 42.393715 -72.53596   20     21     22  
527.0  08:47:39 42.393715 -72.53596   21     21     20  
527.0  08:47:48 42.393715 -72.53596   23     20     24  
527.0  08:47:57 42.393715 -72.53596   23     24     21  
528.0  08:48:00 42.393715 -72.53596   20     20     21  
528.0  08:48:05 42.393715 -72.53596   24     21     22  
528.0  08:48:21 42.393715 -72.53596   20     20     22  
528.0  08:48:29 42.393715 -72.53596   23     23     22  
528.0  08:48:39 42.393715 -72.53596   23     21     22  
528.0  08:48:47 42.393715 -72.53596   21     24     20  
528.0  08:48:55 42.393715 -72.53596   24     24     21  
529.0  08:49:00 42.393715 -72.53596   24     21     24  
529.0  08:49:05 42.393715 -72.53596   23     20     20  
529.0  08:49:13 42.393715 -72.53596   22     23     21  
529.0  08:49:21 42.393715 -72.53596   24     22     24  
529.0  08:49:29 42.393715 -72.53596   21     22     24  
529.0  08:49:37 42.393715 -72.53596   23     22     21  
529.0  08:49:45 42.393715 -72.53596   21     21     20  
529.0  08:49:52 42.393715 -72.53596   22     21     20  
530.0  08:50:00 42.393715 -72.53596   23     20     24  
530.0  08:50:03 42.393715 -72.53596   24     24     21  
530.0  08:50:11 42.393715 -72.53596   23     21     20  
530.0  08:50:20 42.393715 -72.53596   21     24     21  
530.0  08:50:29 42.393715 -72.53596   23     22     21  
530.0  08:50:37 42.393715 -72.53596   24     20     21  
530.0  08:50:46 42.393715 -72.53596   20     22     22  
530.0  08:50:56 42.393715 -72.53596   22     23     24  
531.0  08:51:00 42.393715 -72.53596   24     20     24  
531.0  08:51:05 42.393715 -72.53596   24     24     20  
531.0  08:51:13 42.393715 -72.53596   24     23     22  
531.0  08:51:26 42.393715 -72.53596   23     23     20  
531.0  08:51:34 42.393715 -72.53596   24     22     24  
531.0  08:51:44 42.393715 -72.53596   22     21     24  
532.0  08:52:00 42.393715 -72.53596   21     22     21  
532.0  08:52:06 42.393715 -72.53596   21     20     20  
532.0  08:52:19 42.393715 -72.53596   24     22     22  
532.0  08:52:31 42.393715 -72.53596   24     24     21  
532.0  08:52:40 42.393715 -72.53596   22     21     21  
532.0  08:52:50 42.393715 -72.53596   22     22     22  
532.0  08:52:59 42.393715 -72.53596   23     23     22  
533.0  08:53:00 42.393715 -72.53596   23     22     21  
533.0  08:53:08 42.393715 -72.53596   20     22     22  
533.0  08:53:16 42.393715 -72.53596   20     21     22  
533.0  08:53:25 42.393715 -72.53596   23     22     23  
533.0  08:53:33 42.393715 -72.53596   22     24     20  
533.0  08:53:43 42.393715 -72.53596   21     20     21  
533.0  08:53:52 42.393715 -72.53596   24     24     21  
534.0  08:54:00 42.393715 -72.53596   22     21     22  
534.0  08:54:01 42.393715 -72.53596   22     21     24  
534.0  08:54:09 42.393715 -72.53596   23     22     20  
534.0  08:54:18 42.393715 -72.53596   23     23     23  
534.0  08:54:32 42.393715 -72.53596   24     20     21  
534.0  08:54:46 42.393715 -72.53596   24     21     22  
535.0  08:55:00 42.393715 -72.53596   23     22     21  
535.0  08:55:06 42.393715 -72.53596   20     22     21  
535.0  08:55:10 42.393715 -72.53596   22     22     22  
535.0  08:55:24 42.393715 -72.53596   20     20     21  
535.0  08:55:35 42.393715 -72.53596   23     21     20  
535.0  08:55:44 42.393715 -72.53596   20     20     21  
535.0  08:55:52 42.393715 -72.53596   22     21     22  
536.0  08:56:00 42.393715 -72.53596   20     22     20  
536.0  08:56:01 42.393715 -72.53596   21     20     20  
536.0  08:56:12 42.393715 -72.53596   23     20     21  
536.0  08:56:28 42.393715 -72.53596   24     21     23  
536.0  08:56:38 42.393715 -72.53596   22     22     24  
536.0  08:56:47 42.393715 -72.53596   22     23     24  
536.0  08:56:55 42.393715 -72.53596   21     22     22  
537.0  08:57:00 42.393715 -72.53596   23     24     20  
538.0  08:58:00 42.393715 -72.53596   20     24     24  
539.0  08:59:00 42.393715 -72.53596   21     22     20  
539.0  08:59:01 42.393715 -72.53596   23     24     20  
539.0  08:59:21 42.393715 -72.53596   23     22     20  
539.0  08:59:32 42.393715 -72.53596   21     24     24  
539.0  08:59:40 42.393715 -72.53596   22     24     23  
539.0  08:59:48 42.393715 -72.53596   22     20     24  
539.0  08:59:56 42.393715 -72.53596   23     22     23  
540.0  09:00:00 42.393715 -72.53596   24     24     24  
540.0  09:00:04 42.393715 -72.53596   23     22     20  
540.0  09:00:12 42.393715 -72.53596   24     22     21  
540.0  09:00:22 42.393715 -72.53596   23     23     21  
540.0  09:00:30 42.393715 -72.53596   21     24     21  
540.0  09:00:38 42.393715 -72.53596   22     21     22  
540.0  09:00:47 42.393715 -72.53596   20     20     24  
540.0  09:00:55 42.393715 -72.53596   23     22     20  
541.0  09:01:00 42.393715 -72.53596   22     24     23  
541.0  09:01:04 42.393715 -72.53596   20     20     21  
541.0  09:01:14 42.393715 -72.53596   22     22     23  
541.0  09:01:23 42.393715 -72.53596   22     21     22  
541.0  09:01:31 42.393715 -72.53596   23     23     20  
541.0  09:01:39 42.393715 -72.53596   21     23     24  
541.0  09:01:48 42.393715 -72.53596   24     24     22  
541.0  09:01:56 42.393715 -72.53596   20     20     21  
542.0  09:02:00 42.393715 -72.53596   20     22     24  
542.0  09:02:06 42.393715 -72.53596   21     24     21  
542.0  09:02:15 42.393715 -72.53596   23     21     23  
542.0  09:02:24 42.393715 -72.53596   24     23     22  
542.0  09:02:32 42.393715 -72.53596   22     21     22  
542.0  09:02:41 42.393715 -72.53596   21     23     23  
542.0  09:02:49 42.393715 -72.53596   23     21     23  
543.0  09:03:00 42.393715 -72.53596   22     21     24  
543.0  09:03:00 42.393715 -72.53596   22     22     24  
543.0  09:03:08 42.393715 -72.53596   23     20     20  
543.0  09:03:17 42.393715 -72.53596   23     22     24  
543.0  09:03:26 42.393715 -72.53596   23     23     20  
543.0  09:03:36 42.393715 -72.53596   24     23     20  
543.0  09:03:50 42.393715 -72.53596   20     22     22  
544.0  09:04:00 42.393715 -72.53596   23     24     23  
544.0  09:04:00 42.393715 -72.53596   20     24     21  
544.0  09:04:09 42.393715 -72.53596   24     20     22  
544.0  09:04:17 42.393715 -72.53596   23     21     24  
544.0  09:04:25 42.393715 -72.53596   22     21     24  
544.0  09:04:34 42.393715 -72.53596   20     22     22  
544.0  09:04:42 42.393715 -72.53596   24     21     21  
544.0  09:04:53 42.393715 -72.53596   20     24     24  
545.0  09:05:00 42.393715 -72.53596   20     23     22  
545.0  09:05:01 42.393715 -72.53596   22     22     24  
545.0  09:05:10 42.393715 -72.53596   23     23     21  
545.0  09:05:18 42.393715 -72.53596   24     24     20  
545.0  09:05:27 42.393715 -72.53596   20     20     20  
545.0  09:05:35 42.393715 -72.53596   21     23     21  
545.0  09:05:47 42.393715 -72.53596   22     24     22  
545.0  09:05:56 42.393715 -72.53596   24     24     24  
546.0  09:06:00 42.393715 -72.53596   24     22     22  
546.0  09:06:05 42.393715 -72.53596   24     20     24  
546.0  09:06:13 42.393715 -72.53596   20     22     21  
546.0  09:06:22 42.393715 -72.53596   21     20     20  
546.0  09:06:31 42.393715 -72.53596   23     23     24  
546.0  09:06:41 42.393715 -72.53596   21     23     22  
546.0  09:06:50 42.393715 -72.53596   20     20     20  
546.0  09:06:58 42.393715 -72.53596   21     24     23  
547.0  09:07:00 42.393715 -72.53596   23     24     23  
547.0  09:07:07 42.393715 -72.53596   24     21     23  
547.0  09:07:16 42.393715 -72.53596   20     24     22  
547.0  09:07:24 42.393715 -72.53596   22     21     20  
547.0  09:07:38 42.393715 -72.53596   23     20     20  
547.0  09:07:47 42.393715 -72.53596   24     22     23  
547.0  09:07:56 42.393715 -72.53596   20     21     22  
548.0  09:08:00 42.393715 -72.53596   21     21     23  
548.0  09:08:05 42.393715 -72.53596   22     23     22  
548.0  09:08:13 42.393715 -72.53596   22     22     24  
548.0  09:08:23 42.393715 -72.53596   21     24     21  
548.0  09:08:34 42.393715 -72.53596   23     20     22  
548.0  09:08:43 42.393715 -72.53596   23     24     20  
548.0  09:08:55 42.393715 -72.53596   21     24     22  
549.0  09:09:00 42.393715 -72.53596   22     20     24  
549.0  09:09:04 42.393715 -72.53596   22     22     21  
549.0  09:09:12 42.393715 -72.53596   20     20     21  
549.0  09:09:23 42.393715 -72.53596   23     23     22  
549.0  09:09:31 42.393715 -72.53596   21     23     22  
549.0  09:09:40 42.393715 -72.53596   22     22     21  
549.0  09:09:48 42.393715 -72.53596   21     23     20  
549.0  09:09:58 42.393715 -72.53596   21     20     23  
550.0  09:10:00 42.393715 -72.53596   23     20     24  
550.0  09:10:08 42.393715 -72.53596   21     20     21  
550.0  09:10:23 42.393715 -72.53596   20     21     22  
550.0  09:10:34 42.393715 -72.53596   21     22     22  
550.0  09:10:42 42.393715 -72.53596   21     20     22  
550.0  09:10:51 42.393715 -72.53596   22     21     21  
550.0  09:10:59 42.393715 -72.53596   21     23     22  
551.0  09:11:00 42.393715 -72.53596   22     21     23  
551.0  09:11:08 42.393715 -72.53596   23     22     21  
551.0  09:11:17 42.393715 -72.53596   22     23     22  
551.0  09:11:27 42.393715 -72.53596   21     20     21  
551.0  09:11:35 42.393715 -72.53596   23     24     23  
551.0  09:11:44 42.393715 -72.53596   22     23     20  
551.0  09:11:53 42.393715 -72.53596   22     24     24  
552.0  09:12:00 42.393715 -72.53596   21     20     20  
552.0  09:12:01 42.393715 -72.53596   23     22     21  
552.0  09:12:10 42.393715 -72.53596   22     24     24  
552.0  09:12:20 42.393715 -72.53596   23     20     23  
552.0  09:12:29 42.393715 -72.53596   21     21     24  
552.0  09:12:38 42.393715 -72.53596   22     20     24  
552.0  09:12:46 42.393715 -72.53596   23     24     20  
552.0  09:12:55 42.393715 -72.53596   23     24     20  
553.0  09:13:00 42.393715 -72.53596   23     20     20  
553.0  09:13:03 42.393715 -72.53596   21     21     22  
553.0  09:13:14 42.393715 -72.53596   23     22     22  
553.0  09:13:22 42.393715 -72.53596   24     23     24  
553.0  09:13:31 42.393715 -72.53596   20     23     20  
553.0  09:13:39 42.393715 -72.53596   21     21     24  
554.0  09:14:00 42.393715 -72.53596   20     22     24  
554.0  09:14:07 42.393715 -72.53596   23     22     23  
555.0  09:15:00 42.393715 -72.53596   20     20     21  
555.0  09:15:32 42.393715 -72.53596   20     22     22  
556.0  09:16:00 42.393715 -72.53596   24     21     20  
557.0  09:17:00 42.393715 -72.53596   24     24     22  
558.0  09:18:00 42.393715 -72.53596   21     24     21  
559.0  09:19:00 42.393715 -72.53596   20     23     24  
560.0  09:20:00 42.393715 -72.53596   24     22     24  
561.0  09:21:00 42.393715 -72.53596   22     21     21  
562.0  09:22:00 42.393715 -72.53596   23     21     20  
563.0  09:23:00 42.393715 -72.53596   22     20     20  
564.0  09:24:00 42.393715 -72.53596   24     23     20  
565.0  09:25:00 42.393715 -72.53596   22     23     20  
566.0  09:26:00 42.393715 -72.53596   23     24     23  
567.0  09:27:00 41.886257 -75.462746   23     22     22  
604.0  10:04:49 42.3945 -72.5337   20     21     22  
604.0  10:04:59 42.394493 -72.53368   20     21     24  
605.0  10:05:00 42.394493 -72.53367   22     20     21  
605.0  10:05:08 42.39453 -72.53363   21     21     22  
605.0  10:05:16 42.394608 -72.53352   24     21     24  
605.0  10:05:24 42.39465 -72.53345   21     24     21  
605.0  10:05:32 42.394695 -72.53342   22     24     21  
605.0  10:05:41 42.39473 -72.53338   24     24     24  
605.0  10:05:52 42.39482 -72.53324   23     20     23  
606.0  10:06:00 42.394737 -72.533325   24     21     21  
606.0  10:06:00 42.394665 -72.53341   23     23     24  
606.0  10:06:08 42.394653 -72.5334   23     22     21  
606.0  10:06:17 42.394653 -72.53341   20     21     21  
606.0  10:06:25 42.394665 -72.533424   21     22     24  
606.0  10:06:34 42.39467 -72.53345   21     20     21  
606.0  10:06:45 42.394665 -72.5334   21     21     20  
606.0  10:06:54 42.394665 -72.53338   23     20     22  
607.0  10:07:00 42.394665 -72.53338   22     20     23  
607.0  10:07:02 42.394665 -72.53338   20     21     21  
607.0  10:07:11 42.394657 -72.533394   20     20     21  
607.0  10:07:19 42.39465 -72.53338   23     22     22  
607.0  10:07:27 42.39465 -72.53338   22     24     23  
607.0  10:07:37 42.39465 -72.53338   21     22     21  
607.0  10:07:46 42.394653 -72.533394   21     21     24  
607.0  10:07:54 42.394646 -72.53339   23     21     24  
608.0  10:08:00 42.39463 -72.53336   23     23     24  
608.0  10:08:03 42.39463 -72.53336   20     22     20  
608.0  10:08:11 42.394627 -72.53333   23     21     20  
608.0  10:08:20 42.394615 -72.533295   23     22     21  
608.0  10:08:30 42.394653 -72.53322   21     21     21  
608.0  10:08:39 42.394627 -72.53321   20     23     21  
608.0  10:08:47 42.39465 -72.533165   23     24     23  
608.0  10:08:56 42.394623 -72.53318   24     24     24  
609.0  10:09:00 42.39461 -72.53323   20     24     20  
609.0  10:09:04 42.39461 -72.53323   23     23     22  
609.0  10:09:13 42.39468 -72.53321   22     23     22  
609.0  10:09:23 42.394646 -72.53303   21     20     21  
609.0  10:09:33 42.394264 -72.53289   22     21     23  
609.0  10:09:41 42.393917 -72.532684   22     21     24  
609.0  10:09:49 42.39373 -72.53265   20     21     23  
609.0  10:09:57 42.393703 -72.53273   22     23     20  
610.0  10:10:00 42.39369 -72.53275   22     23     23  
610.0  10:10:06 42.393677 -72.53277   20     20     22  
610.0  10:10:16 42.39376 -72.53263   21     21     24  
610.0  10:10:25 42.393772 -72.53262   22     22     24  
610.0  10:10:33 42.393764 -72.53262   20     23     21  
610.0  10:10:42 42.393784 -72.532616   24     20     20  
610.0  10:10:51 42.393814 -72.5326   24     22     23  
610.0  10:10:59 42.393806 -72.532585   23     24     22  
611.0  10:11:00 42.3938 -72.53259   23     24     21  
611.0  10:11:10 42.393795 -72.53261   22     20     20  
611.0  10:11:18 42.393787 -72.53262   22     20     23  
611.0  10:11:26 42.393795 -72.53262   22     20     20  
611.0  10:11:33 42.393803 -72.53262   22     23     22  
611.0  10:11:42 42.393806 -72.53262   22     24     24  
611.0  10:11:50 42.393806 -72.53263   23     21     23  
612.0  10:12:00 42.393795 -72.53264   24     23     21  
612.0  10:12:00 42.393784 -72.53265   21     23     23  
612.0  10:12:09 42.39379 -72.53266   22     21     24  
612.0  10:12:17 42.39378 -72.53265   21     24     21  
612.0  10:12:26 42.393784 -72.53264   20     22     22  
612.0  10:12:35 42.393787 -72.53261   23     20     24  
612.0  10:12:43 42.393814 -72.53262   20     20     21  
612.0  10:12:54 42.393826 -72.53258   24     22     20  
613.0  10:13:00 42.393814 -72.53257   24     20     20  
613.0  10:13:02 42.393818 -72.53256   24     24     21  
613.0  10:13:10 42.39376 -72.532684   23     23     22  
613.0  10:13:19 42.393726 -72.53271   23     23     21  
613.0  10:13:27 42.393764 -72.53266   23     23     22  
613.0  10:13:35 42.39377 -72.53262   22     21     23  
613.0  10:13:45 42.393757 -72.532616   24     23     20  
613.0  10:13:53 42.393753 -72.532616   24     22     24  
614.0  10:14:00 42.393757 -72.532616   21     23     23  
614.0  10:14:00 42.39376 -72.53261   22     23     21  
614.0  10:14:09 42.393757 -72.532616   23     23     20  
614.0  10:14:16 42.39376 -72.53261   21     24     22  
614.0  10:14:24 42.393776 -72.53257   21     21     20  
614.0  10:14:34 42.39378 -72.53256   23     20     21  
614.0  10:14:42 42.393772 -72.53258   24     21     24  
614.0  10:14:50 42.39377 -72.532585   20     22     24  
614.0  10:14:58 42.393772 -72.53259   22     24     20  
615.0  10:15:00 42.39377 -72.5326   20     24     22  
615.0  10:15:07 42.39377 -72.53261   24     23     20  
615.0  10:15:16 42.393764 -72.532616   22     24     21  
615.0  10:15:26 42.39363 -72.5326   20     23     23  
615.0  10:15:34 42.3933 -72.53246   24     22     20  
615.0  10:15:42 42.39301 -72.533005   22     21     22  
615.0  10:15:50 42.392776 -72.53371   20     21     20  
615.0  10:15:58 42.392605 -72.53415   21     21     22  
616.0  10:16:00 42.392735 -72.53378   23     21     24  
616.0  10:16:06 42.39274 -72.53377   21     23     20  
616.0  10:16:16 42.39213 -72.53371   21     24     23  
616.0  10:16:24 42.391296 -72.53332   23     20     22  
616.0  10:16:32 42.39053 -72.533   22     20     23  
616.0  10:16:40 42.389908 -72.53272   24     20     23  
616.0  10:16:48 42.389038 -72.53231   22     24     20  
616.0  10:16:56 42.38811 -72.5319   20     22     22  
617.0  10:17:00 42.38721 -72.531525   24     23     23  
617.0  10:17:06 42.38681 -72.53138   21     21     23  
617.0  10:17:16 42.385803 -72.53096   24     21     21  
617.0  10:17:25 42.385273 -72.530975   20     23     20  
617.0  10:17:33 42.385296 -72.53099   24     21     22  
617.0  10:17:42 42.385284 -72.53102   23     21     21  
617.0  10:17:50 42.3851 -72.53101   23     24     20  
618.0  10:18:00 42.384937 -72.52999   23     23     21  
618.0  10:18:00 42.38483 -72.52947   24     24     24  
618.0  10:18:08 42.384727 -72.52878   20     22     21  
618.0  10:18:16 42.38477 -72.5278   20     20     20  
618.0  10:18:24 42.385094 -72.526566   24     23     24  
618.0  10:18:33 42.385338 -72.5255   20     23     21  
618.0  10:18:41 42.385574 -72.52449   23     21     24  
618.0  10:18:51 42.385914 -72.52315   21     24     20  
619.0  10:19:00 42.385906 -72.522644   23     20     24  
619.0  10:19:00 42.385952 -72.52234   23     23     22  
619.0  10:19:08 42.386208 -72.52218   21     20     23  
619.0  10:19:17 42.386948 -72.52259   23     21     20  
619.0  10:19:25 42.387493 -72.52329   21     22     21  
619.0  10:19:34 42.387768 -72.52359   22     21     23  
619.0  10:19:44 42.387814 -72.52361   21     22     23  
619.0  10:19:52 42.387817 -72.523636   23     23     22  
620.0  10:20:00 42.387783 -72.523605   24     20     22  
620.0  10:20:01 42.38779 -72.52361   21     21     22  
620.0  10:20:09 42.387802 -72.52372   21     22     22  
620.0  10:20:18 42.38829 -72.524216   21     23     21  
620.0  10:20:27 42.388885 -72.52456   24     20     21  
620.0  10:20:38 42.389866 -72.524994   21     20     20  
620.0  10:20:46 42.390614 -72.52522   20     22     22  
620.0  10:20:54 42.391323 -72.52535   20     22     20  
621.0  10:21:00 42.392097 -72.52549   21     24     24  
621.0  10:21:02 42.392014 -72.525475   24     20     23  
621.0  10:21:10 42.39263 -72.525635   22     21     22  
621.0  10:21:18 42.393326 -72.52586   21     20     24  
621.0  10:21:29 42.393913 -72.52613   20     23     24  
621.0  10:21:38 42.39395 -72.526146   20     20     20  
621.0  10:21:46 42.39397 -72.52618   24     21     24  
621.0  10:21:55 42.393967 -72.526215   22     21     23  
622.0  10:22:00 42.39396 -72.52623   24     23     21  
622.0  10:22:03 42.39396 -72.52623   20     23     21  
622.0  10:22:12 42.39393 -72.52627   22     22     22  
622.0  10:22:22 42.39391 -72.52624   22     22     20  
622.0  10:22:31 42.3939 -72.526215   23     23     21  
622.0  10:22:39 42.393887 -72.52621   20     24     21  
622.0  10:22:48 42.393883 -72.52619   22     23     22  
622.0  10:22:56 42.39386 -72.526184   20     23     22  
623.0  10:23:00 42.39386 -72.52621   22     24     21  
623.0  10:23:04 42.39386 -72.52621   20     20     21  
623.0  10:23:14 42.393883 -72.5262   24     22     24  
623.0  10:23:23 42.39389 -72.52623   20     22     20  
623.0  10:23:32 42.3939 -72.52622   20     20     23  
623.0  10:23:40 42.39389 -72.52619   24     22     20  
623.0  10:23:49 42.393856 -72.526184   21     24     21  
623.0  10:23:57 42.393867 -72.526184   20     24     21  
624.0  10:24:00 42.39391 -72.52627   21     22     22  
624.0  10:24:11 42.39409 -72.52636   24     20     23  
624.0  10:24:20 42.394833 -72.52677   24     22     21  
624.0  10:24:28 42.39509 -72.52692   23     23     21  
624.0  10:24:37 42.395454 -72.5271   20     24     23  
624.0  10:24:46 42.396336 -72.527504   22     21     22  
624.0  10:24:54 42.397263 -72.527916   20     24     20  
625.0  10:25:00 42.398346 -72.52808   24     21     21  
625.0  10:25:05 42.39847 -72.528076   21     23     23  
625.0  10:25:15 42.39958 -72.52798   20     23     23  
625.0  10:25:23 42.40083 -72.527885   23     23     23  
625.0  10:25:31 42.401863 -72.5282   22     21     24  
625.0  10:25:39 42.40287 -72.52867   24     23     23  
625.0  10:25:47 42.403725 -72.529205   24     22     21  
625.0  10:25:57 42.40485 -72.52979   21     21     23  
626.0  10:26:00 42.405636 -72.52979   24     24     21  
626.0  10:26:06 42.405865 -72.52981   24     22     24  
626.0  10:26:14 42.406487 -72.52988   24     23     24  
626.0  10:26:22 42.40643 -72.53053   21     24     23  
626.0  10:26:31 42.406403 -72.53129   23     24     23  
626.0  10:26:40 42.406292 -72.53158   23     23     21  
626.0  10:26:51 42.406116 -72.53208   24     22     23  
626.0  10:26:59 42.406067 -72.53242   21     22     21  
627.0  10:27:00 42.405907 -72.532555   23     22     20  
627.0  10:27:08 42.405785 -72.53252   23     24     23  
627.0  10:27:16 42.405785 -72.53253   20     22     24  
627.0  10:27:24 42.40579 -72.532524   24     24     23  
627.0  10:27:32 42.405792 -72.53249   23     22     23  
627.0  10:27:43 42.405792 -72.532486   24     22     24  
627.0  10:27:51 42.40579 -72.53248   23     24     22  
627.0  10:27:59 42.40578 -72.53248   23     21     20  
628.0  10:28:00 42.405777 -72.53248   21     24     23  
628.0  10:28:08 42.405777 -72.53248   21     23     21  
628.0  10:28:16 42.40578 -72.53248   22     23     20  
628.0  10:28:25 42.405785 -72.53248   24     20     24  
628.0  10:28:35 42.40579 -72.53248   23     23     23  
628.0  10:28:43 42.40579 -72.53248   24     22     23  
628.0  10:28:52 42.405773 -72.53246   21     22     22  
629.0  10:29:00 42.405777 -72.53245   24     24     21  
629.0  10:29:00 42.405785 -72.53243   23     24     23  
629.0  10:29:09 42.405792 -72.53244   20     21     21  
629.0  10:29:17 42.4058 -72.53245   21     24     20  
629.0  10:29:27 42.40579 -72.532455   20     22     22  
629.0  10:29:35 42.405777 -72.532455   20     20     23  
629.0  10:29:44 42.405785 -72.53248   22     22     24  
629.0  10:29:52 42.405785 -72.53249   24     24     24  
630.0  10:30:00 42.405777 -72.532486   21     22     21  
630.0  10:30:00 42.405777 -72.53249   22     22     24  
630.0  10:30:09 42.405766 -72.532486   22     23     21  
630.0  10:30:20 42.405766 -72.53249   22     22     24  
630.0  10:30:29 42.40576 -72.532486   21     23     23  
630.0  10:30:37 42.405537 -72.53242   24     21     23  
630.0  10:30:46 42.405354 -72.532364   20     22     20  
630.0  10:30:54 42.404984 -72.53231   23     20     21  
631.0  10:31:00 42.40489 -72.53178   23     23     24  
631.0  10:31:03 42.40489 -72.531815   22     24     24  
631.0  10:31:13 42.404865 -72.53134   23     20     20  
631.0  10:31:21 42.404957 -72.53071   21     21     21  
631.0  10:31:30 42.404964 -72.53069   23     21     24  
631.0  10:31:38 42.40497 -72.53069   24     21     23  
631.0  10:31:47 42.405037 -72.530396   23     24     22  
631.0  10:31:55 42.405052 -72.52992   24     20     21  
632.0  10:32:00 42.405014 -72.52971   22     24     24  
632.0  10:32:05 42.40501 -72.52969   24     20     20  
632.0  10:32:13 42.404648 -72.52966   24     24     21  
632.0  10:32:22 42.403694 -72.52941   22     20     24  
632.0  10:32:30 42.403133 -72.529106   20     24     22  
632.0  10:32:39 42.403057 -72.52914   24     23     22  
632.0  10:32:47 42.403126 -72.5292   24     23     22  
633.0  10:33:00 42.403137 -72.52913   20     20     22  
633.0  10:33:00 42.40291 -72.52888   22     22     24  
633.0  10:33:08 42.402363 -72.528595   21     22     21  
633.0  10:33:16 42.40124 -72.52808   20     22     22  
633.0  10:33:23 42.400066 -72.52798   24     22     21  
633.0  10:33:32 42.398922 -72.52808   21     21     20  
633.0  10:33:41 42.397804 -72.52808   22     22     24  
633.0  10:33:54 42.39605 -72.527374   21     22     22  
634.0  10:34:00 42.395317 -72.52704   21     21     20  
634.0  10:34:02 42.395355 -72.52706   21     24     24  
634.0  10:34:11 42.395294 -72.52705   20     20     23  
634.0  10:34:20 42.39529 -72.527084   23     23     23  
634.0  10:34:28 42.395287 -72.52707   24     24     21  
634.0  10:34:37 42.395287 -72.527054   22     22     21  
634.0  10:34:47 42.39529 -72.52705   20     22     23  
634.0  10:34:55 42.395115 -72.526955   23     20     21  
635.0  10:35:00 42.394516 -72.52662   23     22     20  
635.0  10:35:03 42.394516 -72.52662   20     23     23  
635.0  10:35:12 42.393913 -72.52628   24     24     22  
635.0  10:35:19 42.393448 -72.52606   21     21     24  
635.0  10:35:28 42.393383 -72.52603   20     23     22  
635.0  10:35:40 42.393375 -72.52607   20     22     23  
635.0  10:35:48 42.393364 -72.52603   23     20     22  
635.0  10:35:57 42.392914 -72.52577   20     23     23  
636.0  10:36:00 42.39216 -72.52552   22     21     20  
636.0  10:36:05 42.39194 -72.52545   20     23     23  
636.0  10:36:14 42.391132 -72.52527   22     23     20  
636.0  10:36:23 42.39085 -72.525246   23     20     21  
636.0  10:36:34 42.390835 -72.52525   22     23     21  
636.0  10:36:42 42.390427 -72.52512   20     23     21  
636.0  10:36:50 42.389618 -72.52493   20     22     22  
636.0  10:36:58 42.388878 -72.52463   24     21     20  
637.0  10:37:00 42.3885 -72.52445   21     24     21  
637.0  10:37:06 42.388264 -72.52431   23     20     20  
637.0  10:37:14 42.38779 -72.52395   20     21     21  
637.0  10:37:24 42.387775 -72.52386   24     24     23  
637.0  10:37:34 42.3878 -72.52384   20     20     20  
637.0  10:37:43 42.38781 -72.523834   24     21     22  
637.0  10:37:53 42.387836 -72.52386   21     23     24  
638.0  10:38:00 42.387833 -72.52388   24     21     22  
638.0  10:38:01 42.38784 -72.52389   21     23     24  
638.0  10:38:10 42.387814 -72.52388   20     22     21  
638.0  10:38:20 42.387787 -72.5238   24     20     23  
638.0  10:38:28 42.387623 -72.52351   20     22     21  
638.0  10:38:36 42.387226 -72.52291   23     23     22  
638.0  10:38:44 42.3867 -72.52242   21     22     22  
638.0  10:38:53 42.386307 -72.5224   21     20     20  
639.0  10:39:00 42.386013 -72.52245   21     21     20  
639.0  10:39:01 42.386143 -72.52246   20     22     23  
639.0  10:39:11 42.38564 -72.522095   24     24     23  
639.0  10:39:19 42.38496 -72.521645   24     20     23  
639.0  10:39:28 42.384167 -72.52125   21     21     24  
639.0  10:39:36 42.383327 -72.52081   20     24     23  
639.0  10:39:45 42.38267 -72.52037   23     24     21  
639.0  10:39:54 42.38185 -72.51974   24     24     24  
640.0  10:40:00 42.381382 -72.51929   20     21     24  
640.0  10:40:06 42.381176 -72.51932   20     24     24  
640.0  10:40:14 42.380367 -72.51942   21     24     24  
640.0  10:40:22 42.379593 -72.51966   20     24     21  
640.0  10:40:30 42.37886 -72.519966   23     23     22  
640.0  10:40:38 42.378193 -72.51998   21     22     21  
640.0  10:40:46 42.37786 -72.520004   23     24     20  
640.0  10:40:56 42.377888 -72.52005   23     22     21  
641.0  10:41:00 42.377853 -72.520096   23     24     22  
641.0  10:41:04 42.377853 -72.52007   23     22     20  
641.0  10:41:12 42.377865 -72.52003   21     22     23  
641.0  10:41:20 42.377865 -72.51999   21     24     23  
641.0  10:41:28 42.377747 -72.519936   24     21     22  
641.0  10:41:36 42.377224 -72.51993   24     20     22  
641.0  10:41:47 42.376534 -72.51992   20     20     24  
641.0  10:41:55 42.376 -72.51989   21     21     21  
642.0  10:42:00 42.375954 -72.51991   23     20     22  
642.0  10:42:04 42.375954 -72.51991   21     21     21  
642.0  10:42:12 42.375954 -72.51993   21     23     23  
642.0  10:42:21 42.37595 -72.51995   21     23     20  
642.0  10:42:29 42.375954 -72.519936   24     22     21  
642.0  10:42:41 42.375965 -72.51993   21     23     24  
642.0  10:42:49 42.37595 -72.51993   23     21     21  
642.0  10:42:58 42.375946 -72.519936   23     21     20  
643.0  10:43:00 42.37579 -72.519936   20     23     24  
643.0  10:43:07 42.375687 -72.51993   22     23     20  
643.0  10:43:16 42.375633 -72.519905   24     23     22  
643.0  10:43:25 42.375633 -72.519875   24     21     21  
643.0  10:43:35 42.375572 -72.51976   23     23     24  
643.0  10:43:44 42.375607 -72.5192   20     20     23  
643.0  10:43:55 42.37562 -72.51915   23     23     23  
644.0  10:44:00 42.375675 -72.51899   21     20     22  
644.0  10:44:03 42.375675 -72.51899   22     20     22  
644.0  10:44:12 42.375813 -72.51833   23     22     21  
644.0  10:44:24 42.37584 -72.51733   24     22     23  
645.0  10:45:00 42.37586 -72.51326   21     21     24  
645.0  10:45:32 42.375828 -72.51178   21     21     21  
645.0  10:45:43 42.37583 -72.51178   20     24     20  
645.0  10:45:51 42.375874 -72.51156   21     24     21  
646.0  10:46:00 42.375816 -72.5108   23     24     20  
646.0  10:46:00 42.375824 -72.51078   21     24     23  
646.0  10:46:08 42.37583 -72.51066   20     20     24  
646.0  10:46:17 42.375828 -72.509415   20     21     24  
646.0  10:46:25 42.375725 -72.50785   21     22     23  
646.0  10:46:36 42.37571 -72.50731   22     21     20  
646.0  10:46:44 42.375694 -72.50733   21     22     23  
646.0  10:46:53 42.375683 -72.50731   24     24     23  
647.0  10:47:00 42.3757 -72.50692   21     22     22  
647.0  10:47:02 42.375698 -72.507095   22     23     20  
647.0  10:47:11 42.37569 -72.505974   22     24     22  
647.0  10:47:19 42.37567 -72.504906   23     22     24  
647.0  10:47:29 42.375862 -72.50313   24     21     22  
647.0  10:47:38 42.376125 -72.50158   22     20     21  
647.0  10:47:46 42.376266 -72.5009   21     23     22  
647.0  10:47:55 42.3763 -72.50082   23     24     22  
648.0  10:48:00 42.376347 -72.5006   22     21     23  
648.0  10:48:04 42.376347 -72.5006   21     24     21  
648.0  10:48:12 42.376137 -72.500534   22     24     22  
648.0  10:48:22 42.375423 -72.50067   20     24     21  
648.0  10:48:30 42.37441 -72.500885   20     24     22  
648.0  10:48:38 42.373566 -72.50112   23     24     20  
648.0  10:48:47 42.37315 -72.501205   23     21     21  
648.0  10:48:55 42.37305 -72.50124   21     21     24  
649.0  10:49:00 42.37306 -72.50123   20     24     21  
649.0  10:49:04 42.37306 -72.50123   20     23     22  
649.0  10:49:14 42.373077 -72.501205   20     23     22  
649.0  10:49:22 42.372963 -72.501236   23     20     22  
649.0  10:49:31 42.37216 -72.50139   21     24     22  
649.0  10:49:39 42.371063 -72.501656   20     23     24  
649.0  10:49:49 42.36977 -72.502   24     23     22  
649.0  10:49:57 42.369293 -72.50188   21     24     23  
650.0  10:50:00 42.369278 -72.50133   21     23     22  
650.0  10:50:08 42.36927 -72.50074   20     22     22  
650.0  10:50:17 42.36924 -72.500175   20     21     23  
650.0  10:50:25 42.369244 -72.49962   20     20     20  
650.0  10:50:34 42.36961 -72.49901   22     24     21  
650.0  10:50:42 42.37015 -72.49903   22     24     22  
650.0  10:50:50 42.3703 -72.49906   20     20     23  
651.0  10:51:00 42.370316 -72.49907   21     20     20  
651.0  10:51:00 42.370354 -72.49908   21     21     24  
651.0  10:51:09 42.37061 -72.499115   22     22     24  
651.0  10:51:17 42.37111 -72.49874   24     24     23  
651.0  10:51:26 42.371143 -72.49848   20     22     21  
651.0  10:51:34 42.371136 -72.498375   24     20     24  
651.0  10:51:43 42.37061 -72.49783   22     24     21  
651.0  10:51:54 42.369507 -72.49658   22     22     23  
652.0  10:52:00 42.368214 -72.494934   22     23     24  
652.0  10:52:03 42.368347 -72.4951   23     22     23  
652.0  10:52:11 42.367188 -72.49359   22     20     23  
652.0  10:52:20 42.36619 -72.49235   22     22     20  
652.0  10:52:28 42.365067 -72.49089   22     20     22  
652.0  10:52:37 42.36398 -72.48964   20     22     23  
652.0  10:52:48 42.362274 -72.4882   22     22     21  
652.0  10:52:56 42.36106 -72.48717   22     21     21  
653.0  10:53:00 42.359943 -72.4862   24     22     24  
653.0  10:53:04 42.35979 -72.48607   23     22     20  
653.0  10:53:13 42.358765 -72.48513   23     22     24  
653.0  10:53:22 42.35824 -72.48495   20     24     22  
653.0  10:53:30 42.357918 -72.48545   22     23     20  
653.0  10:53:41 42.35726 -72.485306   20     21     20  
653.0  10:53:50 42.356663 -72.4854   22     23     20  
653.0  10:53:58 42.356586 -72.48542   22     21     24  
654.0  10:54:00 42.35657 -72.48543   22     21     22  
654.0  10:54:07 42.356487 -72.48543   23     20     20  
654.0  10:54:15 42.356167 -72.48565   21     24     21  
654.0  10:54:24 42.355804 -72.4858   23     20     23  
654.0  10:54:34 42.35566 -72.48531   24     22     21  
654.0  10:54:42 42.355946 -72.48499   24     21     20  
654.0  10:54:51 42.356174 -72.485   21     22     20  
654.0  10:54:59 42.356316 -72.48539   24     22     22  
655.0  10:55:00 42.356495 -72.485435   20     20     22  
655.0  10:55:08 42.356678 -72.485245   21     21     22  
655.0  10:55:17 42.357525 -72.4853   23     21     21  
655.0  10:55:31 42.35817 -72.48502   24     21     24  
655.0  10:55:41 42.35825 -72.484695   22     22     21  
655.0  10:55:49 42.35812 -72.48442   23     20     20  
655.0  10:55:58 42.3575 -72.483536   20     23     22  
656.0  10:56:00 42.356937 -72.48266   20     23     22  
656.0  10:56:07 42.356644 -72.48216   24     24     24  
656.0  10:56:16 42.355843 -72.48045   22     24     21  
656.0  10:56:24 42.35512 -72.47876   21     21     20  
656.0  10:56:34 42.354134 -72.476395   22     20     24  
656.0  10:56:47 42.35368 -72.475266   24     23     24  
657.0  10:57:00 42.35343 -72.47638   24     24     22  
657.0  10:57:02 42.35342 -72.475975   20     22     24  
657.0  10:57:11 42.353416 -72.476425   20     24     23  
657.0  10:57:19 42.353355 -72.47645   23     20     22  
657.0  10:57:30 42.35336 -72.47733   22     21     22  
657.0  10:57:40 42.353455 -72.47867   23     20     23  
657.0  10:57:51 42.354187 -72.479935   20     24     20  
657.0  10:57:59 42.35522 -72.48042   23     24     24  
658.0  10:58:00 42.35557 -72.48054   21     21     24  
658.0  10:58:08 42.355736 -72.48044   20     20     24  
658.0  10:58:16 42.355766 -72.48042   24     21     24  
658.0  10:58:27 42.35576 -72.48042   23     22     24  
658.0  10:58:35 42.356037 -72.48073   20     21     20  
658.0  10:58:44 42.35652 -72.48192   20     21     23  
658.0  10:58:52 42.35681 -72.482475   24     23     23  
659.0  10:59:00 42.356915 -72.48244   21     24     20  
659.0  10:59:01 42.356903 -72.482445   24     23     24  
659.0  10:59:09 42.356953 -72.48255   20     21     24  
659.0  10:59:20 42.357594 -72.483665   23     22     24  
659.0  10:59:29 42.358585 -72.48493   24     21     20  
659.0  10:59:38 42.36012 -72.48641   23     23     20  
659.0  10:59:46 42.361214 -72.48735   20     21     21  
659.0  10:59:54 42.362003 -72.487976   22     24     23  
660.0  11:00:00 42.36231 -72.48813   21     22     20  
660.0  11:00:03 42.36231 -72.48813   20     22     24  
660.0  11:00:13 42.362274 -72.48812   23     23     20  
660.0  11:00:22 42.362312 -72.48811   24     24     21  
660.0  11:00:31 42.36234 -72.48812   23     22     24  
660.0  11:00:40 42.36238 -72.48812   20     21     20  
660.0  11:00:48 42.36241 -72.48823   21     20     20  
660.0  11:00:56 42.36299 -72.4887   24     23     20  
661.0  11:01:00 42.363853 -72.489426   24     21     23  
661.0  11:01:07 42.364384 -72.49001   21     22     22  
661.0  11:01:16 42.365467 -72.491394   23     20     20  
661.0  11:01:25 42.36661 -72.49285   21     20     22  
661.0  11:01:33 42.367718 -72.494194   22     23     21  
661.0  11:01:42 42.368694 -72.4955   20     23     21  
661.0  11:01:51 42.36956 -72.49663   21     21     22  
662.0  11:02:00 42.370895 -72.498146   21     20     24  
662.0  11:02:01 42.37072 -72.49797   21     22     22  
662.0  11:02:10 42.371216 -72.49849   20     21     23  
662.0  11:02:19 42.37088 -72.499054   23     20     21  
662.0  11:02:28 42.370277 -72.49919   23     24     21  
662.0  11:02:41 42.370193 -72.4992   24     22     20  
662.0  11:02:52 42.369507 -72.49916   22     22     20  
663.0  11:03:00 42.36926 -72.50003   21     23     20  
663.0  11:03:01 42.36925 -72.49971   20     22     24  
663.0  11:03:09 42.369274 -72.500465   21     22     22  
663.0  11:03:18 42.369293 -72.50092   21     20     24  
663.0  11:03:31 42.36935 -72.50178   21     23     24  
663.0  11:03:43 42.369347 -72.50201   23     20     24  
663.0  11:03:53 42.369385 -72.50214   24     20     21  
664.0  11:04:00 42.369926 -72.50202   22     21     22  
664.0  11:04:02 42.36975 -72.50208   20     21     24  
664.0  11:04:11 42.370773 -72.501854   21     20     21  
664.0  11:04:19 42.371853 -72.50153   23     20     20  
664.0  11:04:28 42.372364 -72.50137   24     23     24  
664.0  11:04:38 42.37259 -72.50129   21     20     21  
664.0  11:04:47 42.372623 -72.50128   22     21     22  
664.0  11:04:59 42.372635 -72.501274   22     24     22  
665.0  11:05:00 42.37269 -72.501274   23     22     22  
665.0  11:05:07 42.37269 -72.50128   24     24     24  
665.0  11:05:16 42.372986 -72.501205   20     20     23  
665.0  11:05:30 42.373848 -72.50099   22     21     23  
665.0  11:05:40 42.37566 -72.500595   24     20     21  
665.0  11:05:49 42.376328 -72.500534   23     21     21  
665.0  11:05:58 42.376347 -72.50107   21     20     23  
666.0  11:06:00 42.376266 -72.50141   22     21     24  
666.0  11:06:06 42.376266 -72.5014   24     23     22  
666.0  11:06:15 42.37626 -72.501396   21     20     24  
666.0  11:06:23 42.376175 -72.501816   23     23     24  
666.0  11:06:33 42.375862 -72.50371   21     24     22  
666.0  11:06:41 42.375713 -72.50531   21     23     23  
666.0  11:06:49 42.37574 -72.506714   20     20     21  
666.0  11:06:58 42.375767 -72.50719   22     20     20  
667.0  11:07:00 42.37577 -72.50718   20     24     22  
667.0  11:07:06 42.375767 -72.5072   20     23     20  
667.0  11:07:15 42.375786 -72.50761   23     23     21  
667.0  11:07:25 42.375793 -72.50897   20     24     24  
667.0  11:07:33 42.375847 -72.51022   23     23     22  
667.0  11:07:42 42.37585 -72.51077   24     20     22  
667.0  11:07:50 42.375866 -72.51118   23     21     20  
667.0  11:07:59 42.37591 -72.5121   20     24     22  
668.0  11:08:00 42.375935 -72.51228   23     23     23  
668.0  11:08:07 42.37591 -72.51229   20     24     24  
668.0  11:08:17 42.375877 -72.512344   22     20     20  
668.0  11:08:25 42.375904 -72.51236   22     22     23  
668.0  11:08:34 42.375923 -72.5126   21     22     24  
668.0  11:08:42 42.375927 -72.51267   21     23     24  
668.0  11:08:50 42.375935 -72.51275   21     20     22  
669.0  11:09:00 42.37595 -72.51355   21     21     21  
669.0  11:09:00 42.37594 -72.51406   21     24     23  
669.0  11:09:10 42.3759 -72.51521   21     20     22  
669.0  11:09:19 42.375862 -72.516495   23     24     21  
669.0  11:09:54 42.375706 -72.51959   24     20     22  
669.0  11:09:59 42.375725 -72.5196   22     21     20  
670.0  11:10:00 42.375725 -72.51961   20     20     23  
670.0  11:10:04 42.375725 -72.519615   22     23     20  
670.0  11:10:12 42.375732 -72.5196   24     21     24  
670.0  11:10:16 42.375725 -72.519615   24     21     24  
670.0  11:10:27 42.375706 -72.51956   20     23     20  
670.0  11:10:32 42.37569 -72.51955   22     20     22  
670.0  11:10:38 42.37567 -72.519554   23     20     22  
670.0  11:10:43 42.375668 -72.51956   20     23     22  
670.0  11:10:49 42.375675 -72.51952   24     24     22  
670.0  11:10:54 42.375675 -72.51949   23     20     23  
670.0  11:10:59 42.375675 -72.51952   21     21     22  
671.0  11:11:00 42.37568 -72.51954   20     21     23  
671.0  11:11:04 42.37568 -72.51955   20     24     20  
671.0  11:11:08 42.375675 -72.51951   21     21     23  
671.0  11:11:19 42.375908 -72.51989   20     21     24  
671.0  11:11:33 42.376694 -72.519875   21     20     24  
671.0  11:11:41 42.377132 -72.5199   23     20     24  
671.0  11:11:50 42.3774 -72.51983   23     24     22  
671.0  11:11:58 42.377495 -72.51982   20     21     24  
672.0  11:12:00 42.37751 -72.51983   22     21     24  
672.0  11:12:08 42.37752 -72.51984   23     23     23  
672.0  11:12:17 42.37754 -72.51987   20     22     22  
672.0  11:12:26 42.37752 -72.519875   24     22     22  
672.0  11:12:34 42.377495 -72.51985   21     22     24  
673.0  11:13:00 42.377487 -72.519875   24     20     21  
673.0  11:13:13 42.377647 -72.519905   24     23     23  
673.0  11:13:18 42.378002 -72.519936   24     21     22  
673.0  11:13:23 42.378353 -72.519936   24     22     23  
673.0  11:13:26 42.37844 -72.51993   21     24     23  
673.0  11:13:34 42.37915 -72.51982   22     23     20  
673.0  11:13:44 42.380127 -72.51944   24     20     22  
673.0  11:13:57 42.38129 -72.51928   23     24     21  
674.0  11:14:00 42.38184 -72.51952   24     21     23  
674.0  11:14:06 42.381958 -72.51968   20     21     22  
674.0  11:14:15 42.3827 -72.52042   22     24     20  
674.0  11:14:31 42.383125 -72.52056   23     21     24  
674.0  11:14:40 42.38319 -72.52057   24     21     22  
674.0  11:14:48 42.38319 -72.52056   22     23     24  
674.0  11:14:57 42.38321 -72.52057   23     21     20  
675.0  11:15:00 42.38333 -72.52073   24     22     23  
675.0  11:15:06 42.383446 -72.520805   22     23     21  
675.0  11:15:17 42.38446 -72.521385   21     24     22  
675.0  11:15:25 42.385162 -72.52172   23     20     24  
675.0  11:15:37 42.38587 -72.52219   23     21     23  
675.0  11:15:46 42.386517 -72.52235   20     20     24  
675.0  11:15:54 42.387135 -72.52282   23     21     22  
676.0  11:16:00 42.387733 -72.52356   22     23     24  
676.0  11:16:03 42.387714 -72.52352   23     20     20  
676.0  11:16:15 42.38772 -72.5236   24     20     23  
676.0  11:16:23 42.387745 -72.523575   22     23     21  
676.0  11:16:31 42.3878 -72.52356   21     22     22  
676.0  11:16:40 42.38783 -72.52356   21     23     21  
676.0  11:16:49 42.38778 -72.52357   22     20     22  
676.0  11:16:56 42.38773 -72.523575   21     20     24  
677.0  11:17:00 42.38777 -72.523544   22     20     21  
677.0  11:17:07 42.387775 -72.52351   24     23     21  
677.0  11:17:15 42.387787 -72.52349   23     21     24  
677.0  11:17:24 42.38777 -72.52348   24     20     23  
677.0  11:17:32 42.387753 -72.523575   24     23     23  
677.0  11:17:41 42.388172 -72.52409   21     21     23  
677.0  11:17:49 42.388542 -72.52437   21     21     23  
678.0  11:18:00 42.38899 -72.52462   22     20     20  
678.0  11:18:00 42.389343 -72.52477   20     20     22  
678.0  11:18:09 42.389687 -72.524895   21     21     23  
678.0  11:18:17 42.390293 -72.52506   23     20     22  
678.0  11:18:25 42.390648 -72.52514   24     22     24  
678.0  11:18:35 42.390926 -72.525185   22     23     24  
678.0  11:18:44 42.391277 -72.525246   22     23     24  
678.0  11:18:53 42.391876 -72.52537   22     22     20  
679.0  11:19:00 42.39266 -72.52562   21     20     20  
679.0  11:19:01 42.392494 -72.52556   20     24     20  
679.0  11:19:12 42.39309 -72.52579   21     20     22  
679.0  11:19:20 42.393757 -72.5261   22     23     23  
679.0  11:19:29 42.3939 -72.52614   23     23     23  
679.0  11:19:36 42.3939 -72.52615   22     22     21  
679.0  11:19:47 42.39378 -72.52622   21     20     21  
679.0  11:19:54 42.393948 -72.526146   20     24     23  
680.0  11:20:00 42.393997 -72.52609   20     21     20  
680.0  11:20:02 42.393993 -72.52609   22     20     20  
680.0  11:20:11 42.394142 -72.52596   22     20     24  
680.0  11:20:19 42.39402 -72.526024   21     24     20  
680.0  11:20:28 42.393986 -72.526146   20     23     22  
680.0  11:20:38 42.394466 -72.52654   23     24     24  
680.0  11:20:47 42.39506 -72.52692   24     23     23  
680.0  11:20:56 42.395924 -72.527275   22     24     21  
681.0  11:21:00 42.39688 -72.52771   22     22     20  
681.0  11:21:04 42.397003 -72.52777   20     22     20  
681.0  11:21:13 42.398014 -72.52809   23     23     21  
681.0  11:21:21 42.39919 -72.52804   20     20     20  
681.0  11:21:32 42.400555 -72.52789   20     21     23  
681.0  11:21:45 42.40164 -72.52817   24     22     21  
681.0  11:21:54 42.403275 -72.52906   20     20     24  
682.0  11:22:00 42.403904 -72.52945   20     20     24  
682.0  11:22:02 42.40386 -72.52943   20     20     21  
682.0  11:22:11 42.403896 -72.529465   23     24     23  
682.0  11:22:22 42.40396 -72.52956   24     20     24  
682.0  11:22:30 42.40447 -72.5297   23     21     22  
682.0  11:22:39 42.40566 -72.5297   24     23     24  
682.0  11:22:48 42.406456 -72.52974   22     24     21  
682.0  11:22:56 42.40638 -72.5303   24     21     23  
683.0  11:23:00 42.406414 -72.53096   22     22     21  
683.0  11:23:05 42.40641 -72.53104   22     23     23  
683.0  11:23:15 42.4063 -72.531456   24     21     23  
683.0  11:23:23 42.406178 -72.53184   22     22     24  
683.0  11:23:31 42.40609 -72.53219   22     24     22  
683.0  11:23:40 42.40593 -72.53252   22     21     21  
683.0  11:23:49 42.40583 -72.53245   21     22     20  
683.0  11:23:57 42.405815 -72.53251   23     21     20  
684.0  11:24:00 42.40582 -72.53252   21     23     24  
684.0  11:24:07 42.40581 -72.53255   21     22     20  
684.0  11:24:16 42.405815 -72.53255   23     23     24  
684.0  11:24:25 42.40584 -72.53251   20     21     23  
684.0  11:24:33 42.40584 -72.53252   20     23     24  
685.0  11:25:35 42.405804 -72.53249   21     24     23  
685.0  11:25:48 42.405815 -72.53248   24     20     20  
686.0  11:26:03 42.405804 -72.53254   24     23     21  
686.0  11:26:15 42.40578 -72.53255   23     23     24  
687.0  11:27:00 42.405807 -72.532555   21     24     24  
687.0  11:27:10 42.405807 -72.53254   24     20     20  
687.0  11:27:21 42.405804 -72.53254   20     24     20  
687.0  11:27:29 42.405792 -72.53258   22     24     20  
687.0  11:27:37 42.40579 -72.532585   22     21     21  
687.0  11:27:45 42.405792 -72.53258   24     24     21  
687.0  11:27:53 42.405792 -72.532555   21     22     24  
688.0  11:28:00 42.405785 -72.532585   20     20     21  
688.0  11:28:01 42.405785 -72.532585   23     21     22  
688.0  11:28:12 42.40579 -72.53257   22     24     23  
688.0  11:28:20 42.405792 -72.532555   22     23     22  
688.0  11:28:28 42.405792 -72.53253   23     20     20  
688.0  11:28:37 42.405796 -72.532524   21     20     21  
688.0  11:28:45 42.40579 -72.53255   21     22     22  
688.0  11:28:54 42.405785 -72.53256   20     21     22  
689.0  11:29:00 42.40579 -72.53255   23     23     20  
689.0  11:29:05 42.40579 -72.53255   23     22     24  
689.0  11:29:13 42.405796 -72.5325   20     21     22  
689.0  11:29:22 42.405796 -72.5325   23     23     22  
689.0  11:29:30 42.405792 -72.53252   23     21     20  
689.0  11:29:39 42.405807 -72.53252   22     21     21  
748.0  12:28:44 42.405853 -72.53255   24     20     22  
748.0  12:28:55 42.40584 -72.532555   20     23     21  
749.0  12:29:00 42.405796 -72.53251   22     20     23  
749.0  12:29:03 42.4058 -72.53251   21     23     20  
749.0  12:29:11 42.40579 -72.532486   22     21     24  
749.0  12:29:19 42.405746 -72.53241   21     22     20  
749.0  12:29:29 42.40577 -72.53243   23     23     22  
