945.0  15:45:47 0.0 -0.0   24     22     20  
946.0  15:46:00 0.0 -1.1095744E27   22     21     23  
946.0  15:46:14 0.0 -1.8111362E22   22     24     23  
947.0  15:47:32 0.0 -0.0   21     20     22  
947.0  15:47:47 0.0 -0.0   22     23     24  
947.0  15:47:56 0.0 -0.0   24     21     20  
948.0  15:48:00 0.0 -0.0   21     20     21  
948.0  15:48:06 0.0 -0.0   24     20     23  
948.0  15:48:18 0.0 -0.0   20     24     23  
948.0  15:48:26 0.0 -0.0   20     22     24  
948.0  15:48:36 0.0 -0.0   23     22     21  
948.0  15:48:45 0.0 -0.0   23     20     21  
948.0  15:48:54 0.0 -0.0   24     24     20  
949.0  15:49:00 0.0 -0.0   22     23     21  
949.0  15:49:00 0.0 -0.0   20     24     24  
949.0  15:49:04 0.0 -0.0   22     20     24  
949.0  15:49:14 0.0 -0.0   21     22     24  
949.0  15:49:25 0.0 -0.0   22     23     24  
949.0  15:49:34 0.0 -0.0   23     24     22  
949.0  15:49:43 0.0 -0.0   22     20     23  
949.0  15:49:52 0.0 -0.0   23     24     21  
950.0  15:50:00 0.0 -0.0   20     21     22  
950.0  15:50:00 0.0 -0.0   20     24     23  
950.0  15:50:08 0.0 -0.0   21     21     20  
950.0  15:50:20 0.0 -0.0   22     24     23  
950.0  15:50:28 0.0 -0.0   24     23     23  
950.0  15:50:37 0.0 -0.0   21     21     20  
950.0  15:50:46 0.0 -0.0   20     21     23  
950.0  15:50:54 0.0 -0.0   22     20     21  
951.0  15:51:00 0.0 -0.0   22     23     21  
951.0  15:51:07 0.0 -0.0   23     22     22  
951.0  15:51:20 0.0 -0.0   21     20     20  
951.0  15:51:28 0.0 -0.0   24     20     24  
951.0  15:51:39 0.0 -0.0   22     22     24  
951.0  15:51:48 0.0 -0.0   24     21     23  
951.0  15:51:56 0.0 -0.0   23     22     23  
952.0  15:52:00 0.0 -0.0   22     24     21  
952.0  15:52:06 0.0 -0.0   23     22     23  
952.0  15:52:17 0.0 -0.0   20     23     21  
952.0  15:52:25 0.0 -0.0   22     21     23  
952.0  15:52:33 0.0 -0.0   23     21     23  
