538.0  08:58:44 0.0 -0.0   20     21     24  
538.0  08:58:57 0.0 -1.1095744E27   22     23     24  
539.0  08:59:09 0.0 -1.8111362E22   22     21     22  
539.0  08:59:22 0.0 -1.8111362E22   23     24     21  
540.0  09:00:27 0.0 -0.0   23     21     23  
540.0  09:00:38 0.0 -0.0   22     22     21  
540.0  09:00:45 0.0 -0.0   23     21     20  
540.0  09:00:54 0.0 -0.0   23     24     22  
541.0  09:01:02 0.0 -0.0   22     23     22  
541.0  09:01:11 0.0 -0.0   20     23     22  
541.0  09:01:19 0.0 -0.0   23     21     24  
591.0  09:51:26 0.0 -0.0   21     21     22  
591.0  09:51:38 42.39489 -72.53364   23     21     24  
591.0  09:51:51 42.3949 -72.53363   20     24     22  
592.0  09:52:04 42.39491 -72.53362   24     22     20  
593.0  09:53:02 42.394947 -72.53352   22     22     23  
593.0  09:53:13 42.394943 -72.53352   24     20     20  
541.0  09:01:00 0.0 -0.0   22     24     22  
593.0  09:53:21 42.394943 -72.53352   22     20     20  
593.0  09:53:29 42.394943 -72.53352   23     23     22  
593.0  09:53:38 42.394943 -72.53353   20     20     22  
593.0  09:53:46 42.39495 -72.53354   20     20     24  
593.0  09:53:55 42.39496 -72.533554   22     23     24  
594.0  09:54:06 42.39496 -72.53357   22     22     22  
594.0  09:54:14 42.39496 -72.53358   21     22     21  
594.0  09:54:23 42.39495 -72.53357   22     23     23  
594.0  09:54:31 42.39495 -72.53357   22     23     22  
594.0  09:54:40 42.394955 -72.53356   21     24     22  
594.0  09:54:49 42.39495 -72.53356   24     23     24  
594.0  09:54:59 42.39493 -72.53355   21     24     21  
595.0  09:55:07 42.394917 -72.533554   21     20     21  
595.0  09:55:16 42.394905 -72.53356   21     22     22  
595.0  09:55:25 42.394894 -72.53357   22     21     22  
595.0  09:55:33 42.39487 -72.53357   21     21     20  
595.0  09:55:42 42.394863 -72.5336   20     20     24  
595.0  09:55:52 42.394855 -72.53363   23     23     22  
596.0  09:56:00 42.394855 -72.53363   22     24     24  
596.0  09:56:09 42.39486 -72.5336   20     22     21  
596.0  09:56:18 42.394863 -72.53358   24     24     22  
596.0  09:56:26 42.394886 -72.53359   24     24     23  
596.0  09:56:35 42.3949 -72.53359   23     24     21  
596.0  09:56:45 42.39491 -72.533585   24     21     22  
821.0  13:41:47 42.39547 -72.53285   20     20     21  
822.0  13:42:00 42.39533 -72.5331   20     22     22  
822.0  13:42:13 42.395 -72.533806   22     20     22  
822.0  13:42:25 42.395 -72.53382   21     20     23  
823.0  13:43:22 42.39488 -72.53385   24     24     23  
823.0  13:43:34 42.394886 -72.53385   20     20     21  
823.0  13:43:42 42.394882 -72.53384   21     23     22  
823.0  13:43:50 42.39488 -72.533844   22     24     24  
823.0  13:43:59 42.394855 -72.53383   22     20     24  
824.0  13:44:08 42.394863 -72.53384   21     21     23  
824.0  13:44:17 42.394863 -72.53384   22     20     22  
824.0  13:44:27 42.394875 -72.53384   24     24     20  
824.0  13:44:35 42.394886 -72.53384   21     21     24  
824.0  13:44:44 42.39489 -72.533844   24     23     24  
824.0  13:44:52 42.394894 -72.53385   24     23     21  
593.0  09:53:00 42.39495 -72.53352   22     22     24  
594.0  09:54:00 42.39496 -72.53357   21     24     20  
595.0  09:55:00 42.394924 -72.53355   22     20     24  
596.0  09:56:00 42.394855 -72.53362   20     24     24  
825.0  13:45:01 42.39489 -72.53386   24     20     21  
825.0  13:45:10 42.39489 -72.53386   24     21     20  
825.0  13:45:21 42.39489 -72.53387   21     22     24  
825.0  13:45:29 42.39491 -72.533875   23     21     21  
825.0  13:45:38 42.39492 -72.533875   23     20     20  
825.0  13:45:46 42.39493 -72.53388   23     22     24  
825.0  13:45:55 42.394943 -72.5339   24     22     21  
826.0  13:46:04 42.394955 -72.53392   20     24     20  
826.0  13:46:14 42.39494 -72.533936   22     23     22  
826.0  13:46:23 42.394947 -72.53395   20     20     20  
826.0  13:46:31 42.394955 -72.53395   23     22     24  
826.0  13:46:40 42.394955 -72.53394   24     20     20  
826.0  13:46:48 42.39495 -72.53396   21     21     21  
826.0  13:46:57 42.39496 -72.53397   21     20     20  
827.0  13:47:07 42.394974 -72.534   21     21     22  
827.0  13:47:16 42.394966 -72.534004   24     21     21  
827.0  13:47:25 42.39494 -72.53398   22     23     20  
827.0  13:47:34 42.394917 -72.53396   24     21     21  
827.0  13:47:42 42.39492 -72.53396   22     23     24  
827.0  13:47:51 42.39493 -72.53397   22     20     20  
828.0  13:48:00 42.394917 -72.533966   20     20     20  
828.0  13:48:09 42.394917 -72.533966   24     22     22  
828.0  13:48:17 42.39492 -72.53396   24     20     23  
828.0  13:48:26 42.394924 -72.533966   21     21     20  
828.0  13:48:34 42.394924 -72.53396   22     23     21  
828.0  13:48:43 42.394924 -72.53396   23     23     21  
828.0  13:48:53 42.394924 -72.533966   20     23     24  
829.0  13:49:02 42.39492 -72.533966   24     24     21  
829.0  13:49:11 42.394928 -72.53397   23     22     20  
829.0  13:49:19 42.39494 -72.53398   20     22     21  
829.0  13:49:28 42.394913 -72.53397   21     23     20  
829.0  13:49:36 42.3949 -72.534   20     22     21  
829.0  13:49:47 42.39489 -72.53403   23     21     24  
829.0  13:49:56 42.39491 -72.53401   24     23     24  
830.0  13:50:05 42.3949 -72.53398   22     22     23  
830.0  13:50:14 42.394897 -72.53394   21     23     23  
830.0  13:50:22 42.394894 -72.53394   24     24     24  
830.0  13:50:33 42.394905 -72.53394   23     24     22  
830.0  13:50:43 42.394894 -72.533936   21     23     21  
830.0  13:50:52 42.394886 -72.533936   21     24     21  
831.0  13:51:00 42.394882 -72.53393   24     20     22  
831.0  13:51:08 42.394886 -72.53393   21     22     20  
831.0  13:51:17 42.394882 -72.53393   23     24     20  
831.0  13:51:25 42.394875 -72.53393   20     22     22  
831.0  13:51:36 42.39487 -72.53393   20     22     23  
831.0  13:51:44 42.39487 -72.533936   23     22     22  
831.0  13:51:52 42.394875 -72.533936   21     20     21  
832.0  13:52:01 42.394875 -72.533936   23     22     21  
832.0  13:52:09 42.394875 -72.533936   20     22     21  
832.0  13:52:18 42.394882 -72.53393   24     23     22  
832.0  13:52:29 42.394886 -72.53392   22     21     22  
832.0  13:52:37 42.394886 -72.53392   20     22     20  
832.0  13:52:46 42.39488 -72.53393   23     22     23  
832.0  13:52:54 42.394875 -72.533936   20     20     24  
833.0  13:53:03 42.394875 -72.533936   23     23     24  
833.0  13:53:11 42.394875 -72.533936   22     20     24  
833.0  13:53:22 42.39487 -72.533936   20     22     21  
833.0  13:53:31 42.39487 -72.53394   21     22     24  
833.0  13:53:39 42.394886 -72.533936   23     24     24  
833.0  13:53:48 42.39489 -72.53394   24     24     20  
833.0  13:53:56 42.394894 -72.53395   23     21     24  
834.0  13:54:05 42.394886 -72.53395   20     22     24  
834.0  13:54:15 42.394875 -72.53395   20     22     22  
834.0  13:54:24 42.394863 -72.53394   24     23     22  
834.0  13:54:32 42.394867 -72.53395   22     22     24  
834.0  13:54:40 42.394848 -72.533936   22     21     21  
970.0  16:10:33 0.0 -1.8111362E22   24     20     24  
970.0  16:10:46 42.3949 -72.533875   22     23     24  
970.0  16:10:58 42.3949 -72.53388   20     24     20  
971.0  16:11:11 42.39493 -72.53396   22     22     23  
973.0  16:13:11 42.394867 -72.53387   20     22     24  
973.0  16:13:24 42.394875 -72.53387   23     21     23  
973.0  16:13:36 42.394882 -72.53387   23     22     21  
973.0  16:13:49 42.39488 -72.53386   24     21     22  
974.0  16:14:02 42.39488 -72.53386   20     22     20  
975.0  16:15:05 42.394875 -72.53382   20     23     22  
975.0  16:15:16 42.39487 -72.53382   23     22     23  
975.0  16:15:25 42.39487 -72.53381   22     20     24  
975.0  16:15:34 42.39487 -72.533806   21     24     21  
975.0  16:15:42 42.39488 -72.53381   24     22     20  
975.0  16:15:51 42.39489 -72.53382   21     24     20  
1090.0  18:10:55 0.0 -0.0   22     24     23  
1091.0  18:11:08 0.0 -1.1095744E27   22     23     24  
1091.0  18:11:27 0.0 -1.8111362E22   21     20     22  
1092.0  18:12:38 0.0 -0.0   23     23     23  
1092.0  18:12:50 0.0 -0.0   21     21     24  
1093.0  18:13:01 0.0 -0.0   24     22     23  
1093.0  18:13:10 0.0 -0.0   21     21     24  
1093.0  18:13:18 0.0 -0.0   21     20     23  
824.0  13:44:00 42.394855 -72.53383   21     21     20  
825.0  13:45:00 42.39489 -72.53386   23     23     22  
826.0  13:46:00 42.394955 -72.53392   20     23     21  
827.0  13:47:00 42.394966 -72.53398   21     21     20  
828.0  13:48:00 42.39492 -72.533966   24     23     22  
829.0  13:49:00 42.394924 -72.53397   21     23     24  
830.0  13:50:00 42.3949 -72.53398   22     22     21  
831.0  13:51:00 42.394886 -72.53393   24     21     20  
832.0  13:52:00 42.394875 -72.533936   22     22     21  
833.0  13:53:00 42.394875 -72.533936   20     21     22  
834.0  13:54:00 42.39489 -72.53395   23     22     20  
1093.0  18:13:26 0.0 -0.0   20     24     23  
1093.0  18:13:35 0.0 -0.0   24     23     23  
1093.0  18:13:43 0.0 -0.0   21     20     23  
1093.0  18:13:54 0.0 -0.0   22     23     23  
1094.0  18:14:03 0.0 -0.0   21     20     24  
1094.0  18:14:12 0.0 -0.0   22     23     20  
1094.0  18:14:20 0.0 -0.0   23     23     24  
1094.0  18:14:30 0.0 -0.0   21     22     22  
1094.0  18:14:39 0.0 -0.0   22     23     24  
1094.0  18:14:51 0.0 -0.0   21     20     21  
1095.0  18:15:00 0.0 -0.0   22     24     23  
1095.0  18:15:08 0.0 -0.0   23     24     23  
1095.0  18:15:16 0.0 -0.0   24     23     24  
1095.0  18:15:25 0.0 -0.0   22     22     20  
1093.0  18:13:00 0.0 -0.0   20     24     21  
1094.0  18:14:00 0.0 -0.0   24     20     23  
1095.0  18:15:00 0.0 -0.0   24     22     24  
