7.0  00:07:25 42.45801 -72.58265   4     13     49  
7.0  00:07:38 42.458942 -72.5823   3     10     47  
7.0  00:07:50 42.459866 -72.58194   5     18     40  
8.0  00:08:03 42.45969 -72.58044   4     11     53  
9.0  00:09:00 42.457127 -72.57026   3     15     44  
433.0  07:13:17 0.0 -0.0   4     11     57  
433.0  07:13:30 0.0 -1.1095744E27   4     10     58  
433.0  07:13:42 0.0 -1.8111362E22   3     16     53  
433.0  07:13:56 0.0 -1.8111362E22   3     17     45  
435.0  07:15:00 42.393787 -72.53287   3     19     56  
436.0  07:16:00 42.393787 -72.53287   4     16     43  
437.0  07:17:00 42.393787 -72.53287   5     12     50  
438.0  07:18:00 42.393787 -72.53287   5     17     50  
439.0  07:19:00 42.393787 -72.53287   3     15     40  
440.0  07:20:00 42.393787 -72.53287   3     17     59  
441.0  07:21:00 42.393787 -72.53287   3     14     42  
442.0  07:22:00 42.393787 -72.53287   4     12     43  
443.0  07:23:00 42.393787 -72.53287   5     12     52  
444.0  07:24:00 42.393787 -72.53287   4     19     49  
445.0  07:25:00 42.393787 -72.53287   5     15     41  
446.0  07:26:00 42.393787 -72.53287   3     11     51  
447.0  07:27:00 42.393787 -72.53287   5     18     51  
448.0  07:28:00 42.393787 -72.53287   4     11     40  
449.0  07:29:00 42.393787 -72.53287   5     17     45  
450.0  07:30:00 42.393787 -72.53287   4     10     58  
451.0  07:31:00 42.393787 -72.53287   3     18     48  
452.0  07:32:00 42.393787 -72.53287   5     14     41  
453.0  07:33:00 42.393787 -72.53287   3     11     51  
454.0  07:34:00 42.393787 -72.53287   3     19     50  
455.0  07:35:00 42.393787 -72.53287   3     12     43  
456.0  07:36:00 42.393787 -72.53287   4     11     53  
457.0  07:37:00 42.393787 -72.53287   5     13     47  
458.0  07:38:00 42.393787 -72.53287   4     16     55  
459.0  07:39:00 42.393787 -72.53287   3     17     44  
460.0  07:40:00 42.393787 -72.53287   4     10     58  
461.0  07:41:00 42.393787 -72.53287   4     13     49  
462.0  07:42:00 42.393787 -72.53287   5     13     44  
464.0  07:44:00 42.393787 -72.53287   4     12     53  
465.0  07:45:00 42.393787 -72.53287   5     11     52  
466.0  07:46:00 42.393787 -72.53287   5     17     42  
467.0  07:47:00 42.393787 -72.53287   4     10     56  
468.0  07:48:00 42.393787 -72.53287   4     19     48  
469.0  07:49:00 42.393787 -72.53287   5     14     54  
470.0  07:50:00 42.393787 -72.53287   3     19     47  
471.0  07:51:00 42.393787 -72.53287   4     19     46  
472.0  07:52:00 42.393787 -72.53287   5     12     50  
473.0  07:53:00 42.393787 -72.53287   3     19     44  
474.0  07:54:00 42.393787 -72.53287   5     14     58  
475.0  07:55:00 42.393787 -72.53287   4     13     44  
476.0  07:56:00 42.393787 -72.53287   5     12     59  
477.0  07:57:00 42.393787 -72.53287   4     16     49  
478.0  07:58:00 42.393787 -72.53287   4     15     51  
479.0  07:59:00 42.393787 -72.53287   5     16     47  
480.0  08:00:00 42.393787 -72.53287   5     12     42  
481.0  08:01:00 42.393787 -72.53287   5     11     40  
482.0  08:02:00 42.393787 -72.53287   3     10     49  
483.0  08:03:00 42.393787 -72.53287   5     12     41  
484.0  08:04:00 42.393787 -72.53287   5     15     57  
485.0  08:05:00 42.393787 -72.53287   5     14     55  
486.0  08:06:00 42.393787 -72.53287   3     18     58  
487.0  08:07:00 42.393787 -72.53287   3     11     49  
488.0  08:08:00 42.393787 -72.53287   4     14     58  
489.0  08:09:00 42.393787 -72.53287   5     17     59  
490.0  08:10:00 42.393787 -72.53287   4     11     55  
491.0  08:11:00 42.393787 -72.53287   4     16     45  
492.0  08:12:00 42.393787 -72.53287   4     19     43  
493.0  08:13:00 42.393787 -72.53287   3     13     45  
494.0  08:14:00 42.393787 -72.53287   3     17     55  
495.0  08:15:00 42.393787 -72.53287   3     10     57  
496.0  08:16:00 42.393787 -72.53287   5     17     52  
497.0  08:17:00 42.393787 -72.53287   4     12     49  
498.0  08:18:00 42.393787 -72.53287   4     10     44  
499.0  08:19:00 42.393787 -72.53287   5     11     58  
500.0  08:20:00 42.393787 -72.53287   3     16     48  
501.0  08:21:00 42.393787 -72.53287   4     16     40  
502.0  08:22:00 42.393787 -72.53287   4     17     57  
503.0  08:23:00 42.393787 -72.53287   5     13     41  
504.0  08:24:00 42.393787 -72.53287   4     10     50  
505.0  08:25:00 42.393787 -72.53287   4     10     46  
506.0  08:26:00 42.393787 -72.53287   3     13     55  
507.0  08:27:00 42.393787 -72.53287   3     11     59  
508.0  08:28:00 42.393787 -72.53287   4     11     43  
509.0  08:29:00 42.393787 -72.53287   4     15     42  
510.0  08:30:00 42.393787 -72.53287   5     13     41  
511.0  08:31:00 42.393787 -72.53287   3     14     54  
512.0  08:32:00 42.393787 -72.53287   3     18     43  
513.0  08:33:00 42.393787 -72.53287   4     16     45  
514.0  08:34:00 42.393787 -72.53287   4     12     52  
515.0  08:35:00 42.393787 -72.53287   3     14     42  
516.0  08:36:00 42.393787 -72.53287   4     10     59  
517.0  08:37:00 42.393787 -72.53287   4     12     55  
518.0  08:38:00 42.393787 -72.53287   3     14     49  
519.0  08:39:00 42.393787 -72.53287   5     16     57  
520.0  08:40:00 42.393787 -72.53287   3     14     55  
521.0  08:41:00 42.393787 -72.53287   5     19     51  
522.0  08:42:00 42.393787 -72.53287   5     13     50  
523.0  08:43:00 42.393787 -72.53287   5     15     46  
524.0  08:44:00 42.393787 -72.53287   5     12     43  
525.0  08:45:00 42.393787 -72.53287   3     16     43  
526.0  08:46:00 42.393787 -72.53287   3     13     42  
535.0  08:55:33 42.35057 -72.53027   4     16     51  
535.0  08:55:43 42.351112 -72.530266   4     18     51  
535.0  08:55:51 42.351513 -72.53024   5     13     51  
535.0  08:55:59 42.351517 -72.530266   3     17     59  
536.0  08:56:00 42.351513 -72.530266   5     18     52  
536.0  08:56:07 42.35151 -72.53027   5     10     54  
536.0  08:56:15 42.351616 -72.5299   5     14     56  
536.0  08:56:23 42.351616 -72.52864   5     13     41  
536.0  08:56:33 42.351585 -72.526955   3     14     45  
536.0  08:56:42 42.35156 -72.52648   3     15     50  
536.0  08:56:50 42.351555 -72.526505   4     13     58  
536.0  08:56:58 42.35154 -72.5265   3     10     51  
537.0  08:57:00 42.351547 -72.52651   4     10     59  
537.0  08:57:06 42.351555 -72.52652   5     11     47  
537.0  08:57:14 42.35156 -72.52653   5     13     40  
537.0  08:57:25 42.35156 -72.52654   5     16     44  
537.0  08:57:33 42.35154 -72.526535   3     15     59  
537.0  08:57:41 42.35159 -72.52619   4     14     46  
537.0  08:57:49 42.351707 -72.52496   4     12     40  
538.0  08:58:00 42.35293 -72.522995   3     12     54  
571.0  09:31:27 42.45799 -72.58266   3     12     49  
571.0  09:31:39 42.458923 -72.582344   5     12     43  
571.0  09:31:51 42.45994 -72.581665   3     18     59  
572.0  09:32:04 42.459625 -72.57999   5     13     53  
573.0  09:33:00 42.45817 -72.571594   3     19     52  
573.0  09:33:11 42.4575 -72.57061   5     16     50  
573.0  09:33:21 42.45635 -72.56941   4     19     51  
573.0  09:33:29 42.455482 -72.5685   4     12     49  
573.0  09:33:37 42.454742 -72.56765   4     12     52  
610.0  10:10:35 42.35082 -72.53031   3     15     40  
610.0  10:10:46 42.35151 -72.53028   5     17     59  
610.0  10:10:54 42.351593 -72.53001   5     15     54  
611.0  10:11:00 42.351574 -72.52863   5     11     56  
611.0  10:11:02 42.351574 -72.52863   4     13     50  
611.0  10:11:10 42.35158 -72.52728   5     12     49  
611.0  10:11:18 42.351555 -72.52647   5     17     51  
611.0  10:11:26 42.351517 -72.52644   4     14     54  
611.0  10:11:55 42.3515 -72.52648   3     17     42  
612.0  10:12:00 42.352043 -72.52389   3     17     54  
612.0  10:12:04 42.352043 -72.52389   4     10     46  
646.0  10:46:04 42.45786 -72.58207   4     16     43  
646.0  10:46:17 42.458015 -72.58272   5     12     52  
646.0  10:46:29 42.45898 -72.582344   5     11     43  
646.0  10:46:42 42.459927 -72.581665   4     15     55  
647.0  10:47:47 42.458416 -72.57266   4     15     58  
647.0  10:47:57 42.45838 -72.57243   4     12     53  
648.0  10:48:00 42.45838 -72.572365   4     19     42  
648.0  10:48:06 42.45837 -72.572266   5     13     42  
721.0  12:01:57 42.45985 -72.5812   4     19     54  
722.0  12:02:00 42.459667 -72.58017   5     12     56  
722.0  12:02:08 42.459583 -72.57967   5     17     53  
722.0  12:02:16 42.45936 -72.578285   4     12     43  
722.0  12:02:26 42.45918 -72.577225   3     17     50  
722.0  12:02:34 42.459 -72.57623   4     16     50  
722.0  12:02:42 42.458855 -72.57538   5     15     58  
722.0  12:02:51 42.458717 -72.57459   3     18     53  
723.0  12:03:00 42.458473 -72.573074   4     18     41  
723.0  12:03:01 42.458515 -72.57336   3     10     50  
723.0  12:03:08 42.45831 -72.57218   5     14     41  
723.0  12:03:16 42.457973 -72.57114   4     18     46  
761.0  12:41:48 42.351585 -72.52639   4     12     56  
766.0  12:46:52 42.374054 -72.51976   5     13     41  
768.0  12:48:17 42.375675 -72.519806   5     11     46  
768.0  12:48:27 42.375664 -72.519806   5     11     57  
768.0  12:48:35 42.375656 -72.51981   5     15     58  
768.0  12:48:43 42.375633 -72.51983   5     14     56  
768.0  12:48:52 42.375595 -72.51982   5     18     50  
769.0  12:49:00 42.375504 -72.5198   3     16     44  
769.0  12:49:08 42.375603 -72.51979   4     12     47  
769.0  12:49:17 42.376434 -72.51984   5     11     58  
769.0  12:49:25 42.377033 -72.519844   3     16     41  
769.0  12:49:34 42.377434 -72.51981   4     18     42  
769.0  12:49:42 42.37742 -72.51981   4     15     51  
769.0  12:49:50 42.377388 -72.51981   5     16     49  
769.0  12:49:58 42.377388 -72.51983   5     11     40  
770.0  12:50:09 42.377422 -72.51985   3     18     52  
770.0  12:50:17 42.37742 -72.51987   5     16     53  
770.0  12:50:25 42.377415 -72.51983   4     11     47  
770.0  12:50:33 42.377434 -72.51981   5     10     46  
770.0  12:50:41 42.377445 -72.5198   5     13     50  
770.0  12:50:49 42.377544 -72.519844   5     14     53  
771.0  12:51:03 42.37849 -72.51995   4     11     58  
771.0  12:51:11 42.379223 -72.51981   5     10     45  
771.0  12:51:20 42.37974 -72.51956   3     14     53  
771.0  12:51:32 42.379818 -72.51952   5     13     48  
771.0  12:51:40 42.379803 -72.51952   4     14     42  
771.0  12:51:50 42.379826 -72.51955   5     14     42  
772.0  12:52:00 42.380825 -72.51938   5     16     42  
772.0  12:52:09 42.381565 -72.51934   4     19     53  
772.0  12:52:20 42.38218 -72.51996   5     14     44  
772.0  12:52:29 42.38324 -72.52075   4     19     53  
772.0  12:52:38 42.38405 -72.521164   5     11     51  
772.0  12:52:46 42.38487 -72.521645   3     16     53  
772.0  12:52:56 42.385746 -72.52208   4     13     48  
773.0  12:53:05 42.38617 -72.52251   4     15     48  
773.0  12:53:14 42.38673 -72.522484   5     14     45  
773.0  12:53:22 42.38735 -72.52316   3     15     48  
773.0  12:53:31 42.38773 -72.52362   5     17     41  
773.0  12:53:39 42.38771 -72.523605   3     15     52  
773.0  12:53:53 42.387688 -72.52358   3     13     51  
774.0  12:54:01 42.387714 -72.52364   4     15     42  
774.0  12:54:10 42.38775 -72.523766   5     19     50  
774.0  12:54:21 42.38822 -72.52428   3     11     58  
774.0  12:54:41 42.389122 -72.52478   3     15     55  
774.0  12:54:52 42.390682 -72.5252   4     11     48  
775.0  12:55:00 42.391003 -72.52522   5     16     58  
775.0  12:55:09 42.39108 -72.52523   5     11     54  
775.0  12:55:17 42.391113 -72.52529   4     10     58  
775.0  12:55:26 42.39112 -72.525314   4     14     44  
775.0  12:55:34 42.391106 -72.52531   5     16     52  
775.0  12:55:46 42.391605 -72.52539   3     19     55  
775.0  12:55:55 42.392387 -72.52559   3     17     51  
776.0  12:56:04 42.392994 -72.52578   4     11     43  
776.0  12:56:12 42.39355 -72.526024   4     17     48  
776.0  12:56:21 42.393898 -72.5262   5     10     59  
776.0  12:56:30 42.393913 -72.52618   4     10     45  
776.0  12:56:40 42.393913 -72.52617   5     12     55  
776.0  12:56:49 42.393898 -72.52621   4     19     56  
776.0  12:56:58 42.393898 -72.52625   5     18     44  
777.0  12:57:06 42.394234 -72.526535   4     13     53  
777.0  12:57:15 42.39472 -72.52679   3     19     48  
777.0  12:57:24 42.39499 -72.52694   4     18     44  
777.0  12:57:35 42.395172 -72.527   3     18     47  
777.0  12:57:43 42.39612 -72.5274   3     12     55  
777.0  12:57:52 42.397057 -72.527756   3     19     58  
778.0  12:58:00 42.398117 -72.52807   3     17     57  
778.0  12:58:09 42.39904 -72.52804   5     14     59  
778.0  12:58:18 42.400234 -72.52792   3     13     59  
778.0  12:58:29 42.40175 -72.52822   3     10     45  
778.0  12:58:37 42.402683 -72.52871   4     19     47  
778.0  12:58:47 42.403645 -72.52933   4     13     47  
778.0  12:58:56 42.403946 -72.52954   5     15     52  
779.0  12:59:06 42.403923 -72.52956   4     14     40  
779.0  12:59:15 42.404144 -72.52971   5     19     54  
779.0  12:59:25 42.40532 -72.52979   5     12     47  
779.0  12:59:35 42.406532 -72.52992   4     12     41  
779.0  12:59:43 42.407776 -72.53027   4     18     56  
779.0  12:59:52 42.408848 -72.53056   4     13     56  
780.0  13:00:00 42.409367 -72.53072   5     14     58  
780.0  13:00:09 42.409286 -72.53071   4     15     46  
780.0  13:00:23 42.40958 -72.53087   4     10     47  
780.0  13:00:31 42.40982 -72.53098   4     16     40  
780.0  13:00:40 42.409817 -72.531   5     11     47  
780.0  13:00:50 42.40981 -72.531   3     10     40  
780.0  13:00:58 42.409775 -72.53107   5     11     54  
781.0  13:01:07 42.40993 -72.531395   3     13     50  
781.0  13:01:17 42.409737 -72.53289   4     19     40  
781.0  13:01:26 42.40967 -72.53357   5     18     47  
781.0  13:01:35 42.409756 -72.53361   3     11     53  
781.0  13:01:43 42.409683 -72.53397   3     17     47  
781.0  13:01:52 42.40951 -72.53524   3     19     57  
782.0  13:02:00 42.409286 -72.53669   3     15     52  
782.0  13:02:11 42.40907 -72.53778   5     18     56  
782.0  13:02:19 42.40979 -72.537834   3     18     50  
782.0  13:02:28 42.411175 -72.53763   3     14     46  
782.0  13:02:37 42.412697 -72.537415   5     14     45  
782.0  13:02:46 42.414524 -72.53716   3     16     52  
782.0  13:02:55 42.41634 -72.536964   5     11     50  
783.0  13:03:05 42.41853 -72.53678   3     15     51  
783.0  13:03:14 42.420383 -72.53692   5     17     57  
783.0  13:03:23 42.421963 -72.53727   3     12     51  
783.0  13:03:32 42.423676 -72.53797   4     11     49  
783.0  13:03:41 42.42531 -72.53892   4     10     40  
783.0  13:03:50 42.426838 -72.539955   3     16     49  
784.0  13:04:01 42.42863 -72.54131   5     10     52  
784.0  13:04:09 42.430073 -72.542496   3     15     49  
784.0  13:04:20 42.431324 -72.543594   3     15     43  
784.0  13:04:29 42.43314 -72.54502   3     18     52  
784.0  13:04:38 42.43465 -72.54598   5     16     42  
784.0  13:04:47 42.43625 -72.5468   4     19     44  
784.0  13:04:57 42.438225 -72.547874   5     10     45  
785.0  13:05:05 42.43959 -72.54879   3     16     59  
785.0  13:05:14 42.44089 -72.54989   3     19     43  
785.0  13:05:22 42.44225 -72.551445   3     14     57  
785.0  13:05:30 42.443428 -72.55265   4     16     53  
785.0  13:05:39 42.44468 -72.55359   3     13     58  
785.0  13:05:50 42.446552 -72.55486   3     18     49  
785.0  13:05:59 42.44755 -72.55604   4     15     48  
786.0  13:06:08 42.448563 -72.55785   3     16     43  
786.0  13:06:16 42.449104 -72.558975   3     10     42  
786.0  13:06:25 42.44973 -72.5601   3     11     43  
786.0  13:06:33 42.450493 -72.561226   3     17     56  
786.0  13:06:44 42.45152 -72.56271   4     19     50  
786.0  13:06:53 42.452152 -72.56358   3     10     54  
787.0  13:07:02 42.452282 -72.563736   4     15     45  
787.0  13:07:10 42.452255 -72.56372   4     13     55  
787.0  13:07:19 42.45225 -72.563705   3     14     54  
787.0  13:07:28 42.452312 -72.56388   4     17     52  
787.0  13:07:38 42.45297 -72.56479   5     15     45  
787.0  13:07:46 42.45381 -72.5658   4     18     54  
787.0  13:07:55 42.45486 -72.56681   5     16     46  
788.0  13:08:04 42.456226 -72.56812   4     12     51  
788.0  13:08:12 42.457516 -72.56933   4     13     43  
788.0  13:08:20 42.458775 -72.57056   4     15     41  
788.0  13:08:32 42.460716 -72.572235   3     14     40  
788.0  13:08:40 42.462032 -72.57301   4     16     43  
788.0  13:08:49 42.463264 -72.573685   3     19     48  
788.0  13:08:57 42.46419 -72.5744   4     11     45  
789.0  13:09:06 42.465073 -72.57551   5     19     46  
789.0  13:09:14 42.465725 -72.57671   5     12     51  
789.0  13:09:24 42.466236 -72.57838   4     12     53  
789.0  13:09:33 42.466396 -72.57933   5     19     52  
789.0  13:09:41 42.46641 -72.57937   5     11     50  
789.0  13:09:50 42.466393 -72.57951   4     19     42  
789.0  13:09:59 42.465878 -72.57985   5     15     56  
790.0  13:10:07 42.464844 -72.580315   5     19     51  
790.0  13:10:18 42.46351 -72.580795   5     17     43  
790.0  13:10:26 42.462257 -72.58122   5     14     57  
790.0  13:10:35 42.461124 -72.581604   3     14     56  
790.0  13:10:43 42.46007 -72.58193   4     13     59  
790.0  13:10:52 42.458878 -72.58234   5     15     57  
791.0  13:11:00 42.45796 -72.58269   5     14     50  
791.0  13:11:10 42.457726 -72.58276   4     15     54  
791.0  13:11:19 42.457645 -72.582375   5     14     40  
791.0  13:11:28 42.45756 -72.58183   3     17     55  
791.0  13:11:36 42.45762 -72.58152   3     12     48  
791.0  13:11:45 42.457718 -72.58148   5     12     43  
791.0  13:11:54 42.457726 -72.58146   4     15     53  
792.0  13:12:04 42.45773 -72.58145   4     18     47  
792.0  13:12:13 42.45771 -72.58142   5     13     43  
792.0  13:12:21 42.457684 -72.58139   3     18     40  
792.0  13:12:30 42.457684 -72.58138   5     19     41  
792.0  13:12:39 42.457695 -72.58139   4     19     51  
792.0  13:12:47 42.457703 -72.58139   4     19     44  
792.0  13:12:58 42.457718 -72.58141   3     19     44  
793.0  13:13:07 42.457718 -72.58143   4     12     42  
793.0  13:13:15 42.457718 -72.58142   4     18     50  
793.0  13:13:23 42.4577 -72.5814   5     12     52  
793.0  13:13:32 42.457664 -72.5814   5     14     58  
793.0  13:13:40 42.45765 -72.581406   4     11     50  
793.0  13:13:51 42.45765 -72.5814   4     15     49  
794.0  13:14:00 42.457664 -72.5814   3     19     40  
794.0  13:14:08 42.457664 -72.58139   4     10     45  
794.0  13:14:16 42.457664 -72.5814   3     16     41  
794.0  13:14:25 42.45767 -72.58141   5     10     56  
794.0  13:14:33 42.457684 -72.581436   5     16     59  
794.0  13:14:43 42.4577 -72.58148   4     10     58  
794.0  13:14:52 42.457706 -72.58149   5     16     49  
795.0  13:15:01 42.457718 -72.58149   5     16     56  
795.0  13:15:09 42.45772 -72.58149   4     10     57  
795.0  13:15:18 42.457718 -72.581474   4     16     50  
795.0  13:15:27 42.457718 -72.58147   3     17     50  
795.0  13:15:37 42.45773 -72.581474   4     10     58  
795.0  13:15:46 42.45773 -72.581474   4     19     42  
795.0  13:15:54 42.457733 -72.58147   5     19     49  
796.0  13:16:03 42.457825 -72.58172   4     10     46  
796.0  13:16:12 42.457924 -72.582344   5     16     43  
796.0  13:16:21 42.457966 -72.582664   3     13     50  
796.0  13:16:32 42.458256 -72.58263   3     16     45  
796.0  13:16:40 42.459023 -72.58228   5     12     43  
796.0  13:16:49 42.459854 -72.58198   5     17     43  
796.0  13:16:57 42.459846 -72.5812   3     12     40  
797.0  13:17:06 42.459618 -72.57997   3     13     59  
797.0  13:17:14 42.45938 -72.578575   4     15     47  
797.0  13:17:25 42.459206 -72.5774   4     16     49  
797.0  13:17:33 42.459057 -72.57653   3     14     54  
797.0  13:17:42 42.45885 -72.57548   5     19     45  
797.0  13:17:51 42.45866 -72.57431   4     12     55  
797.0  13:17:59 42.458435 -72.573006   4     10     52  
798.0  13:18:08 42.458183 -72.571724   3     17     54  
798.0  13:18:18 42.457233 -72.570366   3     12     53  
798.0  13:18:27 42.45641 -72.569496   5     15     50  
798.0  13:18:36 42.455467 -72.5685   3     13     46  
798.0  13:18:45 42.45475 -72.56769   4     18     56  
798.0  13:18:53 42.45461 -72.56685   4     18     56  
799.0  13:19:02 42.454617 -72.5666   3     12     52  
799.0  13:19:13 42.4539 -72.56588   3     12     51  
799.0  13:19:21 42.45303 -72.564865   5     15     44  
799.0  13:19:29 42.45231 -72.563896   5     14     51  
799.0  13:19:38 42.45169 -72.56304   5     18     55  
799.0  13:19:46 42.451492 -72.5628   3     15     43  
799.0  13:19:55 42.451508 -72.562805   4     18     48  
800.0  13:20:06 42.451523 -72.56282   5     19     58  
800.0  13:20:15 42.45143 -72.56259   3     16     44  
800.0  13:20:23 42.450863 -72.56177   3     17     56  
800.0  13:20:32 42.450153 -72.56068   5     12     54  
800.0  13:20:45 42.449535 -72.5597   3     12     55  
800.0  13:20:53 42.448315 -72.55741   5     19     55  
801.0  13:21:03 42.44722 -72.555565   3     17     57  
801.0  13:21:13 42.446045 -72.55444   5     17     58  
801.0  13:21:21 42.444416 -72.55339   3     15     41  
801.0  13:21:30 42.443188 -72.552444   3     13     52  
801.0  13:21:38 42.441868 -72.55111   4     17     53  
801.0  13:21:47 42.440674 -72.549805   3     18     52  
801.0  13:21:57 42.438843 -72.54826   5     16     50  
802.0  13:22:06 42.43768 -72.54748   4     10     50  
802.0  13:22:15 42.43663 -72.546906   3     13     45  
802.0  13:22:23 42.435745 -72.546455   5     19     41  
802.0  13:22:32 42.434566 -72.54587   3     15     49  
802.0  13:22:40 42.43324 -72.545105   5     16     52  
802.0  13:22:51 42.431644 -72.54387   3     10     51  
803.0  13:23:00 42.430157 -72.542564   4     13     51  
803.0  13:23:08 42.42863 -72.541275   5     11     43  
803.0  13:23:17 42.427258 -72.54024   4     17     51  
803.0  13:23:27 42.425713 -72.53919   3     11     44  
803.0  13:23:36 42.423923 -72.538124   5     12     58  
803.0  13:23:46 42.421906 -72.53734   4     19     57  
803.0  13:23:55 42.420338 -72.536964   4     11     56  
804.0  13:24:03 42.41828 -72.5368   3     11     50  
804.0  13:24:12 42.41669 -72.53693   5     17     44  
804.0  13:24:21 42.41496 -72.53717   3     12     59  
804.0  13:24:29 42.413185 -72.53741   3     13     46  
804.0  13:24:40 42.411293 -72.537636   3     13     49  
804.0  13:24:48 42.40996 -72.537796   3     15     50  
804.0  13:24:57 42.40898 -72.53791   3     16     56  
805.0  13:25:06 42.408928 -72.53753   3     10     52  
805.0  13:25:14 42.409237 -72.536644   4     17     40  
805.0  13:25:23 42.40944 -72.53513   5     18     40  
805.0  13:25:33 42.409615 -72.53369   3     12     59  
805.0  13:25:42 42.40964 -72.53342   4     10     43  
805.0  13:25:51 42.409664 -72.53333   5     15     52  
805.0  13:25:59 42.409763 -72.532524   4     12     49  
806.0  13:26:07 42.40988 -72.531624   5     11     54  
806.0  13:26:16 42.409946 -72.53121   5     13     46  
806.0  13:26:26 42.409798 -72.53089   3     16     47  
806.0  13:26:34 42.40925 -72.53072   5     16     40  
806.0  13:26:43 42.40907 -72.53068   5     15     43  
806.0  13:26:51 42.409054 -72.530685   3     17     40  
807.0  13:27:00 42.408993 -72.53073   5     15     51  
807.0  13:27:08 42.408478 -72.53051   4     18     40  
807.0  13:27:19 42.40711 -72.53004   4     16     46  
807.0  13:27:28 42.406048 -72.52978   5     12     41  
807.0  13:27:36 42.40483 -72.529655   5     14     48  
807.0  13:27:45 42.403847 -72.52952   3     14     53  
807.0  13:27:54 42.40318 -72.529144   5     16     50  
808.0  13:28:02 42.40313 -72.52911   3     15     50  
808.0  13:28:13 42.403095 -72.52913   5     16     45  
808.0  13:28:23 42.402824 -72.52886   4     16     41  
808.0  13:28:32 42.401737 -72.528244   4     15     48  
808.0  13:28:40 42.400547 -72.5279   3     14     54  
808.0  13:28:48 42.39943 -72.528   5     10     48  
808.0  13:28:57 42.398304 -72.52807   5     19     57  
809.0  13:29:07 42.397186 -72.527885   4     16     46  
809.0  13:29:16 42.396328 -72.52751   4     18     48  
809.0  13:29:24 42.39558 -72.52718   4     15     50  
809.0  13:29:33 42.394897 -72.526825   3     12     52  
809.0  13:29:41 42.3942 -72.52642   4     11     51  
809.0  13:29:51 42.39359 -72.52607   4     18     59  
810.0  13:30:01 42.39339 -72.52595   4     18     47  
810.0  13:30:10 42.393436 -72.525925   5     14     45  
810.0  13:30:18 42.39345 -72.52591   3     14     58  
810.0  13:30:28 42.393448 -72.525894   5     13     51  
810.0  13:30:36 42.39345 -72.5259   4     11     52  
810.0  13:30:45 42.39344 -72.52593   5     18     42  
810.0  13:30:56 42.3933 -72.525795   4     18     46  
811.0  13:31:05 42.392826 -72.525635   3     19     42  
811.0  13:31:14 42.392155 -72.52544   3     15     56  
811.0  13:31:22 42.39154 -72.52527   3     11     59  
811.0  13:31:31 42.390972 -72.52522   4     18     54  
811.0  13:31:40 42.390846 -72.525246   5     11     41  
811.0  13:31:51 42.39085 -72.52527   4     13     54  
811.0  13:31:59 42.390835 -72.52529   4     18     48  
812.0  13:32:07 42.39086 -72.52531   4     17     44  
812.0  13:32:16 42.390873 -72.52532   5     14     58  
812.0  13:32:24 42.3907 -72.52524   5     19     44  
812.0  13:32:33 42.389942 -72.52506   5     12     53  
812.0  13:32:44 42.388924 -72.52466   3     11     55  
812.0  13:32:53 42.38827 -72.52428   5     15     52  
813.0  13:33:01 42.387783 -72.52388   3     15     52  
813.0  13:33:10 42.387775 -72.52386   3     13     59  
813.0  13:33:19 42.38779 -72.523895   5     17     42  
813.0  13:33:28 42.38772 -72.52375   5     12     44  
813.0  13:33:38 42.38711 -72.52291   4     19     47  
813.0  13:33:47 42.386463 -72.52242   4     14     45  
813.0  13:33:55 42.386097 -72.52248   4     10     49  
814.0  13:34:03 42.3861 -72.52252   5     15     47  
814.0  13:34:12 42.385788 -72.52247   3     15     55  
814.0  13:34:21 42.38538 -72.521935   5     12     41  
814.0  13:34:31 42.3843 -72.52128   4     12     51  
814.0  13:34:43 42.3832 -72.52068   5     19     57  
814.0  13:34:52 42.382812 -72.52048   4     15     56  
815.0  13:35:02 42.38279 -72.52044   5     11     54  
815.0  13:35:12 42.38221 -72.52   3     16     48  
815.0  13:35:24 42.38125 -72.51926   5     16     55  
815.0  13:35:33 42.38043 -72.51938   5     17     53  
815.0  13:35:42 42.379673 -72.519554   4     17     44  
815.0  13:35:50 42.37887 -72.5199   5     10     56  
815.0  13:35:59 42.378113 -72.51995   5     12     46  
816.0  13:36:08 42.37785 -72.51999   5     13     57  
816.0  13:36:20 42.37791 -72.519966   5     18     42  
816.0  13:36:29 42.37788 -72.51998   3     16     45  
816.0  13:36:37 42.377846 -72.51996   3     16     56  
816.0  13:36:46 42.37782 -72.51992   4     10     53  
816.0  13:36:54 42.377434 -72.51991   5     11     53  
817.0  13:37:03 42.376724 -72.519905   4     12     44  
817.0  13:37:13 42.37584 -72.51988   3     10     45  
817.0  13:37:22 42.375053 -72.51983   3     16     40  
817.0  13:37:30 42.374588 -72.51981   5     16     58  
817.0  13:37:39 42.374405 -72.51987   5     18     49  
817.0  13:37:48 42.37441 -72.51988   5     14     43  
817.0  13:37:56 42.37418 -72.51985   4     14     45  
818.0  13:38:07 42.373676 -72.519844   4     12     51  
818.0  13:38:16 42.373688 -72.51982   3     15     54  
818.0  13:38:26 42.373707 -72.51983   3     15     41  
818.0  13:38:58 42.373295 -72.51984   5     17     48  
819.0  13:39:39 42.36561 -72.52045   3     17     40  
820.0  13:40:14 42.36338 -72.52077   3     19     46  
822.0  13:42:23 42.351536 -72.52672   3     18     45  
822.0  13:42:33 42.351547 -72.52738   5     10     42  
822.0  13:42:43 42.351208 -72.52745   4     18     47  
822.0  13:42:51 42.350838 -72.52742   4     16     58  
823.0  13:43:00 42.350567 -72.527405   3     11     54  
823.0  13:43:08 42.350018 -72.52745   4     11     46  
823.0  13:43:17 42.34983 -72.52766   4     16     49  
823.0  13:43:28 42.34954 -72.52837   4     12     54  
823.0  13:43:36 42.349384 -72.52857   4     19     57  
823.0  13:43:45 42.34893 -72.52888   4     13     51  
823.0  13:43:54 42.348846 -72.52888   3     10     49  
832.0  13:52:46 42.348816 -72.52885   3     16     59  
832.0  13:52:58 42.348827 -72.52884   3     12     49  
833.0  13:53:11 42.348843 -72.52883   3     10     55  
833.0  13:53:23 42.348858 -72.52884   5     13     43  
834.0  13:54:26 42.348328 -72.52946   5     17     51  
834.0  13:54:38 42.34833 -72.53014   5     14     43  
834.0  13:54:47 42.348648 -72.53062   3     19     46  
834.0  13:54:56 42.348843 -72.53059   3     18     52  
835.0  13:55:00 42.34915 -72.53047   5     19     44  
835.0  13:55:04 42.34915 -72.53047   5     16     40  
835.0  13:55:13 42.349575 -72.530365   4     14     43  
835.0  13:55:21 42.34977 -72.53034   5     15     41  
835.0  13:55:32 42.350086 -72.53033   4     19     46  
835.0  13:55:40 42.35042 -72.53031   4     17     53  
835.0  13:55:49 42.350418 -72.53031   4     14     51  
835.0  13:55:58 42.350407 -72.5303   4     13     58  
836.0  13:56:00 42.35048 -72.530304   4     18     56  
836.0  13:56:07 42.35059 -72.530304   3     13     48  
836.0  13:56:16 42.351234 -72.53032   4     15     46  
836.0  13:56:26 42.351444 -72.530334   5     16     56  
836.0  13:56:35 42.351475 -72.530334   3     13     52  
836.0  13:56:43 42.35154 -72.5302   5     10     58  
836.0  13:56:52 42.351536 -72.52926   4     17     52  
837.0  13:57:00 42.351536 -72.52785   3     19     57  
837.0  13:57:00 42.351517 -72.527214   5     15     48  
837.0  13:57:09 42.35151 -72.526695   3     13     44  
837.0  13:57:19 42.351517 -72.52658   4     14     41  
837.0  13:57:28 42.351513 -72.52658   4     12     55  
837.0  13:57:37 42.35157 -72.52634   4     10     54  
837.0  13:57:45 42.351665 -72.525276   3     12     50  
837.0  13:57:53 42.35201 -72.523926   3     17     43  
838.0  13:58:00 42.35319 -72.52283   4     10     43  
838.0  13:58:18 42.352947 -72.52299   5     11     56  
838.0  13:58:52 42.355717 -72.52104   4     12     48  
1021.0  17:01:51 42.459797 -72.581024   5     16     53  
1022.0  17:02:03 42.45944 -72.57877   4     11     46  
1023.0  17:03:00 42.456226 -72.56922   4     10     41  
1023.0  17:03:11 42.45557 -72.56853   4     12     58  
1162.0  19:22:59 42.39426 -72.53371   5     11     42  
1163.0  19:23:13 42.394527 -72.53383   5     16     50  
1163.0  19:23:26 42.394634 -72.533745   3     18     54  
1163.0  19:23:38 42.394676 -72.53372   3     17     57  
1165.0  19:25:41 42.393997 -72.53376   5     15     49  
1165.0  19:25:55 42.393784 -72.53378   3     15     49  
1166.0  19:26:08 42.39406 -72.53367   5     19     44  
1166.0  19:26:22 42.394157 -72.533714   3     19     43  
1167.0  19:27:31 42.394176 -72.53363   3     17     49  
1168.0  19:28:29 42.394108 -72.53343   4     18     41  
1168.0  19:28:41 42.394165 -72.53339   5     10     53  
1168.0  19:28:50 42.394257 -72.53327   5     15     53  
1168.0  19:28:59 42.394222 -72.53329   4     15     47  
1169.0  19:29:08 42.39406 -72.533485   4     19     59  
1169.0  19:29:17 42.39388 -72.53371   3     13     53  
1169.0  19:29:26 42.3939 -72.53366   4     17     54  
1169.0  19:29:37 42.394184 -72.5334   4     15     45  
1169.0  19:29:45 42.39434 -72.53344   4     10     40  
1170.0  19:30:29 42.39421 -72.5334   4     17     50  
1170.0  19:30:40 42.394356 -72.53338   3     14     46  
1170.0  19:30:49 42.394268 -72.53353   4     16     44  
1170.0  19:30:58 42.39435 -72.53334   5     10     54  
1171.0  19:31:07 42.39411 -72.53343   3     16     47  
1171.0  19:31:15 42.393875 -72.53341   5     11     49  
1171.0  19:31:24 42.393818 -72.53346   3     15     55  
1171.0  19:31:35 42.39386 -72.533485   5     19     48  
1171.0  19:31:44 42.393833 -72.53347   4     12     49  
1171.0  19:31:55 42.39399 -72.53344   5     14     54  
1172.0  19:32:25 42.39411 -72.53355   3     19     59  
1172.0  19:32:40 42.393913 -72.53345   4     19     55  
1172.0  19:32:52 42.394043 -72.53345   5     14     51  
1173.0  19:33:02 42.394104 -72.53347   3     11     52  
1173.0  19:33:15 42.394146 -72.533455   4     13     41  
1173.0  19:33:28 42.394024 -72.53352   5     14     45  
1173.0  19:33:41 42.394047 -72.53356   3     11     42  
1173.0  19:33:52 42.394043 -72.53366   4     11     52  
1174.0  19:34:08 42.394085 -72.53367   5     13     54  
1174.0  19:34:18 42.394073 -72.53357   4     14     51  
1174.0  19:34:40 42.394135 -72.53358   5     12     48  
1174.0  19:34:51 42.39423 -72.53336   5     13     41  
1175.0  19:35:16 42.394146 -72.53339   4     14     56  
