415.0  06:55:00 42.393745 -72.533585   5     12     55  
416.0  06:56:00 42.39364 -72.53291   4     10     45  
417.0  06:57:00 42.393684 -72.53294   4     13     47  
418.0  06:58:00 42.39371 -72.53293   5     19     53  
419.0  06:59:00 42.393726 -72.532875   4     17     46  
420.0  07:00:00 42.393715 -72.53284   4     11     59  
421.0  07:01:00 42.39367 -72.53287   4     11     52  
423.0  07:03:00 42.39369 -72.53293   4     17     40  
424.0  07:04:00 42.393715 -72.532906   4     16     58  
425.0  07:05:00 42.393738 -72.532906   3     16     53  
426.0  07:06:00 42.393734 -72.532906   5     15     49  
427.0  07:07:00 42.393078 -72.53278   4     12     54  
428.0  07:08:00 42.39046 -72.533   4     15     54  
429.0  07:09:00 42.385414 -72.53093   5     17     51  
430.0  07:10:00 42.385246 -72.52597   3     11     56  
431.0  07:11:00 42.387165 -72.52642   3     17     47  
432.0  07:12:00 42.385433 -72.52579   4     19     42  
433.0  07:13:00 42.383926 -72.52103   4     15     51  
434.0  07:14:00 42.381668 -72.51938   3     17     57  
435.0  07:15:00 42.378464 -72.51996   5     17     45  
436.0  07:16:00 42.375072 -72.519875   3     10     51  
437.0  07:17:00 42.373417 -72.519875   3     16     58  
438.0  07:18:00 42.372276 -72.51878   3     15     44  
439.0  07:19:00 42.37311 -72.518875   4     16     45  
440.0  07:20:00 42.37309 -72.5189   3     17     45  
441.0  07:21:00 42.37311 -72.51889   5     18     42  
442.0  07:22:00 42.37273 -72.51982   5     12     45  
443.0  07:23:00 42.36537 -72.52049   5     15     44  
444.0  07:24:00 42.35762 -72.52096   4     15     44  
445.0  07:25:00 42.34969 -72.51992   3     18     49  
446.0  07:26:00 42.34107 -72.51996   3     14     42  
447.0  07:27:00 42.334435 -72.52343   4     19     55  
448.0  07:28:00 42.324856 -72.5246   4     10     41  
449.0  07:29:00 42.32517 -72.528435   5     15     58  
450.0  07:30:00 42.325176 -72.53113   5     13     53  
451.0  07:31:00 42.325226 -72.53107   3     12     48  
452.0  07:32:00 42.3251 -72.52914   4     12     47  
453.0  07:33:00 42.32218 -72.52974   3     18     48  
454.0  07:34:00 42.32177 -72.53418   4     19     46  
455.0  07:35:00 42.320225 -72.53249   3     14     52  
456.0  07:36:00 42.31949 -72.528404   4     16     49  
457.0  07:37:00 42.314262 -72.53087   4     12     40  
458.0  07:38:00 42.306156 -72.53014   3     11     53  
459.0  07:39:00 42.29764 -72.53087   4     13     40  
460.0  07:40:00 42.289043 -72.5356   3     16     51  
461.0  07:41:00 42.286263 -72.54207   3     18     55  
462.0  07:42:00 42.28269 -72.55318   5     12     59  
463.0  07:43:00 42.277653 -72.56219   3     19     48  
464.0  07:44:00 42.26969 -72.566025   3     13     57  
465.0  07:45:00 42.26499 -72.571945   5     14     41  
466.0  07:46:00 42.259033 -72.574936   5     14     49  
467.0  07:47:00 42.25792 -72.572   4     13     55  
468.0  07:48:00 42.254673 -72.57321   4     18     56  
478.0  07:58:00 42.25426 -72.57718   3     13     40  
479.0  07:59:00 42.2563 -72.576454   4     16     57  
480.0  08:00:00 42.257668 -72.5759   4     10     59  
481.0  08:01:00 42.25876 -72.57521   5     13     55  
482.0  08:02:00 42.262844 -72.57242   5     10     56  
483.0  08:03:00 42.267452 -72.5672   4     14     51  
484.0  08:04:00 42.27674 -72.56408   5     18     59  
485.0  08:05:00 42.282192 -72.55423   3     17     44  
486.0  08:06:00 42.28639 -72.5417   4     16     49  
487.0  08:07:00 42.293034 -72.531715   4     10     55  
488.0  08:08:00 42.30252 -72.52755   3     10     43  
489.0  08:09:00 42.309715 -72.52953   4     16     42  
490.0  08:10:00 42.318817 -72.52852   4     17     57  
491.0  08:11:00 42.320366 -72.53432   5     10     47  
492.0  08:12:00 42.32171 -72.53422   5     18     43  
493.0  08:13:00 42.32222 -72.529724   5     14     48  
494.0  08:14:00 42.32514 -72.52976   3     15     58  
495.0  08:15:00 42.32498 -72.530525   4     13     47  
496.0  08:16:00 42.3237 -72.52653   5     17     58  
497.0  08:17:00 42.32811 -72.52422   3     17     54  
498.0  08:18:00 42.33389 -72.523445   4     17     40  
499.0  08:19:00 42.33943 -72.52044   5     17     59  
500.0  08:20:00 42.340744 -72.51997   3     15     40  
501.0  08:21:00 42.348015 -72.520134   4     12     55  
502.0  08:22:00 42.35578 -72.5209   5     16     43  
503.0  08:23:00 42.36505 -72.52055   3     15     57  
504.0  08:24:00 42.37226 -72.51965   3     15     54  
505.0  08:25:00 42.373047 -72.518845   4     17     57  
506.0  08:26:00 42.373276 -72.519684   5     15     43  
507.0  08:27:00 42.375526 -72.51984   3     13     43  
508.0  08:28:00 42.37743 -72.51983   4     19     48  
509.0  08:29:00 42.37977 -72.51951   3     15     54  
510.0  08:30:00 42.38113 -72.51925   3     16     59  
511.0  08:31:00 42.38574 -72.52206   5     13     52  
512.0  08:32:00 42.386044 -72.52384   3     15     48  
513.0  08:33:00 42.387135 -72.52646   3     10     45  
514.0  08:34:00 42.38534 -72.525764   4     17     46  
515.0  08:35:00 42.383244 -72.52074   4     11     52  
516.0  08:36:00 42.38161 -72.51939   4     19     56  
517.0  08:37:00 42.377865 -72.52   5     10     59  
518.0  08:38:00 42.37774 -72.519905   4     12     44  
519.0  08:39:00 42.37442 -72.51992   4     11     48  
520.0  08:40:00 42.372486 -72.5198   3     18     51  
521.0  08:41:00 42.372925 -72.51882   4     15     43  
522.0  08:42:00 42.37242 -72.51981   4     19     57  
523.0  08:43:00 42.364925 -72.52058   4     16     51  
524.0  08:44:00 42.356014 -72.52097   3     14     57  
525.0  08:45:00 42.351974 -72.52057   4     13     58  
526.0  08:46:00 42.343513 -72.52036   3     17     52  
527.0  08:47:00 42.340183 -72.52019   3     19     43  
528.0  08:48:00 42.331505 -72.52379   3     13     56  
529.0  08:49:00 42.323307 -72.525085   4     18     57  
530.0  08:50:00 42.32513 -72.530106   3     11     55  
542.0  09:02:00 42.32527 -72.5311   5     17     52  
543.0  09:03:00 42.32511 -72.52926   5     19     45  
544.0  09:04:00 42.322186 -72.529785   5     13     51  
545.0  09:05:00 42.321507 -72.534294   4     12     51  
546.0  09:06:00 42.32037 -72.53438   4     16     46  
547.0  09:07:00 42.31932 -72.52799   3     18     55  
548.0  09:08:00 42.311905 -72.53032   3     10     41  
549.0  09:09:00 42.3043 -72.52803   5     10     53  
550.0  09:10:00 42.29388 -72.531334   5     13     41  
551.0  09:11:00 42.28668 -72.541115   3     14     42  
552.0  09:12:00 42.282436 -72.55366   5     12     52  
553.0  09:13:00 42.27693 -72.563675   4     12     54  
554.0  09:14:00 42.267647 -72.5671   5     16     42  
555.0  09:15:00 42.262405 -72.57254   3     13     47  
556.0  09:16:00 42.25947 -72.574524   5     15     46  
557.0  09:17:00 42.25804 -72.57291   4     16     53  
558.0  09:18:00 42.256355 -72.57222   3     19     52  
559.0  09:19:00 42.254215 -72.57418   3     16     49  
560.0  09:20:00 42.254227 -72.5742   4     13     53  
561.0  09:21:00 42.254196 -72.574165   3     14     40  
562.0  09:22:00 42.254036 -72.5762   4     11     53  
563.0  09:23:00 42.256485 -72.57636   3     16     48  
564.0  09:24:00 42.257687 -72.57593   3     15     45  
565.0  09:25:00 42.260223 -72.57338   3     16     58  
566.0  09:26:00 42.266617 -72.570145   5     19     47  
567.0  09:27:00 42.27335 -72.56528   4     14     40  
568.0  09:28:00 42.2804 -72.558716   4     16     49  
569.0  09:29:00 42.28525 -72.54622   4     17     53  
570.0  09:30:00 42.289143 -72.53545   3     16     45  
571.0  09:31:00 42.294464 -72.53126   5     17     44  
572.0  09:32:00 42.304234 -72.52789   4     18     55  
573.0  09:33:00 42.311497 -72.53017   4     12     40  
574.0  09:34:00 42.31927 -72.52793   4     12     52  
575.0  09:35:00 42.320873 -72.53422   3     12     58  
576.0  09:36:00 42.32165 -72.53425   3     11     41  
577.0  09:37:00 42.322166 -72.52985   5     12     51  
578.0  09:38:00 42.325092 -72.528725   4     14     50  
579.0  09:39:00 42.325302 -72.53102   3     14     53  
580.0  09:40:00 42.325283 -72.531105   4     17     44  
581.0  09:41:00 42.3253 -72.53109   4     15     58  
582.0  09:42:00 42.325123 -72.52886   4     15     47  
583.0  09:43:00 42.32333 -72.52482   4     11     48  
584.0  09:44:00 42.331608 -72.52379   3     13     41  
585.0  09:45:00 42.339897 -72.52022   3     16     41  
586.0  09:46:00 42.34383 -72.52041   5     19     52  
587.0  09:47:00 42.34833 -72.52011   4     14     49  
588.0  09:48:00 42.35557 -72.52091   4     19     59  
589.0  09:49:00 42.362694 -72.520706   3     11     51  
590.0  09:50:00 42.36967 -72.51995   5     14     58  
591.0  09:51:00 42.37295 -72.51891   4     17     50  
592.0  09:52:00 42.37325 -72.51882   5     13     52  
593.0  09:53:00 42.37328 -72.51973   4     17     55  
594.0  09:54:00 42.37474 -72.51979   5     18     44  
595.0  09:55:00 42.377434 -72.51987   4     10     54  
596.0  09:56:00 42.379887 -72.519516   4     17     56  
597.0  09:57:00 42.3815 -72.51928   3     14     59  
598.0  09:58:00 42.385822 -72.522095   5     18     57  
599.0  09:59:00 42.385975 -72.52536   3     14     50  
600.0  10:00:00 42.387062 -72.5265   5     19     48  
601.0  10:01:00 42.387016 -72.52652   4     14     44  
602.0  10:02:00 42.38646 -72.526215   4     15     52  
603.0  10:03:00 42.385483 -72.52475   4     18     51  
604.0  10:04:00 42.38361 -72.520874   3     14     59  
605.0  10:05:00 42.37955 -72.519684   4     16     43  
606.0  10:06:00 42.378803 -72.51998   3     16     49  
607.0  10:07:00 42.37741 -72.51991   4     12     56  
608.0  10:08:00 42.375908 -72.52002   4     16     52  
609.0  10:09:00 42.37438 -72.51983   3     13     57  
610.0  10:10:00 42.373363 -72.51977   5     10     48  
611.0  10:11:00 42.372093 -72.51925   3     10     42  
612.0  10:12:00 42.37319 -72.51887   3     11     48  
613.0  10:13:00 42.371037 -72.519775   4     18     58  
614.0  10:14:00 42.36189 -72.520744   3     11     43  
615.0  10:15:00 42.35497 -72.52076   3     15     54  
616.0  10:16:00 42.34989 -72.519905   3     16     59  
617.0  10:17:00 42.340397 -72.52007   5     17     48  
618.0  10:18:00 42.33078 -72.52384   5     12     45  
619.0  10:19:00 42.323452 -72.52619   3     15     52  
620.0  10:20:00 42.3253 -72.53067   5     15     54  
632.0  10:32:00 42.32499 -72.53044   3     10     52  
633.0  10:33:00 42.322525 -72.52884   3     14     43  
634.0  10:34:00 42.32193 -72.53096   3     17     45  
635.0  10:35:00 42.320953 -72.533646   4     16     42  
636.0  10:36:00 42.320255 -72.53412   3     14     46  
637.0  10:37:00 42.31929 -72.52803   5     12     51  
638.0  10:38:00 42.31362 -72.53085   3     10     53  
639.0  10:39:00 42.306343 -72.53026   4     19     59  
640.0  10:40:00 42.297935 -72.53065   3     18     45  
641.0  10:41:00 42.28874 -72.53683   5     17     51  
642.0  10:42:00 42.28446 -72.54854   5     19     43  
643.0  10:43:00 42.281742 -72.5554   4     14     57  
644.0  10:44:00 42.276096 -72.56461   3     13     43  
645.0  10:45:00 42.26762 -72.567055   3     11     44  
646.0  10:46:00 42.263306 -72.572235   5     19     48  
647.0  10:47:00 42.25891 -72.57476   3     16     57  
648.0  10:48:00 42.257946 -72.572395   3     12     59  
649.0  10:49:00 42.255283 -72.5727   5     19     59  
650.0  10:50:00 42.254215 -72.574135   3     16     50  
651.0  10:51:00 42.254223 -72.574165   4     19     46  
652.0  10:52:00 42.25392 -72.57597   5     14     48  
653.0  10:53:00 42.254208 -72.5771   4     16     49  
654.0  10:54:00 42.25659 -72.57636   5     19     55  
655.0  10:55:00 42.257004 -72.576195   4     16     54  
656.0  10:56:00 42.257645 -72.57584   3     12     46  
657.0  10:57:00 42.260574 -72.57293   5     17     50  
658.0  10:58:00 42.266644 -72.56916   4     15     56  
659.0  10:59:00 42.275177 -72.565   4     19     41  
660.0  11:00:00 42.281044 -72.55706   4     17     59  
661.0  11:01:00 42.285458 -72.545296   5     16     40  
662.0  11:02:00 42.28975 -72.53405   5     10     55  
663.0  11:03:00 42.29993 -72.529106   3     16     49  
664.0  11:04:00 42.30761 -72.53084   3     11     47  
665.0  11:05:00 42.31658 -72.530106   4     10     44  
666.0  11:06:00 42.320164 -72.53047   5     18     45  
667.0  11:07:00 42.321186 -72.53401   5     19     57  
668.0  11:08:00 42.32202 -72.53029   3     19     47  
669.0  11:09:00 42.325157 -72.52934   5     15     53  
670.0  11:10:00 42.325275 -72.53101   4     13     50  
671.0  11:11:00 42.32527 -72.531   5     15     54  
672.0  11:12:00 42.325115 -72.5297   3     13     51  
673.0  11:13:00 42.323288 -72.52493   3     13     47  
674.0  11:14:00 42.329353 -72.52404   5     11     48  
675.0  11:15:00 42.33618 -72.52274   4     17     58  
676.0  11:16:00 42.34429 -72.520485   4     14     48  
677.0  11:17:00 42.35336 -72.52064   3     14     47  
678.0  11:18:00 42.35842 -72.520905   4     13     53  
679.0  11:19:00 42.368256 -72.52008   5     12     47  
680.0  11:20:00 42.3728 -72.51891   4     13     40  
681.0  11:21:00 42.373116 -72.518875   4     19     41  
682.0  11:22:00 42.37317 -72.518974   3     11     50  
683.0  11:23:00 42.373302 -72.5194   3     16     43  
684.0  11:24:00 42.374687 -72.519875   4     12     52  
685.0  11:25:00 42.375435 -72.51986   4     14     54  
686.0  11:26:00 42.37743 -72.519905   5     15     41  
687.0  11:27:00 42.378883 -72.519936   4     19     45  
688.0  11:28:00 42.38353 -72.52086   4     15     46  
689.0  11:29:00 42.385967 -72.52245   5     12     59  
690.0  11:30:00 42.38717 -72.52648   3     18     50  
691.0  11:31:00 42.387104 -72.52652   4     19     54  
692.0  11:32:00 42.385597 -72.52593   3     18     52  
693.0  11:33:00 42.38425 -72.52124   4     18     44  
694.0  11:34:00 42.37899 -72.51994   4     12     57  
695.0  11:35:00 42.377773 -72.51991   5     12     54  
696.0  11:36:00 42.377666 -72.51997   3     19     48  
697.0  11:37:00 42.37533 -72.51985   4     18     46  
698.0  11:38:00 42.373795 -72.51991   4     18     56  
699.0  11:39:00 42.37319 -72.51896   3     10     53  
700.0  11:40:00 42.373116 -72.5189   5     17     55  
701.0  11:41:00 42.37314 -72.518906   3     12     56  
702.0  11:42:00 42.373306 -72.51967   5     13     57  
703.0  11:43:00 42.373188 -72.51964   5     11     42  
704.0  11:44:00 42.370712 -72.51986   3     16     47  
705.0  11:45:00 42.361317 -72.52079   3     14     44  
706.0  11:46:00 42.35502 -72.52079   3     10     48  
707.0  11:47:00 42.34688 -72.52039   5     16     53  
708.0  11:48:00 42.34011 -72.520195   4     13     49  
709.0  11:49:00 42.33058 -72.52393   3     18     40  
710.0  11:50:00 42.3235 -72.52627   4     11     55  
711.0  11:51:00 42.325256 -72.53089   4     16     49  
725.0  12:05:00 42.321667 -72.533165   3     16     46  
726.0  12:06:00 42.32107 -72.53367   5     12     55  
727.0  12:07:00 42.32024 -72.53305   3     14     58  
728.0  12:08:00 42.31776 -72.52956   4     17     46  
729.0  12:09:00 42.30824 -72.52978   3     16     51  
730.0  12:10:00 42.30032 -72.52873   5     12     40  
731.0  12:11:00 42.289803 -72.53392   4     13     57  
732.0  12:12:00 42.287025 -72.54011   3     14     42  
733.0  12:13:00 42.28279 -72.5526   3     15     47  
734.0  12:14:00 42.277355 -72.56292   3     16     41  
735.0  12:15:00 42.26794 -72.56687   4     14     40  
736.0  12:16:00 42.262707 -72.572525   4     13     53  
737.0  12:17:00 42.259323 -72.574745   4     16     54  
738.0  12:18:00 42.25811 -72.57329   5     10     46  
739.0  12:19:00 42.25667 -72.57221   4     18     40  
740.0  12:20:00 42.254463 -72.57354   5     17     59  
741.0  12:21:00 42.25419 -72.57423   3     14     48  
742.0  12:22:00 42.25382 -72.575676   5     18     42  
743.0  12:23:00 42.256054 -72.57655   5     16     55  
744.0  12:24:00 42.25732 -72.57612   4     12     44  
745.0  12:25:00 42.25853 -72.57544   4     10     51  
746.0  12:26:00 42.263012 -72.57238   5     13     49  
747.0  12:27:00 42.268368 -72.56655   4     16     54  
748.0  12:28:00 42.277744 -72.562126   3     11     52  
749.0  12:29:00 42.283127 -72.55181   3     19     55  
750.0  12:30:00 42.287518 -72.538864   3     12     46  
751.0  12:31:00 42.295387 -72.53113   3     18     55  
752.0  12:32:00 42.304768 -72.52832   5     13     44  
753.0  12:33:00 42.312172 -72.53021   4     19     43  
754.0  12:34:00 42.31921 -72.52791   4     10     55  
755.0  12:35:00 42.32025 -72.53233   5     15     45  
756.0  12:36:00 42.32118 -72.53417   3     10     42  
757.0  12:37:00 42.322147 -72.52987   5     18     56  
758.0  12:38:00 42.32418 -72.52857   5     16     59  
759.0  12:39:00 42.325302 -72.53097   5     10     44  
760.0  12:40:00 42.325264 -72.53101   3     14     58  
761.0  12:41:00 42.32527 -72.531044   3     12     59  
762.0  12:42:00 42.3251 -72.52796   4     15     57  
763.0  12:43:00 42.323635 -72.52471   3     10     45  
764.0  12:44:00 42.334137 -72.52344   3     13     51  
765.0  12:45:00 42.339916 -72.52029   5     14     51  
766.0  12:46:00 42.347424 -72.52026   4     13     46  
767.0  12:47:00 42.353004 -72.5207   5     18     40  
768.0  12:48:00 42.357204 -72.520996   3     10     40  
769.0  12:49:00 42.36717 -72.52024   4     10     50  
770.0  12:50:00 42.37213 -72.51897   3     15     59  
771.0  12:51:00 42.37317 -72.518875   4     13     41  
772.0  12:52:00 42.373306 -72.51945   5     19     56  
773.0  12:53:00 42.374737 -72.51983   5     19     41  
774.0  12:54:00 42.37623 -72.519966   5     11     59  
775.0  12:55:00 42.377434 -72.51994   4     12     47  
776.0  12:56:00 42.38222 -72.519905   3     16     47  
777.0  12:57:00 42.384563 -72.52145   3     18     49  
778.0  12:58:00 42.38583 -72.522316   3     13     58  
779.0  12:59:00 42.38624 -72.52539   3     11     51  
780.0  13:00:00 42.3871 -72.52644   4     13     42  
781.0  13:01:00 42.38711 -72.52643   4     11     55  
782.0  13:02:00 42.387062 -72.52632   3     10     56  
783.0  13:03:00 42.387104 -72.5264   3     19     57  
784.0  13:04:00 42.385586 -72.52585   4     13     40  
785.0  13:05:00 42.385902 -72.52284   4     10     44  
786.0  13:06:00 42.38306 -72.520645   3     11     45  
787.0  13:07:00 42.378746 -72.51992   4     14     58  
788.0  13:08:00 42.37788 -72.51997   3     13     41  
789.0  13:09:00 42.376064 -72.519875   5     16     48  
790.0  13:10:00 42.37595 -72.51982   3     12     59  
791.0  13:11:00 42.374397 -72.519844   3     12     47  
792.0  13:12:00 42.37356 -72.51984   4     12     47  
793.0  13:13:00 42.3721 -72.51959   4     10     48  
794.0  13:14:00 42.37314 -72.51886   5     15     42  
795.0  13:15:00 42.373238 -72.51991   5     18     49  
796.0  13:16:00 42.368362 -72.52004   5     19     50  
797.0  13:17:00 42.360706 -72.52077   4     18     42  
798.0  13:18:00 42.35494 -72.52081   5     12     41  
799.0  13:19:00 42.347565 -72.52025   3     12     55  
800.0  13:20:00 42.340256 -72.52013   5     19     51  
801.0  13:21:00 42.34029 -72.52008   3     19     41  
802.0  13:22:00 42.332302 -72.52363   5     10     50  
803.0  13:23:00 42.32323 -72.52487   5     17     40  
804.0  13:24:00 42.325096 -72.52935   4     13     52  
805.0  13:25:00 42.32518 -72.531265   5     14     54  
806.0  13:26:00 42.325226 -72.53119   3     17     42  
807.0  13:27:00 42.32524 -72.531204   4     10     42  
808.0  13:28:00 42.32517 -72.53125   3     13     51  
809.0  13:29:00 42.325184 -72.53123   3     11     59  
810.0  13:30:00 42.32526 -72.53112   5     10     43  
811.0  13:31:00 42.32522 -72.5311   5     14     43  
812.0  13:32:00 42.32487 -72.53083   3     10     58  
813.0  13:33:00 42.322903 -72.52855   4     12     45  
814.0  13:34:00 42.321903 -72.53097   3     10     51  
815.0  13:35:00 42.320812 -72.53369   5     16     55  
816.0  13:36:00 42.32026 -72.53429   5     16     52  
817.0  13:37:00 42.319324 -72.52823   5     15     42  
818.0  13:38:00 42.317368 -72.5298   3     17     51  
819.0  13:39:00 42.308907 -72.52944   5     15     53  
820.0  13:40:00 42.302063 -72.52777   4     15     58  
821.0  13:41:00 42.29204 -72.532234   3     11     53  
822.0  13:42:00 42.28627 -72.54178   4     16     45  
823.0  13:43:00 42.283024 -72.55196   3     10     59  
824.0  13:44:00 42.278934 -72.5598   4     13     54  
825.0  13:45:00 42.272247 -72.56548   4     11     56  
826.0  13:46:00 42.26659 -72.57007   4     14     51  
827.0  13:47:00 42.2607 -72.57294   3     15     50  
828.0  13:48:00 42.259224 -72.57468   4     13     52  
829.0  13:49:00 42.25805 -72.57298   3     12     52  
830.0  13:50:00 42.25627 -72.5722   3     14     54  
831.0  13:51:00 42.254192 -72.57408   3     16     52  
832.0  13:52:00 42.25407 -72.57431   4     11     52  
833.0  13:53:00 42.254116 -72.57702   3     16     53  
834.0  13:54:00 42.25585 -72.576546   5     19     47  
835.0  13:55:00 42.256393 -72.57636   3     16     42  
836.0  13:56:00 42.257687 -72.575905   4     19     44  
837.0  13:57:00 42.258793 -72.57513   5     19     52  
838.0  13:58:00 42.261433 -72.57268   3     16     55  
839.0  13:59:00 42.26672 -72.57082   5     15     56  
840.0  14:00:00 42.272636 -72.565475   5     11     42  
841.0  14:01:00 42.279415 -72.55946   5     10     52  
842.0  14:02:00 42.28387 -72.54991   4     15     48  
843.0  14:03:00 42.287838 -72.53825   4     17     51  
844.0  14:04:00 42.295723 -72.531204   3     13     56  
845.0  14:05:00 42.304626 -72.52821   3     14     51  
846.0  14:06:00 42.311237 -72.5302   4     13     52  
847.0  14:07:00 42.319115 -72.52811   5     16     55  
848.0  14:08:00 42.320038 -72.52999   4     18     53  
849.0  14:09:00 42.32105 -72.53364   5     17     55  
850.0  14:10:00 42.32175 -72.532326   3     16     58  
851.0  14:11:00 42.322906 -72.528496   3     13     51  
852.0  14:12:00 42.325256 -72.53097   5     12     59  
853.0  14:13:00 42.325047 -72.53121   5     13     56  
854.0  14:14:00 42.324738 -72.5271   3     12     45  
855.0  14:15:00 42.324196 -72.524666   5     17     47  
856.0  14:16:00 42.33307 -72.52357   3     15     48  
857.0  14:17:00 42.33819 -72.52116   5     12     43  
858.0  14:18:00 42.344364 -72.52046   5     16     59  
859.0  14:19:00 42.35193 -72.52061   4     15     54  
860.0  14:20:00 42.3573 -72.52096   4     15     58  
861.0  14:21:00 42.36651 -72.52033   5     12     50  
862.0  14:22:00 42.372135 -72.51924   4     10     51  
863.0  14:23:00 42.37322 -72.51886   5     15     58  
864.0  14:24:00 42.37469 -72.51984   5     19     41  
865.0  14:25:00 42.376747 -72.51986   4     19     56  
866.0  14:26:00 42.377365 -72.51984   5     11     53  
867.0  14:27:00 42.37978 -72.51951   5     11     46  
868.0  14:28:00 42.381386 -72.51934   5     10     46  
869.0  14:29:00 42.38172 -72.519516   4     15     50  
870.0  14:30:00 42.386055 -72.52283   4     10     49  
871.0  14:31:00 42.38664 -72.52558   4     18     40  
872.0  14:32:00 42.38703 -72.52644   5     10     49  
873.0  14:33:00 42.386013 -72.52604   4     15     46  
874.0  14:34:00 42.385406 -72.52495   4     19     40  
875.0  14:35:00 42.38321 -72.5207   4     10     41  
876.0  14:36:00 42.379543 -72.51968   3     12     57  
877.0  14:37:00 42.377857 -72.51989   4     13     49  
878.0  14:38:00 42.376904 -72.519936   5     18     41  
879.0  14:39:00 42.375267 -72.51985   4     19     42  
880.0  14:40:00 42.37439 -72.51985   3     19     57  
881.0  14:41:00 42.372204 -72.51973   4     16     50  
882.0  14:42:00 42.373142 -72.51891   3     11     58  
883.0  14:43:00 42.372772 -72.5199   5     11     49  
884.0  14:44:00 42.365204 -72.52049   3     15     45  
885.0  14:45:00 42.35671 -72.52101   4     13     40  
886.0  14:46:00 42.353394 -72.520615   5     14     43  
887.0  14:47:00 42.345963 -72.52046   3     10     52  
888.0  14:48:00 42.342346 -72.520065   3     19     44  
889.0  14:49:00 42.3403 -72.520134   3     15     56  
890.0  14:50:00 42.334633 -72.5233   3     19     45  
891.0  14:51:00 42.324406 -72.52462   3     11     43  
892.0  14:52:00 42.325104 -72.528595   3     12     47  
893.0  14:53:00 42.32525 -72.5312   3     15     51  
894.0  14:54:00 42.325222 -72.53123   4     19     56  
895.0  14:55:00 42.325207 -72.53126   4     12     47  
896.0  14:56:00 42.32519 -72.53136   3     13     41  
897.0  14:57:00 42.325268 -72.531296   4     15     53  
898.0  14:58:00 42.325264 -72.53121   5     11     43  
899.0  14:59:00 42.325256 -72.53116   5     10     46  
900.0  15:00:00 42.325268 -72.53119   4     11     49  
901.0  15:01:00 42.32526 -72.531204   5     16     47  
902.0  15:02:00 42.325108 -72.529045   5     15     56  
903.0  15:03:00 42.322155 -72.529785   3     15     51  
904.0  15:04:00 42.321747 -72.5342   3     19     41  
905.0  15:05:00 42.32106 -72.53369   5     18     44  
906.0  15:06:00 42.320427 -72.53442   5     14     55  
907.0  15:07:00 42.319355 -72.5282   5     13     54  
908.0  15:08:00 42.31485 -72.53067   3     10     59  
909.0  15:09:00 42.306705 -72.530685   5     18     55  
910.0  15:10:00 42.29858 -72.52993   4     19     45  
911.0  15:11:00 42.289204 -72.53501   4     12     50  
912.0  15:12:00 42.28531 -72.54583   5     11     50  
913.0  15:13:00 42.28239 -72.55374   5     17     40  
914.0  15:14:00 42.27902 -72.55978   5     12     51  
915.0  15:15:00 42.27211 -72.56559   5     10     50  
916.0  15:16:00 42.26668 -72.57083   5     10     50  
917.0  15:17:00 42.26148 -72.57276   5     13     46  
918.0  15:18:00 42.25909 -72.57462   3     17     41  
919.0  15:19:00 42.25802 -72.57307   5     11     44  
920.0  15:20:00 42.257557 -72.57191   5     19     47  
921.0  15:21:00 42.254253 -72.57357   5     13     49  
922.0  15:22:00 42.254047 -72.574104   4     11     55  
923.0  15:23:00 42.254005 -72.57634   4     17     49  
924.0  15:24:00 42.25745 -72.57607   3     17     55  
925.0  15:25:00 42.25891 -72.57508   3     16     51  
926.0  15:26:00 42.262707 -72.57251   5     19     47  
927.0  15:27:00 42.266968 -72.5674   5     13     50  
928.0  15:28:00 42.275036 -72.56473   3     10     57  
929.0  15:29:00 42.28105 -72.55786   5     17     54  
930.0  15:30:00 42.28514 -72.54675   4     12     42  
931.0  15:31:00 42.289 -72.53596   3     14     48  
932.0  15:32:00 42.298046 -72.53063   4     11     56  
933.0  15:33:00 42.306107 -72.52989   3     15     50  
934.0  15:34:00 42.314148 -72.53088   3     17     41  
935.0  15:35:00 42.319386 -72.5281   5     12     56  
936.0  15:36:00 42.320248 -72.53363   5     17     46  
937.0  15:37:00 42.321228 -72.5342   4     15     48  
938.0  15:38:00 42.322006 -72.53034   4     15     54  
939.0  15:39:00 42.324883 -72.528755   3     16     47  
940.0  15:40:00 42.325344 -72.531006   3     16     42  
941.0  15:41:00 42.32527 -72.531   3     18     57  
942.0  15:42:00 42.325 -72.53124   5     16     52  
943.0  15:43:00 42.32434 -72.52688   3     18     55  
944.0  15:44:00 42.32391 -72.524765   4     18     54  
945.0  15:45:00 42.332607 -72.52368   5     12     52  
946.0  15:46:00 42.34025 -72.52014   5     14     53  
947.0  15:47:00 42.34477 -72.520546   5     14     43  
948.0  15:48:00 42.348194 -72.520134   5     15     45  
949.0  15:49:00 42.35503 -72.52077   3     13     55  
950.0  15:50:00 42.36026 -72.52088   4     14     43  
951.0  15:51:00 42.36864 -72.520065   5     13     42  
952.0  15:52:00 42.372883 -72.518906   3     10     55  
953.0  15:53:00 42.37314 -72.5189   5     14     56  
954.0  15:54:00 42.37455 -72.51991   3     18     46  
955.0  15:55:00 42.375397 -72.51981   5     12     49  
956.0  15:56:00 42.37574 -72.5199   4     13     51  
957.0  15:57:00 42.377296 -72.51997   4     13     58  
958.0  15:58:00 42.377544 -72.52001   4     10     43  
959.0  15:59:00 42.379654 -72.51977   4     12     50  
960.0  16:00:00 42.38154 -72.51947   5     16     45  
961.0  16:01:00 42.38298 -72.52064   4     12     41  
962.0  16:02:00 42.385754 -72.52462   4     14     54  
963.0  16:03:00 42.38731 -72.526054   4     18     53  
964.0  16:04:00 42.38714 -72.526085   5     15     58  
965.0  16:05:00 42.387287 -72.52614   5     13     48  
966.0  16:06:00 42.387135 -72.52626   4     19     47  
967.0  16:07:00 42.38565 -72.52581   5     12     51  
968.0  16:08:00 42.385895 -72.523254   3     16     51  
969.0  16:09:00 42.38278 -72.52056   5     15     48  
970.0  16:10:00 42.3816 -72.51939   3     10     56  
971.0  16:11:00 42.37956 -72.51966   3     16     46  
972.0  16:12:00 42.37859 -72.51992   3     15     45  
973.0  16:13:00 42.377888 -72.51996   4     11     48  
974.0  16:14:00 42.37784 -72.51996   4     16     46  
975.0  16:15:00 42.37669 -72.51985   3     12     51  
976.0  16:16:00 42.374393 -72.51986   4     13     55  
977.0  16:17:00 42.37215 -72.51931   4     19     42  
978.0  16:18:00 42.37308 -72.51885   3     17     41  
979.0  16:19:00 42.37317 -72.51973   4     17     40  
980.0  16:20:00 42.369347 -72.519966   4     14     49  
981.0  16:21:00 42.360058 -72.52084   3     17     58  
982.0  16:22:00 42.35483 -72.52075   5     17     51  
983.0  16:23:00 42.350426 -72.51995   5     15     58  
984.0  16:24:00 42.344868 -72.520485   4     13     58  
985.0  16:25:00 42.3405 -72.52005   3     11     51  
986.0  16:26:00 42.33859 -72.52097   4     19     56  
987.0  16:27:00 42.33296 -72.52372   4     11     46  
988.0  16:28:00 42.323776 -72.52473   4     16     58  
989.0  16:29:00 42.32516 -72.52865   5     19     54  
990.0  16:30:00 42.325317 -72.5312   3     15     57  
991.0  16:31:00 42.32534 -72.531235   4     15     58  
992.0  16:32:00 42.325134 -72.531265   4     16     43  
993.0  16:33:00 42.32366 -72.528366   5     19     48  
994.0  16:34:00 42.321976 -72.53054   5     15     44  
995.0  16:35:00 42.320793 -72.53384   4     10     45  
996.0  16:36:00 42.32024 -72.53184   3     17     47  
997.0  16:37:00 42.318325 -72.52891   3     18     53  
998.0  16:38:00 42.30921 -72.52946   5     19     58  
999.0  16:39:00 42.30184 -72.52782   5     13     47  
1000.0  16:40:00 42.29157 -72.53264   3     16     57  
1001.0  16:41:00 42.285786 -72.54327   3     18     46  
1002.0  16:42:00 42.28232 -72.55387   5     16     43  
1003.0  16:43:00 42.27886 -72.55996   5     10     53  
1004.0  16:44:00 42.271282 -72.565735   5     12     52  
1005.0  16:45:00 42.266335 -72.57169   4     14     40  
1006.0  16:46:00 42.261044 -72.572876   5     19     42  
1007.0  16:47:00 42.25919 -72.57466   3     15     46  
1008.0  16:48:00 42.258053 -72.57281   4     12     52  
1009.0  16:49:00 42.257042 -72.57213   5     14     46  
1010.0  16:50:00 42.254295 -72.57378   3     16     53  
1011.0  16:51:00 42.254086 -72.57417   3     16     46  
1012.0  16:52:00 42.25411 -72.57418   4     10     48  
1013.0  16:53:00 42.25414 -72.57417   4     16     56  
1014.0  16:54:00 42.254074 -72.57416   3     12     42  
1015.0  16:55:00 42.254063 -72.574135   4     11     58  
1016.0  16:56:00 42.254078 -72.574196   5     15     59  
1017.0  16:57:00 42.254124 -72.5742   4     17     50  
1018.0  16:58:00 42.254074 -72.5742   5     19     53  
1019.0  16:59:00 42.2542 -72.57704   3     14     45  
1020.0  17:00:00 42.257233 -72.57608   3     10     59  
1021.0  17:01:00 42.257748 -72.57594   4     13     54  
1022.0  17:02:00 42.25923 -72.57474   3     10     47  
1023.0  17:03:00 42.265617 -72.57167   3     12     47  
1024.0  17:04:00 42.2697 -72.566   4     10     43  
1025.0  17:05:00 42.276264 -72.56449   3     12     50  
1026.0  17:06:00 42.281822 -72.55511   5     10     43  
1027.0  17:07:00 42.2842 -72.549065   5     11     45  
1028.0  17:08:00 42.28867 -72.53711   3     10     41  
1029.0  17:09:00 42.29765 -72.530846   4     15     43  
1030.0  17:10:00 42.305855 -72.529434   3     18     56  
1031.0  17:11:00 42.313545 -72.5308   3     14     48  
1032.0  17:12:00 42.319134 -72.527885   3     15     51  
1033.0  17:13:00 42.320267 -72.53218   3     18     57  
1034.0  17:14:00 42.321194 -72.53418   3     19     51  
1035.0  17:15:00 42.32202 -72.53029   4     19     53  
1036.0  17:16:00 42.324623 -72.52866   5     12     47  
1037.0  17:17:00 42.32526 -72.531166   3     19     55  
1038.0  17:18:00 42.325207 -72.52862   4     10     40  
1039.0  17:19:00 42.32333 -72.52476   5     18     53  
1040.0  17:20:00 42.332573 -72.523544   3     11     52  
1041.0  17:21:00 42.339752 -72.52023   5     10     54  
1042.0  17:22:00 42.346832 -72.520325   4     17     49  
1043.0  17:23:00 42.355 -72.5207   4     17     59  
1044.0  17:24:00 42.358944 -72.52081   5     17     57  
1045.0  17:25:00 42.369114 -72.519936   5     10     46  
1046.0  17:26:00 42.37225 -72.518745   5     16     40  
1047.0  17:27:00 42.37314 -72.518875   3     16     46  
1048.0  17:28:00 42.3733 -72.51972   3     14     42  
1049.0  17:29:00 42.374462 -72.51973   3     12     56  
1050.0  17:30:00 42.374832 -72.51974   3     18     46  
1051.0  17:31:00 42.375854 -72.51975   3     13     40  
1052.0  17:32:00 42.377434 -72.519875   4     11     58  
1053.0  17:33:00 42.37736 -72.51983   5     18     42  
1054.0  17:34:00 42.381374 -72.51926   3     15     58  
1055.0  17:35:00 42.3816 -72.51933   4     15     43  
1056.0  17:36:00 42.385887 -72.52233   4     13     48  
1057.0  17:37:00 42.38677 -72.52561   5     11     47  
1058.0  17:38:00 42.38703 -72.52636   3     10     46  
1059.0  17:39:00 42.385536 -72.52581   4     17     48  
1060.0  17:40:00 42.38555 -72.52432   4     15     52  
1061.0  17:41:00 42.383133 -72.520645   3     16     53  
1062.0  17:42:00 42.381668 -72.51933   3     16     48  
1063.0  17:43:00 42.37823 -72.519875   5     18     50  
1064.0  17:44:00 42.376595 -72.51991   3     10     53  
1065.0  17:45:00 42.37446 -72.51969   3     19     55  
1066.0  17:46:00 42.373566 -72.51979   3     11     50  
1067.0  17:47:00 42.37232 -72.519714   4     10     50  
1068.0  17:48:00 42.3731 -72.51879   5     10     47  
1069.0  17:49:00 42.373547 -72.519646   3     19     56  
1070.0  17:50:00 42.368004 -72.52006   4     12     50  
1071.0  17:51:00 42.358715 -72.52084   5     15     54  
1072.0  17:52:00 42.354298 -72.52058   3     13     59  
1073.0  17:53:00 42.345783 -72.52049   3     15     52  
1074.0  17:54:00 42.341267 -72.51995   4     12     55  
1075.0  17:55:00 42.340054 -72.520164   4     19     50  
1076.0  17:56:00 42.33122 -72.52422   3     15     48  
1077.0  17:57:00 42.3232 -72.52515   5     11     45  
1078.0  17:58:00 42.32514 -72.53013   4     11     52  
1079.0  17:59:00 42.325256 -72.5312   4     10     58  
1080.0  18:00:00 42.325146 -72.53006   3     18     52  
1081.0  18:01:00 42.32219 -72.52963   3     17     54  
1082.0  18:02:00 42.321762 -72.53374   5     16     54  
1083.0  18:03:00 42.321095 -72.53434   3     16     58  
1084.0  18:04:00 42.320114 -72.53022   5     13     40  
1085.0  18:05:00 42.318214 -72.52911   3     17     46  
1086.0  18:06:00 42.308617 -72.529625   5     16     40  
1087.0  18:07:00 42.301476 -72.527596   3     10     42  
1088.0  18:08:00 42.29157 -72.53264   5     12     58  
1089.0  18:09:00 42.285778 -72.5432   3     12     48  
1090.0  18:10:00 42.281815 -72.555016   5     16     44  
1091.0  18:11:00 42.27642 -72.564354   3     17     53  
1092.0  18:12:00 42.26721 -72.567505   3     12     55  
1093.0  18:13:00 42.2626 -72.57244   3     14     43  
1094.0  18:14:00 42.25919 -72.57473   5     14     53  
1095.0  18:15:00 42.258053 -72.573044   4     15     42  
1096.0  18:16:00 42.256733 -72.57219   4     14     50  
1097.0  18:17:00 42.254208 -72.574165   3     16     52  
1098.0  18:18:00 42.25424 -72.57412   3     12     42  
1099.0  18:19:00 42.254242 -72.574135   5     16     47  
1100.0  18:20:00 42.254246 -72.57413   3     17     58  
1101.0  18:21:00 42.254208 -72.57419   3     11     41  
1102.0  18:22:00 42.25363 -72.5746   3     16     51  
1103.0  18:23:00 42.2554 -72.5768   4     10     44  
1104.0  18:24:00 42.26024 -72.57333   5     17     43  
1105.0  18:25:00 42.266647 -72.57009   4     19     46  
1106.0  18:26:00 42.273106 -72.56524   4     15     57  
1107.0  18:27:00 42.28035 -72.55871   4     10     41  
1108.0  18:28:00 42.284912 -72.54738   3     16     55  
1109.0  18:29:00 42.289116 -72.53569   5     14     51  
1110.0  18:30:00 42.29865 -72.53009   4     19     49  
1111.0  18:31:00 42.3066 -72.53041   4     17     53  
1112.0  18:32:00 42.31478 -72.530685   3     10     47  
1113.0  18:33:00 42.31995 -72.52972   4     18     59  
1114.0  18:34:00 42.32096 -72.53364   3     14     51  
1115.0  18:35:00 42.321815 -72.532135   5     14     57  
1116.0  18:36:00 42.322556 -72.52895   4     12     43  
1117.0  18:37:00 42.32526 -72.53101   3     11     54  
1118.0  18:38:00 42.324966 -72.53086   5     18     57  
1119.0  18:39:00 42.323647 -72.5265   5     17     41  
1120.0  18:40:00 42.327946 -72.52423   5     17     46  
1121.0  18:41:00 42.337963 -72.521355   5     18     41  
1122.0  18:42:00 42.34649 -72.52045   4     17     43  
1123.0  18:43:00 42.355606 -72.52087   3     13     54  
1124.0  18:44:00 42.364613 -72.52059   3     15     57  
1125.0  18:45:00 42.372036 -72.51971   5     12     57  
1126.0  18:46:00 42.373234 -72.51881   5     13     41  
1127.0  18:47:00 42.373577 -72.5198   3     17     50  
1128.0  18:48:00 42.37466 -72.519844   4     17     46  
1129.0  18:49:00 42.375134 -72.519806   5     15     56  
1130.0  18:50:00 42.376747 -72.51987   4     15     44  
1131.0  18:51:00 42.37765 -72.519775   4     15     54  
1132.0  18:52:00 42.379574 -72.51966   3     19     56  
1133.0  18:53:00 42.381493 -72.5192   4     13     41  
1134.0  18:54:00 42.383995 -72.521065   4     17     56  
1135.0  18:55:00 42.385742 -72.52443   5     18     53  
1136.0  18:56:00 42.38706 -72.52646   5     14     47  
1137.0  18:57:00 42.38671 -72.52653   5     15     46  
1138.0  18:58:00 42.38538 -72.524666   5     11     42  
1139.0  18:59:00 42.38277 -72.520485   3     15     40  
1140.0  19:00:00 42.38023 -72.51944   4     14     43  
1141.0  19:01:00 42.37776 -72.52002   5     12     42  
1142.0  19:02:00 42.377174 -72.51998   5     18     46  
1143.0  19:03:00 42.375965 -72.519966   4     18     50  
1144.0  19:04:00 42.37489 -72.51991   5     19     45  
1145.0  19:05:00 42.373337 -72.51988   3     12     41  
1146.0  19:06:00 42.37208 -72.519714   4     15     45  
1147.0  19:07:00 42.373085 -72.51896   5     18     46  
1148.0  19:08:00 42.371166 -72.51981   5     17     58  
1149.0  19:09:00 42.362656 -72.52078   3     18     55  
1150.0  19:10:00 42.354 -72.5206   3     10     40  
1151.0  19:11:00 42.345554 -72.52051   5     19     57  
1152.0  19:12:00 42.340195 -72.52021   3     13     51  
1153.0  19:13:00 42.334167 -72.52342   3     11     43  
1154.0  19:14:00 42.330402 -72.52395   4     13     43  
1155.0  19:15:00 42.323456 -72.52621   4     14     44  
1156.0  19:16:00 42.325226 -72.5305   4     11     52  
1157.0  19:17:00 42.32508 -72.529594   4     11     44  
1158.0  19:18:00 42.322132 -72.52981   5     19     48  
1159.0  19:19:00 42.32171 -72.53415   5     18     48  
1160.0  19:20:00 42.320385 -72.53438   3     14     54  
1161.0  19:21:00 42.319557 -72.52864   4     19     59  
1162.0  19:22:00 42.313557 -72.53087   5     11     48  
1163.0  19:23:00 42.305702 -72.52958   3     13     57  
1164.0  19:24:00 42.296555 -72.53116   5     17     52  
1165.0  19:25:00 42.288143 -72.537964   3     17     48  
1166.0  19:26:00 42.283974 -72.54981   5     16     41  
1167.0  19:27:00 42.27895 -72.55983   5     12     55  
1168.0  19:28:00 42.2716 -72.56564   4     11     42  
1169.0  19:29:00 42.26652 -72.571526   4     13     40  
1170.0  19:30:00 42.261143 -72.572845   4     19     50  
1171.0  19:31:00 42.257954 -72.57265   3     12     47  
1172.0  19:32:00 42.25631 -72.5722   5     13     46  
1173.0  19:33:00 42.254208 -72.57421   4     12     55  
1174.0  19:34:00 42.254257 -72.57418   3     12     57  
1175.0  19:35:00 42.25436 -72.57408   4     18     41  
1176.0  19:36:00 42.254353 -72.57414   4     13     57  
1177.0  19:37:00 42.254322 -72.574135   5     13     44  
1178.0  19:38:00 42.254307 -72.57416   3     15     41  
1179.0  19:39:00 42.254177 -72.57424   3     16     57  
1180.0  19:40:00 42.25423 -72.57431   3     10     58  
1181.0  19:41:00 42.254242 -72.57424   3     18     50  
1182.0  19:42:00 42.253693 -72.5746   4     14     40  
1183.0  19:43:00 42.25522 -72.57683   5     18     45  
1184.0  19:44:00 42.25852 -72.575386   3     14     46  
1185.0  19:45:00 42.262295 -72.572556   4     11     44  
1186.0  19:46:00 42.266968 -72.56756   4     14     40  
1187.0  19:47:00 42.275764 -72.56474   5     18     47  
1188.0  19:48:00 42.281334 -72.55622   5     10     46  
1189.0  19:49:00 42.285473 -72.545135   5     17     44  
1190.0  19:50:00 42.289886 -72.53384   4     11     44  
1191.0  19:51:00 42.300053 -72.529   5     13     55  
1192.0  19:52:00 42.307457 -72.5307   3     16     49  
1193.0  19:53:00 42.31597 -72.530334   3     16     42  
1194.0  19:54:00 42.319942 -72.529785   3     15     59  
1195.0  19:55:00 42.32105 -72.53366   4     15     47  
1196.0  19:56:00 42.321903 -72.531815   4     18     49  
1197.0  19:57:00 42.32316 -72.52841   5     18     54  
1198.0  19:58:00 42.325302 -72.53104   3     13     46  
1199.0  19:59:00 42.32514 -72.52878   4     12     42  
1200.0  20:00:00 42.32355 -72.52466   5     15     43  
1201.0  20:01:00 42.33378 -72.523445   4     14     48  
1202.0  20:02:00 42.339924 -72.52029   3     15     40  
1203.0  20:03:00 42.347046 -72.52034   4     19     43  
1204.0  20:04:00 42.35177 -72.520515   4     10     46  
1205.0  20:05:00 42.361477 -72.52078   4     11     51  
1206.0  20:06:00 42.370785 -72.51978   4     12     40  
1207.0  20:07:00 42.373116 -72.518936   3     10     59  
1208.0  20:08:00 42.37462 -72.51971   5     10     41  
1209.0  20:09:00 42.37744 -72.519875   5     19     55  
1210.0  20:10:00 42.37981 -72.51952   5     16     47  
1211.0  20:11:00 42.383656 -72.520935   3     12     51  
1212.0  20:12:00 42.385944 -72.52246   4     11     50  
1213.0  20:13:00 42.387245 -72.52607   4     15     48  
1214.0  20:14:00 42.38712 -72.52643   3     17     40  
1215.0  20:15:00 42.387096 -72.52645   5     14     50  
1216.0  20:16:00 42.387093 -72.52644   3     11     42  
1217.0  20:17:00 42.385624 -72.52591   5     18     57  
1218.0  20:18:00 42.385887 -72.52277   5     14     49  
1219.0  20:19:00 42.38186 -72.51971   4     19     42  
1220.0  20:20:00 42.37922 -72.519806   4     15     59  
1221.0  20:21:00 42.37722 -72.51998   5     19     40  
1222.0  20:22:00 42.374157 -72.51982   4     18     42  
1223.0  20:23:00 42.3731 -72.518845   4     16     43  
1224.0  20:24:00 42.373127 -72.51884   5     13     50  
1225.0  20:25:00 42.373215 -72.51891   4     10     55  
1226.0  20:26:00 42.373226 -72.5189   5     13     40  
1227.0  20:27:00 42.372475 -72.51982   3     12     53  
1228.0  20:28:00 42.36417 -72.52071   4     16     45  
1229.0  20:29:00 42.35535 -72.52082   5     11     40  
1230.0  20:30:00 42.349663 -72.519936   4     17     46  
1231.0  20:31:00 42.340736 -72.51999   4     15     48  
1232.0  20:32:00 42.336227 -72.52265   3     13     40  
1233.0  20:33:00 42.32605 -72.52442   3     17     57  
1234.0  20:34:00 42.324917 -72.527336   3     15     46  
1235.0  20:35:00 42.325268 -72.53106   5     16     50  
1236.0  20:36:00 42.325134 -72.53108   5     15     43  
1237.0  20:37:00 42.3251 -72.53   3     17     49  
1238.0  20:38:00 42.322395 -72.529144   4     10     49  
1239.0  20:39:00 42.321724 -72.53272   3     12     43  
1240.0  20:40:00 42.320213 -72.53308   5     18     56  
1241.0  20:41:00 42.319233 -72.528015   5     13     48  
1242.0  20:42:00 42.312263 -72.53042   4     14     47  
1243.0  20:43:00 42.3046 -72.52819   4     12     52  
1244.0  20:44:00 42.29423 -72.53125   5     17     42  
1245.0  20:45:00 42.287075 -72.54019   3     19     55  
1246.0  20:46:00 42.283413 -72.5514   3     17     44  
1247.0  20:47:00 42.27853 -72.5605   4     16     58  
1248.0  20:48:00 42.271343 -72.565735   3     14     59  
1249.0  20:49:00 42.26669 -72.57099   5     16     45  
1250.0  20:50:00 42.261505 -72.57277   3     15     52  
1251.0  20:51:00 42.258083 -72.573364   5     18     50  
1252.0  20:52:00 42.256393 -72.57221   5     13     56  
1253.0  20:53:00 42.254337 -72.57433   3     15     54  
1263.0  21:03:00 42.253613 -72.574974   5     17     47  
1264.0  21:04:00 42.256573 -72.57632   5     16     40  
1265.0  21:05:00 42.259777 -72.57391   3     11     59  
1266.0  21:06:00 42.266354 -72.57149   3     13     51  
1267.0  21:07:00 42.27006 -72.565926   4     17     44  
1268.0  21:08:00 42.27769 -72.56196   5     18     44  
1269.0  21:09:00 42.282253 -72.55337   5     10     44  
1270.0  21:10:00 42.28639 -72.54134   4     13     51  
1271.0  21:11:00 42.293217 -72.53151   3     17     46  
1272.0  21:12:00 42.303364 -72.52753   4     17     55  
1273.0  21:13:00 42.309795 -72.52954   5     13     42  
1274.0  21:14:00 42.318493 -72.5288   4     18     41  
1275.0  21:15:00 42.32029 -72.53417   4     18     53  
1276.0  21:16:00 42.321774 -72.532295   5     18     43  
1277.0  21:17:00 42.322563 -72.52874   3     15     49  
1278.0  21:18:00 42.325104 -72.53036   3     15     50  
1279.0  21:19:00 42.325077 -72.53003   4     12     42  
1280.0  21:20:00 42.3235 -72.52633   3     18     40  
1281.0  21:21:00 42.325344 -72.52446   5     19     44  
1282.0  21:22:00 42.335304 -72.523155   5     16     53  
1283.0  21:23:00 42.34082 -72.51992   4     17     51  
1284.0  21:24:00 42.340813 -72.519905   5     19     58  
1285.0  21:25:00 42.340836 -72.52   3     19     43  
1286.0  21:26:00 42.34078 -72.51995   3     18     48  
1287.0  21:27:00 42.340767 -72.519905   3     12     56  
1288.0  21:28:00 42.340786 -72.5199   5     14     49  
1289.0  21:29:00 42.34078 -72.519905   5     17     41  
1290.0  21:30:00 42.341763 -72.519905   4     10     43  
1291.0  21:31:00 42.35065 -72.519966   4     11     51  
1292.0  21:32:00 42.35574 -72.52084   3     13     42  
1293.0  21:33:00 42.36476 -72.52061   4     19     48  
1294.0  21:34:00 42.372364 -72.51951   4     12     49  
1295.0  21:35:00 42.37322 -72.51885   3     12     46  
1296.0  21:36:00 42.37481 -72.51972   5     11     59  
1297.0  21:37:00 42.37684 -72.519875   3     11     53  
1298.0  21:38:00 42.37875 -72.51988   3     18     48  
1299.0  21:39:00 42.381966 -72.5197   5     18     42  
1300.0  21:40:00 42.385963 -72.52238   3     18     41  
1301.0  21:41:00 42.386765 -72.52562   3     14     52  
1302.0  21:42:00 42.387012 -72.52652   3     11     55  
1303.0  21:43:00 42.385555 -72.52588   5     12     58  
1304.0  21:44:00 42.385628 -72.52203   4     16     52  
1305.0  21:45:00 42.381496 -72.51933   5     17     49  
1306.0  21:46:00 42.37795 -72.51999   4     15     56  
1307.0  21:47:00 42.37572 -72.519356   4     14     51  
1308.0  21:48:00 42.373375 -72.51988   4     11     50  
1309.0  21:49:00 42.37209 -72.51878   3     14     46  
1310.0  21:50:00 42.3732 -72.51886   4     11     50  
1311.0  21:51:00 42.368694 -72.52005   5     13     59  
1312.0  21:52:00 42.35922 -72.52084   5     15     40  
1313.0  21:53:00 42.35429 -72.520515   5     12     40  
1314.0  21:54:00 42.345398 -72.520485   3     11     54  
1315.0  21:55:00 42.340256 -72.52013   4     15     58  
1316.0  21:56:00 42.332817 -72.523605   3     12     41  
1317.0  21:57:00 42.325912 -72.524506   3     10     59  
1318.0  21:58:00 42.325214 -72.52736   3     14     49  
1319.0  21:59:00 42.325344 -72.531   5     11     49  
1320.0  22:00:00 42.32504 -72.52898   4     13     52  
1321.0  22:01:00 42.32224 -72.529686   5     13     47  
1322.0  22:02:00 42.32163 -72.53432   3     18     54  
1323.0  22:03:00 42.320038 -72.52975   3     13     59  
1324.0  22:04:00 42.314808 -72.53069   5     14     48  
1325.0  22:05:00 42.30641 -72.53037   3     11     52  
1326.0  22:06:00 42.297894 -72.53072   4     11     53  
1327.0  22:07:00 42.290905 -72.533165   4     16     45  
1328.0  22:08:00 42.286392 -72.54177   3     18     59  
1329.0  22:09:00 42.282413 -72.55363   5     16     58  
1330.0  22:10:00 42.27765 -72.562325   4     18     45  
1331.0  22:11:00 42.269775 -72.56599   5     14     44  
1332.0  22:12:00 42.265644 -72.571754   4     15     45  
1333.0  22:13:00 42.25929 -72.5747   5     19     52  
1334.0  22:14:00 42.258003 -72.572945   4     14     40  
1335.0  22:15:00 42.25595 -72.5723   3     16     45  
1336.0  22:16:00 42.254086 -72.574265   3     13     55  
1344.0  22:24:00 42.257713 -72.57576   4     11     55  
1345.0  22:25:00 42.25799 -72.57578   3     10     42  
1346.0  22:26:00 42.26357 -72.572235   3     14     51  
1347.0  22:27:00 42.267467 -72.5672   4     14     51  
1348.0  22:28:00 42.2758 -72.56473   4     19     44  
1349.0  22:29:00 42.280926 -72.55744   3     12     56  
1350.0  22:30:00 42.283752 -72.55021   5     18     51  
1351.0  22:31:00 42.287796 -72.53834   4     12     42  
1352.0  22:32:00 42.296608 -72.53112   4     11     47  
1353.0  22:33:00 42.305244 -72.528755   5     18     52  
1354.0  22:34:00 42.312378 -72.53043   4     16     59  
1355.0  22:35:00 42.319324 -72.52801   4     15     44  
1356.0  22:36:00 42.320755 -72.534386   5     16     46  
1357.0  22:37:00 42.322094 -72.53011   3     15     52  
1358.0  22:38:00 42.324547 -72.52868   5     15     53  
1359.0  22:39:00 42.325294 -72.531075   5     16     48  
1360.0  22:40:00 42.325115 -72.52875   4     16     57  
1361.0  22:41:00 42.323647 -72.524734   3     14     57  
1362.0  22:42:00 42.33314 -72.52355   5     12     49  
1363.0  22:43:00 42.340813 -72.51994   3     17     52  
1364.0  22:44:00 42.347637 -72.52018   4     19     41  
1366.0  22:46:00 42.36506 -72.520515   3     14     53  
1367.0  22:47:00 42.3723 -72.5195   4     11     58  
1368.0  22:48:00 42.373177 -72.51891   3     13     54  
1369.0  22:49:00 42.374702 -72.51983   4     12     59  
1370.0  22:50:00 42.375336 -72.519775   4     18     54  
1371.0  22:51:00 42.37743 -72.519844   5     19     48  
1372.0  22:52:00 42.379814 -72.519516   3     14     53  
1373.0  22:53:00 42.38467 -72.5215   4     11     57  
1374.0  22:54:00 42.38603 -72.52381   4     15     56  
1375.0  22:55:00 42.387108 -72.526436   4     12     56  
1376.0  22:56:00 42.386803 -72.52646   4     16     40  
1377.0  22:57:00 42.38534 -72.525734   3     12     50  
1379.0  22:59:00 42.380646 -72.51933   5     10     57  
1380.0  23:00:00 42.376728 -72.51989   3     12     43  
1381.0  23:01:00 42.372715 -72.51983   3     10     45  
1382.0  23:02:00 42.373165 -72.51893   4     13     41  
1383.0  23:03:00 42.373062 -72.51883   3     14     44  
1384.0  23:04:00 42.37314 -72.518814   3     17     40  
1385.0  23:05:00 42.373188 -72.51876   5     16     55  
1386.0  23:06:00 42.373165 -72.51879   3     15     48  
1387.0  23:07:00 42.372593 -72.51982   5     10     50  
1388.0  23:08:00 42.364723 -72.52058   3     13     43  
1389.0  23:09:00 42.355816 -72.52092   5     16     49  
1390.0  23:10:00 42.349396 -72.51997   3     13     47  
1391.0  23:11:00 42.340534 -72.520065   5     18     55  
1392.0  23:12:00 42.33473 -72.52332   5     11     55  
1393.0  23:13:00 42.324577 -72.52464   3     16     47  
1394.0  23:14:00 42.3251 -72.528625   3     13     41  
1395.0  23:15:00 42.32523 -72.531136   5     16     54  
1397.0  23:17:00 42.325104 -72.528984   5     14     56  
1398.0  23:18:00 42.322174 -72.52977   5     18     43  
1399.0  23:19:00 42.32168 -72.53285   5     17     47  
1400.0  23:20:00 42.320255 -72.5325   3     19     43  
1401.0  23:21:00 42.317596 -72.52965   5     14     59  
1402.0  23:22:00 42.308815 -72.52961   3     19     51  
1403.0  23:23:00 42.301655 -72.52788   3     19     46  
1404.0  23:24:00 42.29117 -72.532845   5     19     47  
1405.0  23:25:00 42.28569 -72.543686   3     13     46  
1406.0  23:26:00 42.28203 -72.55446   3     14     58  
1407.0  23:27:00 42.277138 -72.56303   5     10     53  
1408.0  23:28:00 42.269596 -72.56604   5     12     58  
1409.0  23:29:00 42.265957 -72.57171   5     11     44  
1410.0  23:30:00 42.25938 -72.57449   3     11     49  
1411.0  23:31:00 42.256725 -72.572205   3     12     56  
1412.0  23:32:00 42.25417 -72.57421   4     13     42  
1423.0  23:43:00 42.25761 -72.57595   3     13     58  
1424.0  23:44:00 42.262207 -72.57257   3     14     41  
1425.0  23:45:00 42.266537 -72.56844   4     12     48  
1426.0  23:46:00 42.27373 -72.56516   4     17     46  
1427.0  23:47:00 42.27982 -72.55918   3     12     40  
1428.0  23:48:00 42.28239 -72.5534   3     11     45  
1429.0  23:49:00 42.28576 -72.54334   5     13     42  
1430.0  23:50:00 42.290802 -72.53302   3     17     48  
1431.0  23:51:00 42.301052 -72.52821   3     15     48  
1432.0  23:52:00 42.307343 -72.53073   4     13     51  
1433.0  23:53:00 42.31592 -72.530266   5     14     50  
1435.0  23:55:00 42.32128 -72.53424   3     11     48  
1436.0  23:56:00 42.32212 -72.529945   4     11     54  
1437.0  23:57:00 42.32502 -72.528694   3     15     54  
1438.0  23:58:00 42.325195 -72.53088   5     19     55  
1439.0  23:59:00 42.32492 -72.53048   5     11     51  
