554.0  09:14:00 0.0 -0.0   21     21     24  
554.0  09:14:21 0.0 -0.0   22     21     24  
554.0  09:14:32 0.0 -0.0   20     21     20  
554.0  09:14:40 0.0 -0.0   23     20     23  
554.0  09:14:48 0.0 -0.0   22     24     22  
554.0  09:14:57 0.0 -0.0   22     22     21  
555.0  09:15:00 0.0 -0.0   20     23     20  
555.0  09:15:05 0.0 -0.0   21     21     20  
555.0  09:15:13 0.0 -0.0   23     20     24  
556.0  09:16:10 0.0 -1.8111362E22   23     22     24  
556.0  09:16:22 0.0 -0.0   23     22     22  
556.0  09:16:35 0.0 -1.1095744E27   24     20     22  
558.0  09:18:00 0.0 -0.0   23     21     24  
558.0  09:18:05 0.0 -0.0   21     20     24  
558.0  09:18:15 0.0 -0.0   20     21     24  
558.0  09:18:24 0.0 -0.0   22     21     21  
558.0  09:18:33 0.0 -0.0   20     22     22  
558.0  09:18:41 0.0 -0.0   24     23     20  
558.0  09:18:49 0.0 -0.0   20     24     24  
558.0  09:18:58 0.0 -0.0   20     23     20  
559.0  09:19:00 0.0 -0.0   22     24     23  
559.0  09:19:09 0.0 -0.0   22     21     20  
559.0  09:19:17 0.0 -0.0   22     24     22  
559.0  09:19:26 0.0 -0.0   21     20     21  
559.0  09:19:34 0.0 -0.0   21     21     23  
559.0  09:19:43 0.0 -0.0   23     20     23  
559.0  09:19:51 0.0 -0.0   24     22     20  
560.0  09:20:00 0.0 -0.0   20     22     20  
560.0  09:20:02 0.0 -0.0   23     21     20  
560.0  09:20:11 0.0 -0.0   23     23     22  
560.0  09:20:19 0.0 -0.0   22     24     24  
560.0  09:20:27 0.0 -0.0   24     21     24  
560.0  09:20:36 42.39456 -72.53367   21     22     23  
560.0  09:20:44 42.39454 -72.53365   20     22     22  
560.0  09:20:55 42.3946 -72.533615   23     21     24  
561.0  09:21:00 42.394566 -72.5336   20     23     22  
561.0  09:21:04 42.394566 -72.5336   21     21     22  
561.0  09:21:13 42.39458 -72.53358   22     23     20  
562.0  09:22:04 42.39459 -72.53357   20     23     20  
562.0  09:22:17 42.394604 -72.533485   22     22     20  
562.0  09:22:29 42.394577 -72.533585   24     21     24  
562.0  09:22:42 42.394558 -72.53364   21     22     22  
562.0  09:22:54 42.394573 -72.53363   21     23     23  
563.0  09:23:44 42.394566 -72.533585   21     22     23  
563.0  09:23:55 42.39456 -72.5336   24     20     22  
564.0  09:24:00 42.39456 -72.53359   20     20     22  
564.0  09:24:04 42.39456 -72.533585   23     21     23  
564.0  09:24:13 42.394634 -72.53361   24     20     22  
564.0  09:24:21 42.394672 -72.533585   23     22     23  
564.0  09:24:31 42.39473 -72.53315   24     23     21  
564.0  09:24:39 42.39426 -72.53302   20     23     20  
564.0  09:24:50 42.39342 -72.53257   20     20     23  
564.0  09:24:59 42.393227 -72.53247   23     23     21  
565.0  09:25:00 42.39315 -72.532555   23     22     23  
565.0  09:25:07 42.39293 -72.53313   24     23     23  
565.0  09:25:16 42.392693 -72.53401   23     21     20  
565.0  09:25:24 42.392513 -72.534676   22     22     23  
565.0  09:25:32 42.392406 -72.53548   23     23     24  
565.0  09:25:43 42.392437 -72.53686   20     23     20  
565.0  09:25:52 42.39246 -72.53752   21     23     21  
566.0  09:26:00 42.392727 -72.53787   23     20     20  
566.0  09:26:00 42.392826 -72.53792   23     24     22  
566.0  09:26:09 42.393127 -72.53787   21     23     24  
566.0  09:26:18 42.393066 -72.53792   24     20     24  
566.0  09:26:27 42.393063 -72.5379   22     21     22  
566.0  09:26:38 42.39308 -72.537895   22     24     22  
566.0  09:26:47 42.393036 -72.53787   22     24     20  
566.0  09:26:55 42.39309 -72.53787   24     24     20  
567.0  09:27:00 42.393105 -72.53787   24     24     22  
567.0  09:27:04 42.39311 -72.53787   20     20     20  
567.0  09:27:12 42.393112 -72.53789   22     23     23  
567.0  09:27:20 42.393143 -72.53791   24     23     24  
567.0  09:27:31 42.393112 -72.537895   20     21     23  
567.0  09:27:40 42.393078 -72.537865   21     23     24  
567.0  09:27:49 42.393097 -72.53788   22     20     24  
567.0  09:27:58 42.39308 -72.53788   24     22     23  
568.0  09:28:00 42.393078 -72.537895   21     23     20  
568.0  09:28:07 42.393063 -72.53792   22     24     24  
568.0  09:28:16 42.392998 -72.53793   20     22     20  
568.0  09:28:27 42.393307 -72.53777   24     23     23  
568.0  09:28:35 42.39349 -72.53743   20     21     20  
568.0  09:28:44 42.39354 -72.53693   23     22     24  
568.0  09:28:53 42.393665 -72.53655   24     23     20  
569.0  09:29:00 42.39367 -72.53617   23     21     20  
569.0  09:29:01 42.393665 -72.536224   24     22     22  
569.0  09:29:10 42.39364 -72.53573   23     23     24  
569.0  09:29:22 42.393955 -72.53495   20     22     24  
569.0  09:29:30 42.394085 -72.53441   21     22     24  
569.0  09:29:39 42.393894 -72.534325   21     23     24  
569.0  09:29:47 42.393734 -72.534195   24     24     24  
569.0  09:29:55 42.39322 -72.53409   21     20     22  
570.0  09:30:00 42.39295 -72.534   20     23     23  
570.0  09:30:04 42.39294 -72.534004   20     24     22  
570.0  09:30:14 42.392902 -72.53403   20     22     23  
570.0  09:30:23 42.392593 -72.53357   23     20     22  
570.0  09:30:32 42.393085 -72.53262   21     24     21  
570.0  09:30:40 42.393517 -72.53249   21     20     21  
570.0  09:30:49 42.39425 -72.53284   24     24     22  
570.0  09:30:57 42.394955 -72.53326   23     24     22  
571.0  09:31:00 42.39498 -72.53369   20     20     22  
571.0  09:31:08 42.394863 -72.53401   22     21     20  
571.0  09:31:16 42.394657 -72.53399   20     24     21  
571.0  09:31:25 42.394615 -72.53398   20     23     20  
571.0  09:31:33 42.394615 -72.53398   21     24     23  
571.0  09:31:43 42.394615 -72.53398   20     23     24  
571.0  09:31:56 42.394615 -72.53398   20     21     24  
572.0  09:32:00 42.394615 -72.53398   22     20     21  
920.0  15:20:34 0.0 -0.0   23     23     23  
920.0  15:20:46 0.0 -1.1095744E27   24     24     20  
920.0  15:20:58 0.0 -1.8111362E22   23     24     22  
921.0  15:21:11 0.0 -1.8111362E22   21     21     24  
922.0  15:22:00 0.0 -0.0   23     22     21  
922.0  15:22:20 0.0 -0.0   22     24     22  
922.0  15:22:34 0.0 -0.0   22     21     24  
922.0  15:22:45 0.0 -0.0   22     20     22  
922.0  15:22:53 0.0 -0.0   20     23     24  
923.0  15:23:00 0.0 -0.0   23     22     22  
923.0  15:23:01 0.0 -0.0   23     23     23  
923.0  15:23:10 0.0 -0.0   21     24     20  
923.0  15:23:18 0.0 -0.0   21     24     22  
923.0  15:23:26 0.0 -0.0   21     22     23  
923.0  15:23:37 0.0 -0.0   24     20     24  
923.0  15:23:45 0.0 -0.0   24     21     22  
923.0  15:23:55 0.0 -0.0   24     21     24  
924.0  15:24:00 0.0 -0.0   23     23     22  
924.0  15:24:53 0.0 -0.0   21     20     20  
925.0  15:25:00 0.0 -0.0   23     20     22  
925.0  15:25:04 0.0 -0.0   22     24     22  
925.0  15:25:12 0.0 -0.0   22     23     21  
925.0  15:25:20 0.0 -0.0   21     21     24  
925.0  15:25:23 0.0 -0.0   23     22     21  
925.0  15:25:37 0.0 -0.0   20     23     23  
925.0  15:25:47 0.0 -0.0   20     22     21  
925.0  15:25:56 0.0 -0.0   22     21     20  
926.0  15:26:00 0.0 -0.0   20     23     20  
926.0  15:26:06 0.0 -0.0   23     20     24  
926.0  15:26:15 0.0 -0.0   21     21     20  
926.0  15:26:35 0.0 -0.0   24     23     22  
926.0  15:26:45 0.0 -0.0   21     20     22  
926.0  15:26:54 0.0 -0.0   20     21     22  
927.0  15:27:00 0.0 -0.0   23     23     20  
927.0  15:27:02 0.0 -0.0   23     20     21  
927.0  15:27:11 0.0 -0.0   23     22     20  
927.0  15:27:19 0.0 -0.0   21     21     23  
927.0  15:27:28 0.0 -0.0   22     23     22  
927.0  15:27:40 0.0 -0.0   23     22     23  
928.0  15:28:00 0.0 -0.0   23     21     21  
928.0  15:28:56 0.0 -0.0   21     22     24  
929.0  15:29:00 0.0 -0.0   24     22     20  
929.0  15:29:07 0.0 -0.0   20     22     24  
929.0  15:29:15 0.0 -0.0   23     22     23  
929.0  15:29:23 0.0 -0.0   21     21     22  
929.0  15:29:32 0.0 -0.0   23     23     24  
929.0  15:29:40 0.0 -0.0   23     24     22  
929.0  15:29:49 0.0 -0.0   23     20     21  
929.0  15:29:59 0.0 -0.0   24     22     24  
930.0  15:30:00 0.0 -0.0   23     20     24  
930.0  15:30:07 0.0 -0.0   24     23     21  
931.0  15:31:00 0.0 -0.0   23     20     21  
931.0  15:31:19 0.0 -0.0   20     23     22  
931.0  15:31:29 0.0 -0.0   24     20     20  
931.0  15:31:38 0.0 -0.0   24     20     23  
931.0  15:31:46 0.0 -0.0   23     22     24  
931.0  15:31:50 0.0 -0.0   24     24     20  
931.0  15:31:55 0.0 -0.0   20     23     22  
932.0  15:32:00 0.0 -0.0   20     24     23  
932.0  15:32:03 0.0 -0.0   23     23     22  
932.0  15:32:11 0.0 -0.0   21     20     23  
932.0  15:32:22 0.0 -0.0   20     22     24  
932.0  15:32:31 0.0 -0.0   23     21     20  
932.0  15:32:40 0.0 -0.0   23     20     20  
932.0  15:32:50 0.0 -0.0   24     23     21  
932.0  15:32:58 0.0 -0.0   21     23     21  
933.0  15:33:00 0.0 -0.0   23     23     21  
933.0  15:33:07 0.0 -0.0   21     22     21  
933.0  15:33:18 0.0 -0.0   24     24     23  
933.0  15:33:27 0.0 -0.0   23     23     20  
933.0  15:33:36 0.0 -0.0   20     22     23  
933.0  15:33:44 0.0 -0.0   21     21     20  
934.0  15:34:00 0.0 -0.0   21     22     23  
934.0  15:34:00 0.0 -0.0   23     20     21  
934.0  15:34:12 0.0 -0.0   22     20     20  
934.0  15:34:20 0.0 -0.0   23     20     20  
934.0  15:34:32 0.0 -0.0   20     24     22  
934.0  15:34:40 0.0 -0.0   20     20     21  
934.0  15:34:49 0.0 -0.0   20     23     20  
934.0  15:34:58 0.0 -0.0   22     23     24  
935.0  15:35:00 0.0 -0.0   23     22     21  
935.0  15:35:14 0.0 -0.0   20     23     23  
935.0  15:35:23 0.0 -0.0   22     23     23  
935.0  15:35:32 0.0 -0.0   23     24     23  
935.0  15:35:41 0.0 -0.0   24     22     24  
935.0  15:35:49 0.0 -0.0   24     21     20  
935.0  15:35:58 0.0 -0.0   20     24     22  
936.0  15:36:00 0.0 -0.0   22     21     20  
936.0  15:36:09 0.0 -0.0   22     20     24  
936.0  15:36:17 0.0 -0.0   21     24     20  
936.0  15:36:26 0.0 -0.0   23     21     20  
936.0  15:36:39 0.0 -0.0   21     20     22  
936.0  15:36:47 0.0 -0.0   23     22     21  
936.0  15:36:56 0.0 -0.0   23     23     23  
937.0  15:37:00 0.0 -0.0   21     24     21  
937.0  15:37:07 0.0 -0.0   21     24     24  
937.0  15:37:15 0.0 -0.0   20     24     20  
937.0  15:37:24 0.0 -0.0   21     22     20  
937.0  15:37:33 0.0 -0.0   22     21     22  
937.0  15:37:43 0.0 -0.0   20     23     22  
937.0  15:37:52 0.0 -0.0   22     20     22  
938.0  15:38:00 0.0 -0.0   21     21     23  
938.0  15:38:03 0.0 -0.0   24     23     20  
938.0  15:38:15 0.0 -0.0   20     20     20  
939.0  15:39:00 0.0 -0.0   23     22     23  
939.0  15:39:13 0.0 -0.0   21     21     20  
939.0  15:39:25 0.0 -0.0   22     23     20  
939.0  15:39:34 0.0 -0.0   24     20     23  
939.0  15:39:42 0.0 -0.0   22     23     23  
939.0  15:39:51 0.0 -0.0   21     23     22  
940.0  15:40:00 0.0 -0.0   24     20     20  
940.0  15:40:00 0.0 -0.0   21     21     24  
940.0  15:40:09 0.0 -0.0   21     23     22  
940.0  15:40:20 0.0 -0.0   22     21     22  
940.0  15:40:30 0.0 -0.0   24     24     24  
940.0  15:40:48 0.0 -0.0   24     22     20  
941.0  15:41:00 0.0 -0.0   22     23     21  
941.0  15:41:14 0.0 -0.0   24     20     20  
941.0  15:41:25 0.0 -0.0   24     22     21  
941.0  15:41:34 0.0 -0.0   20     23     23  
941.0  15:41:47 0.0 -0.0   21     23     20  
941.0  15:41:57 0.0 -0.0   20     24     22  
942.0  15:42:00 0.0 -0.0   24     23     23  
942.0  15:42:06 0.0 -0.0   22     22     20  
942.0  15:42:17 0.0 -0.0   21     24     22  
942.0  15:42:25 0.0 -0.0   23     21     21  
942.0  15:42:33 0.0 -0.0   21     24     23  
942.0  15:42:41 0.0 -0.0   23     24     23  
942.0  15:42:49 0.0 -0.0   21     21     23  
942.0  15:42:58 0.0 -0.0   24     24     22  
943.0  15:43:00 0.0 -0.0   20     23     20  
943.0  15:43:08 0.0 -0.0   23     21     24  
943.0  15:43:16 0.0 -0.0   21     24     20  
943.0  15:43:24 0.0 -0.0   24     23     23  
943.0  15:43:33 0.0 -0.0   22     24     20  
943.0  15:43:42 0.0 -0.0   21     22     22  
943.0  15:43:50 0.0 -0.0   22     24     24  
944.0  15:44:00 0.0 -0.0   20     23     23  
944.0  15:44:01 0.0 -0.0   23     22     23  
944.0  15:44:09 0.0 -0.0   20     23     24  
944.0  15:44:17 0.0 -0.0   22     21     24  
944.0  15:44:25 0.0 -0.0   24     21     24  
944.0  15:44:34 0.0 -0.0   20     23     23  
944.0  15:44:42 0.0 -0.0   23     20     22  
944.0  15:44:52 0.0 -0.0   22     20     24  
945.0  15:45:00 0.0 -0.0   24     22     22  
945.0  15:45:01 0.0 -0.0   22     21     20  
945.0  15:45:09 0.0 -0.0   20     24     21  
945.0  15:45:17 0.0 -0.0   22     24     20  
945.0  15:45:26 0.0 -0.0   20     24     23  
945.0  15:45:35 0.0 -0.0   21     22     24  
945.0  15:45:48 0.0 -0.0   24     22     24  
945.0  15:45:56 0.0 -0.0   22     23     22  
946.0  15:46:00 0.0 -0.0   21     21     21  
946.0  15:46:04 0.0 -0.0   23     20     24  
946.0  15:46:13 0.0 -0.0   20     22     20  
946.0  15:46:21 0.0 -0.0   21     20     24  
946.0  15:46:30 0.0 -0.0   22     21     23  
946.0  15:46:40 0.0 -0.0   20     21     24  
946.0  15:46:49 0.0 -0.0   24     24     20  
946.0  15:46:57 0.0 -0.0   23     23     23  
947.0  15:47:00 0.0 -0.0   23     21     24  
947.0  15:47:06 0.0 -0.0   24     24     20  
947.0  15:47:14 0.0 -0.0   22     22     23  
947.0  15:47:23 0.0 -0.0   23     24     24  
947.0  15:47:33 0.0 -0.0   20     22     22  
947.0  15:47:42 0.0 -0.0   22     22     24  
947.0  15:47:50 0.0 -0.0   22     22     21  
947.0  15:47:59 0.0 -0.0   20     20     24  
948.0  15:48:00 42.378834 -72.520134   22     24     21  
948.0  15:48:08 42.37932 -72.52004   22     22     21  
948.0  15:48:17 42.379498 -72.52   21     24     24  
948.0  15:48:38 42.381577 -72.5196   23     20     24  
948.0  15:48:49 42.38161 -72.51953   23     24     20  
949.0  15:49:00 42.381817 -72.519516   23     23     22  
949.0  15:49:06 42.381817 -72.519516   21     22     22  
949.0  15:49:14 42.381817 -72.519516   22     20     24  
949.0  15:49:25 42.381817 -72.519516   23     24     23  
949.0  15:49:36 42.382053 -72.51947   23     24     20  
949.0  15:49:45 42.381794 -72.519455   21     24     24  
949.0  15:49:55 42.381927 -72.51946   20     20     22  
950.0  15:50:00 42.382008 -72.51969   24     24     20  
950.0  15:50:05 42.382153 -72.51979   21     24     22  
950.0  15:50:19 42.382664 -72.52034   21     21     23  
950.0  15:50:27 42.383224 -72.52061   23     24     22  
950.0  15:50:36 42.3835 -72.52081   21     24     22  
950.0  15:50:45 42.3843 -72.521255   20     22     24  
950.0  15:50:54 42.384827 -72.52158   24     21     20  
951.0  15:51:00 42.385624 -72.52202   22     22     21  
951.0  15:51:02 42.38561 -72.52194   21     21     22  
951.0  15:51:15 42.38612 -72.5225   22     22     21  
951.0  15:51:23 42.386524 -72.52242   22     21     24  
951.0  15:51:32 42.38713 -72.52273   21     21     23  
951.0  15:51:40 42.38707 -72.52277   22     23     23  
951.0  15:51:48 42.387203 -72.5228   22     24     20  
951.0  15:51:56 42.38715 -72.52283   21     24     23  
952.0  15:52:00 42.387238 -72.522865   21     21     24  
952.0  15:52:06 42.38751 -72.52326   24     24     24  
952.0  15:52:14 42.387787 -72.523506   24     21     24  
952.0  15:52:23 42.387836 -72.52359   21     24     21  
952.0  15:52:31 42.38805 -72.52376   24     24     20  
952.0  15:52:40 42.3878 -72.52359   23     22     24  
952.0  15:52:48 42.3878 -72.52359   23     23     23  
953.0  15:53:00 42.387768 -72.52355   20     20     23  
953.0  15:53:00 42.38775 -72.52352   23     23     20  
953.0  15:53:09 42.387733 -72.523506   23     24     21  
953.0  15:53:17 42.387707 -72.52349   22     23     24  
953.0  15:53:25 42.387707 -72.523506   20     22     21  
953.0  15:53:34 42.387726 -72.523544   24     22     23  
953.0  15:53:43 42.387745 -72.52356   21     21     23  
953.0  15:53:53 42.387753 -72.52356   23     21     21  
954.0  15:54:00 42.387753 -72.52356   20     21     22  
954.0  15:54:01 42.387753 -72.52356   20     21     23  
954.0  15:54:10 42.38775 -72.52355   20     22     22  
954.0  15:54:19 42.38775 -72.52355   20     20     22  
954.0  15:54:27 42.38775 -72.52355   21     22     22  
954.0  15:54:36 42.387753 -72.52355   23     24     22  
954.0  15:54:49 42.387756 -72.52356   21     22     23  
954.0  15:54:57 42.38776 -72.52356   20     24     20  
955.0  15:55:00 42.38777 -72.523575   20     21     24  
955.0  15:55:07 42.38777 -72.52357   20     20     21  
955.0  15:55:17 42.387783 -72.523575   21     23     24  
955.0  15:55:26 42.387787 -72.52358   21     24     23  
955.0  15:55:38 42.387775 -72.52357   21     20     21  
955.0  15:55:47 42.387768 -72.52357   23     23     23  
955.0  15:55:55 42.38775 -72.52362   21     22     23  
956.0  15:56:00 42.387856 -72.523766   22     20     22  
956.0  15:56:08 42.387894 -72.52381   22     20     24  
956.0  15:56:17 42.388412 -72.52429   23     22     21  
956.0  15:56:29 42.38909 -72.52465   22     21     20  
956.0  15:56:38 42.390068 -72.52499   24     23     23  
956.0  15:56:47 42.390717 -72.525154   20     24     24  
956.0  15:56:55 42.391148 -72.52516   23     20     21  
957.0  15:57:00 42.391293 -72.52515   23     22     22  
957.0  15:57:05 42.391293 -72.52515   22     21     24  
957.0  15:57:16 42.39158 -72.52539   21     23     23  
957.0  15:57:27 42.39238 -72.52559   21     20     20  
957.0  15:57:35 42.392673 -72.525604   20     20     20  
957.0  15:57:45 42.393272 -72.525826   24     22     21  
957.0  15:57:54 42.393875 -72.5261   23     23     21  
958.0  15:58:00 42.394016 -72.52618   24     24     21  
958.0  15:58:03 42.39402 -72.52618   20     24     20  
958.0  15:58:11 42.393913 -72.52617   21     20     20  
958.0  15:58:23 42.393875 -72.526115   20     24     21  
958.0  15:58:32 42.39391 -72.52614   23     21     24  
958.0  15:58:41 42.39392 -72.52615   23     22     22  
959.0  15:59:00 42.393944 -72.52623   21     24     21  
959.0  15:59:03 42.39397 -72.52618   22     22     20  
959.0  15:59:16 42.39467 -72.526634   23     20     23  
959.0  15:59:21 42.394943 -72.52673   20     24     24  
959.0  15:59:26 42.394962 -72.52677   20     23     21  
959.0  15:59:29 42.39482 -72.526695   22     21     20  
959.0  15:59:36 42.394993 -72.52675   20     20     21  
959.0  15:59:41 42.394997 -72.52677   24     22     23  
959.0  15:59:46 42.39493 -72.52676   24     21     22  
959.0  15:59:51 42.39498 -72.526764   20     22     21  
960.0  16:00:00 42.39488 -72.52665   21     23     23  
960.0  16:00:01 42.39488 -72.52665   20     22     23  
960.0  16:00:34 42.395885 -72.52741   21     20     20  
960.0  16:00:40 42.395885 -72.52741   23     22     22  
961.0  16:01:00 42.395885 -72.52741   20     22     20  
961.0  16:01:45 42.4415 -72.53117   24     22     22  
961.0  16:01:57 42.431484 -72.531204   21     22     24  
962.0  16:02:00 42.427555 -72.531334   21     21     22  
962.0  16:02:05 42.42675 -72.53139   21     24     21  
962.0  16:02:16 42.42428 -72.531456   21     20     23  
962.0  16:02:24 42.422085 -72.53145   21     20     24  
962.0  16:02:32 42.421555 -72.531494   20     20     24  
962.0  16:02:41 42.410816 -72.53122   21     24     24  
962.0  16:02:52 42.41156 -72.53149   22     21     21  
963.0  16:03:00 42.413162 -72.531845   23     24     21  
963.0  16:03:02 42.41289 -72.531784   20     23     23  
963.0  16:03:11 42.41408 -72.532135   23     21     22  
963.0  16:03:19 42.414974 -72.53264   22     24     23  
963.0  16:03:27 42.416023 -72.53326   23     23     24  
963.0  16:03:36 42.417316 -72.53404   22     23     21  
963.0  16:03:48 42.41912 -72.535095   21     23     23  
963.0  16:03:56 42.420288 -72.53575   22     22     20  
964.0  16:04:00 42.42122 -72.5363   24     22     22  
964.0  16:04:05 42.421413 -72.53642   24     22     22  
964.0  16:04:14 42.42184 -72.53687   23     20     24  
964.0  16:04:23 42.422016 -72.53731   23     23     23  
964.0  16:04:32 42.42248 -72.53738   24     20     22  
964.0  16:04:42 42.424343 -72.5383   23     23     23  
964.0  16:04:50 42.42577 -72.53918   20     21     22  
964.0  16:04:59 42.427258 -72.54018   21     20     23  
965.0  16:05:00 42.42819 -72.54085   20     22     24  
965.0  16:05:07 42.428837 -72.54132   21     20     21  
965.0  16:05:16 42.42993 -72.54227   22     21     22  
965.0  16:05:25 42.430912 -72.5432   23     20     24  
965.0  16:05:35 42.432068 -72.5442   21     21     20  
965.0  16:05:44 42.433277 -72.54507   21     23     20  
965.0  16:05:52 42.434593 -72.54582   22     24     21  
966.0  16:06:00 42.435966 -72.54649   20     21     21  
966.0  16:06:00 42.43652 -72.54676   24     21     24  
966.0  16:06:08 42.437378 -72.547195   24     22     20  
966.0  16:06:16 42.43867 -72.54801   21     22     21  
966.0  16:06:27 42.44031 -72.549324   20     22     20  
966.0  16:06:35 42.441544 -72.550545   21     22     20  
966.0  16:06:43 42.44293 -72.55214   22     20     22  
966.0  16:06:51 42.44411 -72.55317   23     21     21  
967.0  16:07:00 42.445396 -72.55397   21     23     22  
967.0  16:07:00 42.445995 -72.554344   21     22     23  
967.0  16:07:09 42.446728 -72.55491   24     23     23  
967.0  16:07:20 42.448135 -72.55679   22     23     22  
968.0  16:08:00 42.452244 -72.56345   20     22     21  
968.0  16:08:01 42.45212 -72.56326   24     23     24  
968.0  16:08:11 42.45221 -72.56351   24     24     20  
968.0  16:08:20 42.452408 -72.56389   22     24     23  
968.0  16:08:28 42.453094 -72.56487   23     22     22  
968.0  16:08:36 42.454098 -72.566055   21     21     21  
968.0  16:08:44 42.455208 -72.56715   20     22     21  
968.0  16:08:53 42.456554 -72.56836   23     20     20  
969.0  16:09:00 42.458324 -72.57002   23     22     20  
969.0  16:09:04 42.458324 -72.57002   24     24     22  
969.0  16:09:13 42.45984 -72.571434   20     23     24  
969.0  16:09:22 42.46131 -72.57253   24     23     24  
969.0  16:09:31 42.46294 -72.57341   21     21     22  
969.0  16:09:41 42.46419 -72.57425   23     21     22  
969.0  16:09:49 42.46522 -72.575516   22     24     22  
970.0  16:10:00 42.466038 -72.57718   24     24     20  
970.0  16:10:00 42.466137 -72.57748   24     23     21  
970.0  16:10:08 42.46632 -72.57831   23     24     24  
970.0  16:10:17 42.46645 -72.57914   23     21     23  
970.0  16:10:25 42.466473 -72.57931   21     22     22  
970.0  16:10:34 42.46652 -72.57979   24     23     23  
970.0  16:10:44 42.466694 -72.58136   22     22     23  
970.0  16:10:57 42.46724 -72.58361   24     24     23  
971.0  16:11:00 42.467667 -72.58502   20     23     21  
971.0  16:11:06 42.467865 -72.58567   20     22     21  
971.0  16:11:15 42.468544 -72.58762   21     24     20  
971.0  16:11:24 42.46929 -72.59016   22     20     20  
971.0  16:11:32 42.469673 -72.59245   23     22     20  
971.0  16:11:40 42.469833 -72.594444   20     24     21  
971.0  16:11:51 42.46743 -72.59446   21     20     22  
971.0  16:11:59 42.467392 -72.59478   21     24     22  
972.0  16:12:00 42.46746 -72.5948   24     21     24  
972.0  16:12:08 42.467747 -72.59523   20     20     22  
972.0  16:12:22 42.468582 -72.59613   24     24     24  
972.0  16:12:30 42.469997 -72.59795   24     21     20  
972.0  16:12:41 42.471195 -72.59954   22     24     24  
972.0  16:12:50 42.47196 -72.600586   24     20     21  
972.0  16:12:58 42.472645 -72.6014   21     20     21  
973.0  16:13:00 42.47275 -72.601555   22     20     20  
973.0  16:13:08 42.472584 -72.60148   20     22     23  
973.0  16:13:18 42.47245 -72.60141   22     20     20  
973.0  16:13:27 42.472733 -72.60181   24     23     23  
973.0  16:13:39 42.47384 -72.60323   20     22     22  
973.0  16:13:47 42.474663 -72.60429   22     21     22  
973.0  16:13:56 42.475494 -72.60546   20     22     24  
974.0  16:14:00 42.4761 -72.606316   20     21     23  
974.0  16:14:05 42.476288 -72.60655   23     20     24  
974.0  16:14:15 42.476986 -72.60739   24     23     20  
974.0  16:14:24 42.477097 -72.60748   24     24     22  
974.0  16:14:35 42.47707 -72.60748   23     20     23  
974.0  16:14:44 42.476986 -72.60746   21     24     20  
974.0  16:14:53 42.477005 -72.60749   21     23     21  
975.0  16:15:00 42.477077 -72.60752   24     23     24  
975.0  16:15:04 42.47709 -72.60753   21     24     22  
975.0  16:15:12 42.477165 -72.60755   20     24     23  
975.0  16:15:21 42.47719 -72.60757   22     23     20  
975.0  16:15:32 42.47716 -72.60757   21     23     22  
975.0  16:15:41 42.47717 -72.607574   23     24     24  
975.0  16:15:50 42.477203 -72.60759   22     22     22  
975.0  16:15:59 42.47725 -72.60758   22     20     20  
976.0  16:16:00 42.477257 -72.60757   20     24     22  
976.0  16:16:15 42.477215 -72.60762   22     21     23  
976.0  16:16:27 42.477783 -72.60791   22     23     24  
976.0  16:16:36 42.477726 -72.608154   22     23     24  
976.0  16:16:45 42.477566 -72.608444   22     23     21  
976.0  16:16:54 42.477192 -72.60837   24     20     20  
977.0  16:17:00 42.47746 -72.60813   20     22     23  
977.0  16:17:04 42.47746 -72.60813   20     21     22  
977.0  16:17:12 42.477074 -72.60734   24     21     21  
977.0  16:17:23 42.47622 -72.606155   24     21     20  
977.0  16:17:34 42.47528 -72.604935   21     23     22  
977.0  16:17:42 42.474495 -72.6037   22     23     23  
977.0  16:17:51 42.47347 -72.60236   22     22     20  
978.0  16:18:00 42.472897 -72.60092   23     22     24  
978.0  16:18:01 42.472984 -72.601265   21     20     23  
978.0  16:18:09 42.471012 -72.59953   22     22     24  
978.0  16:18:20 42.471245 -72.59958   24     23     22  
978.0  16:18:28 42.471245 -72.59958   21     21     24  
978.0  16:18:37 42.471245 -72.59958   23     24     23  
978.0  16:18:46 42.467648 -72.59502   20     23     24  
979.0  16:19:00 42.4675 -72.594826   20     24     24  
979.0  16:19:00 42.46744 -72.59482   24     21     22  
979.0  16:19:17 42.467335 -72.59472   21     20     21  
979.0  16:19:26 42.467377 -72.593704   20     22     21  
979.0  16:19:34 42.467617 -72.59201   24     24     21  
979.0  16:19:43 42.467995 -72.59029   24     21     21  
979.0  16:19:51 42.468395 -72.58827   20     23     24  
979.0  16:19:59 42.468132 -72.586555   22     21     24  
980.0  16:20:00 42.46787 -72.58571   20     24     23  
980.0  16:20:10 42.46748 -72.58443   21     20     23  
980.0  16:20:19 42.466915 -72.58254   24     23     24  
980.0  16:20:28 42.466557 -72.580986   24     24     20  
980.0  16:20:37 42.46647 -72.58006   20     24     21  
980.0  16:20:47 42.46627 -72.57882   23     22     21  
980.0  16:20:56 42.465855 -72.57723   23     24     22  
981.0  16:21:00 42.46521 -72.575775   21     20     24  
981.0  16:21:07 42.464752 -72.57509   23     24     22  
981.0  16:21:15 42.46367 -72.57391   20     23     24  
981.0  16:21:25 42.46207 -72.572975   23     20     23  
981.0  16:21:33 42.46036 -72.57203   21     24     24  
981.0  16:21:42 42.45903 -72.570816   20     24     22  
981.0  16:21:50 42.45756 -72.56941   22     24     24  
982.0  16:22:00 42.456085 -72.56799   23     22     21  
982.0  16:22:00 42.45569 -72.567604   22     24     24  
982.0  16:22:09 42.454994 -72.56698   21     23     21  
982.0  16:22:17 42.453762 -72.565796   20     24     24  
982.0  16:22:25 42.45277 -72.56466   22     24     21  
982.0  16:22:34 42.451912 -72.56341   20     21     23  
982.0  16:22:43 42.45112 -72.56225   20     21     20  
983.0  16:23:00 42.448807 -72.55851   21     22     23  
983.0  16:23:29 42.445618 -72.55409   22     21     22  
983.0  16:23:37 42.444252 -72.5533   21     20     22  
983.0  16:23:49 42.442303 -72.5517   21     24     24  
983.0  16:23:58 42.44114 -72.55034   20     24     24  
984.0  16:24:00 42.44022 -72.5494   23     21     22  
984.0  16:24:06 42.43973 -72.548965   20     23     20  
984.0  16:24:14 42.43836 -72.54791   23     24     24  
984.0  16:24:23 42.43675 -72.54697   24     21     23  
984.0  16:24:31 42.435062 -72.54615   24     20     20  
984.0  16:24:42 42.433254 -72.54521   22     21     24  
984.0  16:24:51 42.431786 -72.54407   23     24     23  
985.0  16:25:00 42.429787 -72.5423   22     23     20  
985.0  16:25:01 42.430386 -72.54282   22     20     21  
985.0  16:25:10 42.428875 -72.541534   24     21     21  
985.0  16:25:18 42.427414 -72.54037   21     23     23  
985.0  16:25:26 42.42604 -72.539474   22     24     24  
985.0  16:25:37 42.42424 -72.53834   21     20     20  
985.0  16:25:46 42.422863 -72.53766   21     23     20  
985.0  16:25:57 42.421783 -72.53725   23     21     21  
986.0  16:26:00 42.421535 -72.53698   20     20     21  
986.0  16:26:05 42.42157 -72.53678   21     22     23  
986.0  16:26:48 42.417027 -72.534   21     20     22  
986.0  16:26:59 42.415855 -72.53333   23     23     22  
987.0  16:27:00 42.415432 -72.53306   21     20     24  
987.0  16:27:08 42.41497 -72.53277   23     22     21  
987.0  16:27:17 42.41411 -72.53231   22     21     21  
987.0  16:27:26 42.413105 -72.531944   20     21     23  
987.0  16:27:35 42.41194 -72.531624   24     20     24  
987.0  16:27:44 42.410942 -72.53137   20     22     21  
987.0  16:27:56 42.40994 -72.53107   24     24     20  
988.0  16:28:00 42.409966 -72.53105   23     22     24  
988.0  16:28:07 42.40997 -72.53105   20     21     21  
988.0  16:28:16 42.409912 -72.53103   24     20     20  
988.0  16:28:26 42.40921 -72.53079   23     20     24  
988.0  16:28:40 42.407845 -72.53036   22     20     24  
988.0  16:28:51 42.405758 -72.529785   20     23     23  
989.0  16:29:00 42.404606 -72.52969   21     24     24  
989.0  16:29:00 42.404217 -72.529655   22     23     21  
989.0  16:29:09 42.40347 -72.52942   20     23     23  
989.0  16:29:18 42.402367 -72.52866   24     22     20  
989.0  16:29:26 42.401253 -72.528145   21     24     21  
989.0  16:29:35 42.39996 -72.528   21     20     21  
989.0  16:29:45 42.39853 -72.52812   22     23     21  
989.0  16:29:54 42.397915 -72.52805   21     21     20  
990.0  16:30:00 42.397167 -72.52788   22     24     23  
990.0  16:30:02 42.397243 -72.52791   20     20     21  
990.0  16:30:11 42.396595 -72.52761   23     22     23  
990.0  16:30:19 42.395775 -72.52727   23     21     23  
990.0  16:30:27 42.395195 -72.52703   23     22     21  
990.0  16:30:37 42.395218 -72.52701   20     22     20  
990.0  16:30:45 42.39523 -72.527016   22     20     20  
990.0  16:30:53 42.395264 -72.52703   22     20     24  
991.0  16:31:00 42.395283 -72.527054   22     24     20  
991.0  16:31:02 42.395283 -72.52705   23     24     24  
991.0  16:31:10 42.395283 -72.527054   22     24     24  
991.0  16:31:18 42.39527 -72.527054   24     23     24  
991.0  16:31:29 42.394936 -72.52687   21     23     23  
991.0  16:31:37 42.39425 -72.526474   22     20     23  
991.0  16:31:46 42.393852 -72.52625   22     23     23  
991.0  16:31:55 42.393547 -72.52609   22     22     22  
992.0  16:32:00 42.393387 -72.526054   21     22     24  
992.0  16:32:04 42.393387 -72.526054   21     20     21  
992.0  16:32:13 42.39329 -72.52601   20     20     23  
992.0  16:32:26 42.39327 -72.52595   22     24     21  
992.0  16:32:35 42.393253 -72.52589   20     22     22  
992.0  16:32:49 42.39287 -72.52571   23     20     23  
992.0  16:32:59 42.391865 -72.525475   20     23     22  
993.0  16:33:00 42.39159 -72.5254   24     24     22  
993.0  16:33:08 42.39123 -72.52533   20     20     22  
993.0  16:33:21 42.39085 -72.52532   21     22     22  
993.0  16:33:31 42.39079 -72.52529   21     21     23  
993.0  16:33:40 42.39073 -72.525246   21     24     21  
993.0  16:33:50 42.390217 -72.525085   23     22     22  
993.0  16:33:59 42.38958 -72.524925   21     24     23  
994.0  16:34:00 42.389435 -72.524895   23     23     22  
994.0  16:34:13 42.38928 -72.52487   24     20     22  
994.0  16:34:22 42.389175 -72.52481   20     23     21  
994.0  16:34:32 42.389202 -72.52483   22     23     22  
994.0  16:34:43 42.389187 -72.52485   20     22     20  
994.0  16:34:53 42.38896 -72.524734   21     20     23  
995.0  16:35:00 42.388447 -72.52449   22     20     22  
995.0  16:35:05 42.388397 -72.524445   23     22     23  
995.0  16:35:17 42.387978 -72.52409   24     20     23  
995.0  16:35:27 42.387825 -72.523865   22     23     23  
995.0  16:35:36 42.38781 -72.523926   23     24     22  
995.0  16:35:47 42.38748 -72.52352   24     21     20  
996.0  16:36:00 42.387012 -72.52291   21     24     20  
996.0  16:36:03 42.387016 -72.52291   22     24     21  
996.0  16:36:14 42.38686 -72.52274   20     21     22  
996.0  16:36:24 42.386208 -72.52245   20     22     22  
996.0  16:36:35 42.385822 -72.522705   23     24     24  
996.0  16:36:44 42.38614 -72.52352   23     24     21  
996.0  16:36:56 42.385746 -72.52495   23     20     21  
997.0  16:37:00 42.38579 -72.52497   20     22     21  
997.0  16:37:07 42.385815 -72.524994   20     21     24  
997.0  16:37:16 42.38566 -72.525505   23     20     24  
997.0  16:37:25 42.385593 -72.52621   20     21     24  
997.0  16:37:34 42.385567 -72.52701   21     23     21  
997.0  16:37:45 42.385357 -72.52813   20     20     20  
997.0  16:37:54 42.385426 -72.52928   22     22     21  
998.0  16:38:00 42.385254 -72.53077   20     21     22  
998.0  16:38:03 42.385254 -72.53077   24     24     20  
998.0  16:38:19 42.385162 -72.53072   23     21     23  
998.0  16:38:29 42.38511 -72.53075   23     23     20  
998.0  16:38:43 42.385864 -72.53098   24     23     22  
998.0  16:38:51 42.386627 -72.531296   21     21     24  
999.0  16:39:00 42.387295 -72.53158   23     21     22  
999.0  16:39:00 42.387707 -72.53176   23     21     20  
999.0  16:39:09 42.388103 -72.53194   20     22     22  
999.0  16:39:17 42.38861 -72.53215   24     24     23  
999.0  16:39:26 42.389133 -72.53239   22     24     20  
999.0  16:39:37 42.389828 -72.5327   21     21     21  
999.0  16:39:46 42.389957 -72.53276   20     24     22  
999.0  16:39:54 42.39019 -72.5328   21     24     21  
1000.0  16:40:00 42.390995 -72.53312   21     21     22  
1000.0  16:40:03 42.390907 -72.53308   20     23     23  
1000.0  16:40:11 42.39177 -72.53341   24     21     20  
1000.0  16:40:20 42.392433 -72.53371   23     22     21  
1000.0  16:40:31 42.392754 -72.53342   21     21     21  
1000.0  16:40:40 42.393185 -72.5327   24     21     20  
1000.0  16:40:49 42.393402 -72.532486   23     23     20  
1000.0  16:40:57 42.393703 -72.5326   22     22     21  
1001.0  16:41:00 42.393967 -72.532715   21     22     24  
1001.0  16:41:05 42.39406 -72.532776   24     21     21  
1001.0  16:41:14 42.394512 -72.532974   21     21     20  
1001.0  16:41:25 42.395004 -72.53321   23     23     20  
1001.0  16:41:34 42.395042 -72.533516   24     20     20  
1001.0  16:41:43 42.395027 -72.53356   23     20     23  
1001.0  16:41:53 42.394978 -72.53359   24     22     23  
1002.0  16:42:00 42.395035 -72.53362   23     22     23  
1002.0  16:42:02 42.395035 -72.53363   23     24     22  
1002.0  16:42:11 42.395023 -72.5336   23     20     22  
1002.0  16:42:22 42.39498 -72.5336   22     22     20  
1002.0  16:42:30 42.39501 -72.53364   24     21     24  
1002.0  16:42:39 42.394993 -72.53361   21     24     20  
1002.0  16:42:48 42.395065 -72.53365   24     23     22  
1002.0  16:42:56 42.39507 -72.53366   20     24     20  
1003.0  16:43:00 42.395096 -72.533676   23     24     23  
1003.0  16:43:05 42.395107 -72.53368   22     23     22  
1003.0  16:43:17 42.395115 -72.53365   24     20     23  
1003.0  16:43:25 42.395153 -72.533676   21     21     23  
1003.0  16:43:34 42.395157 -72.53365   24     24     24  
1003.0  16:43:42 42.395153 -72.53364   22     20     24  
1088.0  18:08:09 0.0 -0.0   22     21     24  
1089.0  18:09:00 0.0 -0.0   21     24     20  
1089.0  18:09:03 0.0 -0.0   24     20     20  
1089.0  18:09:07 0.0 -0.0   20     23     23  
1089.0  18:09:08 0.0 -0.0   24     20     24  
