1057.0  17:37:49 0.0 -0.0   23     23     20  
1057.0  17:37:55 0.0 -0.0   23     21     24  
1058.0  17:38:00 0.0 -0.0   20     22     20  
1058.0  17:38:00 0.0 -0.0   21     20     23  
1058.0  17:38:05 0.0 -0.0   21     24     24  
1058.0  17:38:10 0.0 -0.0   22     22     20  
1058.0  17:38:15 0.0 -0.0   22     23     24  
1058.0  17:38:17 0.0 -0.0   20     20     24  
1058.0  17:38:21 0.0 -0.0   21     22     23  
1058.0  17:38:26 0.0 -0.0   23     21     23  
1058.0  17:38:31 0.0 -0.0   21     24     21  
1058.0  17:38:37 0.0 -0.0   24     22     20  
1058.0  17:38:42 0.0 -0.0   22     23     22  
1058.0  17:38:47 0.0 -0.0   21     22     24  
1058.0  17:38:52 0.0 -0.0   23     20     24  
1059.0  17:39:00 0.0 -0.0   21     21     21  
1059.0  17:39:00 0.0 -0.0   22     21     23  
1059.0  17:39:00 0.0 -0.0   24     20     23  
1059.0  17:39:10 0.0 -0.0   20     20     21  
1059.0  17:39:15 0.0 -0.0   22     20     20  
1059.0  17:39:20 0.0 -0.0   21     20     22  
1059.0  17:39:26 0.0 -0.0   21     23     21  
1059.0  17:39:31 0.0 -0.0   21     23     20  
1059.0  17:39:36 0.0 -0.0   21     20     20  
1059.0  17:39:41 0.0 -0.0   22     24     24  
1059.0  17:39:49 0.0 -0.0   23     23     21  
1059.0  17:39:52 0.0 -0.0   20     21     23  
1059.0  17:39:59 0.0 -0.0   23     23     23  
1060.0  17:40:00 0.0 -0.0   24     24     23  
1060.0  17:40:04 0.0 -0.0   24     20     20  
1060.0  17:40:09 0.0 -0.0   20     21     20  
1060.0  17:40:17 0.0 -0.0   22     21     22  
1060.0  17:40:22 0.0 -0.0   24     23     24  
1060.0  17:40:27 0.0 -0.0   24     22     20  
1060.0  17:40:32 0.0 -0.0   20     22     20  
1060.0  17:40:38 0.0 -0.0   22     24     20  
1060.0  17:40:43 0.0 -0.0   20     20     24  
1060.0  17:40:44 0.0 -0.0   20     21     22  
1060.0  17:40:53 0.0 -0.0   23     24     22  
1060.0  17:40:58 0.0 -0.0   22     20     23  
1061.0  17:41:00 0.0 -0.0   22     20     23  
1061.0  17:41:03 0.0 -0.0   21     20     24  
1061.0  17:41:08 0.0 -0.0   23     22     24  
1061.0  17:41:13 0.0 -0.0   24     23     23  
1061.0  17:41:18 0.0 -0.0   21     20     24  
1061.0  17:41:36 0.0 -0.0   24     23     20  
1062.0  17:42:00 0.0 -0.0   20     23     21  
1062.0  17:42:16 0.0 -0.0   23     23     24  
1062.0  17:42:21 0.0 -0.0   22     21     23  
1062.0  17:42:26 0.0 -0.0   23     20     22  
1062.0  17:42:31 0.0 -0.0   24     20     22  
1062.0  17:42:37 0.0 -0.0   23     23     23  
1062.0  17:42:43 0.0 -0.0   21     24     24  
1062.0  17:42:48 0.0 -0.0   23     24     24  
1062.0  17:42:53 0.0 -0.0   24     22     23  
1063.0  17:43:00 0.0 -0.0   20     21     20  
1063.0  17:43:00 0.0 -0.0   20     20     24  
1063.0  17:43:05 0.0 -0.0   24     21     23  
1063.0  17:43:10 0.0 -0.0   21     21     20  
1063.0  17:43:15 0.0 -0.0   20     24     24  
1063.0  17:43:20 0.0 -0.0   20     24     20  
1063.0  17:43:25 0.0 -0.0   24     21     20  
1063.0  17:43:31 0.0 -0.0   24     23     22  
1063.0  17:43:36 0.0 -0.0   21     22     23  
1063.0  17:43:41 0.0 -0.0   21     21     22  
1063.0  17:43:48 0.0 -0.0   21     21     23  
1063.0  17:43:53 0.0 -0.0   20     21     24  
1063.0  17:43:58 0.0 -0.0   22     22     24  
1064.0  17:44:00 0.0 -0.0   23     23     22  
1064.0  17:44:03 0.0 -0.0   22     22     23  
1064.0  17:44:08 0.0 -0.0   22     22     23  
1064.0  17:44:13 0.0 -0.0   20     24     22  
1064.0  17:44:23 0.0 -0.0   24     24     22  
1064.0  17:44:29 0.0 -0.0   22     21     22  
1064.0  17:44:35 0.0 -0.0   24     22     24  
1064.0  17:44:40 0.0 -0.0   21     23     21  
1064.0  17:44:45 0.0 -0.0   22     21     23  
1064.0  17:44:50 0.0 -0.0   23     22     22  
1064.0  17:44:55 0.0 -0.0   22     20     23  
1065.0  17:45:00 0.0 -0.0   20     20     22  
1065.0  17:45:00 0.0 -0.0   23     21     22  
1065.0  17:45:05 0.0 -0.0   23     23     20  
1065.0  17:45:16 0.0 -0.0   23     20     23  
1065.0  17:45:25 0.0 -0.0   23     21     21  
1065.0  17:45:30 0.0 -0.0   23     21     20  
1065.0  17:45:35 0.0 -0.0   23     21     24  
1065.0  17:45:40 0.0 -0.0   24     21     21  
1065.0  17:45:45 0.0 -0.0   21     20     20  
1065.0  17:45:50 0.0 -0.0   23     21     20  
1065.0  17:45:55 0.0 -0.0   20     23     20  
1066.0  17:46:00 0.0 -0.0   23     20     20  
1066.0  17:46:01 0.0 -0.0   23     21     20  
1066.0  17:46:06 0.0 -0.0   23     24     23  
1066.0  17:46:11 0.0 -0.0   23     21     21  
1066.0  17:46:16 0.0 -0.0   24     24     22  
1066.0  17:46:21 0.0 -0.0   23     22     20  
1066.0  17:46:26 0.0 -0.0   23     23     21  
1066.0  17:46:31 0.0 -0.0   20     24     23  
1066.0  17:46:33 0.0 -0.0   22     20     22  
1066.0  17:46:37 0.0 -0.0   20     22     24  
1066.0  17:46:42 0.0 -0.0   24     21     23  
1066.0  17:46:47 0.0 -0.0   22     20     24  
1066.0  17:46:47 0.0 -0.0   23     24     24  
1066.0  17:46:52 0.0 -0.0   20     23     23  
1067.0  17:47:00 0.0 -0.0   24     24     24  
1067.0  17:47:27 0.0 -0.0   20     20     20  
1067.0  17:47:32 0.0 -0.0   24     22     20  
1067.0  17:47:37 0.0 -0.0   20     24     21  
1067.0  17:47:57 0.0 -0.0   24     20     23  
1068.0  17:48:00 0.0 -0.0   20     22     23  
1068.0  17:48:32 0.0 -0.0   22     22     21  
1068.0  17:48:37 0.0 -0.0   24     24     24  
1068.0  17:48:42 0.0 -0.0   21     23     20  
1068.0  17:48:48 0.0 -0.0   24     22     24  
1068.0  17:48:53 0.0 -0.0   24     24     21  
1068.0  17:48:58 0.0 -0.0   20     22     20  
1069.0  17:49:00 0.0 -0.0   20     20     20  
1069.0  17:49:03 0.0 -0.0   22     22     24  
1069.0  17:49:04 0.0 -0.0   24     24     24  
1069.0  17:49:08 0.0 -0.0   22     20     23  
1069.0  17:49:13 0.0 -0.0   22     24     21  
1069.0  17:49:21 0.0 -0.0   23     21     23  
1069.0  17:49:26 0.0 -0.0   20     23     24  
1069.0  17:49:31 0.0 -0.0   20     23     23  
1069.0  17:49:36 0.0 -0.0   22     24     21  
1069.0  17:49:42 0.0 -0.0   24     22     21  
1069.0  17:49:47 0.0 -0.0   22     20     20  
1069.0  17:49:48 0.0 -0.0   20     20     20  
1069.0  17:49:57 0.0 -0.0   20     24     24  
1070.0  17:50:00 0.0 -0.0   21     23     23  
1070.0  17:50:05 0.0 -0.0   24     21     24  
1070.0  17:50:05 0.0 -0.0   21     20     23  
1070.0  17:50:10 0.0 -0.0   22     24     24  
1070.0  17:50:15 0.0 -0.0   21     22     21  
1070.0  17:50:20 0.0 -0.0   24     24     24  
1070.0  17:50:25 0.0 -0.0   21     24     24  
1070.0  17:50:30 0.0 -0.0   23     21     22  
1070.0  17:50:35 0.0 -0.0   22     24     21  
