0.0  00:00:00 42.327316 -72.52429   20     20     22  
1.0  00:01:00 42.33675 -72.522224   23     22     21  
1.0  00:01:28 42.339794 -72.520226   21     23     23  
1.0  00:01:33 42.340313 -72.52006   21     24     20  
1.0  00:01:37 42.339684 -72.52027   23     24     21  
1.0  00:01:49 42.34222 -72.51995   22     20     22  
2.0  00:02:00 42.34391 -72.520386   24     24     24  
2.0  00:02:25 42.347206 -72.52028   21     23     24  
2.0  00:02:39 42.34901 -72.51995   22     21     22  
2.0  00:02:51 42.35052 -72.51993   23     23     22  
2.0  00:02:51 42.34915 -72.519936   21     23     24  
3.0  00:03:00 42.351887 -72.52049   24     22     21  
3.0  00:03:05 42.35227 -72.52058   24     24     23  
4.0  00:04:00 42.360023 -72.52075   23     22     22  
4.0  00:04:08 42.360813 -72.52071   24     21     21  
4.0  00:04:18 42.36148 -72.5207   21     21     24  
5.0  00:05:00 42.36859 -72.51996   21     22     24  
5.0  00:05:32 42.37221 -72.51969   20     21     22  
5.0  00:05:37 42.372303 -72.519554   23     23     22  
5.0  00:05:42 42.372154 -72.51923   24     23     24  
5.0  00:05:46 42.3723 -72.51964   22     24     20  
5.0  00:05:52 42.37256 -72.51879   22     20     24  
5.0  00:05:57 42.372936 -72.51879   22     22     23  
6.0  00:06:00 42.37308 -72.51878   24     23     20  
6.0  00:06:03 42.37309 -72.51878   21     24     23  
6.0  00:06:08 42.37309 -72.51878   24     24     20  
6.0  00:06:08 42.37287 -72.5188   23     24     22  
6.0  00:06:20 42.373093 -72.51879   22     21     20  
6.0  00:06:25 42.373093 -72.51881   22     21     22  
6.0  00:06:30 42.373096 -72.51878   23     20     23  
6.0  00:06:33 42.373142 -72.51882   20     23     23  
6.0  00:06:38 42.373253 -72.51914   23     23     24  
6.0  00:06:43 42.373264 -72.51956   23     20     20  
6.0  00:06:48 42.373272 -72.51961   24     20     21  
6.0  00:06:52 42.37326 -72.51944   23     20     22  
6.0  00:06:58 42.373417 -72.51979   23     21     23  
7.0  00:07:00 42.373615 -72.51979   24     24     20  
7.0  00:07:04 42.373795 -72.51979   21     21     22  
7.0  00:07:09 42.374268 -72.5198   23     23     20  
7.0  00:07:14 42.374702 -72.51978   24     21     24  
7.0  00:07:14 42.373703 -72.51979   23     23     20  
7.0  00:07:24 42.37539 -72.519775   21     21     22  
7.0  00:07:29 42.375473 -72.519775   24     21     23  
7.0  00:07:34 42.375465 -72.519775   21     22     22  
7.0  00:07:36 42.375427 -72.51977   21     22     24  
7.0  00:07:44 42.37548 -72.51976   21     21     23  
7.0  00:07:57 42.37554 -72.51975   22     23     23  
7.0  00:07:58 42.37549 -72.51975   23     23     21  
8.0  00:08:00 42.37627 -72.51977   20     21     24  
8.0  00:08:03 42.37554 -72.51975   24     21     22  
8.0  00:08:20 42.37673 -72.51978   23     22     21  
8.0  00:08:42 42.377464 -72.51978   21     20     22  
8.0  00:08:54 42.37898 -72.5198   24     21     23  
8.0  00:08:59 42.379368 -72.51965   23     22     23  
9.0  00:09:00 42.3795 -72.51959   21     24     20  
9.0  00:09:12 42.37929 -72.51969   21     20     23  
9.0  00:09:14 42.379738 -72.519455   24     20     23  
9.0  00:09:19 42.37977 -72.51946   21     20     22  
9.0  00:09:24 42.379765 -72.51947   20     24     21  
9.0  00:09:29 42.379757 -72.51947   24     21     23  
9.0  00:09:34 42.37977 -72.51948   20     22     23  
9.0  00:09:34 42.379765 -72.51947   23     24     20  
9.0  00:09:46 42.380325 -72.51934   21     20     21  
10.0  00:10:00 42.381752 -72.51947   21     22     24  
10.0  00:10:06 42.382126 -72.51987   20     22     20  
10.0  00:10:11 42.38255 -72.520195   21     22     20  
10.0  00:10:16 42.382965 -72.52046   22     22     23  
11.0  00:11:00 42.386112 -72.523224   24     22     21  
12.0  00:12:00 42.387115 -72.52644   22     20     23  
13.0  00:13:00 42.387085 -72.52641   20     21     24  
14.0  00:14:00 42.38704 -72.52648   20     23     24  
15.0  00:15:00 42.38709 -72.526436   21     21     22  
16.0  00:16:00 42.385357 -72.52578   20     22     20  
17.0  00:17:00 42.385864 -72.522804   22     24     21  
17.0  00:17:34 42.38363 -72.52093   24     20     22  
17.0  00:17:53 42.382023 -72.519905   22     20     20  
18.0  00:18:00 42.381386 -72.519325   21     22     21  
18.0  00:18:17 42.38004 -72.51951   20     21     23  
18.0  00:18:54 42.377766 -72.519966   23     24     21  
18.0  00:18:59 42.377438 -72.51994   23     22     21  
19.0  00:19:00 42.37718 -72.519936   22     24     22  
19.0  00:19:04 42.377 -72.519936   22     22     21  
19.0  00:19:09 42.376568 -72.51991   24     22     21  
19.0  00:19:22 42.37595 -72.5199   21     20     24  
19.0  00:19:27 42.37595 -72.51992   24     20     20  
19.0  00:19:35 42.375954 -72.519936   20     24     24  
19.0  00:19:41 42.375835 -72.51993   21     23     21  
19.0  00:19:46 42.375515 -72.519905   21     24     24  
19.0  00:19:51 42.375107 -72.51989   21     24     23  
19.0  00:19:56 42.37473 -72.51988   24     24     24  
20.0  00:20:00 42.37436 -72.51991   23     23     23  
20.0  00:20:01 42.37442 -72.51991   20     21     23  
20.0  00:20:11 42.37403 -72.5199   23     22     22  
20.0  00:20:16 42.373386 -72.519844   21     24     24  
20.0  00:20:21 42.37338 -72.51984   21     23     20  
20.0  00:20:27 42.372967 -72.51983   24     20     22  
20.0  00:20:32 42.3725 -72.519806   23     22     23  
20.0  00:20:37 42.372242 -72.51974   21     24     21  
20.0  00:20:42 42.37219 -72.519394   23     24     23  
20.0  00:20:47 42.372086 -72.51895   22     24     20  
20.0  00:20:55 42.37231 -72.51876   24     20     21  
21.0  00:21:00 42.373066 -72.51879   20     22     22  
21.0  00:21:57 42.373158 -72.518814   24     20     24  
22.0  00:22:00 42.373158 -72.518814   24     24     22  
22.0  00:22:02 42.373158 -72.518814   21     22     20  
22.0  00:22:07 42.373154 -72.518814   22     24     20  
22.0  00:22:12 42.373142 -72.51883   22     20     21  
22.0  00:22:17 42.37314 -72.51884   21     21     20  
22.0  00:22:22 42.373123 -72.51886   23     20     22  
22.0  00:22:27 42.37312 -72.51886   20     21     22  
22.0  00:22:32 42.37312 -72.51886   21     23     23  
22.0  00:22:38 42.373123 -72.51885   21     23     22  
22.0  00:22:51 42.373127 -72.518845   24     22     20  
22.0  00:22:56 42.37313 -72.518845   22     20     21  
23.0  00:23:00 42.37314 -72.51885   23     23     23  
23.0  00:23:01 42.37314 -72.518845   23     24     24  
23.0  00:23:06 42.373142 -72.518845   23     24     24  
23.0  00:23:11 42.373146 -72.518845   24     21     21  
23.0  00:23:16 42.373154 -72.518845   22     23     24  
23.0  00:23:21 42.373158 -72.51884   24     21     22  
23.0  00:23:26 42.37315 -72.518845   24     23     20  
23.0  00:23:32 42.373135 -72.51887   22     21     22  
23.0  00:23:37 42.373123 -72.518875   21     20     23  
23.0  00:23:42 42.373123 -72.518875   21     24     20  
23.0  00:23:47 42.37312 -72.518875   24     22     20  
23.0  00:23:52 42.37312 -72.518875   20     24     23  
23.0  00:23:57 42.373123 -72.51887   20     20     22  
24.0  00:24:00 42.373123 -72.51887   22     24     22  
24.0  00:24:02 42.373123 -72.51887   24     23     20  
24.0  00:24:07 42.373123 -72.51887   23     24     21  
24.0  00:24:13 42.373123 -72.51887   20     24     20  
24.0  00:24:18 42.37312 -72.51886   24     23     24  
24.0  00:24:30 42.37312 -72.51886   23     22     21  
24.0  00:24:35 42.373116 -72.51885   21     20     23  
24.0  00:24:40 42.373116 -72.51885   22     23     20  
24.0  00:24:46 42.373123 -72.51886   21     20     24  
24.0  00:24:51 42.373127 -72.51886   20     24     22  
24.0  00:24:56 42.373127 -72.51886   21     20     20  
25.0  00:25:00 42.373123 -72.51886   22     24     23  
25.0  00:25:01 42.373123 -72.51886   21     21     23  
25.0  00:25:06 42.37312 -72.51885   23     23     20  
25.0  00:25:11 42.373116 -72.51885   22     23     22  
25.0  00:25:16 42.373116 -72.518845   21     20     20  
25.0  00:25:21 42.373116 -72.518845   23     20     22  
25.0  00:25:26 42.373154 -72.51887   23     23     22  
25.0  00:25:32 42.37323 -72.518936   24     23     22  
25.0  00:25:37 42.373272 -72.519325   23     23     20  
25.0  00:25:42 42.373264 -72.51961   21     21     24  
25.0  00:25:47 42.373264 -72.519615   21     23     22  
25.0  00:25:52 42.37327 -72.51961   20     20     21  
25.0  00:25:57 42.37327 -72.5196   23     21     24  
26.0  00:26:00 42.373264 -72.51959   24     22     22  
26.0  00:26:05 42.37326 -72.51963   20     22     20  
26.0  00:26:10 42.373135 -72.519806   20     22     24  
26.0  00:26:15 42.37271 -72.51981   24     21     23  
26.0  00:26:21 42.372242 -72.51978   23     20     23  
27.0  00:27:00 42.36735 -72.52019   23     23     24  
28.0  00:28:00 42.358624 -72.5209   23     24     24  
29.0  00:29:00 42.352844 -72.52064   23     21     20  
29.0  00:29:00 42.352707 -72.520645   22     20     23  
29.0  00:29:17 42.35058 -72.52002   22     21     23  
29.0  00:29:23 42.349873 -72.51994   22     21     23  
29.0  00:29:29 42.348972 -72.51997   23     22     21  
29.0  00:29:36 42.34778 -72.52018   23     22     22  
30.0  00:30:00 42.344406 -72.520485   20     22     21  
30.0  00:30:18 42.342026 -72.520004   23     21     24  
31.0  00:31:00 42.336334 -72.52262   23     24     20  
31.0  00:31:08 42.335308 -72.52313   22     22     24  
32.0  00:32:00 42.325855 -72.524506   20     21     21  
33.0  00:33:00 42.325096 -72.5277   21     20     22  
33.0  00:33:28 42.32515 -72.52955   22     23     24  
33.0  00:33:43 42.325302 -72.53076   20     20     23  
34.0  00:34:00 42.32531 -72.53092   23     24     24  
34.0  00:34:02 42.32531 -72.53092   22     24     21  
34.0  00:34:07 42.325306 -72.530914   20     22     24  
34.0  00:34:13 42.3253 -72.530914   22     23     21  
34.0  00:34:23 42.3253 -72.53093   23     20     24  
34.0  00:34:29 42.3253 -72.53093   20     21     22  
34.0  00:34:34 42.325287 -72.53092   24     24     22  
34.0  00:34:40 42.325275 -72.530914   20     21     20  
34.0  00:34:46 42.32527 -72.53091   22     23     21  
34.0  00:34:51 42.32527 -72.5309   21     20     21  
34.0  00:34:59 42.32527 -72.5309   21     22     24  
35.0  00:35:00 42.325275 -72.5309   22     24     22  
35.0  00:35:23 42.325207 -72.53115   23     22     22  
35.0  00:35:37 42.324924 -72.530815   24     24     21  
36.0  00:36:00 42.325127 -72.52892   24     23     20  
37.0  00:37:00 42.322247 -72.52969   23     21     21  
38.0  00:38:00 42.32177 -72.533745   23     20     20  
39.0  00:39:00 42.320072 -72.53022   20     23     23  
39.0  00:39:27 42.31909 -72.52812   21     20     22  
39.0  00:39:32 42.318798 -72.52854   23     20     22  
40.0  00:40:00 42.314785 -72.53073   23     21     21  
41.0  00:41:00 42.306885 -72.53068   22     24     21  
42.0  00:42:00 42.29917 -72.529594   23     24     22  
43.0  00:43:00 42.289417 -72.53461   23     21     20  
43.0  00:43:34 42.2868 -72.54067   21     21     20  
43.0  00:43:39 42.28635 -72.541794   23     24     22  
44.0  00:44:00 42.285336 -72.54593   23     22     21  
44.0  00:44:49 42.282303 -72.55392   22     21     21  
44.0  00:44:55 42.281906 -72.55492   20     23     22  
45.0  00:45:00 42.281437 -72.55611   24     23     20  
46.0  00:46:00 42.277084 -72.5634   20     23     22  
47.0  00:47:00 42.270195 -72.56593   20     20     22  
47.0  00:47:52 42.266644 -72.56976   24     24     20  
47.0  00:47:57 42.26671 -72.5704   21     24     21  
48.0  00:48:00 42.26672 -72.570984   23     20     23  
49.0  00:49:00 42.26057 -72.57302   24     23     24  
50.0  00:50:00 42.25788 -72.5722   21     24     22  
50.0  00:50:09 42.25757 -72.57195   23     24     24  
50.0  00:50:15 42.25724 -72.572044   23     20     24  
50.0  00:50:20 42.256897 -72.57215   20     21     23  
50.0  00:50:25 42.256626 -72.57221   22     23     24  
50.0  00:50:30 42.25642 -72.572235   21     22     24  
50.0  00:50:35 42.256264 -72.57223   20     21     24  
51.0  00:51:00 42.254753 -72.5732   20     21     23  
60.0  01:00:13 42.254246 -72.57419   24     21     24  
60.0  01:00:29 42.253887 -72.574524   22     22     24  
60.0  01:00:47 42.253723 -72.57534   23     22     21  
61.0  01:01:53 42.25766 -72.57585   21     24     24  
61.0  01:01:57 42.25766 -72.57586   20     24     22  
62.0  01:02:00 42.257675 -72.57589   24     20     22  
62.0  01:02:13 42.25767 -72.57589   21     22     22  
62.0  01:02:22 42.257843 -72.57585   21     20     23  
62.0  01:02:30 42.258545 -72.57534   23     24     21  
62.0  01:02:38 42.259205 -72.574684   20     21     24  
63.0  01:03:00 42.261414 -72.5727   22     23     24  
64.0  01:04:00 42.266598 -72.569595   24     24     22  
64.0  01:04:22 42.267315 -72.56731   23     21     20  
64.0  01:04:33 42.268486 -72.56648   21     21     21  
64.0  01:04:54 42.26957 -72.56598   20     22     20  
65.0  01:05:00 42.27262 -72.565384   21     20     21  
66.0  01:06:00 42.2789 -72.559814   23     24     22  
66.0  01:06:41 42.282017 -72.5545   20     23     21  
67.0  01:07:00 42.283443 -72.55095   20     24     20  
67.0  01:07:51 42.28623 -72.54201   24     24     24  
67.0  01:07:54 42.285774 -72.54348   22     24     21  
68.0  01:08:00 42.287003 -72.540054   20     22     23  
69.0  01:09:00 42.292973 -72.5317   22     22     23  
70.0  01:10:00 42.30212 -72.52768   24     24     24  
71.0  01:11:00 42.30813 -72.53024   23     21     20  
72.0  01:12:00 42.31698 -72.52993   24     21     20  
73.0  01:13:00 42.32025 -72.53106   21     20     21  
74.0  01:14:00 42.321705 -72.533165   24     22     22  
75.0  01:15:00 42.32242 -72.52925   23     22     23  
76.0  01:16:00 42.32515 -72.52892   21     23     24  
77.0  01:17:00 42.324944 -72.531   23     20     23  
78.0  01:18:00 42.325092 -72.52765   24     20     23  
79.0  01:19:00 42.323467 -72.524765   20     20     21  
80.0  01:20:00 42.331646 -72.52369   22     24     22  
81.0  01:21:00 42.33948 -72.520386   20     22     21  
82.0  01:22:00 42.347347 -72.52021   21     23     21  
83.0  01:23:00 42.354767 -72.52063   22     23     24  
84.0  01:24:00 42.358635 -72.52081   24     22     22  
85.0  01:25:00 42.36727 -72.52016   21     23     21  
86.0  01:26:00 42.37266 -72.51883   21     22     23  
87.0  01:27:00 42.374374 -72.51979   21     22     23  
88.0  01:28:00 42.376892 -72.51985   24     20     21  
89.0  01:29:00 42.3808 -72.5193   22     23     21  
90.0  01:30:00 42.381874 -72.519585   21     23     22  
91.0  01:31:00 42.385944 -72.52231   22     24     23  
92.0  01:32:00 42.387264 -72.52599   23     21     24  
93.0  01:33:00 42.385017 -72.52813   22     24     21  
94.0  01:34:00 42.38601 -72.53099   22     21     23  
95.0  01:35:00 42.3913 -72.53322   23     20     23  
96.0  01:36:00 42.394512 -72.53301   23     20     21  
97.0  01:37:00 42.394684 -72.53412   20     23     21  
104.0  01:44:43 0.0 -0.0   22     21     22  
104.0  01:44:48 0.0 -0.0   20     22     23  
104.0  01:44:53 0.0 -0.0   21     23     20  
104.0  01:44:59 0.0 -0.0   21     21     21  
104.0  01:44:59 0.0 -0.0   22     23     20  
437.0  07:17:55 0.0 -0.0   21     23     22  
437.0  07:17:55 0.0 -0.0   21     21     23  
438.0  07:18:00 0.0 -0.0   22     22     24  
438.0  07:18:07 42.39347 -72.53336   23     20     23  
438.0  07:18:14 42.39356 -72.53316   20     23     20  
438.0  07:18:17 42.393505 -72.53327   24     22     22  
439.0  07:19:00 0.0 -0.0   23     23     24  
440.0  07:20:00 42.393616 -72.532974   21     20     23  
441.0  07:21:00 42.39365 -72.53291   23     20     23  
442.0  07:22:00 42.393654 -72.53296   21     24     23  
442.0  07:22:27 42.393665 -72.532875   22     24     20  
442.0  07:22:32 42.39367 -72.53286   20     20     20  
442.0  07:22:32 42.393658 -72.53289   22     24     21  
442.0  07:22:42 42.39364 -72.53291   22     21     21  
442.0  07:22:47 42.393646 -72.53292   23     21     23  
442.0  07:22:52 42.393658 -72.53292   23     20     24  
442.0  07:22:58 42.39366 -72.53292   24     24     22  
443.0  07:23:00 42.393642 -72.53289   23     23     22  
443.0  07:23:03 42.39367 -72.53292   21     20     20  
443.0  07:23:05 42.393658 -72.53292   22     20     20  
444.0  07:24:00 42.39365 -72.5329   21     22     21  
445.0  07:25:00 42.39366 -72.53286   20     20     20  
445.0  07:25:22 42.39367 -72.53286   20     22     20  
445.0  07:25:27 42.393665 -72.53285   21     23     20  
445.0  07:25:33 42.39366 -72.532845   23     20     23  
445.0  07:25:37 42.393665 -72.53285   21     21     21  
445.0  07:25:43 42.39366 -72.532715   24     23     22  
445.0  07:25:50 42.393494 -72.53262   24     21     22  
446.0  07:26:00 42.393715 -72.532906   23     24     20  
447.0  07:27:00 42.39366 -72.53284   22     21     24  
448.0  07:28:00 42.393066 -72.53404   20     23     21  
448.0  07:28:06 42.39512 -72.52722   20     24     24  
448.0  07:28:17 42.395172 -72.527214   23     22     22  
448.0  07:28:37 42.395203 -72.52706   22     20     24  
448.0  07:28:46 42.395203 -72.52706   24     24     21  
448.0  07:28:55 42.397114 -72.52778   23     23     24  
449.0  07:29:00 42.395313 -72.52957   24     20     23  
450.0  07:30:00 42.39551 -72.527054   20     23     21  
450.0  07:30:39 42.40642 -72.531235   23     23     21  
450.0  07:30:44 42.406345 -72.53147   22     20     23  
450.0  07:30:48 42.406433 -72.53119   23     21     22  
450.0  07:30:55 42.40623 -72.531815   21     24     20  
451.0  07:31:00 42.40616 -72.53203   24     21     24  
451.0  07:31:00 42.402573 -72.528625   21     24     21  
451.0  07:31:05 42.40613 -72.5322   24     21     22  
451.0  07:31:10 42.406105 -72.53237   23     22     23  
451.0  07:31:10 42.40616 -72.53203   23     22     21  
451.0  07:31:58 42.40581 -72.53248   24     20     23  
452.0  07:32:00 42.406433 -72.53119   20     22     23  
452.0  07:32:21 42.405815 -72.5325   21     23     21  
453.0  07:33:00 42.40495 -72.53088   24     20     23  
453.0  07:33:00 42.405804 -72.5325   20     21     23  
453.0  07:33:06 42.40496 -72.53081   20     23     22  
453.0  07:33:38 42.40504 -72.52992   23     22     21  
453.0  07:33:43 42.405045 -72.529816   22     24     23  
453.0  07:33:48 42.404903 -72.529724   22     23     23  
453.0  07:33:50 42.405037 -72.52988   21     22     21  
454.0  07:34:00 42.40493 -72.53222   23     22     23  
454.0  07:34:44 42.40248 -72.528656   23     24     20  
454.0  07:34:58 42.402027 -72.52839   23     21     23  
455.0  07:35:00 42.40505 -72.52999   22     24     22  
455.0  07:35:23 42.398087 -72.52809   20     23     22  
455.0  07:35:28 42.398087 -72.52808   24     21     24  
455.0  07:35:30 42.39819 -72.5281   24     22     20  
456.0  07:36:00 42.40299 -72.52901   22     23     22  
456.0  07:36:07 42.3957 -72.52723   21     24     21  
456.0  07:36:13 42.395405 -72.52709   20     21     24  
456.0  07:36:18 42.395313 -72.527054   22     24     24  
456.0  07:36:21 42.39528 -72.52705   24     22     24  
457.0  07:37:00 42.3981 -72.52808   24     20     23  
458.0  07:38:00 42.39388 -72.52627   24     23     20  
459.0  07:39:00 42.391953 -72.52543   20     23     24  
460.0  07:40:00 42.389122 -72.52473   20     24     20  
460.0  07:40:01 42.386185 -72.52243   20     24     23  
460.0  07:40:55 42.383827 -72.52108   20     24     23  
461.0  07:41:00 42.387035 -72.5228   22     24     22  
461.0  07:41:50 42.380455 -72.51942   21     22     20  
462.0  07:42:00 42.384598 -72.5215   24     20     22  
462.0  07:42:12 42.37957 -72.519714   21     20     20  
462.0  07:42:50 42.377865 -72.52004   22     22     23  
463.0  07:43:00 42.380753 -72.51938   20     24     20  
463.0  07:43:12 42.37791 -72.51999   22     22     20  
463.0  07:43:40 42.37677 -72.51992   22     22     21  
464.0  07:44:00 42.37792 -72.520035   21     22     23  
464.0  07:44:02 42.37594 -72.519844   20     23     23  
464.0  07:44:24 42.37554 -72.51977   23     21     21  
464.0  07:44:46 42.37559 -72.519264   20     23     20  
465.0  07:45:00 42.37609 -72.51986   20     21     20  
465.0  07:45:11 42.375652 -72.51911   23     23     22  
465.0  07:45:33 42.375813 -72.51696   24     20     21  
466.0  07:46:00 42.375595 -72.519264   22     20     24  
466.0  07:46:37 42.37578 -72.50914   22     22     24  
466.0  07:46:48 42.37572 -72.5072   24     23     20  
467.0  07:47:00 42.37588 -72.5145   21     22     24  
467.0  07:47:01 42.375683 -72.50557   21     21     23  
468.0  07:48:00 42.375774 -72.50896   20     21     22  
469.0  07:49:00 42.376045 -72.50054   22     23     22  
469.0  07:49:10 42.373047 -72.50125   24     24     24  
470.0  07:50:00 42.373043 -72.50124   23     24     22  
470.0  07:50:13 42.369247 -72.500534   23     21     23  
471.0  07:51:00 42.36948 -72.50211   20     24     21  
471.0  07:51:10 42.37118 -72.498535   23     20     22  
471.0  07:51:32 42.371174 -72.4985   22     22     20  
472.0  07:52:00 42.36989 -72.49908   21     21     20  
473.0  07:53:00 42.37119 -72.49835   23     21     20  
473.0  07:53:09 42.36262 -72.48852   24     24     22  
474.0  07:54:00 42.365013 -72.49086   22     22     24  
475.0  07:55:00 42.358257 -72.48488   22     21     20  
476.0  07:56:00 42.35573 -72.485245   22     23     20  
477.0  07:57:00 42.358166 -72.48496   24     23     21  
478.0  07:58:00 42.354412 -72.47707   23     20     22  
479.0  07:59:00 42.35339 -72.477295   23     20     20  
480.0  08:00:00 42.35548 -72.48054   21     20     23  
481.0  08:01:00 42.356846 -72.48244   24     24     22  
482.0  08:02:00 42.36141 -72.487434   22     21     22  
483.0  08:03:00 42.362244 -72.48807   22     20     22  
483.0  08:03:37 42.365574 -72.4915   24     20     23  
484.0  08:04:00 42.362995 -72.4887   24     20     23  
484.0  08:04:20 42.36974 -72.49681   21     20     23  
485.0  08:05:00 42.36667 -72.4929   24     24     21  
485.0  08:05:08 42.370323 -72.49914   20     22     21  
485.0  08:05:30 42.37018 -72.49917   24     24     22  
486.0  08:06:00 42.371166 -72.49841   20     21     23  
487.0  08:07:00 42.369274 -72.49938   21     20     24  
487.0  08:07:13 42.37164 -72.5015   21     24     20  
487.0  08:07:35 42.372314 -72.50135   21     21     23  
488.0  08:08:00 42.36944 -72.50197   23     21     23  
489.0  08:09:00 42.372303 -72.50136   21     22     24  
490.0  08:10:00 42.376305 -72.50121   22     24     21  
491.0  08:11:00 42.375748 -72.5055   24     23     22  
492.0  08:12:00 42.37586 -72.508766   23     24     22  
492.0  08:12:45 42.375816 -72.51758   23     21     23  
493.0  08:13:00 42.375935 -72.51219   22     24     22  
493.0  08:13:07 42.37578 -72.51904   23     24     22  
493.0  08:13:30 42.375767 -72.51943   22     22     22  
493.0  08:13:52 42.37577 -72.51939   24     20     21  
494.0  08:14:00 42.37581 -72.51773   21     21     22  
494.0  08:14:17 42.37585 -72.519745   24     23     23  
494.0  08:14:39 42.377224 -72.51982   23     22     21  
495.0  08:15:00 42.375774 -72.519394   24     24     23  
495.0  08:15:32 42.37743 -72.519775   20     20     20  
495.0  08:15:46 42.37745 -72.51983   23     22     21  
496.0  08:16:00 42.377422 -72.5198   23     23     21  
496.0  08:16:02 42.377434 -72.51986   23     20     21  
496.0  08:16:12 42.378098 -72.51992   21     21     20  
497.0  08:17:00 42.377445 -72.519775   24     23     22  
498.0  08:18:00 42.37978 -72.5195   23     20     24  
498.0  08:18:09 42.38215 -72.51992   22     20     21  
498.0  08:18:32 42.383083 -72.5205   21     22     22  
498.0  08:18:54 42.38311 -72.52056   23     23     24  
499.0  08:19:00 42.38146 -72.51926   22     22     22  
499.0  08:19:49 42.385994 -72.52232   20     20     24  
500.0  08:20:00 42.383095 -72.52057   21     20     23  
501.0  08:21:00 42.385975 -72.522285   24     24     21  
502.0  08:22:00 42.387653 -72.523346   21     23     20  
503.0  08:23:00 42.391033 -72.5252   22     21     22  
504.0  08:24:00 42.393845 -72.52609   20     24     20  
504.0  08:24:35 42.39792 -72.52806   23     22     23  
505.0  08:25:00 42.394936 -72.526794   22     22     21  
505.0  08:25:22 42.402557 -72.528595   22     24     22  
506.0  08:26:00 42.398296 -72.52807   20     22     20  
506.0  08:26:32 42.40626 -72.53174   24     23     24  
506.0  08:26:54 42.406063 -72.53243   23     21     23  
507.0  08:27:00 42.40526 -72.52972   22     23     22  
507.0  08:27:16 42.405834 -72.532455   23     20     20  
507.0  08:27:39 42.405823 -72.53246   23     24     24  
508.0  08:28:00 42.406113 -72.53221   23     20     23  
508.0  08:28:06 42.40585 -72.53249   22     20     23  
508.0  08:28:28 42.40587 -72.532486   23     20     22  
508.0  08:28:50 42.405838 -72.53248   21     23     22  
509.0  08:29:00 42.405823 -72.532486   22     23     21  
509.0  08:29:12 42.40584 -72.532486   23     21     20  
509.0  08:29:45 42.405823 -72.53249   24     24     23  
510.0  08:30:00 42.40584 -72.532486   23     22     23  
510.0  08:30:07 42.405796 -72.5325   21     22     21  
511.0  08:31:00 42.405823 -72.53249   24     23     23  
511.0  08:31:27 42.40497 -72.53084   20     23     22  
512.0  08:32:00 42.405445 -72.53238   23     24     22  
513.0  08:33:00 42.405003 -72.53076   23     23     23  
514.0  08:34:00 42.404057 -72.52955   23     23     24  
515.0  08:35:00 42.402153 -72.528435   24     21     21  
515.0  08:35:25 42.39614 -72.5274   24     22     24  
516.0  08:36:00 42.397243 -72.5279   22     22     21  
517.0  08:37:00 42.396156 -72.527374   21     24     21  
518.0  08:38:00 42.39535 -72.527084   23     22     20  
519.0  08:39:00 42.393654 -72.526146   23     21     21  
520.0  08:40:00 42.393387 -72.52606   20     20     24  
520.0  08:40:46 42.388214 -72.52426   23     20     20  
521.0  08:41:00 42.390835 -72.525345   22     21     23  
521.0  08:41:43 42.38707 -72.52287   23     24     22  
522.0  08:42:00 42.387856 -72.523994   22     20     20  
523.0  08:43:00 42.38706 -72.52284   22     23     23  
523.0  08:43:03 42.38492 -72.52165   22     23     21  
524.0  08:44:00 42.38596 -72.522545   20     24     20  
524.0  08:44:29 42.377907 -72.52004   20     23     21  
524.0  08:44:51 42.37792 -72.520035   23     24     23  
525.0  08:45:00 42.381268 -72.51935   23     21     21  
525.0  08:45:13 42.377205 -72.520004   23     21     23  
525.0  08:45:35 42.37668 -72.520035   20     24     22  
525.0  08:45:57 42.375965 -72.52006   21     21     22  
526.0  08:46:00 42.37791 -72.520035   20     22     23  
526.0  08:46:22 42.375965 -72.52012   22     22     24  
526.0  08:46:44 42.375645 -72.51992   24     22     22  
527.0  08:47:00 42.376026 -72.520035   20     21     24  
527.0  08:47:06 42.375633 -72.51932   24     24     21  
527.0  08:47:28 42.37581 -72.51754   20     20     24  
528.0  08:48:00 42.37562 -72.51969   21     22     21  
528.0  08:48:11 42.375908 -72.513336   22     21     21  
528.0  08:48:59 42.375835 -72.51184   21     23     22  
529.0  08:49:00 42.37592 -72.51456   20     23     22  
529.0  08:49:19 42.375847 -72.510925   21     22     23  
529.0  08:49:48 42.37578 -72.50905   20     20     20  
530.0  08:50:00 42.37584 -72.51194   22     24     24  
530.0  08:50:05 42.3757 -72.507195   22     20     23  
530.0  08:50:50 42.376175 -72.501564   24     21     21  
531.0  08:51:00 42.37576 -72.5084   20     23     21  
531.0  08:51:23 42.376087 -72.50061   23     20     24  
532.0  08:52:00 42.376133 -72.50178   24     23     23  
533.0  08:53:00 42.373444 -72.50119   23     24     20  
533.0  08:53:03 42.37299 -72.50119   22     20     22  
534.0  08:54:00 42.372993 -72.50121   23     20     22  
534.0  08:54:31 42.369255 -72.499374   23     22     23  
534.0  08:54:58 42.3711 -72.49875   20     20     23  
535.0  08:55:00 42.369446 -72.50213   24     24     20  
535.0  08:55:20 42.371155 -72.49854   24     22     21  
536.0  08:56:00 42.37045 -72.4991   21     24     21  
537.0  08:57:00 42.370415 -72.49766   20     24     24  
538.0  08:58:00 42.36435 -72.490166   22     20     20  
539.0  08:59:00 42.35816 -72.48509   21     22     24  
540.0  09:00:00 42.355713 -72.48529   23     24     22  
541.0  09:01:00 42.358223 -72.48478   23     22     22  
542.0  09:02:00 42.354073 -72.47622   24     22     22  
543.0  09:03:00 42.353584 -72.47898   23     24     21  
544.0  09:04:00 42.3579 -72.48403   21     24     24  
544.0  09:04:35 42.365562 -72.49145   23     20     20  
545.0  09:05:00 42.362286 -72.48813   20     24     22  
545.0  09:05:14 42.369743 -72.496796   24     20     21  
545.0  09:05:36 42.37118 -72.49842   22     24     24  
546.0  09:06:00 42.366947 -72.49324   20     20     20  
546.0  09:06:27 42.370457 -72.49913   23     24     22  
546.0  09:06:54 42.370262 -72.499084   23     21     24  
547.0  09:07:00 42.371174 -72.498375   24     24     24  
548.0  09:08:00 42.37029 -72.49909   20     24     21  
548.0  09:08:50 42.37117 -72.50163   24     22     21  
549.0  09:09:00 42.369373 -72.501656   21     22     22  
550.0  09:10:00 42.371284 -72.5016   23     22     21  
551.0  09:11:00 42.372753 -72.50124   22     24     21  
552.0  09:12:00 42.372776 -72.50127   21     20     21  
553.0  09:13:00 42.37635 -72.500565   21     20     24  
554.0  09:14:00 42.37594 -72.50302   24     24     21  
554.0  09:14:15 42.375847 -72.50958   20     24     22  
555.0  09:15:00 42.375793 -72.50713   24     23     22  
556.0  09:16:00 42.37594 -72.512184   21     20     23  
556.0  09:16:26 42.375805 -72.51806   21     23     20  
556.0  09:16:48 42.375805 -72.51806   20     24     20  
557.0  09:17:00 42.375984 -72.513535   21     24     24  
557.0  09:17:19 42.375805 -72.51806   23     22     22  
558.0  09:18:15 42.375805 -72.51806   22     24     22  
558.0  09:18:25 42.375805 -72.51806   23     24     23  
558.0  09:18:36 42.375805 -72.51806   24     21     20  
560.0  09:20:09 42.375805 -72.51806   24     20     20  
560.0  09:20:31 42.375805 -72.51806   24     23     24  
561.0  09:21:51 42.375805 -72.51806   20     20     22  
562.0  09:22:13 42.375805 -72.51806   21     22     20  
582.0  09:42:33 42.375805 -72.51806   20     23     23  
584.0  09:44:11 42.375805 -72.51806   23     21     21  
584.0  09:44:33 42.375805 -72.51806   21     22     23  
584.0  09:44:58 42.375805 -72.51806   21     23     21  
585.0  09:45:21 42.375805 -72.51806   20     21     22  
585.0  09:45:52 42.375805 -72.51806   21     23     22  
586.0  09:46:51 42.375805 -72.51806   24     22     21  
587.0  09:47:02 42.375805 -72.51806   22     23     24  
587.0  09:47:13 42.375805 -72.51806   23     21     20  
587.0  09:47:22 42.375805 -72.51806   21     21     20  
587.0  09:47:31 42.375805 -72.51806   21     21     23  
587.0  09:47:42 42.375805 -72.51806   23     22     22  
588.0  09:48:32 42.375805 -72.51806   22     22     21  
589.0  09:49:30 42.375805 -72.51806   23     23     24  
590.0  09:50:41 42.375805 -72.51806   21     23     21  
601.0  10:01:19 42.375805 -72.51806   22     20     22  
603.0  10:03:48 42.375805 -72.51806   21     20     23  
604.0  10:04:36 42.375805 -72.51806   24     23     23  
610.0  10:10:46 42.375805 -72.51806   23     21     24  
611.0  10:11:08 42.375805 -72.51806   23     23     20  
611.0  10:11:35 42.375805 -72.51806   23     23     23  
611.0  10:11:57 42.375805 -72.51806   20     20     21  
612.0  10:12:19 42.375805 -72.51806   24     20     21  
613.0  10:13:00 42.375805 -72.51806   22     23     23  
613.0  10:13:22 42.375805 -72.51806   20     21     22  
613.0  10:13:38 42.375805 -72.51806   24     22     24  
613.0  10:13:49 42.375805 -72.51806   21     20     23  
614.0  10:14:00 42.375805 -72.51806   23     23     24  
615.0  10:15:22 42.375805 -72.51806   22     22     24  
616.0  10:16:46 42.375805 -72.51806   20     23     20  
617.0  10:17:08 42.375805 -72.51806   22     23     21  
622.0  10:22:41 42.375805 -72.51806   22     23     20  
623.0  10:23:40 42.375805 -72.51806   21     20     20  
624.0  10:24:02 42.375805 -72.51806   21     20     22  
624.0  10:24:53 42.375805 -72.51806   20     24     20  
625.0  10:25:15 42.375805 -72.51806   22     20     23  
625.0  10:25:37 42.375805 -72.51806   21     20     21  
625.0  10:25:59 42.375805 -72.51806   24     23     21  
626.0  10:26:30 42.375805 -72.51806   23     23     24  
629.0  10:29:37 42.375805 -72.51806   23     20     20  
630.0  10:30:00 42.375805 -72.51806   21     22     24  
630.0  10:30:24 42.375805 -72.51806   21     23     22  
631.0  10:31:15 42.375805 -72.51806   24     21     23  
631.0  10:31:42 42.375805 -72.51806   21     23     24  
633.0  10:33:01 42.375805 -72.51806   23     23     24  
634.0  10:34:17 42.375805 -72.51806   23     20     24  
635.0  10:35:42 42.375805 -72.51806   21     21     22  
638.0  10:38:59 42.375805 -72.51806   20     21     21  
641.0  10:41:08 42.375805 -72.51806   22     21     23  
642.0  10:42:17 42.375805 -72.51806   20     20     21  
642.0  10:42:39 42.375805 -72.51806   23     23     20  
643.0  10:43:01 42.375805 -72.51806   22     21     20  
643.0  10:43:29 42.375805 -72.51806   20     24     22  
645.0  10:45:07 42.375805 -72.51806   23     20     24  
645.0  10:45:30 42.375805 -72.51806   20     20     24  
645.0  10:45:52 42.375805 -72.51806   23     24     22  
648.0  10:48:16 42.375805 -72.51806   20     20     24  
649.0  10:49:19 42.375805 -72.51806   23     22     22  
650.0  10:50:32 42.375805 -72.51806   23     23     20  
650.0  10:50:59 42.375805 -72.51806   22     21     23  
651.0  10:51:47 42.375805 -72.51806   24     23     21  
652.0  10:52:10 42.375805 -72.51806   23     20     20  
659.0  10:59:55 42.375805 -72.51806   21     20     24  
662.0  11:02:43 42.375805 -72.51806   23     22     20  
663.0  11:03:31 42.375805 -72.51806   24     24     23  
665.0  11:05:01 42.375805 -72.51806   20     21     24  
666.0  11:06:17 42.375805 -72.51806   22     22     21  
667.0  11:07:32 42.375805 -72.51806   21     24     20  
670.0  11:10:45 42.375805 -72.51806   21     23     21  
671.0  11:11:07 42.375805 -72.51806   23     24     24  
671.0  11:11:29 42.375805 -72.51806   20     24     22  
671.0  11:11:51 42.375805 -72.51806   23     22     22  
672.0  11:12:45 42.375805 -72.51806   24     22     24  
673.0  11:13:10 42.375805 -72.51806   23     20     21  
673.0  11:13:32 42.375805 -72.51806   24     21     24  
673.0  11:13:59 42.375805 -72.51806   23     23     24  
674.0  11:14:24 42.375805 -72.51806   21     21     21  
675.0  11:15:54 42.375805 -72.51806   24     20     22  
676.0  11:16:16 42.375805 -72.51806   21     24     24  
678.0  11:18:25 42.375805 -72.51806   21     24     22  
678.0  11:18:48 42.375805 -72.51806   23     24     24  
679.0  11:19:10 42.375805 -72.51806   22     22     20  
685.0  11:25:25 42.375805 -72.51806   21     21     24  
686.0  11:26:05 42.375805 -72.51806   21     22     24  
687.0  11:27:48 42.375805 -72.51806   21     24     24  
692.0  11:32:34 42.375805 -72.51806   24     24     20  
692.0  11:32:56 42.375805 -72.51806   23     21     20  
694.0  11:34:01 42.375805 -72.51806   21     20     20  
694.0  11:34:54 42.375805 -72.51806   24     20     24  
699.0  11:39:24 42.375805 -72.51806   21     24     24  
700.0  11:40:17 42.375805 -72.51806   22     20     20  
701.0  11:41:54 42.375805 -72.51806   21     20     21  
702.0  11:42:16 42.375805 -72.51806   21     21     22  
702.0  11:42:38 42.375805 -72.51806   22     23     23  
703.0  11:43:03 42.375805 -72.51806   22     23     20  
704.0  11:44:12 42.375805 -72.51806   21     22     20  
704.0  11:44:45 42.375805 -72.51806   20     20     24  
705.0  11:45:35 42.375805 -72.51806   21     20     23  
706.0  11:46:46 42.375805 -72.51806   24     22     24  
707.0  11:47:50 42.375805 -72.51806   24     24     20  
708.0  11:48:21 42.375805 -72.51806   24     20     21  
709.0  11:49:37 42.375805 -72.51806   23     21     21  
710.0  11:50:26 42.375805 -72.51806   21     20     23  
711.0  11:51:59 42.375805 -72.51806   24     20     20  
712.0  11:52:56 42.375805 -72.51806   20     21     23  
723.0  12:03:18 42.375805 -72.51806   22     20     24  
723.0  12:03:40 42.375805 -72.51806   20     22     24  
724.0  12:04:02 42.375805 -72.51806   21     22     20  
728.0  12:08:06 42.375805 -72.51806   20     23     23  
729.0  12:09:00 42.375805 -72.51806   22     20     22  
729.0  12:09:53 42.375805 -72.51806   23     23     22  
731.0  12:11:21 42.375805 -72.51806   21     23     20  
731.0  12:11:43 42.375805 -72.51806   24     23     24  
732.0  12:12:09 42.375805 -72.51806   21     24     21  
732.0  12:12:31 42.375805 -72.51806   23     22     23  
732.0  12:12:53 42.375805 -72.51806   23     24     24  
733.0  12:13:15 42.375805 -72.51806   22     21     21  
734.0  12:14:16 42.375805 -72.51806   20     24     24  
734.0  12:14:33 42.375805 -72.51806   20     23     22  
735.0  12:15:09 42.375805 -72.51806   21     21     24  
735.0  12:15:31 42.375805 -72.51806   21     23     20  
736.0  12:16:19 42.375805 -72.51806   24     20     20  
737.0  12:17:17 42.375805 -72.51806   24     20     20  
737.0  12:17:39 42.375805 -72.51806   23     22     21  
738.0  12:18:34 42.375805 -72.51806   24     20     20  
739.0  12:19:02 42.375805 -72.51806   21     24     20  
739.0  12:19:58 42.375805 -72.51806   23     24     20  
853.0  14:13:00 42.3556 -72.48041   21     23     23  
853.0  14:13:54 42.359535 -72.48587   22     23     21  
853.0  14:13:54 42.36113 -72.48721   21     22     24  
854.0  14:14:00 42.362095 -72.48796   22     22     23  
855.0  14:15:00 42.363377 -72.48897   20     23     22  
855.0  14:15:44 42.36833 -72.494995   22     21     20  
855.0  14:15:52 42.36923 -72.49613   24     20     23  
856.0  14:16:00 42.37032 -72.49748   24     20     20  
856.0  14:16:26 42.371117 -72.49872   24     21     24  
856.0  14:16:42 42.370293 -72.49917   22     23     24  
856.0  14:16:47 42.370327 -72.49916   22     20     23  
856.0  14:16:53 42.37041 -72.49915   20     23     21  
856.0  14:16:56 42.370296 -72.49917   20     20     21  
857.0  14:17:00 42.37034 -72.49916   21     24     21  
857.0  14:17:03 42.37029 -72.49915   23     21     23  
857.0  14:17:08 42.369896 -72.49913   20     21     22  
857.0  14:17:13 42.369423 -72.49914   20     22     21  
857.0  14:17:22 42.369896 -72.49913   22     21     20  
857.0  14:17:22 42.369263 -72.49948   24     20     24  
858.0  14:18:00 42.369453 -72.502106   22     22     24  
858.0  14:18:20 42.37116 -72.501625   21     20     24  
858.0  14:18:35 42.372555 -72.5013   21     20     23  
858.0  14:18:43 42.37265 -72.5013   23     23     22  
858.0  14:18:48 42.3727 -72.50132   24     23     20  
858.0  14:18:51 42.372612 -72.5013   21     21     22  
858.0  14:18:58 42.372723 -72.50133   21     20     22  
859.0  14:19:00 42.372715 -72.50133   24     24     23  
859.0  14:19:04 42.372715 -72.50133   20     23     23  
859.0  14:19:09 42.372715 -72.50133   20     20     23  
859.0  14:19:13 42.372715 -72.50133   20     23     20  
859.0  14:19:24 42.372696 -72.50133   24     21     24  
859.0  14:19:32 42.372692 -72.50132   21     21     22  
859.0  14:19:35 42.372692 -72.50133   21     23     24  
859.0  14:19:42 42.37274 -72.501305   20     23     20  
859.0  14:19:48 42.37274 -72.5013   24     20     20  
859.0  14:19:56 42.372837 -72.50127   21     23     22  
859.0  14:19:57 42.37274 -72.5013   23     22     20  
860.0  14:20:00 42.372807 -72.50121   20     22     21  
861.0  14:21:00 42.37277 -72.50121   20     21     21  
861.0  14:21:34 42.374527 -72.50087   21     24     24  
861.0  14:21:40 42.3751 -72.500755   20     21     20  
861.0  14:21:45 42.37428 -72.50092   20     23     23  
862.0  14:22:00 42.376366 -72.50106   24     20     24  
862.0  14:22:31 42.37612 -72.50184   24     24     23  
862.0  14:22:55 42.375694 -72.50582   23     20     21  
863.0  14:23:00 42.375725 -72.50621   21     20     22  
863.0  14:23:00 42.37573 -72.50627   24     24     20  
863.0  14:23:02 42.375687 -72.50527   20     22     20  
863.0  14:23:10 42.37572 -72.506325   23     20     22  
863.0  14:23:24 42.375725 -72.50649   24     23     20  
863.0  14:23:30 42.375813 -72.50716   22     21     23  
863.0  14:23:36 42.375813 -72.50755   24     23     21  
863.0  14:23:48 42.37584 -72.50941   21     20     23  
864.0  14:24:00 42.375866 -72.510666   22     23     20  
864.0  14:24:31 42.37592 -72.51357   24     20     21  
864.0  14:24:36 42.37592 -72.51427   21     23     24  
864.0  14:24:41 42.375916 -72.51501   20     22     20  
864.0  14:24:46 42.37589 -72.51573   21     23     22  
864.0  14:24:51 42.375835 -72.51648   21     20     24  
864.0  14:24:56 42.37581 -72.51717   21     22     20  
865.0  14:25:00 42.375813 -72.5179   23     22     20  
865.0  14:25:02 42.375813 -72.5179   20     24     24  
865.0  14:25:16 42.3758 -72.51811   21     20     21  
865.0  14:25:21 42.3758 -72.51811   20     20     21  
865.0  14:25:26 42.3758 -72.51811   21     22     20  
865.0  14:25:28 42.3758 -72.51811   20     20     20  
865.0  14:25:36 42.3758 -72.51811   20     21     20  
865.0  14:25:41 42.3758 -72.51811   23     21     23  
865.0  14:25:46 42.3758 -72.51811   23     23     21  
865.0  14:25:50 42.3758 -72.51811   23     21     23  
865.0  14:25:56 42.3758 -72.51811   21     20     21  
866.0  14:26:07 42.3758 -72.51811   20     22     21  
866.0  14:26:12 42.3758 -72.51811   24     21     20  
866.0  14:26:23 42.3758 -72.51811   22     21     23  
867.0  14:27:32 42.3758 -72.51811   20     21     21  
867.0  14:27:54 42.3758 -72.51811   23     23     24  
868.0  14:28:12 42.3758 -72.51811   23     22     21  
868.0  14:28:16 42.3758 -72.51811   20     24     24  
868.0  14:28:27 42.3758 -72.51811   23     23     22  
869.0  14:29:44 42.3758 -72.51811   22     24     21  
869.0  14:29:50 42.3758 -72.51811   23     23     22  
870.0  14:30:53 42.3758 -72.51811   22     20     21  
870.0  14:30:58 42.3758 -72.51811   21     24     24  
871.0  14:31:03 42.3758 -72.51811   24     23     22  
871.0  14:31:08 42.3758 -72.51811   24     21     23  
871.0  14:31:19 42.3758 -72.51811   23     21     22  
871.0  14:31:24 42.3758 -72.51811   20     22     23  
871.0  14:31:29 42.3758 -72.51811   21     21     22  
871.0  14:31:30 42.3758 -72.51811   23     23     24  
874.0  14:34:44 42.3758 -72.51811   24     22     22  
874.0  14:34:49 42.3758 -72.51811   20     24     24  
876.0  14:36:03 42.3758 -72.51811   22     21     22  
876.0  14:36:47 42.3758 -72.51811   21     21     24  
876.0  14:36:52 42.3758 -72.51811   24     23     20  
876.0  14:36:57 42.3758 -72.51811   23     22     24  
877.0  14:37:03 42.3758 -72.51811   21     22     22  
877.0  14:37:07 42.3758 -72.51811   20     21     21  
877.0  14:37:18 42.3758 -72.51811   24     22     23  
877.0  14:37:23 42.3758 -72.51811   23     23     20  
877.0  14:37:28 42.3758 -72.51811   20     24     24  
886.0  14:46:00 42.404896 -72.53167   22     23     21  
886.0  14:46:11 42.404903 -72.53135   22     20     21  
886.0  14:46:12 42.404903 -72.53169   23     23     23  
886.0  14:46:21 42.40498 -72.53089   20     23     23  
886.0  14:46:27 42.405 -72.5309   21     21     20  
886.0  14:46:32 42.405006 -72.5309   22     22     23  
886.0  14:46:34 42.404987 -72.53089   22     24     22  
887.0  14:47:00 42.404896 -72.52968   21     20     21  
887.0  14:47:28 42.403168 -72.52913   22     24     23  
887.0  14:47:33 42.403187 -72.52917   22     24     22  
887.0  14:47:43 42.403152 -72.52909   22     23     22  
887.0  14:47:49 42.403152 -72.52909   22     21     24  
888.0  14:48:00 42.402367 -72.52857   20     23     21  
888.0  14:48:31 42.398567 -72.52815   23     23     21  
888.0  14:48:36 42.398052 -72.52817   23     20     20  
888.0  14:48:37 42.39915 -72.52811   24     22     21  
889.0  14:49:00 42.395576 -72.5272   21     24     23  
890.0  14:50:00 42.39356 -72.526115   24     22     22  
891.0  14:51:00 42.392036 -72.52544   24     22     20  
892.0  14:52:00 42.38902 -72.52467   20     20     21  
892.0  14:52:06 42.388645 -72.5245   24     20     21  
892.0  14:52:10 42.389614 -72.52491   20     22     24  
893.0  14:53:00 42.38728 -72.52312   21     21     22  
893.0  14:53:04 42.38713 -72.52292   22     24     20  
893.0  14:53:04 42.38773 -72.52377   22     20     21  
894.0  14:54:00 42.386166 -72.5225   22     23     24  
894.0  14:54:48 42.382874 -72.520546   22     23     21  
894.0  14:54:52 42.383022 -72.52062   20     20     20  
895.0  14:55:00 42.382885 -72.52057   20     24     23  
895.0  14:55:05 42.382893 -72.52057   21     20     23  
895.0  14:55:15 42.382908 -72.52058   21     24     24  
895.0  14:55:20 42.382904 -72.52057   23     20     20  
895.0  14:55:25 42.382893 -72.52056   22     22     24  
895.0  14:55:35 42.382893 -72.52061   20     22     24  
896.0  14:56:00 42.3816 -72.519455   21     22     20  
897.0  14:57:00 42.379543 -72.5197   20     24     21  
897.0  14:57:25 42.378883 -72.51994   22     22     20  
897.0  14:57:30 42.37869 -72.51998   20     24     22  
897.0  14:57:35 42.37842 -72.51999   21     23     22  
897.0  14:57:40 42.37813 -72.51999   21     23     20  
897.0  14:57:43 42.378597 -72.52   20     23     23  
897.0  14:57:50 42.37787 -72.520004   21     22     22  
897.0  14:57:55 42.377876 -72.520004   22     22     22  
898.0  14:58:00 42.37788 -72.520004   21     22     23  
898.0  14:58:00 42.37788 -72.520004   22     21     20  
898.0  14:58:05 42.37788 -72.52001   23     20     20  
898.0  14:58:05 42.377876 -72.520004   23     20     21  
898.0  14:58:15 42.37788 -72.52001   22     23     21  
898.0  14:58:24 42.37779 -72.51997   20     24     20  
898.0  14:58:29 42.377483 -72.51997   20     22     20  
898.0  14:58:32 42.377747 -72.51997   21     24     21  
898.0  14:58:42 42.377197 -72.519966   23     22     21  
898.0  14:58:50 42.377056 -72.51995   20     20     24  
898.0  14:58:55 42.377167 -72.51996   23     23     23  
899.0  14:59:00 42.37637 -72.51989   24     22     22  
899.0  14:59:22 42.376 -72.5199   23     22     22  
899.0  14:59:44 42.375996 -72.519875   20     22     24  
899.0  14:59:56 42.375633 -72.51921   23     21     21  
900.0  15:00:00 42.375633 -72.51924   23     23     24  
900.0  15:00:04 42.375633 -72.51924   22     24     24  
900.0  15:00:06 42.37563 -72.5192   20     21     20  
900.0  15:00:14 42.37566 -72.51923   20     24     23  
900.0  15:00:31 42.37569 -72.51914   23     22     24  
900.0  15:00:32 42.375725 -72.519035   20     22     24  
900.0  15:00:41 42.375835 -72.51676   24     20     23  
900.0  15:00:46 42.375854 -72.51624   22     22     21  
900.0  15:00:52 42.375877 -72.5156   22     20     23  
900.0  15:00:53 42.375835 -72.51676   24     22     23  
901.0  15:01:00 42.375885 -72.51454   20     23     22  
901.0  15:01:03 42.375885 -72.514465   20     21     21  
901.0  15:01:36 42.37588 -72.5135   23     24     22  
901.0  15:01:42 42.375843 -72.51342   22     23     20  
902.0  15:02:00 42.375748 -72.51114   23     24     20  
902.0  15:02:38 42.37566 -72.50735   24     22     22  
902.0  15:02:43 42.37567 -72.50734   21     20     20  
902.0  15:02:48 42.37567 -72.507355   23     22     24  
902.0  15:02:49 42.37566 -72.50734   23     20     21  
902.0  15:02:58 42.375668 -72.506485   20     22     23  
903.0  15:03:00 42.37566 -72.50597   20     20     22  
903.0  15:03:27 42.37613 -72.50156   20     23     22  
903.0  15:03:33 42.37618 -72.50123   22     24     24  
904.0  15:04:00 42.376137 -72.50053   23     22     24  
904.0  15:04:09 42.375763 -72.50061   21     21     23  
904.0  15:04:11 42.37622 -72.500534   22     23     22  
904.0  15:04:19 42.374207 -72.50093   20     20     24  
905.0  15:05:00 42.373047 -72.50124   21     24     24  
905.0  15:05:42 42.371223 -72.50167   22     22     21  
906.0  15:06:00 42.36939 -72.50205   22     23     20  
906.0  15:06:59 42.369953 -72.49908   23     24     22  
907.0  15:07:00 42.370182 -72.49909   23     21     21  
907.0  15:07:25 42.370983 -72.498886   23     21     20  
907.0  15:07:31 42.371162 -72.49859   23     21     22  
907.0  15:07:36 42.371178 -72.49855   21     24     23  
907.0  15:07:37 42.371033 -72.498825   22     20     22  
907.0  15:07:46 42.371204 -72.49857   24     23     22  
907.0  15:07:51 42.3712 -72.498566   22     22     21  
907.0  15:07:57 42.37117 -72.49841   20     23     21  
907.0  15:07:59 42.371204 -72.49857   24     21     20  
908.0  15:08:00 42.370842 -72.4981   23     23     24  
908.0  15:08:15 42.36939 -72.49641   21     20     20  
908.0  15:08:37 42.366856 -72.49321   22     24     20  
909.0  15:09:00 42.36398 -72.48964   24     23     21  
910.0  15:10:00 42.362812 -72.48869   21     20     24  
910.0  15:10:15 42.361717 -72.48777   20     22     22  
911.0  15:11:00 42.357563 -72.485344   23     22     23  
912.0  15:12:00 42.35567 -72.48542   24     23     20  
913.0  15:13:00 42.35811 -72.48508   24     23     22  
914.0  15:14:00 42.35385 -72.47572   21     24     22  
915.0  15:15:00 42.353794 -72.47947   24     21     24  
930.0  15:30:00 42.36608 -72.492226   21     21     22  
930.0  15:30:08 42.366734 -72.49305   21     23     23  
930.0  15:30:44 42.370537 -72.49778   24     22     22  
930.0  15:30:49 42.371006 -72.498245   23     22     23  
930.0  15:30:54 42.371193 -72.4986   22     23     22  
931.0  15:31:00 42.370907 -72.49906   23     24     23  
931.0  15:31:02 42.371025 -72.49895   23     22     21  
931.0  15:31:03 42.371136 -72.4984   24     24     20  
931.0  15:31:21 42.370266 -72.49917   20     24     20  
931.0  15:31:26 42.370255 -72.499146   20     24     22  
931.0  15:31:30 42.37027 -72.49918   24     24     23  
931.0  15:31:37 42.37023 -72.499115   22     23     23  
931.0  15:31:42 42.370235 -72.4991   24     20     23  
931.0  15:31:47 42.37018 -72.49909   21     20     24  
931.0  15:31:52 42.370235 -72.4991   24     24     23  
932.0  15:32:00 42.369453 -72.499176   21     24     22  
933.0  15:33:00 42.369236 -72.50156   20     24     23  
933.0  15:33:44 42.37228 -72.5013   22     22     20  
933.0  15:33:49 42.372623 -72.501236   24     20     20  
933.0  15:33:50 42.371628 -72.50144   23     23     24  
934.0  15:34:00 42.37274 -72.50121   22     20     20  
935.0  15:35:28 42.374443 -72.50081   22     20     24  
935.0  15:35:33 42.375004 -72.5007   22     22     24  
936.0  15:36:00 42.37625 -72.50053   24     23     21  
937.0  15:37:00 42.37568 -72.50521   20     23     20  
937.0  15:37:25 42.375805 -72.50951   22     23     23  
938.0  15:38:00 42.375904 -72.51243   24     24     22  
938.0  15:38:56 42.37592 -72.51393   24     20     24  
939.0  15:39:00 42.375877 -72.514725   23     23     21  
939.0  15:39:01 42.37589 -72.514595   21     21     24  
939.0  15:39:06 42.375835 -72.51539   22     22     22  
939.0  15:39:09 42.37591 -72.514206   23     20     22  
939.0  15:39:16 42.37583 -72.51653   20     22     20  
939.0  15:39:21 42.37584 -72.51663   21     23     20  
939.0  15:39:26 42.37585 -72.51666   24     21     24  
939.0  15:39:31 42.37583 -72.51663   20     24     22  
939.0  15:39:32 42.375843 -72.5167   22     20     23  
939.0  15:39:43 42.375767 -72.51682   23     21     22  
939.0  15:39:48 42.375744 -72.5172   22     21     23  
939.0  15:39:53 42.37574 -72.51764   24     23     20  
939.0  15:39:54 42.37578 -72.516785   21     21     22  
940.0  15:40:00 42.375744 -72.51816   21     24     20  
940.0  15:40:04 42.37574 -72.518265   24     21     21  
940.0  15:40:10 42.37572 -72.51853   21     22     24  
940.0  15:40:15 42.375717 -72.51858   21     24     20  
940.0  15:40:16 42.375732 -72.51832   22     24     22  
940.0  15:40:25 42.37571 -72.51859   24     21     22  
940.0  15:40:31 42.375713 -72.5186   21     20     23  
940.0  15:40:36 42.375713 -72.5186   23     22     24  
940.0  15:40:38 42.37571 -72.5186   24     22     23  
940.0  15:40:49 42.37569 -72.51875   23     21     21  
940.0  15:40:54 42.37566 -72.51933   24     24     23  
941.0  15:41:00 42.37574 -72.5198   23     20     24  
942.0  15:42:00 42.377464 -72.51984   23     21     23  
942.0  15:42:35 42.377377 -72.51983   22     20     20  
942.0  15:42:52 42.37736 -72.519844   20     20     21  
943.0  15:43:00 42.377377 -72.51986   22     22     23  
943.0  15:43:01 42.377354 -72.51986   20     23     20  
943.0  15:43:17 42.377583 -72.519875   23     23     24  
943.0  15:43:52 42.379936 -72.51942   24     20     24  
944.0  15:44:00 42.379868 -72.519485   22     24     23  
944.0  15:44:10 42.38008 -72.519455   24     23     24  
944.0  15:44:15 42.380455 -72.51936   22     20     20  
944.0  15:44:25 42.381134 -72.5193   21     21     21  
944.0  15:44:30 42.38121 -72.519295   23     23     21  
944.0  15:44:35 42.38126 -72.51928   24     22     23  
944.0  15:44:43 42.38121 -72.519295   22     21     20  
944.0  15:44:44 42.38138 -72.51927   24     24     20  
945.0  15:45:00 42.382652 -72.52028   22     22     21  
946.0  15:46:00 42.38697 -72.522675   23     21     21  
946.0  15:46:34 42.38765 -72.52349   23     22     20  
947.0  15:47:00 42.389465 -72.52482   23     22     20  
948.0  15:48:00 42.393135 -72.52573   23     20     22  
949.0  15:49:00 42.393867 -72.52608   20     21     24  
950.0  15:50:00 42.39506 -72.52685   20     24     22  
951.0  15:51:00 42.39693 -72.52771   24     23     23  
951.0  15:51:18 42.397663 -72.52792   22     22     21  
951.0  15:51:24 42.39767 -72.52794   21     24     20  
951.0  15:51:26 42.39766 -72.527916   21     23     24  
951.0  15:51:31 42.397755 -72.527985   22     23     23  
951.0  15:51:36 42.39824 -72.52802   23     22     23  
952.0  15:52:00 42.401733 -72.52814   23     21     20  
952.0  15:52:03 42.401867 -72.52819   23     22     22  
952.0  15:52:24 42.403908 -72.52943   21     24     22  
952.0  15:52:29 42.40398 -72.529465   21     20     24  
952.0  15:52:34 42.403873 -72.52941   21     23     20  
952.0  15:52:45 42.403927 -72.5294   23     21     20  
952.0  15:52:50 42.403996 -72.52952   22     20     22  
952.0  15:52:55 42.404335 -72.52962   22     22     20  
952.0  15:52:56 42.403927 -72.5294   20     22     21  
953.0  15:53:00 42.405144 -72.52963   21     20     24  
953.0  15:53:59 42.406178 -72.5319   23     20     20  
954.0  15:54:00 42.40614 -72.532036   23     20     20  
954.0  15:54:04 42.406116 -72.5321   24     24     24  
954.0  15:54:08 42.406204 -72.531815   21     23     22  
954.0  15:54:14 42.40607 -72.53242   23     23     24  
954.0  15:54:32 42.405827 -72.5325   21     23     24  
954.0  15:54:37 42.405823 -72.5325   20     20     21  
954.0  15:54:42 42.405815 -72.53251   24     23     20  
954.0  15:54:46 42.405823 -72.5325   20     20     22  
954.0  15:54:57 42.405804 -72.53249   24     23     22  
955.0  15:55:00 42.405804 -72.53249   23     23     23  
955.0  15:55:02 42.405804 -72.53249   23     21     23  
955.0  15:55:07 42.405807 -72.532486   24     23     23  
955.0  15:55:08 42.405804 -72.53249   23     24     23  
955.0  15:55:30 42.405815 -72.532486   24     21     23  
955.0  15:55:53 42.405846 -72.53252   22     20     21  
956.0  15:56:00 42.40584 -72.53252   20     21     23  
956.0  15:56:22 42.405846 -72.532524   21     24     20  
956.0  15:56:27 42.405838 -72.532524   20     20     24  
956.0  15:56:31 42.405846 -72.532524   20     24     21  
956.0  15:56:42 42.405823 -72.532524   24     23     22  
956.0  15:56:47 42.405857 -72.53255   21     21     20  
956.0  15:56:52 42.405846 -72.53255   21     20     20  
956.0  15:56:54 42.40583 -72.53253   20     22     23  
957.0  15:57:00 42.405838 -72.53254   20     24     20  
957.0  15:57:02 42.405838 -72.53254   21     20     24  
957.0  15:57:12 42.405846 -72.53254   23     22     24  
957.0  15:57:16 42.40584 -72.53254   22     20     20  
957.0  15:57:27 42.405865 -72.53254   22     21     21  
957.0  15:57:32 42.405872 -72.53255   20     23     22  
957.0  15:57:37 42.405872 -72.53255   24     20     22  
957.0  15:57:38 42.405865 -72.53254   20     20     22  
957.0  15:57:47 42.405865 -72.53254   21     21     24  
957.0  15:57:52 42.405846 -72.532524   22     23     24  
958.0  15:58:00 42.405834 -72.5325   23     20     23  
958.0  15:58:03 42.405838 -72.53251   23     24     20  
958.0  15:58:03 42.405857 -72.53253   20     23     24  
958.0  15:58:14 42.405823 -72.5325   24     21     24  
958.0  15:58:19 42.405827 -72.5325   23     22     20  
958.0  15:58:24 42.40583 -72.5325   21     20     20  
958.0  15:58:26 42.40582 -72.5325   20     21     22  
958.0  15:58:34 42.405846 -72.5325   22     21     22  
958.0  15:58:39 42.40584 -72.5325   22     23     24  
958.0  15:58:44 42.40584 -72.5325   22     23     24  
958.0  15:58:49 42.40585 -72.53251   20     20     22  
958.0  15:58:51 42.40584 -72.5325   20     20     23  
959.0  15:59:00 42.405853 -72.53251   24     20     23  
959.0  15:59:00 42.40585 -72.53251   24     21     23  
959.0  15:59:05 42.405846 -72.53251   20     20     21  
959.0  15:59:10 42.405838 -72.53251   24     24     24  
959.0  15:59:13 42.405846 -72.53251   23     24     20  
959.0  15:59:20 42.40582 -72.5325   22     21     22  
959.0  15:59:25 42.405807 -72.5325   24     20     23  
959.0  15:59:30 42.4058 -72.5325   23     24     20  
959.0  15:59:35 42.40581 -72.5325   20     21     20  
959.0  15:59:46 42.40579 -72.53251   23     20     22  
959.0  15:59:52 42.405792 -72.53251   20     23     21  
959.0  15:59:57 42.405792 -72.53251   24     22     22  
959.0  15:59:57 42.40579 -72.53251   24     21     21  
960.0  16:00:00 42.405796 -72.53251   22     22     20  
960.0  16:00:07 42.4058 -72.5325   24     21     24  
960.0  16:00:12 42.405804 -72.5325   20     20     22  
960.0  16:00:17 42.405804 -72.5325   23     23     21  
960.0  16:00:20 42.4058 -72.5325   21     22     22  
960.0  16:00:27 42.405815 -72.53251   20     21     24  
960.0  16:00:32 42.40582 -72.53252   24     24     23  
960.0  16:00:38 42.405823 -72.532524   24     24     20  
960.0  16:00:42 42.40582 -72.53252   24     20     21  
960.0  16:00:53 42.405777 -72.53257   20     23     20  
960.0  16:00:58 42.405773 -72.5326   21     23     24  
961.0  16:01:00 42.405766 -72.5326   22     20     20  
961.0  16:01:03 42.40576 -72.53259   20     21     21  
961.0  16:01:04 42.405777 -72.53257   22     22     21  
961.0  16:01:14 42.40575 -72.532555   24     20     24  
961.0  16:01:19 42.405655 -72.53251   22     20     22  
961.0  16:01:25 42.405483 -72.53245   24     22     23  
961.0  16:01:26 42.405746 -72.532555   20     24     21  
961.0  16:01:43 42.404827 -72.53215   20     21     21  
961.0  16:01:48 42.404823 -72.53184   21     24     22  
961.0  16:01:53 42.40483 -72.53172   21     24     20  
961.0  16:01:53 42.404846 -72.53221   22     24     23  
962.0  16:02:00 42.404865 -72.53126   22     23     20  
962.0  16:02:03 42.40485 -72.531494   20     23     23  
962.0  16:02:09 42.40493 -72.53089   23     24     23  
962.0  16:02:56 42.403687 -72.52949   23     24     23  
963.0  16:03:00 42.403133 -72.5291   24     21     23  
963.0  16:03:01 42.403133 -72.5291   24     22     21  
963.0  16:03:01 42.403793 -72.529564   22     21     22  
963.0  16:03:11 42.40314 -72.52912   24     20     22  
963.0  16:03:21 42.40289 -72.528915   21     24     22  
963.0  16:03:23 42.40312 -72.52908   24     21     22  
963.0  16:03:35 42.400574 -72.52795   23     21     22  
963.0  16:03:50 42.400055 -72.52799   21     22     24  
963.0  16:03:50 42.398743 -72.52812   20     21     20  
964.0  16:04:00 42.39777 -72.52811   20     20     22  
965.0  16:05:00 42.393417 -72.52603   20     24     21  
966.0  16:06:00 42.39124 -72.525276   22     24     20  
967.0  16:07:00 42.388954 -72.52471   20     23     23  
968.0  16:08:00 42.387745 -72.52383   21     22     21  
969.0  16:09:00 42.386047 -72.52258   20     21     21  
970.0  16:10:00 42.38332 -72.52079   20     23     24  
970.0  16:10:06 42.383144 -72.52071   23     23     20  
970.0  16:10:11 42.3829 -72.52059   22     24     20  
970.0  16:10:16 42.38285 -72.52055   24     20     23  
970.0  16:10:22 42.38283 -72.52054   20     22     21  
970.0  16:10:27 42.382786 -72.52049   20     21     20  
970.0  16:10:32 42.38254 -72.5203   23     23     24  
970.0  16:10:37 42.382263 -72.52014   20     24     20  
970.0  16:10:42 42.382065 -72.51998   21     20     21  
971.0  16:11:00 42.381397 -72.51934   23     20     21  
971.0  16:11:03 42.38134 -72.51933   22     23     20  
972.0  16:12:00 42.37872 -72.51998   24     22     21  
972.0  16:12:32 42.377888 -72.52   21     21     24  
972.0  16:12:37 42.377895 -72.51999   23     23     23  
972.0  16:12:42 42.377895 -72.52   21     23     22  
972.0  16:12:47 42.377876 -72.52002   23     21     21  
972.0  16:12:52 42.37788 -72.52002   24     24     20  
972.0  16:12:57 42.377907 -72.51998   24     21     24  
973.0  16:13:00 42.377895 -72.51997   23     22     23  
973.0  16:13:03 42.377895 -72.51997   21     24     22  
973.0  16:13:08 42.377884 -72.519966   21     24     20  
973.0  16:13:13 42.37768 -72.519936   24     22     20  
973.0  16:13:22 42.377186 -72.5199   24     20     20  
973.0  16:13:27 42.376995 -72.51992   22     23     23  
973.0  16:13:32 42.376698 -72.51992   20     22     23  
973.0  16:13:37 42.376385 -72.519875   22     24     20  
973.0  16:13:53 42.375927 -72.519875   20     20     21  
973.0  16:13:58 42.37561 -72.5198   24     24     21  
974.0  16:14:00 42.3756 -72.51953   20     21     20  
974.0  16:14:06 42.375603 -72.519455   23     21     21  
974.0  16:14:11 42.375607 -72.51923   24     24     24  
974.0  16:14:16 42.37561 -72.51923   22     22     21  
974.0  16:14:25 42.375614 -72.51923   24     24     23  
974.0  16:14:30 42.37565 -72.51911   20     23     20  
974.0  16:14:35 42.37574 -72.51893   24     20     22  
974.0  16:14:40 42.375813 -72.51884   24     24     22  
974.0  16:14:45 42.375874 -72.51864   22     23     21  
974.0  16:14:55 42.375923 -72.51824   24     23     22  
975.0  16:15:01 42.375923 -72.51824   23     22     23  
975.0  16:15:06 42.375923 -72.51824   24     24     20  
977.0  16:17:32 42.375923 -72.51824   24     24     20  
977.0  16:17:51 42.375923 -72.51824   21     21     24  
977.0  16:17:57 42.375923 -72.51824   24     24     21  
978.0  16:18:02 42.375923 -72.51824   24     22     24  
978.0  16:18:07 42.375923 -72.51824   21     23     22  
978.0  16:18:12 42.375923 -72.51824   23     20     22  
978.0  16:18:48 42.375923 -72.51824   24     21     21  
978.0  16:18:54 42.375923 -72.51824   24     23     21  
978.0  16:18:59 42.375923 -72.51824   22     24     21  
979.0  16:19:05 42.375923 -72.51824   21     23     24  
979.0  16:19:11 42.375923 -72.51824   22     22     23  
980.0  16:20:18 42.375923 -72.51824   24     23     24  
980.0  16:20:23 42.375923 -72.51824   22     23     21  
982.0  16:22:02 42.375923 -72.51824   24     24     24  
982.0  16:22:08 42.375923 -72.51824   21     20     21  
983.0  16:23:30 42.375923 -72.51824   20     22     24  
983.0  16:23:35 42.375923 -72.51824   20     24     24  
983.0  16:23:40 42.375923 -72.51824   20     23     24  
983.0  16:23:45 42.375923 -72.51824   22     22     22  
983.0  16:23:50 42.375923 -72.51824   21     23     20  
983.0  16:23:56 42.375923 -72.51824   22     21     22  
984.0  16:24:01 42.375923 -72.51824   21     22     20  
984.0  16:24:06 42.375923 -72.51824   22     22     20  
984.0  16:24:12 42.375923 -72.51824   22     24     21  
984.0  16:24:20 42.375923 -72.51824   23     21     23  
984.0  16:24:25 42.375923 -72.51824   24     24     22  
984.0  16:24:30 42.375923 -72.51824   22     23     24  
984.0  16:24:41 42.375923 -72.51824   23     20     24  
985.0  16:25:24 42.375923 -72.51824   21     20     24  
987.0  16:27:14 42.375923 -72.51824   24     23     21  
991.0  16:31:32 42.375923 -72.51824   24     24     23  
1002.0  16:42:00 42.35466 -72.48012   23     20     23  
1003.0  16:43:00 42.355686 -72.48041   22     22     21  
1004.0  16:44:00 42.3609 -72.487   24     22     24  
1005.0  16:45:00 42.36394 -72.48953   23     24     21  
1005.0  16:45:59 42.370663 -72.497826   24     22     23  
1006.0  16:46:00 42.370853 -72.498024   20     21     23  
1006.0  16:46:05 42.37108 -72.498276   22     20     24  
1006.0  16:46:10 42.37118 -72.49839   22     21     21  
1006.0  16:46:15 42.371155 -72.498436   21     22     22  
1006.0  16:46:20 42.371162 -72.498604   23     24     24  
1006.0  16:46:25 42.371178 -72.49839   22     24     22  
1006.0  16:46:41 42.37027 -72.49914   20     21     24  
1006.0  16:46:46 42.370293 -72.49912   24     22     24  
1006.0  16:46:51 42.37027 -72.499115   24     23     24  
1006.0  16:46:53 42.370277 -72.49914   20     23     22  
1007.0  16:47:00 42.36987 -72.4991   22     21     24  
1007.0  16:47:02 42.36987 -72.4991   24     21     21  
1007.0  16:47:07 42.369484 -72.4991   22     24     22  
1008.0  16:48:00 42.370293 -72.50184   23     20     20  
1008.0  16:48:09 42.371193 -72.5016   22     24     23  
1008.0  16:48:47 42.37265 -72.50123   20     23     22  
1009.0  16:49:00 42.372646 -72.50122   24     23     22  
1009.0  16:49:09 42.372646 -72.50122   21     21     23  
1009.0  16:49:43 42.374157 -72.500854   24     22     24  
1009.0  16:49:48 42.374622 -72.500755   20     20     21  
1009.0  16:49:54 42.3752 -72.50064   20     20     20  
1010.0  16:50:00 42.37574 -72.50053   20     21     21  
1010.0  16:50:50 42.37631 -72.50126   24     24     24  
1010.0  16:50:51 42.3763 -72.50127   22     21     20  
1011.0  16:51:00 42.376175 -72.50185   24     21     21  
1011.0  16:51:01 42.376175 -72.50185   21     22     22  
1012.0  16:52:00 42.375793 -72.50848   21     24     22  
1012.0  16:52:10 42.37582 -72.50972   20     22     20  
1012.0  16:52:15 42.37583 -72.50998   22     24     24  
1012.0  16:52:20 42.375816 -72.51003   24     22     20  
1012.0  16:52:21 42.37582 -72.50972   21     22     21  
1012.0  16:52:35 42.375782 -72.510056   23     21     22  
1012.0  16:52:40 42.375755 -72.510056   21     20     20  
1013.0  16:53:00 42.375835 -72.51058   24     24     23  
1013.0  16:53:33 42.37593 -72.514046   23     23     21  
1013.0  16:53:38 42.375893 -72.5147   23     23     24  
1013.0  16:53:43 42.375893 -72.51536   20     23     20  
1013.0  16:53:44 42.375923 -72.514175   24     20     20  
1013.0  16:53:53 42.37586 -72.51656   22     23     24  
1013.0  16:53:58 42.375847 -72.51667   20     20     24  
1014.0  16:54:00 42.375847 -72.51667   23     23     20  
1014.0  16:54:03 42.375847 -72.51668   24     21     20  
1014.0  16:54:07 42.375854 -72.51663   24     21     22  
1014.0  16:54:13 42.37584 -72.51674   21     22     20  
1014.0  16:54:20 42.375835 -72.516754   20     22     21  
1014.0  16:54:25 42.37583 -72.51701   24     23     21  
1014.0  16:54:28 42.375847 -72.51673   24     21     21  
1014.0  16:54:42 42.375793 -72.51808   21     22     24  
1014.0  16:54:47 42.375793 -72.51808   20     23     23  
1014.0  16:54:52 42.375793 -72.51808   23     22     20  
1014.0  16:54:56 42.375793 -72.51808   24     24     23  
1015.0  16:55:02 42.375793 -72.51808   24     20     23  
1015.0  16:55:10 42.375793 -72.51808   22     24     21  
1015.0  16:55:15 42.375793 -72.51808   20     20     21  
1015.0  16:55:18 42.375793 -72.51808   21     22     21  
1015.0  16:55:31 42.375793 -72.51808   24     21     22  
1015.0  16:55:36 42.375793 -72.51808   20     21     24  
1015.0  16:55:40 42.375793 -72.51808   24     20     24  
1015.0  16:55:46 42.375793 -72.51808   24     23     20  
1015.0  16:55:52 42.375793 -72.51808   24     20     24  
1016.0  16:56:00 42.375793 -72.51808   20     22     22  
1016.0  16:56:02 42.375793 -72.51808   22     22     22  
1016.0  16:56:10 42.375793 -72.51808   20     21     23  
1016.0  16:56:15 42.375793 -72.51808   20     20     22  
1016.0  16:56:44 42.375793 -72.51808   20     24     20  
1016.0  16:56:53 42.375793 -72.51808   20     21     20  
1016.0  16:56:58 42.375793 -72.51808   24     21     20  
1016.0  16:56:59 42.375793 -72.51808   22     24     21  
1017.0  16:57:35 42.375793 -72.51808   21     21     20  
1017.0  16:57:40 42.375793 -72.51808   22     22     20  
1017.0  16:57:48 42.375793 -72.51808   20     23     20  
1017.0  16:57:53 42.375793 -72.51808   24     23     20  
1017.0  16:57:58 42.375793 -72.51808   23     23     20  
1017.0  16:57:59 42.375793 -72.51808   20     20     21  
1018.0  16:58:09 42.375793 -72.51808   21     21     24  
1018.0  16:58:42 42.375793 -72.51808   24     20     24  
1019.0  16:59:51 42.375793 -72.51808   23     22     23  
1020.0  17:00:09 42.375793 -72.51808   22     20     24  
1020.0  17:00:14 42.375793 -72.51808   23     22     20  
1020.0  17:00:19 42.375793 -72.51808   22     20     22  
1020.0  17:00:30 42.375793 -72.51808   23     22     22  
1020.0  17:00:35 42.375793 -72.51808   21     22     23  
1020.0  17:00:41 42.375793 -72.51808   23     24     24  
1020.0  17:00:44 42.375793 -72.51808   21     24     22  
1020.0  17:00:51 42.375793 -72.51808   21     21     20  
1021.0  17:01:00 42.375793 -72.51808   20     22     20  
1021.0  17:01:05 42.375793 -72.51808   21     20     22  
1021.0  17:01:06 42.375793 -72.51808   20     21     20  
1021.0  17:01:49 42.375793 -72.51808   22     22     20  
1021.0  17:01:54 42.375793 -72.51808   24     23     22  
1021.0  17:01:59 42.375793 -72.51808   21     20     24  
1025.0  17:05:23 42.375793 -72.51808   20     21     21  
1025.0  17:05:26 42.375793 -72.51808   23     24     23  
1025.0  17:05:33 42.375793 -72.51808   24     23     21  
1025.0  17:05:38 42.375793 -72.51808   20     23     23  
1025.0  17:05:44 42.375793 -72.51808   20     23     24  
1025.0  17:05:48 42.375793 -72.51808   21     21     22  
1026.0  17:06:35 42.375793 -72.51808   20     20     22  
1026.0  17:06:36 42.375793 -72.51808   21     22     20  
1026.0  17:06:45 42.375793 -72.51808   20     24     22  
1026.0  17:06:50 42.375793 -72.51808   23     22     20  
1026.0  17:06:55 42.375793 -72.51808   23     21     21  
1026.0  17:06:58 42.375793 -72.51808   20     20     20  
1027.0  17:07:05 42.375793 -72.51808   20     23     24  
1027.0  17:07:10 42.375793 -72.51808   22     22     22  
1027.0  17:07:15 42.375793 -72.51808   21     24     21  
1027.0  17:07:21 42.375793 -72.51808   24     24     20  
1028.0  17:08:34 42.375793 -72.51808   24     22     21  
1028.0  17:08:39 42.375793 -72.51808   20     21     23  
1028.0  17:08:44 42.375793 -72.51808   24     24     24  
1028.0  17:08:54 42.375793 -72.51808   20     20     21  
1029.0  17:09:00 42.375793 -72.51808   23     20     20  
1029.0  17:09:06 42.375793 -72.51808   20     21     22  
1029.0  17:09:10 42.375793 -72.51808   23     22     24  
1029.0  17:09:15 42.375793 -72.51808   24     20     24  
1029.0  17:09:48 42.375793 -72.51808   23     20     23  
1030.0  17:10:10 42.375793 -72.51808   22     20     22  
1032.0  17:12:55 42.375793 -72.51808   24     20     21  
1033.0  17:13:18 42.375793 -72.51808   24     24     21  
1033.0  17:13:49 42.375793 -72.51808   24     20     20  
1033.0  17:13:49 42.375793 -72.51808   24     22     21  
1034.0  17:14:00 42.375793 -72.51808   22     22     22  
1034.0  17:14:05 42.375793 -72.51808   21     21     23  
1034.0  17:14:10 42.375793 -72.51808   21     21     23  
1034.0  17:14:11 42.375793 -72.51808   21     23     23  
1034.0  17:14:20 42.375793 -72.51808   22     24     22  
1034.0  17:14:25 42.375793 -72.51808   24     21     22  
1034.0  17:14:30 42.375793 -72.51808   24     21     24  
1034.0  17:14:38 42.375793 -72.51808   22     21     22  
1034.0  17:14:42 42.375793 -72.51808   24     20     21  
1034.0  17:14:53 42.375793 -72.51808   22     23     22  
1035.0  17:15:02 42.375793 -72.51808   20     24     21  
1035.0  17:15:04 42.375793 -72.51808   21     22     21  
1035.0  17:15:12 42.375793 -72.51808   23     23     21  
1035.0  17:15:17 42.375793 -72.51808   20     20     21  
1035.0  17:15:22 42.375793 -72.51808   23     24     20  
1035.0  17:15:31 42.375793 -72.51808   23     24     23  
1035.0  17:15:36 42.375793 -72.51808   22     23     22  
1035.0  17:15:46 42.375793 -72.51808   23     21     21  
1035.0  17:15:53 42.375793 -72.51808   24     20     21  
1035.0  17:15:58 42.375793 -72.51808   21     21     20  
1035.0  17:15:58 42.375793 -72.51808   22     20     22  
1036.0  17:16:17 42.375793 -72.51808   23     21     24  
1036.0  17:16:22 42.375793 -72.51808   24     22     23  
1036.0  17:16:49 42.375793 -72.51808   20     23     23  
1036.0  17:16:54 42.375793 -72.51808   23     21     20  
1037.0  17:17:04 42.375793 -72.51808   20     24     20  
1037.0  17:17:09 42.375793 -72.51808   20     21     24  
1037.0  17:17:15 42.375793 -72.51808   23     22     23  
1037.0  17:17:16 42.375793 -72.51808   23     22     22  
1037.0  17:17:25 42.375793 -72.51808   22     20     21  
1037.0  17:17:38 42.375793 -72.51808   21     22     24  
1037.0  17:17:48 42.375793 -72.51808   24     21     20  
1037.0  17:17:53 42.375793 -72.51808   21     22     24  
1037.0  17:17:59 42.375793 -72.51808   21     22     21  
1038.0  17:18:00 42.375793 -72.51808   21     24     24  
1038.0  17:18:14 42.375793 -72.51808   20     20     22  
1038.0  17:18:19 42.375793 -72.51808   21     22     24  
1038.0  17:18:24 42.375793 -72.51808   20     20     21  
1038.0  17:18:29 42.375793 -72.51808   22     20     22  
1038.0  17:18:35 42.375793 -72.51808   22     21     22  
1038.0  17:18:39 42.375793 -72.51808   21     21     20  
1038.0  17:18:45 42.375793 -72.51808   20     21     22  
1038.0  17:18:55 42.375793 -72.51808   22     23     24  
1039.0  17:19:29 42.375793 -72.51808   24     21     23  
1039.0  17:19:34 42.375793 -72.51808   23     24     20  
1040.0  17:20:11 42.375793 -72.51808   22     24     20  
1040.0  17:20:16 42.375793 -72.51808   20     22     24  
1040.0  17:20:21 42.375793 -72.51808   21     23     24  
1040.0  17:20:21 42.375793 -72.51808   21     20     23  
1040.0  17:20:31 42.375793 -72.51808   22     24     23  
1040.0  17:20:36 42.375793 -72.51808   22     22     23  
1040.0  17:20:42 42.375793 -72.51808   20     23     22  
1040.0  17:20:47 42.375793 -72.51808   24     21     20  
1040.0  17:20:48 42.375793 -72.51808   21     21     20  
1043.0  17:23:34 42.375793 -72.51808   20     22     23  
1044.0  17:24:27 42.375793 -72.51808   23     24     23  
1044.0  17:24:36 42.375793 -72.51808   22     23     22  
1044.0  17:24:57 42.375793 -72.51808   22     23     23  
1045.0  17:25:02 42.375793 -72.51808   23     22     23  
1045.0  17:25:11 42.375793 -72.51808   23     24     22  
1045.0  17:25:36 42.375793 -72.51808   21     20     20  
1045.0  17:25:41 42.375793 -72.51808   23     23     22  
1045.0  17:25:46 42.375793 -72.51808   23     23     22  
1045.0  17:25:48 42.375793 -72.51808   21     22     22  
1045.0  17:25:57 42.375793 -72.51808   22     23     23  
1046.0  17:26:02 42.375793 -72.51808   20     24     24  
1046.0  17:26:07 42.375793 -72.51808   22     24     23  
1046.0  17:26:11 42.375793 -72.51808   22     22     23  
1046.0  17:26:17 42.375793 -72.51808   22     22     24  
1047.0  17:27:09 42.375793 -72.51808   23     20     23  
1047.0  17:27:21 42.375793 -72.51808   20     20     24  
1047.0  17:27:26 42.375793 -72.51808   23     23     23  
1047.0  17:27:32 42.375793 -72.51808   23     20     21  
1047.0  17:27:36 42.375793 -72.51808   24     20     24  
1047.0  17:27:47 42.375793 -72.51808   20     21     23  
1049.0  17:29:06 42.375793 -72.51808   23     21     23  
1049.0  17:29:28 42.375793 -72.51808   20     24     24  
1049.0  17:29:50 42.375793 -72.51808   22     21     23  
1050.0  17:30:01 42.375793 -72.51808   21     23     21  
1050.0  17:30:19 42.375793 -72.51808   24     22     22  
1050.0  17:30:25 42.375793 -72.51808   20     21     22  
1050.0  17:30:32 42.375793 -72.51808   24     23     23  
1050.0  17:30:37 42.375793 -72.51808   23     24     21  
1050.0  17:30:37 42.375793 -72.51808   23     21     23  
1050.0  17:30:47 42.375793 -72.51808   23     23     20  
1050.0  17:30:52 42.375793 -72.51808   21     20     24  
1050.0  17:30:58 42.375793 -72.51808   21     24     22  
1051.0  17:31:25 42.375793 -72.51808   24     21     24  
1051.0  17:31:47 42.375793 -72.51808   23     24     22  
1052.0  17:32:06 42.375793 -72.51808   23     24     24  
1052.0  17:32:11 42.375793 -72.51808   20     21     21  
1052.0  17:32:16 42.375793 -72.51808   23     22     20  
1052.0  17:32:21 42.375793 -72.51808   21     24     20  
1052.0  17:32:22 42.375793 -72.51808   21     23     22  
1052.0  17:32:34 42.375793 -72.51808   23     20     20  
1052.0  17:32:39 42.375793 -72.51808   24     24     23  
1052.0  17:32:44 42.375793 -72.51808   20     24     20  
1052.0  17:32:44 42.375793 -72.51808   23     20     22  
1052.0  17:32:55 42.375793 -72.51808   20     24     22  
1053.0  17:33:03 42.375793 -72.51808   22     23     22  
1053.0  17:33:07 42.375793 -72.51808   21     23     20  
1053.0  17:33:16 42.375793 -72.51808   24     20     23  
1053.0  17:33:21 42.375793 -72.51808   21     20     24  
1053.0  17:33:26 42.375793 -72.51808   22     22     24  
1053.0  17:33:29 42.375793 -72.51808   20     24     23  
1053.0  17:33:39 42.375793 -72.51808   24     20     22  
1053.0  17:33:45 42.375793 -72.51808   24     24     20  
1053.0  17:33:50 42.375793 -72.51808   24     24     23  
1053.0  17:33:55 42.375793 -72.51808   22     22     20  
1053.0  17:33:56 42.375793 -72.51808   21     23     22  
1054.0  17:34:05 42.375793 -72.51808   23     20     24  
1054.0  17:34:11 42.375793 -72.51808   23     23     20  
1055.0  17:35:57 42.375793 -72.51808   23     20     24  
1057.0  17:37:33 42.375793 -72.51808   20     24     24  
1057.0  17:37:38 42.375793 -72.51808   21     22     21  
1057.0  17:37:43 42.375793 -72.51808   21     21     21  
1057.0  17:37:48 42.375793 -72.51808   21     23     24  
1060.0  17:40:01 42.375793 -72.51808   20     22     22  
1060.0  17:40:07 42.375793 -72.51808   20     21     21  
1060.0  17:40:12 42.375793 -72.51808   24     23     23  
1060.0  17:40:15 42.375793 -72.51808   23     23     23  
1060.0  17:40:22 42.375793 -72.51808   24     24     22  
1060.0  17:40:27 42.375793 -72.51808   20     20     23  
1060.0  17:40:35 42.375793 -72.51808   23     22     24  
1060.0  17:40:40 42.375793 -72.51808   24     20     21  
1060.0  17:40:41 42.375793 -72.51808   21     23     20  
1060.0  17:40:50 42.375793 -72.51808   24     24     20  
1060.0  17:40:55 42.375793 -72.51808   22     22     24  
1061.0  17:41:10 42.375793 -72.51808   22     21     22  
1061.0  17:41:29 42.375793 -72.51808   20     20     24  
1062.0  17:42:45 42.375793 -72.51808   22     20     22  
1076.0  17:56:00 42.354645 -72.48008   24     21     23  
1077.0  17:57:00 42.354805 -72.48018   24     20     24  
1078.0  17:58:00 42.358013 -72.48424   22     23     22  
1078.0  17:58:28 42.36135 -72.48741   20     24     22  
1079.0  17:59:00 42.362637 -72.48842   20     22     20  
1080.0  18:00:00 42.367264 -72.49367   22     21     22  
1080.0  18:00:32 42.370625 -72.49778   21     23     23  
1080.0  18:00:37 42.371056 -72.498245   21     23     24  
1080.0  18:00:39 42.37018 -72.4973   21     21     23  
1080.0  18:00:47 42.37123 -72.49859   22     22     20  
1080.0  18:00:55 42.37104 -72.49891   22     22     22  
1081.0  18:01:00 42.37035 -72.49912   21     22     23  
1081.0  18:01:11 42.370274 -72.499115   20     23     20  
1081.0  18:01:17 42.370266 -72.49911   21     24     23  
1081.0  18:01:22 42.370262 -72.499115   23     21     20  
1081.0  18:01:27 42.37012 -72.49911   20     21     20  
1081.0  18:01:27 42.370266 -72.49911   22     21     23  
1081.0  18:01:37 42.36943 -72.49913   20     23     22  
1081.0  18:01:58 42.36928 -72.50054   22     23     22  
1082.0  18:02:00 42.369293 -72.50083   20     21     23  
1082.0  18:02:36 42.371174 -72.50161   23     21     20  
1082.0  18:02:51 42.372585 -72.50127   24     23     23  
1082.0  18:02:52 42.371758 -72.50146   22     22     22  
1083.0  18:03:00 42.37274 -72.50123   23     23     24  
1083.0  18:03:04 42.37274 -72.50123   21     21     24  
1083.0  18:03:14 42.372723 -72.50123   23     20     20  
1083.0  18:03:27 42.372726 -72.50123   23     23     24  
1083.0  18:03:27 42.37271 -72.50124   20     21     21  
1084.0  18:04:00 42.37274 -72.50121   20     24     20  
1085.0  18:05:00 42.376305 -72.5005   21     20     21  
1085.0  18:05:49 42.37619 -72.501884   20     24     21  
1086.0  18:06:00 42.375874 -72.503746   20     24     22  
1086.0  18:06:36 42.37584 -72.50943   20     21     20  
1087.0  18:07:00 42.37593 -72.51196   23     21     22  
1087.0  18:07:26 42.375893 -72.51554   23     20     21  
1087.0  18:07:31 42.37586 -72.516235   24     20     24  
1087.0  18:07:31 42.37593 -72.51475   21     20     23  
1087.0  18:07:41 42.375816 -72.51734   22     20     21  
1087.0  18:07:46 42.37579 -72.5179   20     21     23  
1087.0  18:07:51 42.37578 -72.51844   20     21     23  
1087.0  18:07:54 42.375805 -72.51756   22     20     23  
1088.0  18:08:00 42.375664 -72.519455   24     22     23  
1088.0  18:08:01 42.375664 -72.519455   23     22     21  
1088.0  18:08:30 42.37715 -72.51989   20     21     20  
1088.0  18:08:35 42.377396 -72.51985   23     20     22  
1088.0  18:08:41 42.37746 -72.519844   24     23     23  
1088.0  18:08:46 42.37747 -72.51983   22     20     22  
1088.0  18:08:51 42.377457 -72.5198   22     24     24  
1088.0  18:08:56 42.377457 -72.51978   20     24     22  
1089.0  18:09:00 42.37747 -72.5198   23     21     21  
1089.0  18:09:01 42.37747 -72.51979   23     21     20  
1089.0  18:09:06 42.37748 -72.519806   24     20     22  
1089.0  18:09:11 42.377506 -72.51981   23     22     21  
1089.0  18:09:20 42.377476 -72.5198   23     20     23  
1089.0  18:09:25 42.37742 -72.51978   23     22     21  
1089.0  18:09:31 42.377407 -72.51978   22     21     20  
1089.0  18:09:36 42.377403 -72.51978   24     20     21  
1089.0  18:09:41 42.377514 -72.519806   20     20     20  
1089.0  18:09:46 42.377926 -72.519844   20     22     22  
1089.0  18:09:51 42.378387 -72.519875   20     23     21  
1089.0  18:09:56 42.378822 -72.519875   24     21     23  
1090.0  18:10:00 42.379345 -72.51971   24     23     21  
1090.0  18:10:44 42.382725 -72.52033   24     24     21  
1091.0  18:11:00 42.384377 -72.52128   22     24     20  
1091.0  18:11:40 42.386982 -72.52264   21     24     23  
1091.0  18:11:57 42.3877 -72.52351   20     24     21  
1092.0  18:12:00 42.387707 -72.523506   23     23     20  
1092.0  18:12:02 42.387707 -72.523506   21     22     20  
1092.0  18:12:07 42.38771 -72.52348   21     22     24  
1092.0  18:12:12 42.38772 -72.52346   23     24     23  
1092.0  18:12:17 42.387726 -72.52344   22     21     20  
1092.0  18:12:22 42.38773 -72.52344   23     21     23  
1092.0  18:12:27 42.387726 -72.52344   21     24     20  
1092.0  18:12:32 42.38773 -72.52344   24     20     21  
1092.0  18:12:37 42.38772 -72.52343   24     21     21  
1093.0  18:13:00 42.387703 -72.523445   22     22     23  
1093.0  18:13:07 42.38771 -72.52345   20     23     21  
1093.0  18:13:12 42.387714 -72.52346   22     23     21  
1093.0  18:13:20 42.387714 -72.52346   23     22     24  
1093.0  18:13:26 42.38772 -72.52346   24     24     20  
1093.0  18:13:31 42.387722 -72.52346   21     23     23  
1093.0  18:13:36 42.387726 -72.52346   20     24     23  
1093.0  18:13:41 42.387733 -72.52347   23     22     21  
1093.0  18:13:46 42.387737 -72.523476   24     22     23  
1093.0  18:13:53 42.38774 -72.5235   20     22     23  
1093.0  18:13:59 42.387733 -72.5235   24     23     24  
1094.0  18:14:00 42.387733 -72.523506   22     22     22  
1094.0  18:14:04 42.38773 -72.523506   24     21     22  
1094.0  18:14:09 42.387722 -72.52351   20     20     20  
1094.0  18:14:14 42.38779 -72.523674   20     22     23  
1094.0  18:14:19 42.38806 -72.524   24     22     23  
1094.0  18:14:24 42.388412 -72.52431   24     22     23  
1094.0  18:14:30 42.388798 -72.524536   24     24     20  
1095.0  18:15:00 42.391033 -72.525185   24     21     22  
1096.0  18:16:00 42.393875 -72.526115   23     22     22  
1097.0  18:17:00 42.395058 -72.52688   21     22     20  
1098.0  18:18:00 42.395874 -72.53096   24     22     23  
1099.0  18:19:00 42.392834 -72.53397   24     22     22  
1099.0  18:19:40 42.39392 -72.53274   22     21     20  
1099.0  18:19:46 42.394173 -72.53286   21     20     24  
1099.0  18:19:51 42.394356 -72.532936   20     23     21  
1099.0  18:19:56 42.394558 -72.53302   21     24     21  
1100.0  18:20:00 42.39479 -72.533104   21     24     20  
1101.0  18:21:00 42.394974 -72.533455   21     23     24  
1112.0  18:32:00 42.394154 -72.53335   24     23     21  
1112.0  18:32:05 42.39413 -72.53337   24     24     22  
1112.0  18:32:10 42.394127 -72.533424   23     21     22  
1112.0  18:32:15 42.394157 -72.533455   22     24     22  
1112.0  18:32:20 42.39414 -72.53343   20     23     21  
1112.0  18:32:21 42.394135 -72.53343   23     24     24  
1112.0  18:32:30 42.39418 -72.53336   20     23     24  
1112.0  18:32:35 42.39417 -72.53336   20     24     23  
1112.0  18:32:40 42.39415 -72.533356   20     21     23  
