882.0  14:42:53 42.39619 -72.53329   5     14     47  
883.0  14:43:00 42.396187 -72.533295   4     12     41  
883.0  14:43:03 42.396187 -72.533295   5     13     58  
883.0  14:43:12 42.396183 -72.533295   4     14     56  
883.0  14:43:20 42.396183 -72.533295   3     12     46  
883.0  14:43:29 42.396183 -72.533295   4     10     42  
883.0  14:43:37 42.396183 -72.533295   4     14     40  
883.0  14:43:46 42.396183 -72.533295   4     18     54  
883.0  14:43:56 42.39618 -72.533295   3     17     59  
884.0  14:44:00 42.39618 -72.533295   4     15     59  
884.0  14:44:05 42.39618 -72.533295   5     15     42  
884.0  14:44:14 42.396175 -72.533295   5     16     57  
884.0  14:44:22 42.396175 -72.533295   5     16     50  
884.0  14:44:31 42.396183 -72.533295   5     18     58  
884.0  14:44:39 42.39619 -72.533295   3     18     51  
884.0  14:44:50 42.396214 -72.53325   3     11     41  
884.0  14:44:59 42.396217 -72.53324   5     12     57  
885.0  14:45:00 42.39621 -72.53326   3     18     42  
885.0  14:45:08 42.396202 -72.533264   3     12     46  
885.0  14:45:16 42.396206 -72.53325   4     14     57  
885.0  14:45:25 42.39617 -72.533295   5     15     41  
885.0  14:45:33 42.39615 -72.53332   3     10     44  
885.0  14:45:45 42.396175 -72.533264   3     14     56  
885.0  14:45:54 42.396217 -72.5332   5     14     57  
886.0  14:46:00 42.39619 -72.53332   3     11     43  
886.0  14:46:02 42.396194 -72.53331   5     10     43  
886.0  14:46:11 42.396175 -72.533325   5     17     53  
886.0  14:46:20 42.396168 -72.53332   4     17     41  
886.0  14:46:28 42.396145 -72.5333   4     10     52  
886.0  14:46:39 42.396133 -72.53328   3     12     42  
886.0  14:46:48 42.39615 -72.533264   3     17     56  
886.0  14:46:56 42.39615 -72.53327   3     16     40  
887.0  14:47:00 42.39616 -72.53327   3     19     55  
887.0  14:47:05 42.396164 -72.53327   3     19     54  
887.0  14:47:13 42.39617 -72.53327   5     16     40  
887.0  14:47:22 42.396187 -72.53328   4     19     46  
887.0  14:47:32 42.39614 -72.53329   5     18     47  
887.0  14:47:41 42.396072 -72.533295   4     13     56  
887.0  14:47:50 42.396088 -72.53328   3     10     53  
887.0  14:47:58 42.396152 -72.533264   5     10     55  
888.0  14:48:00 42.396156 -72.53327   4     14     51  
888.0  14:48:07 42.396156 -72.53327   4     17     49  
888.0  14:48:16 42.39616 -72.53327   4     18     42  
888.0  14:48:26 42.396175 -72.533264   3     17     55  
888.0  14:48:35 42.396137 -72.53327   3     15     45  
888.0  14:48:44 42.396072 -72.53328   3     11     47  
888.0  14:48:52 42.396088 -72.53327   5     15     43  
889.0  14:49:00 42.39614 -72.53326   4     16     49  
889.0  14:49:01 42.396133 -72.53326   5     12     55  
889.0  14:49:10 42.396156 -72.53326   3     13     50  
889.0  14:49:20 42.39616 -72.53326   5     17     53  
889.0  14:49:29 42.39616 -72.53325   4     14     41  
889.0  14:49:38 42.396152 -72.53325   4     12     49  
889.0  14:49:47 42.39615 -72.53326   4     16     47  
889.0  14:49:56 42.396152 -72.53326   5     11     56  
890.0  14:50:00 42.396187 -72.53324   5     12     59  
890.0  14:50:04 42.396187 -72.53324   4     10     45  
890.0  14:50:15 42.396214 -72.53324   3     14     59  
890.0  14:50:23 42.39623 -72.53325   5     16     56  
890.0  14:50:33 42.39622 -72.53325   4     11     42  
890.0  14:50:41 42.3962 -72.53326   3     18     45  
890.0  14:50:50 42.396114 -72.53328   3     19     46  
890.0  14:50:58 42.39604 -72.533295   3     14     58  
891.0  14:51:00 42.396053 -72.53329   3     13     43  
891.0  14:51:09 42.39609 -72.53328   5     13     44  
891.0  14:51:17 42.396137 -72.53325   3     12     57  
891.0  14:51:26 42.39615 -72.533295   3     14     51  
891.0  14:51:35 42.396152 -72.53332   3     10     44  
891.0  14:51:43 42.396152 -72.53335   4     11     41  
891.0  14:51:52 42.39614 -72.533356   5     19     47  
892.0  14:52:00 42.396122 -72.53335   3     18     43  
892.0  14:52:03 42.396122 -72.533356   4     11     57  
892.0  14:52:12 42.39613 -72.53334   5     18     43  
892.0  14:52:20 42.396114 -72.53335   5     18     49  
892.0  14:52:29 42.39612 -72.53334   4     14     40  
892.0  14:52:38 42.396122 -72.53332   4     19     45  
892.0  14:52:47 42.39613 -72.53332   3     10     50  
892.0  14:52:58 42.3961 -72.53331   5     11     52  
893.0  14:53:00 42.396122 -72.533264   3     14     55  
893.0  14:53:06 42.396133 -72.53325   5     13     41  
893.0  14:53:15 42.396145 -72.53323   4     13     51  
893.0  14:53:23 42.39616 -72.53324   5     12     43  
893.0  14:53:32 42.396133 -72.53324   4     17     56  
893.0  14:53:41 42.39608 -72.53329   5     12     41  
893.0  14:53:51 42.396137 -72.53326   5     11     46  
894.0  14:54:00 42.39617 -72.53331   3     13     53  
894.0  14:54:00 42.396175 -72.53331   4     15     53  
894.0  14:54:09 42.396175 -72.53331   3     10     57  
894.0  14:54:17 42.39615 -72.53332   3     19     42  
894.0  14:54:26 42.396107 -72.533325   3     18     44  
894.0  14:54:34 42.396088 -72.53332   3     14     58  
894.0  14:54:44 42.396072 -72.533295   3     14     56  
894.0  14:54:53 42.396084 -72.533295   4     19     45  
895.0  14:55:00 42.396088 -72.53327   4     11     55  
895.0  14:55:02 42.39609 -72.53328   5     12     42  
895.0  14:55:10 42.39608 -72.53325   5     10     57  
895.0  14:55:19 42.396095 -72.533264   4     11     48  
895.0  14:55:28 42.396107 -72.53328   3     14     45  
895.0  14:55:38 42.39614 -72.53327   3     10     55  
895.0  14:55:47 42.396156 -72.53327   3     16     44  
895.0  14:55:56 42.396133 -72.53328   3     12     49  
896.0  14:56:00 42.396133 -72.53328   3     15     50  
896.0  14:56:04 42.396145 -72.53327   4     17     44  
896.0  14:56:13 42.396183 -72.53326   4     19     44  
896.0  14:56:21 42.39622 -72.53326   3     19     44  
896.0  14:56:34 42.39623 -72.53326   4     11     53  
896.0  14:56:42 42.396206 -72.53326   3     18     59  
896.0  14:56:51 42.39617 -72.533264   3     14     53  
897.0  14:57:00 42.39614 -72.53327   5     14     52  
897.0  14:57:00 42.396137 -72.53328   3     19     43  
897.0  14:57:09 42.396133 -72.53328   4     16     46  
897.0  14:57:17 42.39611 -72.53329   3     14     47  
897.0  14:57:29 42.396126 -72.53329   3     18     49  
897.0  14:57:38 42.39612 -72.53329   5     19     56  
897.0  14:57:46 42.396122 -72.53329   4     18     51  
897.0  14:57:55 42.396137 -72.53328   3     19     57  
898.0  14:58:00 42.39613 -72.53329   5     18     57  
898.0  14:58:03 42.39613 -72.53329   3     17     41  
898.0  14:58:12 42.396164 -72.53328   5     11     47  
898.0  14:58:22 42.396168 -72.53328   5     14     52  
898.0  14:58:30 42.396156 -72.53329   4     14     48  
898.0  14:58:39 42.396168 -72.53329   3     14     56  
898.0  14:58:48 42.396152 -72.53329   5     12     40  
898.0  14:58:57 42.39619 -72.53328   4     15     57  
899.0  14:59:00 42.396175 -72.53329   3     17     40  
899.0  14:59:05 42.396175 -72.53329   5     15     56  
899.0  14:59:15 42.396145 -72.533295   4     15     58  
899.0  14:59:24 42.396126 -72.5333   4     16     51  
899.0  14:59:33 42.396095 -72.5333   3     11     40  
899.0  14:59:41 42.39609 -72.5333   5     16     47  
899.0  14:59:50 42.3961 -72.533295   3     12     58  
899.0  14:59:59 42.396114 -72.533295   5     18     52  
900.0  15:00:00 42.396145 -72.53329   4     18     43  
900.0  15:00:10 42.39617 -72.53328   3     15     55  
900.0  15:00:19 42.39618 -72.53328   3     15     45  
900.0  15:00:27 42.396175 -72.53328   3     10     54  
900.0  15:00:36 42.39618 -72.53328   3     11     57  
900.0  15:00:44 42.39618 -72.53328   4     12     56  
900.0  15:00:52 42.396183 -72.53328   5     11     53  
901.0  15:01:00 42.396187 -72.53328   5     13     51  
901.0  15:01:03 42.396187 -72.53328   3     17     43  
901.0  15:01:12 42.396187 -72.53329   5     11     59  
901.0  15:01:21 42.396183 -72.53329   5     17     40  
901.0  15:01:29 42.39618 -72.533295   3     15     43  
901.0  15:01:38 42.39617 -72.53329   5     16     52  
901.0  15:01:46 42.39616 -72.53327   5     16     46  
901.0  15:01:57 42.396152 -72.53326   5     18     40  
902.0  15:02:00 42.396152 -72.53326   4     16     57  
902.0  15:02:06 42.39615 -72.53326   3     11     47  
902.0  15:02:14 42.396145 -72.53324   4     17     41  
902.0  15:02:23 42.39615 -72.53324   3     10     54  
902.0  15:02:32 42.39616 -72.53326   5     14     58  
902.0  15:02:40 42.396164 -72.53329   4     12     41  
902.0  15:02:50 42.39618 -72.5333   4     15     52  
902.0  15:02:59 42.39618 -72.53331   3     19     50  
903.0  15:03:00 42.39618 -72.5333   3     12     45  
903.0  15:03:08 42.396175 -72.533295   4     19     51  
903.0  15:03:16 42.396175 -72.53329   5     17     46  
903.0  15:03:25 42.396164 -72.53327   4     12     40  
903.0  15:03:33 42.39617 -72.533295   5     14     40  
903.0  15:03:44 42.39616 -72.53327   4     15     42  
903.0  15:03:52 42.396156 -72.53327   3     10     40  
904.0  15:04:00 42.396175 -72.533264   4     11     49  
904.0  15:04:00 42.39618 -72.53326   3     14     57  
904.0  15:04:09 42.39621 -72.533264   4     13     53  
904.0  15:04:17 42.39619 -72.5333   5     11     55  
904.0  15:04:26 42.39617 -72.53329   4     16     56  
904.0  15:04:36 42.39615 -72.53329   4     16     42  
904.0  15:04:45 42.39617 -72.53325   3     12     49  
904.0  15:04:54 42.39618 -72.53322   4     15     52  
905.0  15:05:00 42.396095 -72.533264   5     11     48  
905.0  15:05:03 42.396103 -72.53326   4     19     59  
905.0  15:05:11 42.39608 -72.53332   5     13     52  
905.0  15:05:20 42.3961 -72.53334   5     10     51  
905.0  15:05:31 42.39612 -72.53333   5     15     42  
905.0  15:05:40 42.39613 -72.53332   4     19     55  
905.0  15:05:49 42.396133 -72.53331   4     15     47  
905.0  15:05:58 42.396133 -72.5333   3     19     44  
906.0  15:06:00 42.39615 -72.53332   3     17     48  
906.0  15:06:07 42.396164 -72.53334   5     10     52  
906.0  15:06:15 42.396164 -72.533325   3     11     47  
906.0  15:06:26 42.396175 -72.53334   3     19     50  
906.0  15:06:34 42.39618 -72.53334   5     19     42  
906.0  15:06:43 42.396168 -72.5333   3     17     53  
906.0  15:06:51 42.39616 -72.53329   3     18     44  
907.0  15:07:00 42.396164 -72.533295   5     11     59  
907.0  15:07:00 42.396168 -72.533295   4     11     45  
907.0  15:07:08 42.39617 -72.533295   3     17     58  
907.0  15:07:18 42.39616 -72.53327   3     18     49  
907.0  15:07:27 42.396164 -72.53327   3     13     53  
907.0  15:07:36 42.396175 -72.533295   3     17     46  
907.0  15:07:45 42.396175 -72.533295   3     18     50  
907.0  15:07:54 42.39617 -72.533295   3     12     48  
908.0  15:08:00 42.396175 -72.533295   5     14     57  
908.0  15:08:02 42.396175 -72.533295   5     15     40  
908.0  15:08:14 42.396164 -72.53327   4     16     55  
908.0  15:08:26 42.396175 -72.53329   5     19     51  
908.0  15:08:34 42.39617 -72.53328   3     12     59  
908.0  15:08:43 42.396175 -72.53329   5     12     46  
908.0  15:08:51 42.396168 -72.53327   5     14     54  
909.0  15:09:00 42.39618 -72.533295   5     12     50  
909.0  15:09:00 42.396183 -72.5333   4     12     58  
909.0  15:09:10 42.396183 -72.5333   4     11     53  
909.0  15:09:19 42.396187 -72.53331   5     16     49  
909.0  15:09:27 42.39618 -72.533295   4     12     55  
909.0  15:09:36 42.39617 -72.53328   4     13     46  
909.0  15:09:44 42.396168 -72.53328   3     10     52  
909.0  15:09:53 42.39616 -72.53327   3     18     48  
910.0  15:10:00 42.396156 -72.53325   3     15     56  
910.0  15:10:03 42.396156 -72.53325   5     14     49  
910.0  15:10:12 42.39618 -72.53324   3     13     55  
910.0  15:10:20 42.39616 -72.53326   4     10     45  
910.0  15:10:29 42.396145 -72.53327   3     19     49  
910.0  15:10:37 42.39613 -72.533264   3     17     52  
910.0  15:10:46 42.396133 -72.53329   4     12     41  
910.0  15:10:56 42.396137 -72.53331   5     17     55  
911.0  15:11:00 42.39616 -72.533295   4     17     59  
911.0  15:11:06 42.396168 -72.5333   5     10     42  
911.0  15:11:14 42.396183 -72.53329   4     19     43  
911.0  15:11:22 42.396168 -72.533295   4     14     53  
911.0  15:11:31 42.39615 -72.53329   3     13     45  
911.0  15:11:39 42.39616 -72.53331   4     18     59  
911.0  15:11:50 42.39616 -72.53329   4     11     44  
911.0  15:11:59 42.39616 -72.53328   5     13     47  
912.0  15:12:00 42.39616 -72.53327   3     15     54  
912.0  15:12:08 42.39616 -72.53327   3     19     52  
912.0  15:12:16 42.396152 -72.53326   3     12     44  
912.0  15:12:25 42.396152 -72.53326   3     19     44  
912.0  15:12:33 42.396152 -72.53326   4     19     49  
912.0  15:12:44 42.39615 -72.53326   5     10     53  
912.0  15:12:52 42.396156 -72.53327   3     11     59  
913.0  15:13:00 42.396156 -72.53327   3     13     53  
913.0  15:13:01 42.396156 -72.53327   4     12     41  
913.0  15:13:10 42.396156 -72.53327   5     15     50  
913.0  15:13:18 42.39616 -72.53328   4     14     46  
913.0  15:13:27 42.396168 -72.53329   5     16     49  
913.0  15:13:37 42.396168 -72.53329   5     10     56  
913.0  15:13:46 42.396164 -72.53328   3     13     44  
913.0  15:13:55 42.39616 -72.53327   3     16     56  
914.0  15:14:00 42.39616 -72.53327   3     14     58  
914.0  15:14:03 42.39616 -72.53327   3     11     44  
914.0  15:14:12 42.396168 -72.53328   5     13     59  
914.0  15:14:20 42.396175 -72.53329   4     16     40  
919.0  15:19:03 42.396168 -72.53326   4     14     54  
919.0  15:19:15 42.39617 -72.533264   5     12     41  
919.0  15:19:28 42.396175 -72.53327   4     12     50  
919.0  15:19:41 42.39618 -72.53327   3     17     49  
920.0  15:20:37 42.39617 -72.53326   3     11     51  
920.0  15:20:48 42.39617 -72.53324   3     16     45  
920.0  15:20:58 42.396168 -72.53323   5     14     52  
921.0  15:21:00 42.396168 -72.53324   4     18     53  
921.0  15:21:07 42.396164 -72.53324   4     18     43  
921.0  15:21:16 42.39616 -72.533226   5     10     45  
921.0  15:21:24 42.39616 -72.533226   5     13     50  
921.0  15:21:33 42.39616 -72.53323   4     17     45  
921.0  15:21:43 42.396164 -72.53324   3     12     50  
921.0  15:21:51 42.39618 -72.53325   4     12     46  
922.0  15:22:00 42.396183 -72.53324   3     12     43  
922.0  15:22:00 42.396183 -72.53325   3     17     47  
922.0  15:22:09 42.396187 -72.53326   3     15     42  
922.0  15:22:17 42.396187 -72.53327   3     15     58  
922.0  15:22:26 42.396183 -72.533264   4     18     43  
922.0  15:22:36 42.396183 -72.53326   5     14     44  
922.0  15:22:44 42.396175 -72.53325   3     19     56  
922.0  15:22:53 42.396183 -72.533264   4     12     42  
923.0  15:23:00 42.396183 -72.53328   3     13     59  
923.0  15:23:02 42.396183 -72.53327   4     10     55  
923.0  15:23:11 42.39618 -72.53328   4     17     59  
923.0  15:23:19 42.39618 -72.53329   4     16     48  
923.0  15:23:31 42.39617 -72.53327   5     11     43  
923.0  15:23:40 42.396175 -72.53331   4     17     40  
923.0  15:23:49 42.396183 -72.533325   4     16     40  
923.0  15:23:57 42.396183 -72.533325   5     10     58  
924.0  15:24:00 42.39618 -72.53332   3     13     47  
924.0  15:24:05 42.39618 -72.53332   4     11     41  
924.0  15:24:14 42.39617 -72.53331   5     12     53  
924.0  15:24:25 42.39617 -72.53329   4     14     40  
924.0  15:24:33 42.39617 -72.53328   5     18     59  
924.0  15:24:42 42.39617 -72.53327   4     17     55  
924.0  15:24:50 42.39617 -72.53327   5     14     44  
924.0  15:24:59 42.39618 -72.53328   5     11     49  
925.0  15:25:00 42.396183 -72.53329   5     12     51  
925.0  15:25:07 42.396183 -72.53328   4     17     53  
925.0  15:25:18 42.396175 -72.53328   5     16     55  
925.0  15:25:27 42.39617 -72.53329   4     10     49  
925.0  15:25:35 42.39617 -72.533295   4     11     43  
925.0  15:25:44 42.396168 -72.533295   5     19     46  
925.0  15:25:52 42.39617 -72.53329   3     17     55  
926.0  15:26:00 42.396183 -72.53327   4     13     59  
926.0  15:26:01 42.396183 -72.53327   5     12     45  
926.0  15:26:11 42.396187 -72.53327   5     13     45  
926.0  15:26:20 42.39618 -72.53328   4     11     51  
926.0  15:26:29 42.396164 -72.5333   4     14     55  
936.0  15:36:41 42.396194 -72.533325   4     12     48  
936.0  15:36:54 42.396175 -72.53328   3     11     51  
937.0  15:37:06 42.39617 -72.53326   4     19     57  
937.0  15:37:18 42.396187 -72.53329   3     11     57  
938.0  15:38:00 42.396214 -72.53326   5     13     54  
938.0  15:38:15 42.396206 -72.53331   5     19     50  
938.0  15:38:27 42.396214 -72.53334   3     15     44  
938.0  15:38:36 42.396214 -72.533325   3     12     43  
938.0  15:38:45 42.396206 -72.53331   4     13     56  
938.0  15:38:53 42.396183 -72.53328   4     11     43  
939.0  15:39:00 42.39617 -72.533264   4     14     51  
939.0  15:39:02 42.39617 -72.533264   5     16     49  
939.0  15:39:10 42.39616 -72.53326   5     12     55  
939.0  15:39:20 42.396168 -72.533264   4     10     59  
939.0  15:39:29 42.396194 -72.53331   5     17     48  
939.0  15:39:37 42.396214 -72.53332   5     15     51  
939.0  15:39:46 42.39622 -72.533325   4     10     48  
939.0  15:39:54 42.396214 -72.53332   5     13     50  
940.0  15:40:00 42.396214 -72.53334   4     11     52  
940.0  15:40:03 42.396214 -72.53334   4     18     47  
940.0  15:40:14 42.396187 -72.53333   5     12     43  
940.0  15:40:22 42.396175 -72.533325   3     16     50  
940.0  15:40:31 42.396175 -72.53331   3     18     42  
940.0  15:40:40 42.39618 -72.533295   5     18     51  
949.0  15:49:02 42.39619 -72.53328   5     10     49  
949.0  15:49:15 42.396187 -72.53328   5     16     42  
949.0  15:49:27 42.396183 -72.53328   5     13     53  
949.0  15:49:40 42.396175 -72.533295   5     17     46  
950.0  15:50:37 42.39619 -72.533264   5     11     52  
950.0  15:50:48 42.39618 -72.53326   3     19     44  
950.0  15:50:57 42.396175 -72.53325   5     15     53  
951.0  15:51:00 42.396168 -72.53325   4     13     53  
951.0  15:51:05 42.396164 -72.53325   3     18     44  
951.0  15:51:14 42.39616 -72.53326   3     12     42  
951.0  15:51:22 42.396187 -72.533264   3     17     40  
951.0  15:51:31 42.3962 -72.53326   3     14     45  
951.0  15:51:42 42.396225 -72.533264   3     11     57  
951.0  15:51:51 42.39621 -72.533264   5     14     45  
951.0  15:51:59 42.39619 -72.533264   4     15     49  
952.0  15:52:00 42.396187 -72.53327   3     15     52  
952.0  15:52:07 42.396187 -72.53328   3     10     51  
952.0  15:52:16 42.396183 -72.53328   5     11     45  
952.0  15:52:25 42.39617 -72.53328   3     17     41  
952.0  15:52:36 42.396183 -72.53329   4     12     56  
952.0  15:52:44 42.396202 -72.53338   3     11     51  
952.0  15:52:52 42.396202 -72.533394   5     10     48  
953.0  15:53:00 42.396194 -72.53338   4     18     51  
953.0  15:53:01 42.3962 -72.53338   5     10     43  
953.0  15:53:10 42.39619 -72.53337   4     17     50  
953.0  15:53:19 42.39619 -72.53336   5     11     57  
953.0  15:53:29 42.39619 -72.533356   5     14     40  
953.0  15:53:38 42.396187 -72.533356   4     15     40  
953.0  15:53:47 42.396187 -72.53335   5     15     56  
953.0  15:53:55 42.396183 -72.53335   4     17     43  
954.0  15:54:00 42.39618 -72.53335   4     19     41  
954.0  15:54:04 42.39618 -72.53335   4     10     59  
954.0  15:54:12 42.396187 -72.53334   5     10     49  
954.0  15:54:23 42.396206 -72.533356   3     18     55  
954.0  15:54:31 42.396217 -72.53336   3     19     48  
954.0  15:54:40 42.39622 -72.53337   5     13     52  
954.0  15:54:49 42.396217 -72.53337   3     17     46  
954.0  15:54:57 42.396133 -72.533516   5     14     57  
955.0  15:55:00 42.395775 -72.533516   5     12     59  
955.0  15:55:06 42.395664 -72.53348   4     11     50  
955.0  15:55:16 42.39538 -72.5334   4     19     58  
955.0  15:55:24 42.395382 -72.533394   4     14     43  
955.0  15:55:33 42.395275 -72.53357   4     15     59  
955.0  15:55:42 42.394962 -72.53424   4     15     48  
955.0  15:55:51 42.394016 -72.53431   5     19     52  
956.0  15:56:00 42.392937 -72.534004   4     15     53  
956.0  15:56:00 42.392525 -72.53382   4     15     40  
956.0  15:56:10 42.391884 -72.533554   3     13     49  
956.0  15:56:19 42.39096 -72.53317   4     12     57  
956.0  15:56:27 42.390415 -72.53297   4     13     42  
956.0  15:56:36 42.390343 -72.53295   3     11     47  
956.0  15:56:44 42.390102 -72.53288   3     15     47  
956.0  15:56:53 42.389412 -72.53255   3     17     51  
957.0  15:57:00 42.388508 -72.53216   5     11     55  
957.0  15:57:04 42.388508 -72.53216   4     10     40  
957.0  15:57:15 42.38756 -72.53176   4     14     56  
957.0  15:57:29 42.38613 -72.53117   3     13     49  
957.0  15:57:52 42.385254 -72.53104   3     12     42  
958.0  15:58:00 42.384876 -72.53236   3     12     54  
958.0  15:58:03 42.38488 -72.53234   5     16     49  
958.0  15:58:12 42.384857 -72.53243   3     12     48  
958.0  15:58:20 42.38477 -72.53261   5     16     42  
958.0  15:58:29 42.384308 -72.53234   3     17     46  
958.0  15:58:37 42.383583 -72.53203   4     13     51  
958.0  15:58:46 42.382874 -72.53185   4     12     52  
958.0  15:58:57 42.382347 -72.53189   5     10     59  
959.0  15:59:00 42.38227 -72.532486   3     16     49  
959.0  15:59:05 42.382236 -72.532715   3     14     47  
959.0  15:59:14 42.382164 -72.533516   4     17     48  
959.0  15:59:22 42.38217 -72.533714   3     13     42  
959.0  15:59:31 42.381958 -72.53386   3     18     53  
959.0  15:59:40 42.38129 -72.5339   5     18     48  
959.0  15:59:50 42.380524 -72.53398   3     13     42  
959.0  15:59:59 42.3799 -72.53404   3     17     52  
960.0  16:00:00 42.379765 -72.534065   4     17     47  
960.0  16:00:07 42.379738 -72.53407   4     11     48  
960.0  16:00:15 42.37928 -72.53412   3     17     50  
960.0  16:00:24 42.378746 -72.53418   4     10     46  
960.0  16:00:35 42.378223 -72.534225   3     18     59  
960.0  16:00:46 42.378178 -72.53424   5     17     57  
960.0  16:00:55 42.37817 -72.534256   5     10     58  
961.0  16:01:00 42.37817 -72.534256   3     19     51  
961.0  16:01:03 42.37817 -72.534256   5     12     58  
961.0  16:01:12 42.37817 -72.53427   5     10     58  
961.0  16:01:20 42.378193 -72.53425   5     10     42  
961.0  16:01:29 42.378193 -72.53423   5     14     59  
961.0  16:01:39 42.378185 -72.53421   3     14     46  
961.0  16:01:48 42.37817 -72.53422   4     14     59  
961.0  16:01:57 42.378162 -72.534225   5     12     55  
962.0  16:02:00 42.378166 -72.534225   3     15     47  
962.0  16:02:06 42.37817 -72.53423   4     13     47  
962.0  16:02:15 42.37817 -72.53425   5     17     52  
962.0  16:02:23 42.37817 -72.53428   5     10     55  
962.0  16:02:33 42.378166 -72.53429   3     14     53  
962.0  16:02:42 42.37817 -72.53429   4     14     45  
962.0  16:02:51 42.378174 -72.53427   3     10     46  
962.0  16:02:59 42.378174 -72.53427   3     19     46  
963.0  16:03:00 42.378174 -72.53427   3     14     40  
963.0  16:03:08 42.378178 -72.53427   5     10     40  
963.0  16:03:16 42.378178 -72.53426   4     16     49  
963.0  16:03:27 42.37818 -72.534256   3     13     45  
963.0  16:03:35 42.378178 -72.53426   3     14     50  
963.0  16:03:44 42.378178 -72.53427   4     16     56  
963.0  16:03:52 42.378178 -72.534256   3     17     56  
964.0  16:04:00 42.37817 -72.53428   3     11     59  
964.0  16:04:01 42.37817 -72.53427   3     18     50  
964.0  16:04:10 42.378166 -72.534294   4     17     59  
964.0  16:04:20 42.37817 -72.53428   4     10     44  
964.0  16:04:29 42.378174 -72.53427   4     11     46  
964.0  16:04:37 42.37817 -72.53428   4     10     58  
964.0  16:04:46 42.378166 -72.53427   3     17     58  
964.0  16:04:54 42.378113 -72.53424   4     15     49  
965.0  16:05:00 42.37789 -72.53426   4     11     55  
965.0  16:05:03 42.37789 -72.53426   5     14     48  
965.0  16:05:14 42.377525 -72.5343   5     10     53  
965.0  16:05:23 42.3771 -72.53434   4     12     50  
965.0  16:05:32 42.37691 -72.534355   3     17     41  
965.0  16:05:40 42.37685 -72.53433   5     13     42  
965.0  16:05:49 42.376827 -72.53409   3     19     59  
965.0  16:05:57 42.3768 -72.53373   3     12     42  
966.0  16:06:00 42.376762 -72.533394   5     15     51  
966.0  16:06:08 42.376736 -72.533165   3     17     55  
966.0  16:06:16 42.376694 -72.53277   4     18     41  
966.0  16:06:26 42.376686 -72.532585   3     10     43  
966.0  16:06:35 42.376682 -72.53252   4     11     50  
966.0  16:06:44 42.376686 -72.5325   4     17     47  
966.0  16:06:52 42.37669 -72.5325   4     18     52  
967.0  16:07:00 42.37669 -72.53249   3     11     58  
967.0  16:07:20 42.37669 -72.53249   5     10     43  
967.0  16:07:29 42.376686 -72.532555   4     16     47  
967.0  16:07:38 42.376694 -72.53246   3     15     48  
967.0  16:07:48 42.377037 -72.53232   5     19     41  
967.0  16:07:58 42.377457 -72.53228   3     12     59  
968.0  16:08:00 42.377556 -72.53227   5     18     49  
968.0  16:08:07 42.37759 -72.532364   3     17     42  
968.0  16:08:15 42.377598 -72.53265   4     17     42  
968.0  16:08:24 42.377594 -72.5331   5     15     41  
968.0  16:08:32 42.377605 -72.533554   4     18     50  
968.0  16:08:41 42.37759 -72.53395   4     18     45  
968.0  16:08:51 42.377598 -72.53414   3     19     50  
969.0  16:09:00 42.377384 -72.53432   5     13     59  
969.0  16:09:00 42.37722 -72.53433   5     18     48  
969.0  16:09:09 42.377068 -72.53435   5     17     47  
969.0  16:09:17 42.37682 -72.53424   3     10     46  
969.0  16:09:26 42.376812 -72.53387   5     15     40  
969.0  16:09:35 42.37678 -72.53352   4     10     43  
969.0  16:09:45 42.376762 -72.53328   5     13     55  
969.0  16:09:54 42.376747 -72.53309   5     16     41  
970.0  16:10:00 42.376736 -72.53304   4     17     55  
970.0  16:10:03 42.376736 -72.53305   3     12     49  
970.0  16:10:11 42.37673 -72.53304   5     11     58  
970.0  16:10:20 42.37674 -72.53306   3     13     49  
970.0  16:10:28 42.37674 -72.53306   5     10     47  
970.0  16:10:40 42.376717 -72.53279   4     15     41  
970.0  16:10:50 42.376698 -72.53258   3     18     44  
970.0  16:10:58 42.37669 -72.53251   3     17     54  
971.0  16:11:00 42.37669 -72.5325   4     12     40  
971.0  16:11:07 42.37669 -72.532486   5     17     55  
971.0  16:11:18 42.37669 -72.532486   4     19     42  
971.0  16:11:29 42.376698 -72.532394   4     17     50  
971.0  16:11:38 42.377014 -72.532295   5     15     52  
971.0  16:11:46 42.37741 -72.532265   5     13     41  
971.0  16:11:55 42.377583 -72.53236   4     16     43  
972.0  16:12:00 42.377594 -72.53255   3     12     42  
972.0  16:12:03 42.377594 -72.53255   3     12     53  
972.0  16:12:12 42.37759 -72.53287   5     12     53  
972.0  16:12:22 42.377598 -72.53324   3     10     48  
972.0  16:12:31 42.37759 -72.53337   5     17     44  
972.0  16:12:39 42.3776 -72.533585   3     11     44  
972.0  16:12:48 42.377594 -72.53396   4     12     40  
972.0  16:12:57 42.3776 -72.53413   5     18     44  
973.0  16:13:00 42.37755 -72.5343   5     10     57  
973.0  16:13:05 42.377476 -72.534325   4     18     54  
973.0  16:13:16 42.37709 -72.534355   3     16     40  
973.0  16:13:24 42.37682 -72.534256   3     18     54  
973.0  16:13:33 42.376812 -72.534035   4     18     58  
973.0  16:13:41 42.376797 -72.533775   5     11     42  
973.0  16:13:50 42.376778 -72.53357   4     13     44  
973.0  16:13:58 42.376762 -72.533356   3     11     49  
974.0  16:14:00 42.376747 -72.5332   4     15     49  
974.0  16:14:09 42.376736 -72.53307   4     13     47  
974.0  16:14:18 42.376705 -72.532715   3     10     59  
974.0  16:14:28 42.376682 -72.53253   3     18     53  
974.0  16:14:37 42.37689 -72.53232   4     17     50  
974.0  16:14:46 42.37737 -72.53228   3     19     46  
974.0  16:14:54 42.377525 -72.53228   5     17     52  
975.0  16:15:00 42.37758 -72.53228   4     18     58  
975.0  16:15:05 42.377583 -72.53228   4     18     47  
975.0  16:15:13 42.377655 -72.53247   4     12     58  
975.0  16:15:22 42.37764 -72.53289   4     15     52  
975.0  16:15:30 42.377632 -72.53323   3     19     54  
975.0  16:15:39 42.377605 -72.533615   3     12     46  
975.0  16:15:48 42.37758 -72.53398   4     19     41  
975.0  16:15:58 42.377613 -72.53418   5     19     40  
976.0  16:16:00 42.377785 -72.5342   3     12     41  
976.0  16:16:07 42.377846 -72.53421   5     19     58  
976.0  16:16:15 42.378277 -72.53418   4     11     46  
976.0  16:16:24 42.378605 -72.534134   4     10     56  
976.0  16:16:33 42.378777 -72.534164   3     14     51  
976.0  16:16:41 42.378784 -72.53449   4     13     42  
976.0  16:16:52 42.378788 -72.53495   3     14     54  
977.0  16:17:00 42.37881 -72.5354   4     10     45  
977.0  16:17:01 42.378803 -72.53528   4     15     42  
977.0  16:17:09 42.378822 -72.53566   3     18     52  
977.0  16:17:18 42.37883 -72.535995   3     10     49  
977.0  16:17:26 42.379005 -72.53613   3     17     48  
977.0  16:17:35 42.379295 -72.53609   4     10     43  
977.0  16:17:45 42.379734 -72.53605   3     15     51  
977.0  16:17:55 42.379944 -72.53615   4     14     47  
978.0  16:18:00 42.37991 -72.53651   5     18     59  
978.0  16:18:03 42.37991 -72.53651   4     10     57  
978.0  16:18:12 42.379574 -72.5365   5     15     50  
978.0  16:18:20 42.37924 -72.536354   4     14     54  
978.0  16:18:28 42.37896 -72.53629   4     15     55  
978.0  16:18:39 42.378815 -72.5362   5     11     45  
978.0  16:18:48 42.378788 -72.535736   5     16     56  
978.0  16:18:57 42.378754 -72.53512   4     11     58  
979.0  16:19:00 42.37875 -72.53465   4     16     49  
979.0  16:19:05 42.378742 -72.53453   3     15     58  
979.0  16:19:14 42.378723 -72.534225   5     18     45  
979.0  16:19:22 42.378605 -72.53412   5     12     42  
979.0  16:19:32 42.37813 -72.534225   3     17     54  
979.0  16:19:41 42.377724 -72.53427   3     15     43  
979.0  16:19:50 42.377525 -72.53406   4     19     49  
979.0  16:19:58 42.377533 -72.53363   5     14     50  
980.0  16:20:00 42.37752 -72.53334   3     18     43  
980.0  16:20:07 42.37752 -72.53317   4     13     58  
980.0  16:20:16 42.377525 -72.53275   5     15     44  
980.0  16:20:26 42.37752 -72.5324   3     15     44  
980.0  16:20:35 42.377514 -72.53237   5     17     49  
980.0  16:20:44 42.37751 -72.53237   4     10     45  
980.0  16:20:53 42.377472 -72.5323   3     12     56  
981.0  16:21:00 42.37703 -72.53236   4     17     54  
981.0  16:21:02 42.377125 -72.53235   3     12     49  
981.0  16:21:10 42.376778 -72.532394   3     18     41  
981.0  16:21:21 42.376743 -72.532715   3     11     57  
981.0  16:21:30 42.376816 -72.53326   3     18     47  
981.0  16:21:39 42.376877 -72.533775   4     11     49  
981.0  16:21:47 42.376904 -72.534134   5     13     49  
981.0  16:21:56 42.37693 -72.53429   5     14     42  
982.0  16:22:00 42.37719 -72.53427   4     11     51  
982.0  16:22:04 42.37719 -72.53427   4     10     50  
982.0  16:22:15 42.37758 -72.534225   4     12     53  
982.0  16:22:23 42.3776 -72.533936   3     11     51  
982.0  16:22:32 42.377563 -72.533516   5     12     47  
982.0  16:22:40 42.37755 -72.533104   3     11     55  
982.0  16:22:49 42.37754 -72.53272   3     16     55  
982.0  16:22:59 42.37754 -72.53246   5     11     42  
983.0  16:23:00 42.377533 -72.532394   5     14     50  
983.0  16:23:14 42.377296 -72.53233   5     15     53  
983.0  16:23:22 42.376835 -72.5324   4     16     56  
983.0  16:23:31 42.37671 -72.53261   3     17     59  
983.0  16:23:40 42.37677 -72.53293   3     19     59  
983.0  16:23:48 42.37684 -72.53339   4     18     50  
983.0  16:23:59 42.376835 -72.5339   4     14     53  
984.0  16:24:00 42.376842 -72.53406   4     17     42  
984.0  16:24:07 42.37687 -72.534164   4     15     51  
984.0  16:24:16 42.376892 -72.5342   5     18     59  
984.0  16:24:24 42.37692 -72.53425   4     10     49  
984.0  16:24:33 42.377033 -72.53433   4     12     45  
984.0  16:24:41 42.37729 -72.53429   3     13     59  
984.0  16:24:53 42.377537 -72.53425   4     11     45  
985.0  16:25:00 42.37756 -72.533905   4     11     40  
985.0  16:25:01 42.377567 -72.53398   3     17     58  
985.0  16:25:10 42.377552 -72.53364   5     18     49  
985.0  16:25:20 42.377544 -72.533165   4     10     57  
985.0  16:25:28 42.377544 -72.53276   3     12     41  
985.0  16:25:49 42.37749 -72.53232   5     17     44  
985.0  16:25:58 42.37707 -72.53238   3     19     57  
986.0  16:26:00 42.37678 -72.53243   5     12     46  
986.0  16:26:06 42.37674 -72.53244   3     17     58  
986.0  16:26:15 42.376724 -72.532745   4     16     51  
986.0  16:26:24 42.37678 -72.53315   5     19     57  
986.0  16:26:33 42.37684 -72.53361   5     19     46  
986.0  16:26:43 42.376892 -72.53409   3     17     42  
986.0  16:26:51 42.37692 -72.53423   3     12     54  
987.0  16:27:00 42.37701 -72.53434   5     11     42  
987.0  16:27:00 42.37715 -72.53429   4     19     52  
987.0  16:27:08 42.377285 -72.53426   4     15     40  
987.0  16:27:17 42.377514 -72.534225   3     14     44  
987.0  16:27:25 42.377827 -72.53419   3     10     50  
987.0  16:27:35 42.378036 -72.53416   5     18     51  
987.0  16:27:44 42.37801 -72.53416   5     19     48  
987.0  16:27:53 42.378 -72.53416   4     10     43  
988.0  16:28:00 42.378 -72.534164   3     18     46  
988.0  16:28:01 42.378 -72.53416   5     10     58  
988.0  16:28:10 42.37809 -72.53416   4     14     59  
988.0  16:28:19 42.378277 -72.53414   4     19     59  
988.0  16:28:29 42.37907 -72.53406   3     16     46  
988.0  16:28:37 42.37953 -72.534004   3     13     52  
988.0  16:28:46 42.379692 -72.534   5     13     57  
988.0  16:28:54 42.38015 -72.53395   5     13     49  
989.0  16:29:00 42.380714 -72.53389   5     14     59  
989.0  16:29:03 42.380653 -72.5339   4     18     55  
989.0  16:29:11 42.38124 -72.53384   5     13     47  
989.0  16:29:24 42.38184 -72.533775   3     19     56  
989.0  16:29:33 42.38209 -72.53378   4     13     41  
989.0  16:29:41 42.382175 -72.53333   3     16     52  
989.0  16:29:50 42.382217 -72.53261   4     12     41  
989.0  16:29:59 42.382305 -72.53204   5     17     59  
990.0  16:30:00 42.382317 -72.53195   3     19     59  
990.0  16:30:08 42.382317 -72.53191   5     19     44  
990.0  16:30:18 42.38279 -72.53177   5     10     57  
990.0  16:30:27 42.383495 -72.531944   5     17     49  
990.0  16:30:35 42.384262 -72.53223   3     15     51  
990.0  16:30:44 42.384712 -72.532425   5     13     41  
990.0  16:30:52 42.384842 -72.53238   3     15     53  
991.0  16:31:00 42.385094 -72.53149   4     13     57  
991.0  16:31:01 42.38505 -72.53176   4     10     58  
991.0  16:31:12 42.38516 -72.53089   5     12     51  
991.0  16:31:20 42.38575 -72.53084   4     19     47  
991.0  16:31:29 42.386604 -72.53119   5     10     56  
991.0  16:31:38 42.387547 -72.531586   3     10     43  
991.0  16:31:46 42.38839 -72.53194   4     19     55  
991.0  16:31:55 42.38908 -72.53224   5     11     44  
992.0  16:32:00 42.389774 -72.53261   4     10     40  
992.0  16:32:05 42.389965 -72.532684   4     14     51  
992.0  16:32:14 42.390545 -72.53289   3     18     44  
992.0  16:32:23 42.391014 -72.53311   3     13     40  
992.0  16:32:31 42.391468 -72.53326   4     11     52  
992.0  16:32:40 42.391796 -72.53336   5     11     44  
992.0  16:32:48 42.39206 -72.53348   5     17     51  
992.0  16:32:59 42.392372 -72.53362   4     14     43  
993.0  16:33:00 42.392483 -72.53365   3     10     42  
993.0  16:33:07 42.392555 -72.53368   4     15     48  
993.0  16:33:16 42.392723 -72.53351   5     15     47  
993.0  16:33:28 42.392723 -72.53351   4     17     46  
993.0  16:33:37 42.393124 -72.532616   3     19     43  
993.0  16:33:46 42.393223 -72.53241   4     19     50  
993.0  16:33:57 42.393433 -72.53246   4     14     54  
994.0  16:34:00 42.393463 -72.532715   5     19     53  
994.0  16:34:05 42.39346 -72.53275   4     19     59  
994.0  16:34:14 42.393433 -72.53307   3     16     48  
994.0  16:34:22 42.393524 -72.53321   4     16     54  
994.0  16:34:31 42.393547 -72.53323   4     12     48  
994.0  16:34:40 42.39355 -72.53324   5     17     54  
994.0  16:34:50 42.39353 -72.533226   5     12     52  
994.0  16:34:59 42.393513 -72.5332   4     14     46  
995.0  16:35:00 42.393505 -72.533195   3     16     51  
995.0  16:35:07 42.3935 -72.533195   4     16     43  
995.0  16:35:15 42.393505 -72.5332   5     17     47  
995.0  16:35:24 42.39351 -72.53321   3     17     52  
995.0  16:35:32 42.393517 -72.53321   3     16     40  
995.0  16:35:43 42.39354 -72.533226   3     14     46  
995.0  16:35:52 42.393547 -72.53323   3     12     55  
996.0  16:36:00 42.39353 -72.53322   4     11     54  
996.0  16:36:00 42.393513 -72.5332   3     17     46  
996.0  16:36:09 42.3935 -72.533195   5     16     52  
996.0  16:36:18 42.393505 -72.5332   3     12     40  
996.0  16:36:27 42.393505 -72.5332   5     18     58  
996.0  16:36:38 42.393513 -72.53321   4     17     59  
996.0  16:36:47 42.39352 -72.53322   5     14     43  
996.0  16:36:56 42.393524 -72.53322   5     10     40  
997.0  16:37:00 42.393528 -72.53322   5     13     59  
997.0  16:37:04 42.393528 -72.53322   5     11     51  
997.0  16:37:13 42.39353 -72.53322   3     16     47  
997.0  16:37:21 42.393528 -72.53322   4     18     52  
997.0  16:37:32 42.393528 -72.53321   5     12     40  
997.0  16:37:41 42.39353 -72.5332   5     11     58  
997.0  16:37:50 42.39353 -72.5332   3     12     58  
997.0  16:37:59 42.393524 -72.53319   5     11     41  
998.0  16:38:00 42.393517 -72.53319   5     18     45  
998.0  16:38:08 42.393517 -72.53319   4     12     54  
998.0  16:38:16 42.39354 -72.533195   5     13     58  
998.0  16:38:26 42.393543 -72.533195   4     16     51  
998.0  16:38:35 42.393593 -72.533165   5     10     51  
998.0  16:38:44 42.393658 -72.53284   5     14     53  
998.0  16:38:53 42.393814 -72.53275   3     18     54  
999.0  16:39:00 42.393856 -72.53276   5     12     42  
999.0  16:39:02 42.393867 -72.53277   5     11     40  
999.0  16:39:10 42.39383 -72.532776   4     10     52  
999.0  16:39:20 42.393864 -72.53278   4     13     56  
999.0  16:39:29 42.393932 -72.53278   4     18     48  
999.0  16:39:37 42.39401 -72.53279   3     17     55  
999.0  16:39:46 42.394005 -72.5328   4     11     57  
999.0  16:39:54 42.394024 -72.53282   4     10     49  
1000.0  16:40:00 42.393997 -72.53283   3     19     54  
1000.0  16:40:03 42.393997 -72.53283   4     14     41  
1000.0  16:40:15 42.393948 -72.532845   3     10     46  
1000.0  16:40:23 42.393936 -72.53284   5     17     40  
1000.0  16:40:33 42.39393 -72.53282   3     10     59  
1000.0  16:40:42 42.393917 -72.532814   5     10     49  
1000.0  16:40:50 42.39395 -72.532814   4     18     52  
1000.0  16:40:59 42.394146 -72.53292   4     13     55  
1001.0  16:41:00 42.394173 -72.532936   4     19     41  
1001.0  16:41:10 42.394245 -72.53283   3     13     52  
1001.0  16:41:18 42.39422 -72.53279   4     12     58  
1001.0  16:41:27 42.394188 -72.5328   5     14     44  
1001.0  16:41:35 42.39414 -72.5328   5     18     57  
1001.0  16:41:44 42.394123 -72.53284   5     18     49  
1001.0  16:41:53 42.39411 -72.53286   4     10     56  
1002.0  16:42:00 42.3941 -72.53292   5     16     44  
1002.0  16:42:04 42.3941 -72.53292   4     12     59  
1002.0  16:42:12 42.394077 -72.53292   4     19     42  
1002.0  16:42:21 42.394104 -72.532875   4     18     55  
1002.0  16:42:30 42.394115 -72.532845   3     19     43  
1002.0  16:42:40 42.394073 -72.53282   3     11     50  
1002.0  16:42:49 42.39405 -72.53274   4     16     58  
1003.0  16:43:00 42.39406 -72.53295   4     19     47  
1003.0  16:43:01 42.39405 -72.53274   5     11     54  
1003.0  16:43:11 42.394085 -72.533035   5     18     56  
1003.0  16:43:20 42.394062 -72.53301   4     16     43  
1003.0  16:43:30 42.3941 -72.533005   3     16     54  
1003.0  16:43:38 42.3941 -72.53301   3     13     55  
1003.0  16:43:47 42.394115 -72.533226   3     14     49  
