600.0  10:00:39 42.319603 -72.637566   22     20     21  
600.0  10:00:52 42.319614 -72.637566   20     21     23  
601.0  10:01:00 42.31961 -72.637566   24     24     22  
601.0  10:01:07 42.31961 -72.637566   22     21     21  
601.0  10:01:16 42.31961 -72.63756   21     24     20  
601.0  10:01:25 42.319607 -72.63756   21     20     24  
601.0  10:01:35 42.319607 -72.63756   21     23     24  
601.0  10:01:49 42.319645 -72.63755   24     23     20  
1376.0  22:56:59 0.0 -0.0   22     24     24  
1377.0  22:57:12 42.325325 -72.530945   22     22     23  
1377.0  22:57:24 42.325325 -72.530945   22     20     22  
1377.0  22:57:37 42.32531 -72.53095   22     20     24  
1378.0  22:58:31 42.32532 -72.53103   20     20     21  
1378.0  22:58:35 42.325325 -72.53104   21     20     22  
1378.0  22:58:46 42.32533 -72.53107   24     23     24  
1378.0  22:58:54 42.32532 -72.53106   20     21     20  
1379.0  22:59:00 42.325317 -72.53105   21     23     20  
1379.0  22:59:03 42.325317 -72.53105   24     24     24  
