739.0  12:19:42 42.393677 -72.53299   23     20     23  
739.0  12:19:55 42.393677 -72.533   22     20     24  
740.0  12:20:08 42.393673 -72.53299   23     24     24  
740.0  12:20:21 42.393658 -72.53295   24     23     22  
741.0  12:21:17 42.39365 -72.53294   20     22     23  
741.0  12:21:29 42.39365 -72.53294   24     22     20  
741.0  12:21:39 42.39365 -72.53294   20     22     22  
741.0  12:21:47 42.39365 -72.53294   21     22     20  
741.0  12:21:55 42.39365 -72.53294   24     22     21  
742.0  12:22:00 42.39365 -72.53294   23     21     20  
742.0  12:22:04 42.39365 -72.53294   23     23     23  
742.0  12:22:12 42.393642 -72.53291   20     23     23  
742.0  12:22:24 42.393635 -72.532906   24     20     24  
742.0  12:22:33 42.39363 -72.532906   22     23     21  
742.0  12:22:41 42.393627 -72.53291   20     23     21  
742.0  12:22:50 42.393627 -72.53291   23     21     22  
742.0  12:22:59 42.393627 -72.53291   24     23     23  
743.0  12:23:00 42.393627 -72.53291   20     23     21  
743.0  12:23:07 42.39363 -72.53291   20     22     24  
743.0  12:23:18 42.39363 -72.53292   24     20     24  
743.0  12:23:26 42.393635 -72.53293   24     21     23  
743.0  12:23:35 42.39364 -72.532936   21     24     20  
743.0  12:23:46 42.39364 -72.53294   22     23     22  
743.0  12:23:54 42.39364 -72.53294   22     23     21  
744.0  12:24:00 42.39364 -72.532936   22     24     23  
744.0  12:24:36 42.39365 -72.53295   21     20     22  
744.0  12:24:48 42.393654 -72.53295   21     21     21  
744.0  12:24:58 42.393654 -72.53294   23     23     24  
745.0  12:25:00 42.393654 -72.532936   23     24     23  
745.0  12:25:07 42.393654 -72.532936   20     24     21  
745.0  12:25:16 42.393654 -72.53292   23     21     24  
745.0  12:25:24 42.393654 -72.53291   24     23     22  
745.0  12:25:35 42.39365 -72.532906   21     20     20  
745.0  12:25:46 42.39365 -72.532906   21     21     24  
745.0  12:25:55 42.39357 -72.53272   24     24     24  
746.0  12:26:00 42.39336 -72.53255   20     22     22  
746.0  12:26:04 42.393337 -72.532524   24     23     22  
746.0  12:26:13 42.393234 -72.53246   20     20     23  
746.0  12:26:22 42.392887 -72.53313   22     22     21  
746.0  12:26:31 42.392746 -72.53355   20     23     23  
746.0  12:26:49 42.392727 -72.53365   24     20     20  
747.0  12:27:00 42.39177 -72.53353   24     24     23  
747.0  12:27:01 42.39198 -72.53363   24     20     20  
747.0  12:27:10 42.390953 -72.53319   24     20     23  
747.0  12:27:20 42.390324 -72.532936   20     24     22  
747.0  12:27:29 42.390347 -72.532974   23     20     20  
747.0  12:27:38 42.390327 -72.532974   21     23     21  
747.0  12:27:47 42.389732 -72.53268   24     23     21  
747.0  12:27:58 42.388733 -72.53228   21     23     21  
748.0  12:28:00 42.388355 -72.53213   22     24     24  
748.0  12:28:07 42.387943 -72.53195   23     21     23  
748.0  12:28:15 42.38694 -72.5315   24     20     24  
748.0  12:28:24 42.38605 -72.53113   22     22     23  
748.0  12:28:34 42.38519 -72.531006   21     23     23  
748.0  12:28:44 42.384995 -72.5302   20     24     23  
748.0  12:28:57 42.384724 -72.52861   24     23     22  
749.0  12:29:00 42.384796 -72.52775   23     21     23  
749.0  12:29:05 42.384895 -72.5273   20     22     24  
749.0  12:29:13 42.385166 -72.526146   24     20     22  
749.0  12:29:22 42.385426 -72.52506   23     20     22  
749.0  12:29:31 42.38558 -72.52441   23     22     24  
749.0  12:29:40 42.385883 -72.52319   21     22     20  
749.0  12:29:55 42.385914 -72.52274   23     20     22  
750.0  12:30:00 42.38592 -72.52274   22     23     20  
750.0  12:30:03 42.385918 -72.522736   22     20     24  
750.0  12:30:12 42.38593 -72.52246   22     21     24  
750.0  12:30:21 42.386597 -72.52232   23     22     22  
750.0  12:30:33 42.38716 -72.52284   22     22     20  
750.0  12:30:46 42.387733 -72.52356   20     20     21  
751.0  12:31:00 42.38774 -72.52357   24     23     22  
751.0  12:31:00 42.38779 -72.52369   24     23     20  
751.0  12:31:21 42.38815 -72.524086   24     24     23  
751.0  12:31:23 42.38815 -72.524086   22     23     22  
751.0  12:31:31 42.39019 -72.525055   24     23     23  
751.0  12:31:45 42.391113 -72.5252   20     24     24  
752.0  12:32:00 42.39153 -72.525314   24     22     22  
752.0  12:32:01 42.391083 -72.52519   22     20     22  
752.0  12:32:10 42.392147 -72.52546   20     23     23  
752.0  12:32:19 42.392975 -72.52572   20     23     21  
752.0  12:32:29 42.393597 -72.526024   21     24     23  
752.0  12:32:41 42.393906 -72.52617   22     22     22  
752.0  12:32:49 42.393894 -72.52619   22     22     22  
752.0  12:32:58 42.393894 -72.52621   23     22     23  
753.0  12:33:00 42.393898 -72.526215   20     20     23  
753.0  12:33:07 42.393925 -72.52626   24     22     22  
753.0  12:33:31 42.395317 -72.52662   21     21     21  
753.0  12:33:39 42.395485 -72.52606   21     22     23  
753.0  12:33:52 42.39572 -72.52523   24     24     24  
754.0  12:34:00 42.39574 -72.52526   23     23     24  
754.0  12:34:00 42.39577 -72.52524   22     24     21  
754.0  12:34:08 42.395924 -72.52479   23     20     24  
754.0  12:34:17 42.396347 -72.52375   21     23     20  
754.0  12:34:26 42.39687 -72.52297   20     23     22  
754.0  12:34:35 42.397125 -72.52175   23     21     20  
754.0  12:34:47 42.397125 -72.52175   23     22     20  
754.0  12:34:57 42.397583 -72.51847   24     20     23  
755.0  12:35:00 42.397808 -72.51782   21     23     24  
755.0  12:35:06 42.39805 -72.517105   23     23     20  
755.0  12:35:15 42.398346 -72.51621   24     20     20  
755.0  12:35:24 42.398476 -72.51574   23     21     22  
755.0  12:35:36 42.39844 -72.515686   23     21     21  
755.0  12:35:47 42.398727 -72.51561   24     21     21  
755.0  12:35:55 42.399677 -72.515724   23     24     21  
756.0  12:36:00 42.400974 -72.515625   23     22     23  
756.0  12:36:05 42.40114 -72.515594   20     24     22  
756.0  12:36:13 42.402714 -72.51527   21     23     22  
756.0  12:36:22 42.403988 -72.515015   21     24     20  
756.0  12:36:31 42.405285 -72.51477   22     23     24  
756.0  12:36:42 42.406853 -72.514496   24     20     20  
756.0  12:36:50 42.40696 -72.51447   22     22     20  
756.0  12:36:59 42.407196 -72.51445   20     21     24  
757.0  12:37:00 42.40747 -72.51441   23     24     24  
757.0  12:37:07 42.408077 -72.514305   24     20     20  
757.0  12:37:16 42.40925 -72.51408   22     24     23  
757.0  12:37:24 42.41063 -72.51373   24     22     20  
757.0  12:37:35 42.412247 -72.51333   24     21     22  
757.0  12:37:44 42.412926 -72.51313   20     20     22  
757.0  12:37:52 42.413025 -72.51292   23     20     23  
758.0  12:38:00 42.413155 -72.5116   20     20     21  
758.0  12:38:02 42.41316 -72.51176   24     23     22  
758.0  12:38:33 42.41304 -72.50917   24     20     22  
758.0  12:38:39 42.41304 -72.50917   22     20     23  
758.0  12:38:50 42.41297 -72.50792   24     22     23  
758.0  12:38:58 42.412964 -72.50791   20     21     23  
759.0  12:39:00 42.412952 -72.507904   24     24     21  
759.0  12:39:09 42.412952 -72.50786   23     24     20  
759.0  12:39:19 42.412918 -72.507065   23     20     24  
759.0  12:39:30 42.412926 -72.50603   20     24     20  
759.0  12:39:43 42.412926 -72.50603   22     20     20  
759.0  12:39:59 42.41501 -72.50712   21     20     20  
760.0  12:40:00 42.415333 -72.50737   24     20     23  
760.0  12:40:16 42.41566 -72.50755   21     24     22  
760.0  12:40:31 42.41542 -72.50801   20     22     23  
760.0  12:40:41 42.41425 -72.50837   21     21     22  
760.0  12:40:52 42.41383 -72.508545   22     22     24  
761.0  12:41:00 42.413055 -72.50946   23     23     20  
761.0  12:41:06 42.41309 -72.51012   20     23     21  
761.0  12:41:15 42.413162 -72.51182   20     20     22  
761.0  12:41:29 42.412937 -72.51319   20     24     22  
761.0  12:41:38 42.412964 -72.51428   24     23     23  
761.0  12:41:46 42.41323 -72.51483   24     21     20  
761.0  12:41:56 42.413506 -72.51592   21     24     24  
762.0  12:42:00 42.413467 -72.516594   22     22     23  
762.0  12:42:05 42.41349 -72.51694   24     22     24  
762.0  12:42:13 42.413822 -72.51773   20     20     21  
762.0  12:42:22 42.414288 -72.51833   24     21     22  
762.0  12:42:30 42.414772 -72.51881   21     22     20  
762.0  12:42:38 42.41504 -72.51939   24     23     22  
762.0  12:42:49 42.41567 -72.51979   24     22     22  
762.0  12:42:58 42.416145 -72.51994   24     24     22  
763.0  12:43:00 42.416157 -72.51998   21     21     20  
763.0  12:43:07 42.41614 -72.52   20     21     20  
763.0  12:43:16 42.41609 -72.52005   24     24     21  
763.0  12:43:24 42.416077 -72.52007   23     23     20  
764.0  12:44:00 42.416122 -72.52002   23     21     22  
764.0  12:44:06 42.416126 -72.520004   24     20     22  
764.0  12:44:17 42.416115 -72.52001   22     23     20  
764.0  12:44:27 42.416107 -72.52002   24     20     22  
764.0  12:44:35 42.41612 -72.520004   21     20     22  
764.0  12:44:44 42.416122 -72.52   22     20     21  
764.0  12:44:53 42.41612 -72.52   23     22     21  
765.0  12:45:00 42.41612 -72.520004   21     24     23  
765.0  12:45:02 42.41612 -72.520004   24     20     20  
765.0  12:45:13 42.416134 -72.52   22     21     24  
765.0  12:45:21 42.416134 -72.520004   22     21     24  
765.0  12:45:29 42.416138 -72.52001   20     21     20  
765.0  12:45:37 42.41614 -72.52001   21     20     22  
765.0  12:45:46 42.416084 -72.52003   24     20     20  
765.0  12:45:55 42.416065 -72.52004   20     24     23  
766.0  12:46:00 42.41609 -72.52004   22     22     20  
766.0  12:46:06 42.4161 -72.520065   24     20     20  
766.0  12:46:16 42.416126 -72.52008   24     24     24  
766.0  12:46:30 42.416134 -72.52007   21     24     20  
766.0  12:46:38 42.416275 -72.520195   23     24     20  
766.0  12:46:47 42.416424 -72.52036   20     24     24  
766.0  12:46:58 42.417156 -72.52118   22     22     23  
767.0  12:47:00 42.417465 -72.521576   22     24     21  
767.0  12:47:07 42.4177 -72.522   24     22     20  
767.0  12:47:16 42.417572 -72.522766   21     20     23  
767.0  12:47:25 42.41742 -72.52397   21     20     20  
767.0  12:47:34 42.417347 -72.52502   24     23     20  
767.0  12:47:42 42.417213 -72.52624   22     21     21  
767.0  12:47:53 42.41717 -72.52704   23     23     24  
768.0  12:48:00 42.41646 -72.527084   21     20     23  
768.0  12:48:01 42.416573 -72.52708   24     21     23  
768.0  12:48:10 42.41559 -72.52726   23     24     24  
768.0  12:48:19 42.414562 -72.52795   24     21     23  
768.0  12:48:28 42.41358 -72.52886   21     20     23  
768.0  12:48:37 42.412563 -72.52974   20     22     20  
768.0  12:48:48 42.41119 -72.53064   23     22     24  
768.0  12:48:59 42.411022 -72.53075   24     21     21  
769.0  12:49:00 42.41103 -72.53075   21     21     23  
769.0  12:49:08 42.411034 -72.53075   23     24     21  
769.0  12:49:16 42.410744 -72.53089   22     20     23  
769.0  12:49:25 42.410477 -72.53106   22     20     21  
769.0  12:49:33 42.41022 -72.53116   20     20     20  
769.0  12:49:45 42.40994 -72.53107   21     20     21  
769.0  12:49:54 42.409252 -72.53083   22     23     23  
770.0  12:50:00 42.40902 -72.53077   21     20     20  
770.0  12:50:03 42.40902 -72.53077   22     24     24  
770.0  12:50:12 42.408867 -72.53071   24     23     24  
770.0  12:50:20 42.40805 -72.530426   23     24     21  
770.0  12:50:28 42.40714 -72.53013   24     22     21  
770.0  12:50:39 42.406006 -72.52984   20     23     22  
770.0  12:50:47 42.405056 -72.52973   21     22     20  
770.0  12:50:55 42.403954 -72.5296   20     23     24  
771.0  12:51:00 42.403267 -72.52915   23     20     23  
771.0  12:51:04 42.403168 -72.52909   24     23     24  
771.0  12:51:12 42.402313 -72.52854   20     20     23  
771.0  12:51:20 42.401203 -72.52805   23     20     24  
771.0  12:51:30 42.399887 -72.52799   22     22     20  
771.0  12:51:39 42.39884 -72.528076   22     22     20  
771.0  12:51:47 42.39768 -72.52805   23     24     23  
772.0  12:52:00 42.39603 -72.52739   20     23     21  
772.0  12:52:13 42.39504 -72.526955   23     23     23  
772.0  12:52:19 42.394638 -72.52671   22     24     22  
772.0  12:52:20 42.394638 -72.52671   22     22     22  
772.0  12:52:31 42.39399 -72.52636   24     24     24  
772.0  12:52:40 42.393906 -72.52632   21     22     22  
772.0  12:52:49 42.39353 -72.52614   20     20     21  
772.0  12:52:58 42.393383 -72.526054   21     23     23  
773.0  12:53:00 42.3934 -72.52604   24     20     23  
773.0  12:53:06 42.393402 -72.52604   22     22     24  
773.0  12:53:15 42.39341 -72.52604   21     23     22  
773.0  12:53:26 42.39324 -72.5259   23     21     23  
773.0  12:53:35 42.392746 -72.52572   23     21     20  
773.0  12:53:43 42.392063 -72.525505   20     23     21  
773.0  12:53:52 42.391525 -72.52539   21     24     24  
774.0  12:54:00 42.391357 -72.52535   20     24     21  
774.0  12:54:01 42.391354 -72.52536   21     24     21  
774.0  12:54:09 42.391373 -72.52534   22     22     21  
774.0  12:54:20 42.39135 -72.525345   24     22     20  
774.0  12:54:28 42.39133 -72.525345   22     20     24  
774.0  12:54:37 42.39133 -72.52534   24     21     22  
774.0  12:54:45 42.391243 -72.52533   20     23     23  
774.0  12:54:54 42.39122 -72.52533   23     23     21  
775.0  12:55:00 42.391193 -72.52537   24     24     24  
775.0  12:55:02 42.391193 -72.52537   24     20     24  
775.0  12:55:13 42.3912 -72.52536   24     21     21  
775.0  12:55:22 42.391045 -72.52534   20     20     21  
775.0  12:55:30 42.390858 -72.525314   22     24     22  
775.0  12:55:38 42.39087 -72.5253   24     24     23  
775.0  12:55:47 42.390873 -72.52528   20     24     22  
775.0  12:55:55 42.390804 -72.5252   20     23     24  
776.0  12:56:00 42.3908 -72.5252   20     23     23  
776.0  12:56:06 42.3908 -72.5252   20     20     24  
776.0  12:56:14 42.390465 -72.52513   23     23     22  
776.0  12:56:23 42.389786 -72.52499   22     20     20  
776.0  12:56:31 42.389153 -72.52475   20     20     24  
776.0  12:56:40 42.388847 -72.524605   23     22     24  
776.0  12:56:48 42.388683 -72.52452   24     23     23  
776.0  12:56:59 42.388603 -72.52449   23     23     22  
777.0  12:57:00 42.388363 -72.524345   21     20     20  
777.0  12:57:08 42.388016 -72.52411   21     20     23  
777.0  12:57:16 42.387768 -72.52388   23     22     23  
777.0  12:57:24 42.38777 -72.52388   22     21     20  
777.0  12:57:33 42.38772 -72.52374   24     20     24  
777.0  12:57:42 42.387188 -72.52299   22     22     20  
777.0  12:57:53 42.38647 -72.52241   20     23     23  
778.0  12:58:00 42.386387 -72.52242   20     24     23  
778.0  12:58:02 42.38639 -72.52242   20     20     24  
778.0  12:58:10 42.38632 -72.522446   20     22     22  
778.0  12:58:19 42.3858 -72.52253   24     24     20  
778.0  12:58:28 42.385323 -72.521866   24     21     23  
778.0  12:58:36 42.384613 -72.521484   21     23     23  
778.0  12:58:47 42.38357 -72.52091   20     24     23  
778.0  12:58:58 42.38273 -72.52043   22     21     23  
779.0  12:59:00 42.382057 -72.51995   21     21     23  
779.0  12:59:15 42.38155 -72.519424   24     21     23  
779.0  12:59:25 42.381084 -72.51934   22     22     23  
779.0  12:59:34 42.380272 -72.51946   24     24     22  
779.0  12:59:45 42.37953 -72.519745   23     20     23  
779.0  12:59:54 42.379505 -72.519775   21     20     21  
780.0  13:00:00 42.37929 -72.51983   21     22     23  
780.0  13:00:02 42.37929 -72.51983   23     22     20  
780.0  13:00:13 42.37859 -72.52001   20     24     20  
780.0  13:00:21 42.37814 -72.520004   24     21     22  
780.0  13:00:29 42.378124 -72.520004   23     20     21  
780.0  13:00:40 42.37789 -72.52004   24     23     21  
780.0  13:00:49 42.37788 -72.52003   21     24     24  
780.0  13:00:58 42.377712 -72.51997   21     23     23  
781.0  13:01:00 42.37742 -72.51997   21     21     23  
781.0  13:01:07 42.377075 -72.51995   21     20     23  
781.0  13:01:16 42.37637 -72.519936   24     21     20  
781.0  13:01:25 42.375645 -72.51993   23     23     24  
781.0  13:01:36 42.374866 -72.51989   21     20     21  
781.0  13:01:46 42.37454 -72.51992   22     22     20  
781.0  13:01:55 42.374577 -72.5199   21     23     23  
782.0  13:02:00 42.37461 -72.51989   21     20     20  
782.0  13:02:05 42.374607 -72.51989   24     24     21  
782.0  13:02:14 42.37389 -72.51987   24     22     21  
782.0  13:02:23 42.373535 -72.519875   23     20     20  
782.0  13:02:34 42.37351 -72.51992   22     22     22  
782.0  13:02:43 42.37352 -72.51992   20     22     21  
782.0  13:02:52 42.37352 -72.51991   23     24     23  
783.0  13:03:00 42.3735 -72.51992   23     22     24  
783.0  13:03:06 42.373497 -72.51991   24     23     24  
783.0  13:03:15 42.3735 -72.519905   21     24     22  
783.0  13:03:27 42.373295 -72.51989   23     22     20  
783.0  13:03:35 42.372555 -72.51986   20     21     20  
783.0  13:03:44 42.371803 -72.51981   22     24     20  
783.0  13:03:54 42.37071 -72.51987   23     21     22  
784.0  13:04:00 42.36964 -72.51993   21     21     21  
784.0  13:04:30 42.36623 -72.52038   24     21     22  
784.0  13:04:40 42.364674 -72.520645   24     22     23  
784.0  13:04:49 42.363552 -72.520775   22     22     24  
784.0  13:04:57 42.36283 -72.52078   21     22     22  
785.0  13:05:00 42.36272 -72.52079   22     23     21  
785.0  13:05:06 42.362717 -72.520805   23     24     20  
785.0  13:05:14 42.362637 -72.52081   22     23     22  
785.0  13:05:23 42.361927 -72.52083   22     22     23  
785.0  13:05:34 42.36051 -72.52084   21     24     24  
785.0  13:05:43 42.3594 -72.52088   20     23     21  
785.0  13:05:52 42.35812 -72.52093   22     20     20  
786.0  13:06:00 42.35681 -72.52098   20     22     24  
786.0  13:06:04 42.356934 -72.52097   23     20     21  
786.0  13:06:28 42.35558 -72.52088   21     20     21  
786.0  13:06:41 42.350708 -72.520035   23     23     24  
786.0  13:06:52 42.34899 -72.519966   21     22     24  
787.0  13:07:00 42.34742 -72.52026   22     24     23  
787.0  13:07:00 42.347065 -72.52034   21     23     21  
787.0  13:07:08 42.346046 -72.52049   22     24     24  
787.0  13:07:16 42.344715 -72.520485   23     24     21  
787.0  13:07:25 42.34335 -72.52035   20     24     21  
787.0  13:07:33 42.341858 -72.51998   24     24     23  
787.0  13:07:45 42.34036 -72.52012   21     23     23  
787.0  13:07:53 42.33887 -72.52078   22     20     21  
788.0  13:08:00 42.3375 -72.521645   24     23     24  
788.0  13:08:02 42.33765 -72.521545   20     20     21  
788.0  13:08:11 42.336353 -72.52261   24     24     24  
788.0  13:08:20 42.33485 -72.5233   21     23     22  
788.0  13:08:29 42.333244 -72.52355   23     22     23  
788.0  13:08:40 42.330997 -72.523865   22     21     21  
788.0  13:08:48 42.329514 -72.52407   23     22     21  
788.0  13:08:56 42.32803 -72.52429   23     23     23  
789.0  13:09:00 42.326954 -72.5244   20     21     22  
789.0  13:09:05 42.3266 -72.52444   20     22     21  
789.0  13:09:13 42.325077 -72.524605   22     24     22  
789.0  13:09:22 42.323902 -72.52474   21     22     22  
789.0  13:09:33 42.323067 -72.52485   24     23     21  
789.0  13:09:42 42.322063 -72.52494   24     20     21  
789.0  13:09:50 42.32081 -72.52545   21     20     22  
789.0  13:09:58 42.31971 -72.5262   22     24     20  
790.0  13:10:00 42.31942 -72.5267   23     22     21  
790.0  13:10:07 42.31933 -72.52727   23     20     22  
790.0  13:10:16 42.319443 -72.52845   22     21     21  
790.0  13:10:27 42.320072 -72.53015   24     22     21  
790.0  13:10:36 42.320236 -72.53183   24     20     22  
790.0  13:10:45 42.32028 -72.53351   23     24     21  
790.0  13:10:54 42.320427 -72.53443   24     24     23  
791.0  13:11:00 42.320854 -72.53425   21     21     22  
791.0  13:11:05 42.320854 -72.53425   22     20     21  
791.0  13:11:20 42.321114 -72.53365   20     23     20  
791.0  13:11:30 42.321117 -72.53365   22     23     24  
791.0  13:11:38 42.32113 -72.53365   22     23     24  
791.0  13:11:47 42.321125 -72.533646   20     24     24  
791.0  13:11:55 42.32114 -72.533646   20     23     21  
792.0  13:12:00 42.321156 -72.53365   24     23     24  
792.0  13:12:06 42.321163 -72.53365   20     20     23  
792.0  13:12:15 42.321167 -72.53366   21     23     20  
792.0  13:12:24 42.321167 -72.53367   24     23     20  
792.0  13:12:32 42.321156 -72.53367   23     24     21  
792.0  13:12:41 42.32114 -72.53367   23     23     22  
792.0  13:12:50 42.321114 -72.53367   23     22     23  
793.0  13:13:00 42.32111 -72.53366   23     24     22  
793.0  13:13:01 42.321106 -72.53366   21     21     23  
793.0  13:13:09 42.321114 -72.53366   24     22     21  
793.0  13:13:18 42.321114 -72.53366   23     24     22  
793.0  13:13:26 42.32113 -72.53366   23     21     20  
793.0  13:13:35 42.321156 -72.53366   21     22     21  
793.0  13:13:43 42.32118 -72.53364   21     21     24  
793.0  13:13:55 42.32118 -72.53364   23     22     22  
794.0  13:14:00 42.321148 -72.533646   21     22     24  
794.0  13:14:04 42.32114 -72.533646   22     21     20  
794.0  13:14:13 42.321117 -72.53366   23     24     24  
794.0  13:14:22 42.32111 -72.53366   23     20     23  
794.0  13:14:30 42.321117 -72.53365   20     20     23  
794.0  13:14:38 42.321117 -72.53367   24     22     24  
794.0  13:14:50 42.321106 -72.533676   23     24     23  
794.0  13:14:58 42.32109 -72.533676   21     24     24  
795.0  13:15:00 42.321095 -72.533676   21     22     22  
795.0  13:15:07 42.321106 -72.533676   21     20     22  
795.0  13:15:16 42.321117 -72.53368   23     24     21  
795.0  13:15:24 42.321133 -72.53368   21     20     22  
795.0  13:15:33 42.32116 -72.53368   24     21     24  
795.0  13:15:44 42.321198 -72.53369   23     22     21  
795.0  13:15:53 42.32119 -72.5337   21     23     20  
796.0  13:16:00 42.32118 -72.5337   24     20     22  
796.0  13:16:01 42.321175 -72.5337   20     23     23  
796.0  13:16:10 42.321163 -72.53369   22     20     23  
796.0  13:16:18 42.321144 -72.53369   20     21     23  
796.0  13:16:26 42.321125 -72.53368   22     20     24  
796.0  13:16:37 42.32111 -72.533676   23     23     23  
796.0  13:16:45 42.321125 -72.53367   24     24     23  
796.0  13:16:54 42.321144 -72.53367   21     24     24  
797.0  13:17:00 42.321175 -72.533676   21     24     23  
797.0  13:17:03 42.321175 -72.533676   22     21     21  
797.0  13:17:12 42.32118 -72.533676   20     20     21  
797.0  13:17:20 42.321182 -72.533676   21     22     23  
797.0  13:17:31 42.321175 -72.533676   21     20     23  
797.0  13:17:39 42.321175 -72.53368   22     23     20  
797.0  13:17:47 42.32117 -72.53366   20     22     24  
797.0  13:17:56 42.321167 -72.53367   23     21     20  
798.0  13:18:00 42.321167 -72.53367   22     23     21  
798.0  13:18:04 42.321167 -72.53367   22     20     20  
798.0  13:18:13 42.32114 -72.533676   21     23     22  
798.0  13:18:24 42.321114 -72.53368   23     23     21  
798.0  13:18:32 42.3211 -72.53369   22     21     21  
798.0  13:18:41 42.32111 -72.5337   24     24     24  
798.0  13:18:50 42.3211 -72.5337   20     21     22  
798.0  13:18:58 42.321087 -72.53369   22     20     21  
799.0  13:19:00 42.321102 -72.53369   20     20     20  
799.0  13:19:06 42.32111 -72.53369   23     20     23  
799.0  13:19:17 42.321133 -72.53368   21     22     21  
799.0  13:19:25 42.321136 -72.53366   20     20     20  
799.0  13:19:34 42.32114 -72.53366   24     24     24  
799.0  13:19:47 42.32113 -72.533646   22     24     21  
799.0  13:19:55 42.321114 -72.533676   21     21     24  
800.0  13:20:00 42.321125 -72.533676   24     22     20  
800.0  13:20:04 42.321125 -72.533676   21     20     20  
800.0  13:20:47 42.32031 -72.53431   24     20     20  
800.0  13:20:56 42.320248 -72.53314   22     22     21  
801.0  13:21:00 42.3202 -72.53165   20     21     22  
801.0  13:21:07 42.32016 -72.530785   20     21     21  
801.0  13:21:16 42.31967 -72.52901   21     24     23  
801.0  13:21:26 42.319275 -72.528015   20     21     20  
801.0  13:21:35 42.319237 -72.5279   20     23     20  
801.0  13:21:43 42.31938 -72.52677   23     20     23  
801.0  13:21:53 42.32024 -72.52573   20     21     21  
802.0  13:22:00 42.32203 -72.52486   22     23     21  
802.0  13:22:04 42.322212 -72.52483   20     24     22  
802.0  13:22:13 42.323933 -72.52466   22     23     20  
802.0  13:22:22 42.32555 -72.524475   20     20     22  
802.0  13:22:30 42.32695 -72.524345   24     22     22  
802.0  13:22:39 42.328587 -72.52416   21     23     23  
802.0  13:22:48 42.330235 -72.52394   24     24     21  
802.0  13:22:58 42.332043 -72.52369   23     21     21  
803.0  13:23:00 42.33289 -72.52355   22     23     21  
803.0  13:23:06 42.333366 -72.5235   21     23     23  
803.0  13:23:15 42.334404 -72.52343   24     24     24  
803.0  13:23:25 42.334526 -72.52426   22     24     22  
803.0  13:23:33 42.335 -72.5251   22     24     23  
803.0  13:23:43 42.335506 -72.52597   22     21     24  
804.0  13:24:00 42.335754 -72.52881   24     24     24  
804.0  13:24:12 42.335735 -72.527725   20     22     24  
804.0  13:24:21 42.335785 -72.531715   21     22     23  
805.0  13:25:00 42.33731 -72.53136   21     24     21  
805.0  13:25:50 42.338547 -72.528015   24     21     21  
806.0  13:26:00 42.338455 -72.52641   24     24     23  
806.0  13:26:01 42.338497 -72.526695   21     22     23  
807.0  13:27:00 42.339855 -72.52023   22     21     23  
807.0  13:27:04 42.339924 -72.52021   22     24     23  
807.0  13:27:15 42.340054 -72.51926   23     24     22  
807.0  13:27:24 42.340057 -72.517624   23     22     21  
807.0  13:27:32 42.340073 -72.51579   23     23     21  
807.0  13:27:41 42.340096 -72.51463   20     24     22  
808.0  13:28:00 42.340126 -72.51376   20     20     24  
808.0  13:28:38 42.34025 -72.506836   20     21     20  
808.0  13:28:49 42.340275 -72.504906   20     22     23  
808.0  13:28:58 42.340313 -72.50458   21     24     20  
809.0  13:29:00 42.340527 -72.50454   22     22     24  
809.0  13:29:07 42.340622 -72.50457   22     20     20  
809.0  13:29:15 42.341038 -72.50505   20     23     23  
809.0  13:29:24 42.341743 -72.50615   22     21     20  
809.0  13:29:33 42.342686 -72.506935   21     20     21  
809.0  13:29:45 42.344048 -72.50762   24     24     22  
809.0  13:29:54 42.34523 -72.50849   23     22     20  
810.0  13:30:00 42.346302 -72.509476   22     24     24  
810.0  13:30:02 42.34618 -72.50934   23     24     20  
810.0  13:30:11 42.347218 -72.51064   24     23     21  
810.0  13:30:19 42.3478 -72.51227   24     23     24  
810.0  13:30:28 42.348274 -72.51426   23     20     20  
810.0  13:30:38 42.348885 -72.51633   21     22     23  
810.0  13:30:47 42.349514 -72.51796   21     23     21  
810.0  13:30:57 42.350224 -72.5193   24     22     24  
811.0  13:31:00 42.350605 -72.51989   20     24     21  
811.0  13:31:07 42.350628 -72.51998   22     24     21  
811.0  13:31:16 42.351246 -72.52034   22     23     23  
811.0  13:31:27 42.35244 -72.52069   23     23     23  
811.0  13:31:42 42.354874 -72.52071   23     22     20  
811.0  13:31:50 42.35581 -72.5209   24     21     20  
811.0  13:31:58 42.35691 -72.52098   23     24     22  
812.0  13:32:00 42.357666 -72.52093   21     23     23  
812.0  13:32:07 42.35829 -72.52089   21     21     21  
812.0  13:32:16 42.35979 -72.52081   23     22     24  
812.0  13:32:26 42.36137 -72.52078   23     21     21  
812.0  13:32:42 42.364426 -72.52066   21     20     22  
812.0  13:32:53 42.366364 -72.52034   24     23     21  
813.0  13:33:00 42.367878 -72.5201   24     24     24  
813.0  13:33:02 42.367878 -72.5201   24     24     21  
813.0  13:33:11 42.36922 -72.51994   23     21     24  
813.0  13:33:20 42.3706 -72.5198   20     20     20  
813.0  13:33:28 42.371983 -72.51973   24     20     20  
813.0  13:33:37 42.372826 -72.51976   20     20     23  
813.0  13:33:50 42.3734 -72.5198   22     24     22  
813.0  13:33:59 42.37434 -72.51984   21     21     21  
814.0  13:34:00 42.374577 -72.51982   23     22     22  
814.0  13:34:08 42.37472 -72.5198   24     24     21  
814.0  13:34:16 42.37496 -72.51984   20     20     20  
814.0  13:34:25 42.37543 -72.519844   20     21     21  
814.0  13:34:34 42.375454 -72.51984   22     23     24  
814.0  13:34:46 42.375473 -72.51984   20     21     23  
814.0  13:34:55 42.375427 -72.51984   23     22     24  
815.0  13:35:00 42.375427 -72.51983   20     24     20  
815.0  13:35:04 42.375423 -72.51983   20     23     21  
815.0  13:35:13 42.37576 -72.51984   22     21     23  
815.0  13:35:22 42.376495 -72.51988   20     21     22  
815.0  13:35:31 42.37716 -72.5199   24     24     20  
815.0  13:35:41 42.377445 -72.51985   23     22     23  
815.0  13:35:50 42.37743 -72.51985   23     24     23  
815.0  13:35:58 42.37747 -72.51985   20     22     23  
816.0  13:36:00 42.377476 -72.51985   20     21     20  
816.0  13:36:07 42.3775 -72.51985   24     21     21  
816.0  13:36:16 42.377525 -72.51986   24     23     24  
816.0  13:36:24 42.377502 -72.51986   23     23     24  
816.0  13:36:35 42.37795 -72.51992   21     23     21  
816.0  13:36:44 42.378674 -72.519936   22     24     24  
816.0  13:36:53 42.379356 -72.51977   22     24     24  
817.0  13:37:00 42.38038 -72.5194   21     21     20  
817.0  13:37:01 42.380264 -72.51943   21     23     23  
817.0  13:37:10 42.381313 -72.51931   20     20     21  
817.0  13:37:19 42.38189 -72.51964   24     24     20  
817.0  13:37:29 42.38277 -72.52034   22     20     21  
817.0  13:37:38 42.38367 -72.52087   22     23     20  
817.0  13:37:47 42.384624 -72.52141   23     20     20  
817.0  13:37:57 42.385536 -72.52189   24     23     23  
818.0  13:38:00 42.385937 -72.52223   23     23     24  
818.0  13:38:05 42.386044 -72.522415   23     21     21  
818.0  13:38:14 42.386494 -72.52238   20     22     23  
818.0  13:38:25 42.387215 -72.52298   20     22     21  
818.0  13:38:33 42.38768 -72.52357   23     24     22  
818.0  13:38:42 42.387676 -72.523605   23     22     24  
818.0  13:38:51 42.38767 -72.52356   22     21     20  
818.0  13:38:59 42.38769 -72.523575   22     23     24  
819.0  13:39:00 42.387707 -72.52362   22     21     24  
819.0  13:39:07 42.387814 -72.5238   24     20     21  
819.0  13:39:17 42.388313 -72.52429   22     22     22  
819.0  13:39:38 42.389027 -72.524666   20     21     22  
819.0  13:39:47 42.390766 -72.52518   23     23     21  
819.0  13:39:55 42.391075 -72.52523   20     21     23  
820.0  13:40:00 42.391197 -72.52528   20     24     21  
820.0  13:40:04 42.391323 -72.525314   20     20     24  
820.0  13:40:15 42.39217 -72.52552   21     24     24  
820.0  13:40:23 42.392994 -72.525764   21     24     21  
820.0  13:40:32 42.39363 -72.52605   22     24     21  
820.0  13:40:40 42.393917 -72.52618   24     21     22  
820.0  13:40:49 42.39395 -72.52627   22     21     22  
820.0  13:40:57 42.39445 -72.52663   23     23     21  
821.0  13:41:00 42.394733 -72.526794   20     24     20  
821.0  13:41:09 42.39483 -72.52687   21     22     20  
821.0  13:41:17 42.395 -72.52697   23     23     20  
821.0  13:41:26 42.39514 -72.526985   20     23     21  
821.0  13:41:35 42.39517 -72.526985   21     24     20  
821.0  13:41:44 42.39501 -72.5276   21     24     21  
821.0  13:41:53 42.39484 -72.528755   23     20     24  
822.0  13:42:00 42.395485 -72.52994   20     24     21  
822.0  13:42:08 42.395805 -72.530594   23     20     22  
822.0  13:42:17 42.395657 -72.53165   20     20     20  
822.0  13:42:26 42.395412 -72.532776   20     20     24  
822.0  13:42:34 42.395107 -72.534096   21     23     20  
822.0  13:42:43 42.394337 -72.53444   24     22     24  
822.0  13:42:51 42.393425 -72.53421   21     21     22  
823.0  13:43:00 42.392796 -72.53394   24     24     21  
823.0  13:43:01 42.3928 -72.53395   20     21     24  
823.0  13:43:47 42.393284 -72.53245   24     22     21  
824.0  13:44:00 42.39345 -72.53308   23     21     22  
824.0  13:44:00 42.393517 -72.5332   23     24     21  
824.0  13:44:09 42.39357 -72.53322   23     22     24  
824.0  13:44:17 42.393715 -72.53288   20     20     23  
824.0  13:44:27 42.39369 -72.532875   23     21     20  
824.0  13:44:38 42.393665 -72.532875   20     23     24  
824.0  13:44:49 42.39363 -72.53285   20     24     23  
824.0  13:44:57 42.393623 -72.532845   22     24     21  
825.0  13:45:00 42.39362 -72.53284   23     23     24  
825.0  13:45:06 42.393623 -72.53284   23     20     21  
825.0  13:45:17 42.393623 -72.53283   21     21     23  
828.0  13:48:00 0.0 -0.0   22     20     23  
829.0  13:49:00 0.0 -0.0   23     21     21  
830.0  13:50:00 0.0 -0.0   24     20     21  
831.0  13:51:00 0.0 -0.0   23     20     20  
832.0  13:52:00 0.0 -0.0   20     24     20  
833.0  13:53:00 0.0 -0.0   23     21     22  
834.0  13:54:00 0.0 -0.0   22     20     20  
908.0  15:08:08 0.0 -0.0   24     24     20  
908.0  15:08:21 0.0 -0.0   20     21     23  
908.0  15:08:31 0.0 -0.0   22     23     20  
908.0  15:08:39 0.0 -0.0   21     21     23  
908.0  15:08:47 0.0 -0.0   20     23     23  
908.0  15:08:57 0.0 -0.0   24     20     22  
909.0  15:09:06 0.0 -0.0   23     24     21  
909.0  15:09:19 0.0 -0.0   23     20     21  
909.0  15:09:28 0.0 -0.0   22     22     21  
909.0  15:09:37 0.0 -0.0   21     23     22  
909.0  15:09:46 0.0 -0.0   22     21     21  
909.0  15:09:55 0.0 -0.0   24     24     23  
910.0  15:10:04 0.0 -0.0   23     20     24  
910.0  15:10:17 0.0 -0.0   23     24     20  
910.0  15:10:29 0.0 -0.0   21     20     20  
910.0  15:10:38 0.0 -0.0   24     24     24  
910.0  15:10:47 0.0 -0.0   24     22     20  
910.0  15:10:58 0.0 -0.0   21     22     24  
911.0  15:11:11 0.0 -0.0   22     22     23  
911.0  15:11:21 0.0 -0.0   24     21     24  
911.0  15:11:31 0.0 -0.0   22     24     20  
911.0  15:11:39 0.0 -0.0   22     23     20  
911.0  15:11:48 0.0 -0.0   23     20     21  
911.0  15:11:57 0.0 -0.0   21     24     23  
912.0  15:12:09 0.0 -0.0   23     20     23  
912.0  15:12:20 0.0 -0.0   23     21     22  
912.0  15:12:28 0.0 -0.0   24     22     24  
912.0  15:12:37 0.0 -0.0   21     21     21  
912.0  15:12:47 0.0 -0.0   24     23     23  
913.0  15:13:02 0.0 -0.0   21     21     22  
913.0  15:13:11 0.0 -0.0   24     24     23  
913.0  15:13:20 0.0 -0.0   24     24     20  
913.0  15:13:31 0.0 -0.0   22     21     21  
913.0  15:13:41 0.0 -0.0   21     20     21  
913.0  15:13:53 0.0 -0.0   21     22     24  
914.0  15:14:01 0.0 -0.0   21     24     23  
914.0  15:14:10 0.0 -0.0   22     22     23  
914.0  15:14:20 0.0 -0.0   21     21     21  
914.0  15:14:29 43.21483 -74.0428   21     24     21  
914.0  15:14:38 43.21483 -74.0428   20     20     24  
914.0  15:14:51 43.21483 -74.0428   24     23     21  
919.0  15:19:00 42.39371 -72.53299   22     24     23  
920.0  15:20:00 42.393322 -72.53247   24     20     21  
920.0  15:20:01 42.393353 -72.53251   24     23     24  
920.0  15:20:11 42.393166 -72.53254   23     24     23  
920.0  15:20:20 42.392963 -72.53294   21     22     21  
920.0  15:20:28 42.392796 -72.53339   21     22     20  
920.0  15:20:36 42.392757 -72.5335   21     21     24  
920.0  15:20:44 42.39262 -72.53388   24     21     23  
920.0  15:20:53 42.392155 -72.53367   24     22     20  
921.0  15:21:00 42.391144 -72.53323   23     21     22  
921.0  15:21:04 42.391144 -72.53323   22     24     23  
921.0  15:21:12 42.390522 -72.53299   24     23     22  
921.0  15:21:21 42.390305 -72.532906   20     23     22  
921.0  15:21:30 42.390305 -72.532906   21     22     20  
921.0  15:21:39 42.3899 -72.53274   21     20     24  
921.0  15:21:47 42.389233 -72.53242   22     21     21  
921.0  15:21:58 42.38843 -72.53208   20     22     24  
922.0  15:22:00 42.387943 -72.531876   21     24     24  
922.0  15:22:07 42.387623 -72.53175   22     24     22  
922.0  15:22:16 42.386604 -72.53134   24     20     21  
922.0  15:22:24 42.38575 -72.53098   23     22     20  
922.0  15:22:33 42.385147 -72.53097   23     24     23  
922.0  15:22:42 42.384995 -72.53051   20     21     20  
922.0  15:22:51 42.384796 -72.52939   23     23     20  
923.0  15:23:00 42.384705 -72.52875   24     20     23  
923.0  15:23:00 42.3847 -72.52853   23     24     23  
923.0  15:23:09 42.384727 -72.52803   23     21     21  
923.0  15:23:18 42.384945 -72.52697   22     23     23  
923.0  15:23:26 42.385166 -72.526054   21     23     21  
923.0  15:23:36 42.385323 -72.5254   20     20     20  
923.0  15:23:47 42.385513 -72.52458   22     21     24  
923.0  15:23:55 42.385727 -72.523674   20     20     23  
924.0  15:24:00 42.385906 -72.52278   20     24     21  
924.0  15:24:03 42.385906 -72.52285   20     23     23  
924.0  15:24:11 42.385902 -72.522736   21     24     22  
924.0  15:24:20 42.385906 -72.52274   22     24     24  
924.0  15:24:28 42.385906 -72.52274   22     21     20  
924.0  15:24:40 42.38591 -72.52272   24     24     24  
924.0  15:24:48 42.38591 -72.52242   23     20     22  
925.0  15:25:00 42.386967 -72.52263   21     23     22  
925.0  15:25:01 42.38651 -72.522255   22     22     22  
925.0  15:25:08 42.387268 -72.52299   24     21     22  
925.0  15:25:17 42.38766 -72.52348   23     24     22  
925.0  15:25:25 42.387672 -72.52352   20     23     23  
925.0  15:25:35 42.38768 -72.52353   21     22     23  
925.0  15:25:44 42.38768 -72.52353   20     22     22  
925.0  15:25:53 42.38771 -72.52362   21     24     22  
926.0  15:26:00 42.388218 -72.52417   22     21     21  
926.0  15:26:01 42.388077 -72.52405   21     23     21  
926.0  15:26:11 42.38842 -72.52433   24     22     20  
926.0  15:26:21 42.38862 -72.524445   22     21     21  
926.0  15:26:59 42.39072 -72.52513   20     23     20  
927.0  15:27:00 42.39072 -72.52512   22     24     23  
927.0  15:27:12 42.391026 -72.52516   22     23     22  
927.0  15:27:23 42.391075 -72.52518   20     21     22  
927.0  15:27:32 42.39106 -72.52518   20     22     22  
927.0  15:27:40 42.391335 -72.525246   24     20     23  
927.0  15:27:51 42.391964 -72.52539   21     23     20  
928.0  15:28:00 42.39303 -72.52574   20     20     21  
928.0  15:28:03 42.39303 -72.52574   24     21     22  
928.0  15:28:13 42.39323 -72.52582   23     20     20  
928.0  15:28:23 42.393265 -72.525826   20     24     22  
928.0  15:28:31 42.393314 -72.525856   21     24     21  
928.0  15:28:39 42.39342 -72.52592   24     24     22  
928.0  15:28:48 42.39373 -72.526054   24     21     23  
928.0  15:28:59 42.393875 -72.52613   20     24     20  
929.0  15:29:00 42.39388 -72.52613   22     21     21  
929.0  15:29:08 42.393875 -72.52613   22     20     22  
929.0  15:29:18 42.39387 -72.52613   24     23     20  
929.0  15:29:34 42.39435 -72.52648   20     21     20  
929.0  15:29:42 42.3948 -72.52676   21     22     22  
929.0  15:29:55 42.39513 -72.52695   23     23     21  
930.0  15:30:00 42.39531 -72.52656   21     24     23  
930.0  15:30:04 42.39531 -72.52656   20     24     23  
930.0  15:30:12 42.395546 -72.525795   24     21     24  
930.0  15:30:21 42.39562 -72.525566   22     21     24  
930.0  15:30:30 42.395687 -72.52521   20     22     23  
930.0  15:30:38 42.395706 -72.52515   22     20     22  
930.0  15:30:49 42.39598 -72.52434   20     21     20  
930.0  15:30:58 42.39638 -72.52356   24     23     23  
931.0  15:31:00 42.396736 -72.523125   23     22     24  
931.0  15:31:06 42.396755 -72.52309   20     24     24  
931.0  15:31:15 42.396782 -72.523   22     20     21  
931.0  15:31:23 42.39702 -72.52227   24     21     23  
931.0  15:31:31 42.39712 -72.52148   22     22     20  
931.0  15:31:43 42.397217 -72.520325   21     24     23  
931.0  15:31:51 42.397327 -72.51952   21     22     22  
932.0  15:32:00 42.39762 -72.518295   20     23     23  
932.0  15:32:00 42.397827 -72.51772   20     22     23  
932.0  15:32:09 42.398052 -72.517075   20     21     23  
932.0  15:32:18 42.39839 -72.51604   20     23     22  
932.0  15:32:27 42.398457 -72.51573   24     21     22  
932.0  15:32:37 42.398453 -72.51571   22     24     20  
932.0  15:32:48 42.39845 -72.51571   22     23     22  
932.0  15:32:57 42.398445 -72.5157   22     24     24  
933.0  15:33:00 42.398445 -72.515686   24     21     22  
933.0  15:33:05 42.398457 -72.51567   24     21     20  
933.0  15:33:14 42.398945 -72.51567   23     20     23  
933.0  15:33:22 42.399986 -72.5157   20     24     20  
933.0  15:33:33 42.4014 -72.515465   20     20     23  
933.0  15:33:43 42.402706 -72.51511   24     21     24  
933.0  15:33:55 42.404022 -72.5149   23     24     23  
934.0  15:34:00 42.404583 -72.51482   21     21     23  
934.0  15:34:06 42.40458 -72.51482   20     23     21  
934.0  15:34:15 42.404675 -72.5148   24     20     23  
934.0  15:34:25 42.405727 -72.514626   20     21     21  
934.0  15:34:35 42.40662 -72.51448   24     22     20  
934.0  15:34:44 42.40793 -72.514275   22     22     20  
934.0  15:34:52 42.40906 -72.51405   23     23     23  
935.0  15:35:00 42.41064 -72.51366   21     21     20  
935.0  15:35:01 42.410248 -72.513756   22     20     23  
935.0  15:35:09 42.411285 -72.5135   20     23     24  
935.0  15:35:21 42.412647 -72.51315   23     23     22  
935.0  15:35:29 42.412857 -72.5131   22     24     20  
935.0  15:35:38 42.412895 -72.51308   23     24     21  
935.0  15:35:47 42.412884 -72.513084   23     24     22  
935.0  15:35:56 42.412987 -72.51283   23     23     24  
936.0  15:36:00 42.41315 -72.511925   23     22     21  
936.0  15:36:05 42.413155 -72.51177   21     22     22  
936.0  15:36:16 42.413063 -72.51024   23     21     24  
936.0  15:36:29 42.413048 -72.50911   20     21     23  
936.0  15:36:41 42.412964 -72.50793   22     20     22  
936.0  15:36:50 42.41294 -72.5078   22     24     23  
937.0  15:37:00 42.412907 -72.50739   23     21     22  
937.0  15:37:00 42.412895 -72.50714   20     21     21  
937.0  15:37:12 42.412857 -72.50645   21     22     20  
937.0  15:37:22 42.41287 -72.50593   24     20     24  
937.0  15:37:31 42.413258 -72.50605   23     24     20  
937.0  15:37:40 42.413673 -72.50628   22     21     21  
937.0  15:37:50 42.414238 -72.506584   23     24     21  
938.0  15:38:00 42.41503 -72.5071   24     24     21  
938.0  15:38:00 42.41531 -72.50732   23     22     23  
938.0  15:38:12 42.415337 -72.50732   22     20     20  
938.0  15:38:24 42.415344 -72.507256   24     21     20  
938.0  15:38:33 42.41553 -72.50738   23     24     20  
938.0  15:38:42 42.41567 -72.50767   20     21     21  
938.0  15:38:51 42.415665 -72.50781   22     23     23  
939.0  15:39:00 42.41556 -72.507965   24     20     23  
939.0  15:39:05 42.41556 -72.507965   23     20     24  
939.0  15:39:15 42.41486 -72.50817   21     22     24  
939.0  15:39:24 42.41424 -72.50837   24     20     23  
939.0  15:39:35 42.41408 -72.508415   24     21     20  
939.0  15:39:45 42.41333 -72.50873   22     23     21  
939.0  15:39:58 42.41304 -72.510025   24     24     20  
940.0  15:40:00 42.41313 -72.510956   22     24     20  
940.0  15:40:07 42.41316 -72.51137   24     21     23  
940.0  15:40:29 42.413055 -72.51254   20     20     22  
940.0  15:40:37 42.412987 -72.51455   22     23     24  
940.0  15:40:49 42.413338 -72.51558   24     20     23  
941.0  15:41:00 42.41361 -72.517395   20     22     24  
942.0  15:42:00 42.416203 -72.5201   22     22     22  
943.0  15:43:00 42.417255 -72.52523   22     21     22  
944.0  15:44:00 42.41712 -72.5271   20     23     23  
945.0  15:45:00 42.412216 -72.52997   20     24     24  
946.0  15:46:00 42.40959 -72.53091   21     24     21  
947.0  15:47:00 42.404778 -72.529686   24     21     24  
948.0  15:48:00 42.40052 -72.52791   24     21     24  
949.0  15:49:00 42.396626 -72.527626   24     20     24  
950.0  15:50:00 42.396328 -72.5275   22     20     23  
951.0  15:51:00 42.39565 -72.527176   22     23     23  
952.0  15:52:00 42.39377 -72.52615   21     22     23  
953.0  15:53:00 42.393353 -72.52594   24     21     23  
955.0  15:55:00 42.388935 -72.52463   24     23     21  
956.0  15:56:00 42.38778 -72.52384   24     22     23  
957.0  15:57:00 42.386066 -72.52244   23     24     20  
958.0  15:58:00 42.385494 -72.52198   24     20     23  
959.0  15:59:00 42.382225 -72.520065   20     21     21  
960.0  16:00:00 42.381355 -72.51927   23     24     20  
961.0  16:01:00 42.37817 -72.51996   21     20     21  
962.0  16:02:00 42.377823 -72.51997   22     23     23  
963.0  16:03:00 42.37704 -72.51993   21     23     22  
964.0  16:04:00 42.374916 -72.51982   20     20     21  
965.0  16:05:00 42.373547 -72.519875   22     20     23  
966.0  16:06:00 42.372223 -72.51981   20     22     22  
967.0  16:07:00 42.364372 -72.520615   24     21     20  
968.0  16:08:00 42.355762 -72.52089   21     23     20  
969.0  16:09:00 42.35489 -72.52075   20     21     24  
970.0  16:10:00 42.348095 -72.52009   23     20     23  
971.0  16:11:00 42.340576 -72.52002   24     24     20  
972.0  16:12:00 42.340122 -72.52016   24     24     24  
973.0  16:13:00 42.332924 -72.52353   20     20     22  
974.0  16:14:00 42.32392 -72.52469   24     22     23  
975.0  16:15:00 42.3197 -72.52915   24     24     24  
976.0  16:16:00 42.32106 -72.53361   22     24     20  
977.0  16:17:00 42.320236 -72.5339   24     20     20  
978.0  16:18:00 42.319256 -72.528046   21     23     24  
979.0  16:19:00 42.322685 -72.52481   22     23     21  
980.0  16:20:00 42.332478 -72.523544   20     20     23  
981.0  16:21:00 42.3349 -72.52495   24     24     20  
982.0  16:22:00 42.335827 -72.53214   20     23     24  
983.0  16:23:00 42.338562 -72.52891   21     20     20  
984.0  16:24:00 42.33794 -72.521385   20     24     20  
985.0  16:25:00 42.339203 -72.52048   23     24     22  
986.0  16:26:00 42.33997 -72.51956   24     23     22  
987.0  16:27:00 42.34024 -72.50881   20     23     23  
988.0  16:28:00 42.341038 -72.505   21     20     21  
989.0  16:29:00 42.345882 -72.50902   24     24     24  
990.0  16:30:00 42.349632 -72.51832   20     24     21  
991.0  16:31:00 42.35344 -72.52054   24     24     24  
992.0  16:32:00 42.35907 -72.520805   24     23     23  
993.0  16:33:00 42.366608 -72.52025   20     21     21  
994.0  16:34:00 42.3714 -72.51974   22     22     23  
995.0  16:35:00 42.37233 -72.519745   22     23     23  
996.0  16:36:00 42.37469 -72.519775   24     24     23  
997.0  16:37:00 42.375225 -72.51979   20     24     20  
998.0  16:38:00 42.377502 -72.519844   22     21     24  
999.0  16:39:00 42.377563 -72.51984   24     20     24  
1000.0  16:40:00 42.380978 -72.51931   20     23     21  
1001.0  16:41:00 42.38596 -72.522285   20     24     20  
1002.0  16:42:00 42.38773 -72.52355   23     20     23  
1003.0  16:43:00 42.390686 -72.52513   23     21     21  
1004.0  16:44:00 42.39366 -72.526024   20     23     21  
1005.0  16:45:00 42.39508 -72.52689   24     20     24  
1006.0  16:46:00 42.395348 -72.52666   24     22     22  
1007.0  16:47:00 42.397293 -72.51969   20     22     23  
1008.0  16:48:00 42.40011 -72.51569   23     20     24  
1009.0  16:49:00 42.407562 -72.51436   20     20     20  
1010.0  16:50:00 42.412876 -72.51309   20     21     22  
1011.0  16:51:00 42.412956 -72.507805   21     23     24  
1012.0  16:52:00 42.415302 -72.50732   22     24     24  
1013.0  16:53:00 42.414623 -72.508255   24     21     21  
1014.0  16:54:00 42.41288 -72.51362   24     24     21  
1015.0  16:55:00 42.41462 -72.51858   22     23     22  
1016.0  16:56:00 42.41646 -72.52031   24     22     22  
1017.0  16:57:00 42.41744 -72.5239   24     20     21  
1018.0  16:58:00 42.417 -72.52713   20     24     21  
1019.0  16:59:00 42.41053 -72.53096   24     24     23  
1020.0  17:00:00 42.41 -72.53104   22     22     20  
1021.0  17:01:00 42.40435 -72.52967   21     20     24  
1022.0  17:02:00 42.397846 -72.528114   24     21     23  
1023.0  17:03:00 42.393543 -72.52613   21     21     20  
1024.0  17:04:00 42.393326 -72.52596   23     24     21  
1025.0  17:05:00 42.390823 -72.52525   24     20     20  
1026.0  17:06:00 42.38802 -72.52409   24     21     21  
1027.0  17:07:00 42.38619 -72.52242   20     21     24  
1028.0  17:08:00 42.38571 -72.52235   22     22     23  
1029.0  17:09:00 42.38132 -72.51928   21     21     23  
1030.0  17:10:00 42.37953 -72.51971   24     22     22  
1031.0  17:11:00 42.37863 -72.51999   20     20     23  
1032.0  17:12:00 42.37775 -72.52002   24     22     24  
1033.0  17:13:00 42.376884 -72.51996   20     22     22  
1034.0  17:14:00 42.376495 -72.51995   20     22     20  
1035.0  17:15:00 42.373943 -72.51986   20     20     21  
1036.0  17:16:00 42.372204 -72.51979   22     24     24  
1037.0  17:17:00 42.36596 -72.52038   20     20     24  
1038.0  17:18:00 42.35865 -72.52088   23     23     20  
1039.0  17:19:00 42.35125 -72.52029   20     23     21  
1040.0  17:20:00 42.34393 -72.52045   22     22     20  
1041.0  17:21:00 42.340317 -72.52017   20     22     21  
1042.0  17:22:00 42.339283 -72.52053   24     20     20  
1043.0  17:23:00 42.331215 -72.523834   21     21     23  
1044.0  17:24:00 42.322414 -72.524864   24     24     21  
1045.0  17:25:00 42.319557 -72.52869   21     23     21  
1046.0  17:26:00 42.320786 -72.534325   23     22     22  
1047.0  17:27:00 42.320385 -72.53437   22     20     20  
1048.0  17:28:00 42.31987 -72.529396   20     23     21  
1049.0  17:29:00 42.31933 -72.52814   23     20     20  
1050.0  17:30:00 42.319427 -72.52659   24     22     21  
1051.0  17:31:00 42.328022 -72.52421   22     24     21  
1052.0  17:32:00 42.334343 -72.52334   24     24     22  
1053.0  17:33:00 42.33575 -72.52935   24     21     20  
1054.0  17:34:00 42.33771 -72.53145   24     20     23  
1055.0  17:35:00 42.338196 -72.5253   20     22     23  
1056.0  17:36:00 42.33971 -72.52026   20     20     24  
1057.0  17:37:00 42.34023 -72.50996   20     24     22  
1058.0  17:38:00 42.340958 -72.50487   24     20     23  
1059.0  17:39:00 42.347137 -72.51051   24     20     23  
1060.0  17:40:00 42.350544 -72.51963   22     22     23  
1061.0  17:41:00 42.355656 -72.52086   24     22     21  
1062.0  17:42:00 42.362915 -72.52071   24     23     21  
1063.0  17:43:00 42.36602 -72.52036   23     21     21  
1064.0  17:44:00 42.372467 -72.51971   22     22     21  
1065.0  17:45:00 42.37313 -72.519745   22     24     21  
1066.0  17:46:00 42.375385 -72.519806   22     22     22  
1067.0  17:47:00 42.3773 -72.51985   24     21     21  
1068.0  17:48:00 42.37836 -72.51987   22     24     21  
1069.0  17:49:00 42.379807 -72.519485   20     23     21  
1070.0  17:50:00 42.383385 -72.52065   21     21     23  
1071.0  17:51:00 42.38777 -72.523544   22     24     23  
1072.0  17:52:00 42.390766 -72.52515   21     24     24  
1073.0  17:53:00 42.393814 -72.5261   23     20     21  
1074.0  17:54:00 42.39663 -72.527596   22     23     21  
1075.0  17:55:00 42.403587 -72.529305   22     24     20  
1076.0  17:56:00 42.40645 -72.531136   22     22     22  
1078.0  17:58:00 42.40374 -72.52943   21     24     22  
1079.0  17:59:00 42.39607 -72.527405   21     20     23  
1080.0  18:00:00 42.39571 -72.5252   24     22     22  
1081.0  18:01:00 42.39714 -72.52119   20     24     21  
1082.0  18:02:00 42.398457 -72.515656   20     23     20  
1083.0  18:03:00 42.404892 -72.51481   21     20     22  
1084.0  18:04:00 42.41292 -72.51314   20     20     21  
1085.0  18:05:00 42.41295 -72.50732   24     20     23  
1086.0  18:06:00 42.415745 -72.50764   20     21     22  
1087.0  18:07:00 42.413208 -72.51106   20     23     20  
1088.0  18:08:00 42.414173 -72.51819   22     21     21  
1089.0  18:09:00 42.4167 -72.520645   24     24     21  
1090.0  18:10:00 42.417126 -72.527145   22     21     23  
1091.0  18:11:00 42.410564 -72.530975   20     24     22  
1092.0  18:12:00 42.408924 -72.53064   21     24     21  
1093.0  18:13:00 42.403145 -72.52911   21     20     22  
1094.0  18:14:00 42.398384 -72.52812   21     20     24  
1095.0  18:15:00 42.39532 -72.52704   24     22     22  
1096.0  18:16:00 42.393387 -72.52593   22     20     21  
1097.0  18:17:00 42.390785 -72.5252   21     22     21  
1098.0  18:18:00 42.387817 -72.52388   22     20     23  
1099.0  18:19:00 42.38728 -72.52305   22     24     22  
1100.0  18:20:00 42.385044 -72.527916   23     21     23  
1101.0  18:21:00 42.387257 -72.531525   22     23     21  
1102.0  18:22:00 42.39252 -72.53372   21     21     24  
1103.0  18:23:00 42.394444 -72.53299   21     23     24  
1154.0  19:14:40 42.394722 -72.53396   23     21     21  
1154.0  19:14:41 42.394722 -72.53396   20     22     23  
1154.0  19:14:51 42.39472 -72.53396   23     22     22  
1155.0  19:15:00 42.39472 -72.53396   23     23     20  
1155.0  19:15:09 42.39472 -72.53396   24     21     24  
1155.0  19:15:20 42.39472 -72.53396   20     20     24  
1155.0  19:15:31 42.39472 -72.53395   24     20     22  
1155.0  19:15:36 42.39472 -72.53395   21     22     21  
1155.0  19:15:37 42.39472 -72.53395   20     22     21  
1155.0  19:15:48 42.39472 -72.53395   20     22     23  
1155.0  19:15:57 42.394722 -72.53396   21     21     20  
1156.0  19:16:00 42.394722 -72.53396   23     24     23  
1156.0  19:16:06 42.394726 -72.53396   21     22     20  
1156.0  19:16:15 42.394726 -72.53396   23     24     20  
1156.0  19:16:24 42.39473 -72.533966   24     22     21  
1156.0  19:16:32 42.39472 -72.53396   24     21     23  
1156.0  19:16:45 42.394608 -72.533875   21     20     20  
1156.0  19:16:55 42.394524 -72.53377   24     21     23  
1157.0  19:17:00 42.394524 -72.53377   20     22     21  
1157.0  19:17:15 42.394524 -72.53377   23     24     20  
1157.0  19:17:40 42.394524 -72.53377   21     22     20  
1157.0  19:17:56 42.394524 -72.53377   20     24     22  
1158.0  19:18:00 42.394524 -72.53377   23     21     24  
1158.0  19:18:04 42.394524 -72.53377   24     20     24  
1158.0  19:18:16 42.394524 -72.53377   24     24     20  
1158.0  19:18:29 42.394524 -72.53377   20     20     21  
1158.0  19:18:39 42.394524 -72.53377   21     23     22  
1158.0  19:18:49 42.394524 -72.53377   20     20     23  
1158.0  19:18:59 42.394524 -72.53377   22     20     20  
1159.0  19:19:00 42.394524 -72.53377   24     24     22  
1159.0  19:19:10 42.394524 -72.53377   20     20     24  
