490.0  08:10:22 0.0 -0.0   3     12     41  
490.0  08:10:27 0.0 -0.0   4     15     55  
490.0  08:10:33 0.0 -0.0   4     16     40  
490.0  08:10:41 0.0 -0.0   5     15     50  
490.0  08:10:42 0.0 -0.0   4     11     41  
490.0  08:10:53 0.0 -0.0   4     17     47  
491.0  08:11:00 0.0 -0.0   3     18     57  
491.0  08:11:02 0.0 -0.0   4     14     53  
491.0  08:11:11 0.0 -0.0   5     10     48  
491.0  08:11:22 0.0 -0.0   4     16     53  
491.0  08:11:31 0.0 -0.0   4     12     46  
491.0  08:11:50 0.0 -0.0   3     14     43  
492.0  08:12:00 0.0 -0.0   4     13     40  
492.0  08:12:06 0.0 -0.0   5     14     49  
492.0  08:12:17 0.0 -0.0   5     16     59  
492.0  08:12:26 0.0 -0.0   3     16     45  
492.0  08:12:34 0.0 -0.0   5     10     50  
492.0  08:12:43 0.0 -0.0   3     18     58  
492.0  08:12:51 0.0 -0.0   4     19     50  
492.0  08:12:59 0.0 -0.0   3     16     59  
493.0  08:13:00 0.0 -0.0   5     13     47  
493.0  08:13:10 0.0 -0.0   4     16     51  
493.0  08:13:18 0.0 -0.0   4     11     49  
493.0  08:13:26 0.0 -0.0   3     19     45  
493.0  08:13:34 0.0 -0.0   5     14     46  
493.0  08:13:43 42.39476 -72.53231   4     15     54  
493.0  08:13:51 42.39476 -72.53231   5     12     50  
494.0  08:14:00 42.39447 -72.53218   4     16     41  
494.0  08:14:01 42.394478 -72.53215   5     19     56  
494.0  08:14:09 42.394356 -72.533005   5     11     59  
494.0  08:14:17 42.39438 -72.533   3     16     54  
494.0  08:14:26 42.394485 -72.53294   4     10     58  
494.0  08:14:35 42.39456 -72.533005   5     10     53  
494.0  08:14:44 42.39474 -72.53315   4     19     45  
494.0  08:14:55 42.39476 -72.53357   4     17     54  
495.0  08:15:00 42.394855 -72.533615   5     16     51  
495.0  08:15:04 42.394855 -72.533615   3     16     46  
495.0  08:15:12 42.394875 -72.53359   4     19     44  
495.0  08:15:20 42.39484 -72.53353   5     11     56  
495.0  08:15:28 42.394783 -72.53352   4     11     41  
495.0  08:15:37 42.394737 -72.53351   4     13     40  
495.0  08:15:48 42.394714 -72.5335   5     15     56  
495.0  08:15:56 42.394707 -72.5335   5     15     45  
496.0  08:16:00 42.39469 -72.5335   4     16     41  
496.0  08:16:04 42.39469 -72.5335   3     10     44  
496.0  08:16:12 42.3947 -72.5335   3     19     49  
496.0  08:16:21 42.394703 -72.5335   3     19     59  
496.0  08:16:29 42.39471 -72.5335   5     19     47  
496.0  08:16:40 42.39472 -72.5335   4     18     45  
496.0  08:16:48 42.3947 -72.53349   5     19     45  
496.0  08:16:57 42.394627 -72.53347   4     11     50  
497.0  08:17:00 42.3946 -72.53346   5     16     55  
497.0  08:17:07 42.39461 -72.53347   4     19     50  
527.0  08:47:47 0.0 -0.0   5     12     54  
528.0  08:48:00 0.0 -0.0   5     19     42  
528.0  08:48:00 0.0 -0.0   3     18     46  
528.0  08:48:09 0.0 -0.0   5     12     41  
528.0  08:48:17 0.0 -0.0   3     10     53  
528.0  08:48:26 0.0 -0.0   5     11     45  
528.0  08:48:35 0.0 -0.0   4     14     53  
528.0  08:48:45 0.0 -0.0   4     11     55  
528.0  08:48:56 0.0 -0.0   3     13     46  
529.0  08:49:00 0.0 -0.0   5     18     40  
529.0  08:49:04 0.0 -0.0   5     17     55  
529.0  08:49:13 0.0 -0.0   3     11     55  
529.0  08:49:21 0.0 -0.0   5     13     44  
529.0  08:49:30 0.0 -0.0   3     18     41  
529.0  08:49:39 0.0 -0.0   5     14     48  
529.0  08:49:49 0.0 -0.0   3     14     53  
529.0  08:49:58 0.0 -0.0   5     17     50  
530.0  08:50:00 0.0 -0.0   4     18     42  
530.0  08:50:07 0.0 -0.0   3     11     58  
530.0  08:50:16 0.0 -0.0   3     12     41  
530.0  08:50:25 0.0 -0.0   4     18     59  
530.0  08:50:34 0.0 -0.0   4     10     41  
530.0  08:50:46 0.0 -0.0   3     13     59  
530.0  08:50:54 0.0 -0.0   5     17     45  
531.0  08:51:00 42.394653 -72.53328   4     12     42  
531.0  08:51:03 0.0 -0.0   5     16     55  
531.0  08:51:11 42.3947 -72.5333   4     14     52  
531.0  08:51:19 42.39467 -72.53324   5     18     56  
531.0  08:51:28 42.39472 -72.53322   4     17     44  
531.0  08:51:39 42.39478 -72.53329   4     16     56  
531.0  08:51:47 42.394764 -72.53334   3     18     55  
531.0  08:51:56 42.394768 -72.53342   5     12     53  
532.0  08:52:00 42.394726 -72.53342   4     14     51  
532.0  08:52:05 42.394722 -72.53342   4     17     43  
532.0  08:52:13 42.39469 -72.533394   4     19     42  
533.0  08:53:00 42.394657 -72.53347   4     14     48  
533.0  08:53:10 42.394543 -72.53355   3     14     42  
533.0  08:53:20 42.3948 -72.53359   5     18     46  
533.0  08:53:29 42.39485 -72.533554   5     16     42  
533.0  08:53:37 42.394825 -72.53349   3     16     59  
533.0  08:53:45 42.39479 -72.53339   4     15     50  
533.0  08:53:54 42.394657 -72.53326   5     18     54  
534.0  08:54:00 42.394653 -72.53315   4     16     46  
534.0  08:54:03 42.394653 -72.53316   5     15     49  
534.0  08:54:14 42.394707 -72.533195   5     19     50  
534.0  08:54:22 42.394714 -72.53329   3     14     57  
534.0  08:54:31 42.394707 -72.533295   4     15     51  
534.0  08:54:39 42.394627 -72.53328   4     12     43  
534.0  08:54:48 42.394535 -72.533325   5     13     57  
534.0  08:54:57 42.39454 -72.53337   5     16     52  
535.0  08:55:00 42.394436 -72.533455   4     11     42  
535.0  08:55:09 42.394333 -72.53344   3     19     54  
535.0  08:55:18 42.39417 -72.53322   5     17     44  
535.0  08:55:27 42.39411 -72.533134   5     18     44  
535.0  08:55:35 42.394096 -72.53313   4     10     42  
535.0  08:55:44 42.394176 -72.53311   3     15     40  
535.0  08:55:52 42.394203 -72.53318   5     14     59  
536.0  08:56:00 42.39429 -72.53329   5     14     59  
536.0  08:56:03 42.39429 -72.53329   3     11     51  
536.0  08:56:11 42.394306 -72.5334   4     10     57  
537.0  08:57:00 42.394512 -72.53334   5     14     43  
537.0  08:57:02 42.39447 -72.53338   4     15     50  
537.0  08:57:13 42.39462 -72.53322   4     18     45  
537.0  08:57:23 42.39474 -72.53326   3     14     54  
537.0  08:57:32 42.394573 -72.53344   4     13     47  
537.0  08:57:41 42.394573 -72.53344   3     15     46  
537.0  08:57:49 42.39373 -72.533844   3     11     59  
537.0  08:57:58 42.39444 -72.53341   5     14     42  
538.0  08:58:00 42.394493 -72.53324   4     13     47  
538.0  08:58:10 42.394592 -72.53316   3     13     42  
538.0  08:58:18 42.39419 -72.53378   5     16     43  
538.0  08:58:27 42.39444 -72.53323   5     19     59  
538.0  08:58:35 42.394573 -72.53331   4     15     52  
538.0  08:58:44 42.394325 -72.53349   4     18     40  
538.0  08:58:52 42.394386 -72.53325   4     13     53  
539.0  08:59:00 42.3946 -72.5328   5     11     47  
539.0  08:59:03 42.3946 -72.5328   4     10     59  
539.0  08:59:11 42.39459 -72.532394   4     17     44  
540.0  09:00:00 42.394585 -72.53333   3     11     47  
540.0  09:00:09 42.394615 -72.533394   4     12     49  
540.0  09:00:19 42.39467 -72.533424   5     14     59  
540.0  09:00:28 42.394646 -72.533356   4     18     58  
540.0  09:00:36 42.39471 -72.533394   4     19     50  
540.0  09:00:44 42.39475 -72.53329   5     15     41  
540.0  09:00:54 42.39461 -72.53334   5     19     43  
541.0  09:01:00 42.394318 -72.5338   5     19     48  
541.0  09:01:54 42.39444 -72.5337   3     15     51  
542.0  09:02:00 42.394455 -72.53365   3     12     59  
542.0  09:02:06 42.39446 -72.533646   4     16     51  
542.0  09:02:28 42.394474 -72.53359   3     13     52  
543.0  09:03:00 42.39448 -72.533485   3     15     52  
543.0  09:03:36 42.3944 -72.5335   3     19     44  
544.0  09:04:00 42.394386 -72.53384   3     19     51  
545.0  09:05:00 42.39464 -72.53371   4     12     48  
546.0  09:06:00 42.394966 -72.533356   3     17     42  
546.0  09:06:01 42.394978 -72.533394   5     18     43  
547.0  09:07:00 42.394737 -72.53303   4     19     42  
547.0  09:07:33 42.395443 -72.53339   4     15     56  
547.0  09:07:45 42.39457 -72.53296   3     13     52  
547.0  09:07:53 42.393784 -72.53245   5     18     43  
548.0  09:08:00 42.39456 -72.53306   4     16     54  
548.0  09:08:02 42.39443 -72.533035   5     15     49  
548.0  09:08:10 42.394966 -72.53313   4     11     50  
548.0  09:08:20 42.39563 -72.533005   3     18     50  
548.0  09:08:29 42.396214 -72.53278   4     18     53  
548.0  09:08:40 42.394665 -72.53335   5     16     41  
548.0  09:08:50 42.39438 -72.53391   5     15     48  
548.0  09:08:59 42.394394 -72.53317   5     12     59  
549.0  09:09:00 42.39456 -72.53323   3     18     57  
549.0  09:09:08 42.394558 -72.53328   5     11     43  
549.0  09:09:17 42.394432 -72.533485   4     12     48  
549.0  09:09:26 42.3946 -72.53349   5     12     44  
549.0  09:09:38 42.39449 -72.5334   3     11     53  
549.0  09:09:47 42.394455 -72.53326   5     17     43  
550.0  09:10:00 42.394337 -72.53317   3     12     50  
550.0  09:10:07 42.39439 -72.53319   4     15     52  
550.0  09:10:16 42.39439 -72.533005   4     14     52  
683.0  11:23:15 0.0 -1.1095744E27   4     18     59  
684.0  11:24:00 0.0 -0.0   3     19     48  
684.0  11:24:13 0.0 -0.0   5     11     40  
685.0  11:25:00 0.0 -0.0   5     19     46  
703.0  11:43:03 0.0 -0.0   5     16     41  
703.0  11:43:16 0.0 -1.1095744E27   4     19     47  
703.0  11:43:28 0.0 -1.8111362E22   4     10     52  
703.0  11:43:40 0.0 -1.8111362E22   5     13     44  
704.0  11:44:49 0.0 -0.0   5     19     42  
705.0  11:45:00 0.0 -0.0   4     17     59  
705.0  11:45:02 0.0 -0.0   4     10     50  
705.0  11:45:10 0.0 -0.0   4     13     40  
705.0  11:45:19 0.0 -0.0   3     18     49  
705.0  11:45:28 0.0 -0.0   3     15     43  
705.0  11:45:36 0.0 -0.0   4     10     54  
705.0  11:45:44 0.0 -0.0   4     15     42  
705.0  11:45:56 0.0 -0.0   5     16     41  
706.0  11:46:00 0.0 -0.0   5     16     54  
706.0  11:46:05 0.0 -0.0   5     10     54  
706.0  11:46:13 0.0 -0.0   5     16     46  
706.0  11:46:21 0.0 -0.0   4     11     41  
706.0  11:46:29 0.0 -0.0   5     18     46  
706.0  11:46:38 0.0 -0.0   3     10     58  
706.0  11:46:49 0.0 -0.0   3     18     49  
706.0  11:46:57 0.0 -0.0   5     17     49  
707.0  11:47:00 0.0 -0.0   4     13     52  
707.0  11:47:05 0.0 -0.0   5     17     46  
707.0  11:47:14 0.0 -0.0   3     17     59  
707.0  11:47:22 0.0 -0.0   5     15     58  
707.0  11:47:31 0.0 -0.0   3     10     44  
708.0  11:48:00 0.0 -0.0   4     15     57  
708.0  11:48:16 0.0 -0.0   4     16     46  
708.0  11:48:24 0.0 -0.0   5     10     54  
708.0  11:48:34 0.0 -0.0   5     19     49  
708.0  11:48:43 0.0 -0.0   4     18     40  
708.0  11:48:52 0.0 -0.0   3     17     58  
709.0  11:49:00 0.0 -0.0   5     17     43  
709.0  11:49:01 0.0 -0.0   5     17     45  
709.0  11:49:09 0.0 -0.0   4     10     46  
709.0  11:49:17 0.0 -0.0   3     16     53  
709.0  11:49:28 0.0 -0.0   5     16     50  
709.0  11:49:36 0.0 -0.0   5     19     43  
709.0  11:49:44 0.0 -0.0   4     18     43  
709.0  11:49:52 0.0 -0.0   5     16     53  
710.0  11:50:00 42.396763 -72.53562   4     15     40  
710.0  11:50:00 42.397503 -72.5362   5     15     44  
710.0  11:50:09 42.39778 -72.53654   3     17     43  
710.0  11:50:19 42.397385 -72.5362   4     19     56  
710.0  11:50:27 42.397385 -72.5362   5     12     42  
710.0  11:50:36 42.397385 -72.5362   3     10     49  
710.0  11:50:46 42.394684 -72.53347   4     15     42  
710.0  11:50:55 42.394577 -72.53346   5     16     46  
711.0  11:51:00 42.39441 -72.53344   5     11     49  
711.0  11:51:03 42.394417 -72.53344   5     10     57  
711.0  11:51:14 42.39451 -72.533455   5     17     56  
711.0  11:51:23 42.394535 -72.53346   3     14     45  
711.0  11:51:31 42.39464 -72.53348   4     15     40  
711.0  11:51:40 42.394653 -72.53348   4     12     42  
711.0  11:51:49 42.394604 -72.53348   4     11     49  
711.0  11:51:57 42.394768 -72.5335   5     11     59  
712.0  11:52:00 42.39481 -72.53351   3     14     50  
712.0  11:52:09 42.39481 -72.53351   3     10     42  
712.0  11:52:18 42.394745 -72.5335   4     18     56  
712.0  11:52:26 42.394794 -72.53351   3     15     44  
712.0  11:52:34 42.39485 -72.533516   5     15     58  
712.0  11:52:44 42.394882 -72.53352   5     19     52  
712.0  11:52:53 42.394905 -72.53353   5     19     54  
713.0  11:53:00 42.39493 -72.53353   5     15     48  
713.0  11:53:04 42.39493 -72.53353   5     13     48  
713.0  11:53:13 42.394905 -72.53353   5     18     58  
713.0  11:53:22 42.394733 -72.53351   5     11     55  
713.0  11:53:30 42.394722 -72.53351   4     18     48  
713.0  11:53:39 42.39464 -72.53349   3     16     41  
713.0  11:53:47 42.39469 -72.5335   5     12     44  
713.0  11:53:59 42.394703 -72.5335   3     14     56  
714.0  11:54:00 42.394707 -72.5335   5     11     42  
714.0  11:54:07 42.394688 -72.53349   4     17     54  
714.0  11:54:16 42.394615 -72.533485   4     15     48  
714.0  11:54:24 42.394524 -72.53348   5     17     46  
714.0  11:54:33 42.394417 -72.53347   3     13     51  
714.0  11:54:41 42.39463 -72.53349   4     13     51  
714.0  11:54:52 42.394775 -72.53351   3     11     47  
715.0  11:55:00 42.39484 -72.533516   4     14     50  
715.0  11:55:00 42.394848 -72.53352   3     17     47  
715.0  11:55:09 42.394825 -72.533516   3     17     40  
715.0  11:55:18 42.394764 -72.53351   4     14     53  
715.0  11:55:26 42.394707 -72.53351   5     14     41  
715.0  11:55:34 42.394814 -72.53352   5     18     47  
715.0  11:55:44 42.395138 -72.53356   4     13     45  
715.0  11:55:53 42.39505 -72.533554   3     14     48  
716.0  11:56:00 42.394867 -72.53353   5     16     53  
716.0  11:56:02 42.394882 -72.53353   3     18     45  
716.0  11:56:11 42.3947 -72.53351   4     11     59  
716.0  11:56:20 42.394657 -72.53351   4     12     48  
716.0  11:56:29 42.394623 -72.5335   5     19     59  
716.0  11:56:40 42.39454 -72.533485   4     12     56  
716.0  11:56:49 42.394905 -72.53353   4     19     51  
716.0  11:56:58 42.394894 -72.53353   5     12     55  
717.0  11:57:00 42.394825 -72.53352   3     19     59  
717.0  11:57:06 42.39482 -72.53352   5     18     52  
717.0  11:57:15 42.39491 -72.53353   4     17     52  
717.0  11:57:24 42.394794 -72.533516   3     11     42  
717.0  11:57:35 42.394814 -72.53346   4     18     53  
717.0  11:57:44 42.394722 -72.53316   5     19     45  
717.0  11:57:52 42.394382 -72.533   5     16     57  
718.0  11:58:00 42.393814 -72.532715   3     19     47  
718.0  11:58:02 42.39397 -72.53279   5     18     45  
718.0  11:58:12 42.393543 -72.53259   3     19     50  
718.0  11:58:20 42.393414 -72.53279   5     10     47  
718.0  11:58:32 42.393612 -72.5329   3     12     52  
718.0  11:58:41 42.393867 -72.53282   4     13     54  
718.0  11:58:50 42.39422 -72.53292   3     13     46  
718.0  11:58:59 42.39457 -72.53307   5     11     41  
719.0  11:59:00 42.39473 -72.53317   3     19     58  
719.0  11:59:07 42.394825 -72.53329   4     14     49  
719.0  11:59:15 42.394855 -72.533676   5     14     45  
