952.0  15:52:44 42.394577 -72.533516   20     21     24  
952.0  15:52:57 42.394573 -72.53352   20     20     23  
953.0  15:53:09 42.39456 -72.53354   22     24     21  
953.0  15:53:22 42.394573 -72.53354   23     21     20  
954.0  15:54:00 42.39486 -72.53366   23     22     23  
954.0  15:54:17 42.39484 -72.533646   20     24     24  
954.0  15:54:29 42.394833 -72.53365   24     22     20  
954.0  15:54:37 42.394833 -72.53365   20     24     22  
954.0  15:54:46 42.394836 -72.53365   20     21     20  
954.0  15:54:55 42.394836 -72.53366   20     24     21  
955.0  15:55:00 42.394836 -72.53366   24     23     22  
955.0  15:55:03 42.394836 -72.53366   24     23     21  
