701.0  11:41:00 0.0 -0.0   3     14     47  
702.0  11:42:00 0.0 -0.0   4     18     47  
702.0  11:42:06 0.0 -0.0   5     14     56  
702.0  11:42:16 0.0 -0.0   5     10     56  
702.0  11:42:25 0.0 -0.0   3     14     47  
702.0  11:42:32 0.0 -0.0   4     16     58  
702.0  11:42:40 0.0 -0.0   3     19     40  
702.0  11:42:48 0.0 -0.0   5     16     52  
702.0  11:42:56 0.0 -0.0   4     14     55  
703.0  11:43:00 0.0 -0.0   3     12     56  
703.0  11:43:07 0.0 -0.0   5     10     55  
703.0  11:43:14 0.0 -0.0   3     16     43  
703.0  11:43:22 0.0 -0.0   4     14     59  
703.0  11:43:30 0.0 -0.0   4     17     54  
703.0  11:43:38 0.0 -0.0   4     12     44  
703.0  11:43:46 0.0 -0.0   3     10     54  
703.0  11:43:56 0.0 -0.0   5     15     54  
704.0  11:44:04 0.0 -0.0   4     17     40  
704.0  11:44:12 0.0 -0.0   5     14     57  
704.0  11:44:20 0.0 -0.0   3     10     48  
704.0  11:44:28 0.0 -0.0   5     15     46  
704.0  11:44:36 0.0 -0.0   4     19     55  
704.0  11:44:46 0.0 -0.0   4     19     54  
704.0  11:44:54 0.0 -0.0   4     16     57  
