494.0  08:14:52 0.0 -0.0   5     19     51  
495.0  08:15:04 0.0 -1.1095744E27   3     14     59  
495.0  08:15:17 0.0 -1.8111362E22   3     14     59  
495.0  08:15:30 0.0 -1.8111362E22   4     18     53  
496.0  08:16:45 0.0 -0.0   5     14     57  
496.0  08:16:57 0.0 -0.0   3     11     45  
497.0  08:17:00 0.0 -0.0   3     19     53  
497.0  08:17:05 0.0 -0.0   3     17     46  
497.0  08:17:14 0.0 -0.0   4     13     40  
497.0  08:17:22 0.0 -0.0   5     15     49  
497.0  08:17:31 0.0 -0.0   3     13     48  
497.0  08:17:40 0.0 -0.0   4     13     57  
497.0  08:17:51 0.0 -0.0   4     14     55  
497.0  08:17:59 0.0 -0.0   4     19     56  
498.0  08:18:00 0.0 -0.0   4     17     43  
498.0  08:18:08 0.0 -0.0   3     14     44  
498.0  08:18:17 0.0 -0.0   4     10     49  
498.0  08:18:26 0.0 -0.0   5     18     51  
498.0  08:18:34 0.0 -0.0   4     11     44  
498.0  08:18:46 0.0 -0.0   3     12     42  
498.0  08:18:54 0.0 -0.0   3     12     52  
499.0  08:19:00 0.0 -0.0   3     12     55  
499.0  08:19:03 0.0 -0.0   5     19     46  
499.0  08:19:12 0.0 -0.0   5     10     43  
499.0  08:19:21 0.0 -0.0   4     19     57  
499.0  08:19:32 0.0 -0.0   4     12     46  
499.0  08:19:44 0.0 -0.0   4     10     40  
499.0  08:19:53 0.0 -0.0   5     17     57  
500.0  08:20:00 0.0 -0.0   4     11     52  
500.0  08:20:02 0.0 -0.0   3     17     59  
500.0  08:20:10 42.39363 -72.53368   4     18     56  
500.0  08:20:26 42.39355 -72.53356   4     19     50  
501.0  08:21:00 42.393604 -72.533195   3     11     44  
501.0  08:21:01 42.393616 -72.53321   3     13     50  
501.0  08:21:12 42.393597 -72.53319   3     15     43  
501.0  08:21:21 42.393593 -72.53318   5     10     50  
501.0  08:21:35 42.39359 -72.53318   4     15     51  
501.0  08:21:43 42.393585 -72.53318   5     12     47  
501.0  08:21:53 42.393585 -72.53318   4     12     52  
502.0  08:22:00 42.393585 -72.53318   5     18     45  
503.0  08:23:00 42.393585 -72.533134   5     15     55  
503.0  08:23:12 42.393635 -72.53287   4     11     56  
503.0  08:23:27 42.393406 -72.53249   4     16     49  
503.0  08:23:37 42.393307 -72.53244   5     15     52  
503.0  08:23:46 42.393063 -72.5328   3     11     55  
503.0  08:23:57 42.39275 -72.53374   4     10     57  
504.0  08:24:00 42.392723 -72.53384   3     18     45  
504.0  08:24:10 42.392635 -72.53392   4     15     40  
504.0  08:24:30 42.391533 -72.53345   5     16     42  
504.0  08:24:38 42.38991 -72.53278   5     10     45  
504.0  08:24:46 42.389053 -72.532394   5     15     59  
504.0  08:24:55 42.38833 -72.53209   5     16     51  
505.0  08:25:00 42.38743 -72.53172   3     16     46  
505.0  08:25:03 42.38743 -72.53172   3     15     45  
505.0  08:25:15 42.38636 -72.53129   4     15     44  
505.0  08:25:23 42.38538 -72.53103   3     11     46  
505.0  08:25:39 42.385162 -72.53117   3     14     49  
505.0  08:25:47 42.38485 -72.532585   5     15     48  
505.0  08:25:55 42.384335 -72.532425   4     18     58  
506.0  08:26:00 42.383602 -72.53208   4     17     40  
506.0  08:26:07 42.3834 -72.532005   4     10     40  
506.0  08:26:16 42.382515 -72.53183   4     19     51  
506.0  08:26:28 42.38236 -72.531876   5     14     51  
506.0  08:26:37 42.382202 -72.533035   3     13     56  
506.0  08:26:45 42.382175 -72.53372   4     18     52  
506.0  08:26:55 42.381866 -72.53392   5     19     54  
507.0  08:27:00 42.38137 -72.53394   5     12     52  
507.0  08:27:05 42.3813 -72.53394   5     11     41  
507.0  08:27:14 42.38047 -72.53401   4     11     40  
507.0  08:27:22 42.379795 -72.53406   5     14     57  
507.0  08:27:32 42.379524 -72.53409   3     17     49  
507.0  08:27:40 42.37899 -72.534134   4     18     46  
507.0  08:27:52 42.378765 -72.53448   3     17     41  
508.0  08:28:00 42.37883 -72.53551   3     14     48  
508.0  08:28:01 42.37882 -72.53533   5     14     46  
508.0  08:28:10 42.37887 -72.536156   4     15     52  
508.0  08:28:19 42.37892 -72.53696   5     11     43  
508.0  08:28:28 42.37871 -72.53722   3     17     42  
508.0  08:28:36 42.378483 -72.53722   4     18     40  
508.0  08:28:48 42.37838 -72.53722   3     13     59  
508.0  08:28:56 42.37821 -72.53719   5     18     46  
509.0  08:29:00 42.37812 -72.53693   5     14     49  
509.0  08:29:05 42.378124 -72.5368   3     10     45  
509.0  08:29:13 42.378105 -72.536354   4     13     40  
509.0  08:29:22 42.378098 -72.53623   5     13     55  
509.0  08:29:30 42.37809 -72.53622   4     16     46  
509.0  08:29:42 42.378067 -72.536194   5     10     51  
509.0  08:29:50 42.378063 -72.53618   5     10     47  
509.0  08:29:59 42.378063 -72.53618   3     13     47  
510.0  08:30:00 42.37807 -72.536194   4     11     51  
510.0  08:30:07 42.378082 -72.53621   4     11     40  
510.0  08:30:16 42.37809 -72.53622   3     17     44  
510.0  08:30:25 42.37808 -72.5362   3     13     54  
510.0  08:30:35 42.378063 -72.53619   3     11     47  
510.0  08:30:44 42.378063 -72.53618   4     15     56  
510.0  08:30:52 42.378056 -72.53616   5     11     41  
511.0  08:31:00 42.378067 -72.53618   3     16     44  
511.0  08:31:01 42.378067 -72.53618   4     14     53  
511.0  08:31:10 42.378086 -72.5362   5     11     56  
511.0  08:31:18 42.3781 -72.536224   4     16     53  
511.0  08:31:30 42.378086 -72.536194   3     16     44  
511.0  08:31:39 42.37809 -72.536194   4     19     57  
511.0  08:31:47 42.378086 -72.536194   4     16     49  
511.0  08:31:56 42.378063 -72.53619   3     16     52  
512.0  08:32:00 42.378075 -72.53621   3     15     40  
512.0  08:32:05 42.37808 -72.53622   5     16     53  
512.0  08:32:13 42.378075 -72.5362   5     17     41  
512.0  08:32:24 42.378075 -72.53584   4     10     51  
512.0  08:32:33 42.378025 -72.53493   3     15     44  
512.0  08:32:42 42.378292 -72.5353   4     13     58  
512.0  08:32:51 42.37824 -72.53598   5     18     41  
513.0  08:33:00 42.378242 -72.5361   5     13     40  
513.0  08:33:01 42.378246 -72.5361   3     14     57  
513.0  08:33:09 42.37825 -72.536095   4     14     50  
529.0  08:49:32 42.37826 -72.53613   4     11     47  
529.0  08:49:37 42.37826 -72.536125   5     19     55  
529.0  08:49:38 42.37826 -72.53613   3     11     53  
529.0  08:49:48 42.37826 -72.536125   3     15     47  
529.0  08:49:57 42.37826 -72.536125   5     14     45  
530.0  08:50:00 42.37826 -72.53612   5     16     41  
530.0  08:50:05 42.37826 -72.53612   4     12     41  
530.0  08:50:14 42.37826 -72.53612   3     17     52  
530.0  08:50:22 42.37826 -72.53612   4     18     52  
530.0  08:50:31 42.37826 -72.53612   5     15     49  
530.0  08:50:42 42.37826 -72.53612   4     12     44  
530.0  08:50:51 42.378265 -72.53612   3     13     48  
531.0  08:51:00 42.378265 -72.53612   4     11     55  
531.0  08:51:00 42.378265 -72.53612   4     13     51  
531.0  08:51:08 42.378265 -72.53612   4     13     51  
531.0  08:51:17 42.378265 -72.53612   5     13     48  
531.0  08:51:26 42.37826 -72.53611   5     11     59  
531.0  08:51:37 42.37826 -72.53611   5     17     48  
531.0  08:51:45 42.37826 -72.53611   5     14     56  
531.0  08:51:54 42.37826 -72.53611   3     11     54  
532.0  08:52:00 42.378254 -72.536095   4     17     50  
532.0  08:52:02 42.378254 -72.536095   4     18     45  
532.0  08:52:11 42.37825 -72.536095   3     14     55  
532.0  08:52:20 42.37825 -72.536095   3     18     43  
532.0  08:52:30 42.378246 -72.536095   5     19     54  
532.0  08:52:39 42.37825 -72.53611   5     19     49  
532.0  08:52:48 42.37825 -72.53611   5     18     43  
532.0  08:52:56 42.378254 -72.53611   3     19     58  
533.0  08:53:00 42.37825 -72.5361   3     13     53  
533.0  08:53:05 42.378254 -72.5361   3     11     46  
533.0  08:53:14 42.378254 -72.53611   5     11     42  
533.0  08:53:25 42.378242 -72.53611   3     16     45  
533.0  08:53:34 42.37823 -72.53613   4     19     56  
533.0  08:53:43 42.37822 -72.53615   3     11     40  
533.0  08:53:51 42.37822 -72.53615   5     17     58  
534.0  08:54:00 42.37823 -72.53613   5     19     57  
534.0  08:54:00 42.378235 -72.53613   5     10     47  
534.0  08:54:09 42.378235 -72.53613   3     14     52  
534.0  08:54:20 42.378227 -72.53614   5     17     52  
534.0  08:54:29 42.378212 -72.53614   5     12     46  
534.0  08:54:38 42.378216 -72.53613   3     19     40  
534.0  08:54:46 42.37822 -72.536125   4     11     40  
534.0  08:54:55 42.37822 -72.536125   3     13     42  
535.0  08:55:00 42.37821 -72.53612   5     15     58  
535.0  08:55:03 42.37821 -72.53612   3     12     44  
535.0  08:55:15 42.37818 -72.536125   4     16     43  
535.0  08:55:24 42.378193 -72.53612   5     11     52  
535.0  08:55:33 42.378223 -72.536125   3     19     52  
535.0  08:55:41 42.37823 -72.536125   4     11     58  
535.0  08:55:50 42.37823 -72.536125   3     16     46  
535.0  08:55:59 42.378227 -72.53612   3     14     46  
536.0  08:56:00 42.378223 -72.536125   5     10     46  
536.0  08:56:10 42.378216 -72.53613   4     10     57  
536.0  08:56:19 42.37822 -72.53613   4     11     56  
536.0  08:56:27 42.378216 -72.53614   4     10     47  
536.0  08:56:36 42.37822 -72.53615   5     19     45  
536.0  08:56:45 42.378223 -72.53615   4     10     42  
536.0  08:56:54 42.378223 -72.536156   5     12     52  
537.0  08:57:00 42.37822 -72.53615   5     13     53  
537.0  08:57:05 42.37822 -72.53615   4     16     47  
537.0  08:57:14 42.378216 -72.53614   3     18     48  
537.0  08:57:23 42.37822 -72.53613   4     16     47  
537.0  08:57:32 42.37822 -72.53613   5     13     41  
537.0  08:57:41 42.37822 -72.53613   3     18     58  
537.0  08:57:49 42.378223 -72.536125   4     15     40  
538.0  08:58:00 42.378227 -72.536125   3     16     53  
538.0  08:58:00 42.378227 -72.536125   5     16     59  
538.0  08:58:09 42.378227 -72.536125   5     18     42  
538.0  08:58:17 42.378223 -72.53612   4     19     52  
538.0  08:58:26 42.37822 -72.53611   5     19     49  
538.0  08:58:34 42.378223 -72.53612   5     13     52  
538.0  08:58:43 42.378235 -72.53613   3     14     59  
538.0  08:58:55 42.378254 -72.53613   5     15     53  
539.0  08:59:00 42.378235 -72.53614   3     19     59  
539.0  08:59:05 42.37823 -72.53614   5     13     50  
539.0  08:59:14 42.37822 -72.53613   5     16     48  
539.0  08:59:23 42.37822 -72.53613   4     12     56  
539.0  08:59:31 42.378223 -72.53613   5     14     42  
539.0  08:59:41 42.37822 -72.536125   5     16     44  
539.0  08:59:51 42.378204 -72.536125   5     19     44  
540.0  09:00:00 42.378235 -72.536125   3     12     57  
540.0  09:00:01 42.378223 -72.536125   5     10     47  
540.0  09:00:10 42.378242 -72.53613   3     10     59  
540.0  09:00:19 42.37824 -72.53613   3     10     43  
540.0  09:00:28 42.37824 -72.53614   4     17     41  
540.0  09:00:36 42.37824 -72.53614   5     13     45  
540.0  09:00:47 42.37824 -72.53614   5     19     40  
540.0  09:00:56 42.37824 -72.53614   5     11     58  
541.0  09:01:00 42.378242 -72.53615   3     13     53  
541.0  09:01:04 42.378242 -72.53615   5     13     41  
541.0  09:01:13 42.378246 -72.53615   5     12     44  
541.0  09:01:21 42.378246 -72.53615   5     15     58  
541.0  09:01:30 42.378246 -72.53615   4     10     41  
541.0  09:01:41 42.378242 -72.53615   3     13     56  
541.0  09:01:49 42.378242 -72.53615   3     13     52  
541.0  09:01:58 42.378242 -72.53614   5     14     43  
542.0  09:02:00 42.378242 -72.53615   4     15     48  
542.0  09:02:06 42.378242 -72.53614   3     12     46  
542.0  09:02:15 42.37824 -72.53614   4     19     47  
542.0  09:02:24 42.37823 -72.53615   4     11     51  
542.0  09:02:35 42.378216 -72.53614   3     13     52  
542.0  09:02:43 42.37821 -72.53614   3     13     48  
542.0  09:02:52 42.378216 -72.536125   3     14     53  
543.0  09:03:00 42.378223 -72.536125   4     17     52  
543.0  09:03:01 42.378223 -72.536125   5     16     54  
543.0  09:03:10 42.378223 -72.53612   4     13     48  
543.0  09:03:18 42.37822 -72.53611   3     10     42  
543.0  09:03:29 42.37823 -72.53612   3     17     57  
543.0  09:03:38 42.378246 -72.536125   5     11     50  
543.0  09:03:47 42.378258 -72.53614   4     10     44  
543.0  09:03:55 42.378258 -72.53614   5     12     52  
544.0  09:04:00 42.378254 -72.53613   4     12     43  
544.0  09:04:05 42.378254 -72.53613   4     16     47  
544.0  09:04:13 42.378246 -72.53613   3     10     41  
544.0  09:04:25 42.37824 -72.536125   5     11     57  
544.0  09:04:33 42.37824 -72.536125   5     17     48  
544.0  09:04:41 42.378242 -72.536125   5     17     45  
544.0  09:04:50 42.378242 -72.536125   4     19     59  
544.0  09:04:58 42.378242 -72.536125   4     12     46  
545.0  09:05:00 42.378242 -72.53613   5     18     48  
545.0  09:05:07 42.378242 -72.53613   4     12     40  
545.0  09:05:18 42.37824 -72.53614   5     15     59  
545.0  09:05:27 42.378235 -72.53614   5     16     54  
545.0  09:05:36 42.378227 -72.53614   3     17     40  
545.0  09:05:44 42.378223 -72.53614   5     17     50  
545.0  09:05:53 42.37822 -72.53614   4     16     43  
546.0  09:06:00 42.378216 -72.53614   4     11     40  
546.0  09:06:02 42.378216 -72.53614   4     18     57  
546.0  09:06:13 42.378212 -72.53614   3     13     41  
546.0  09:06:22 42.37821 -72.53614   3     14     46  
546.0  09:06:30 42.37821 -72.53614   4     19     52  
546.0  09:06:39 42.378204 -72.53615   4     11     42  
546.0  09:06:48 42.378204 -72.53615   4     13     55  
546.0  09:06:56 42.378204 -72.53615   3     12     54  
547.0  09:07:00 42.378204 -72.536156   5     15     42  
547.0  09:07:10 42.378204 -72.53615   3     18     42  
547.0  09:07:19 42.378197 -72.53615   4     15     57  
547.0  09:07:28 42.37819 -72.53615   3     13     49  
547.0  09:07:36 42.378185 -72.53614   3     16     58  
547.0  09:07:45 42.37818 -72.53614   5     11     53  
547.0  09:07:54 42.378174 -72.53613   4     12     59  
548.0  09:08:00 42.378178 -72.53613   4     16     48  
548.0  09:08:05 42.378178 -72.53613   5     14     54  
548.0  09:08:14 42.378185 -72.53614   3     13     44  
548.0  09:08:23 42.37818 -72.53614   4     15     55  
548.0  09:08:32 42.378174 -72.53613   4     16     58  
548.0  09:08:40 42.378174 -72.53613   4     15     41  
548.0  09:08:50 42.378178 -72.53613   3     16     51  
549.0  09:09:00 42.378185 -72.53613   4     15     57  
549.0  09:09:01 42.378185 -72.53613   4     15     58  
549.0  09:09:10 42.37819 -72.53613   4     19     53  
549.0  09:09:19 42.378197 -72.53614   4     16     51  
549.0  09:09:27 42.378197 -72.53614   4     17     47  
549.0  09:09:35 42.378204 -72.53614   4     16     50  
549.0  09:09:44 42.378204 -72.53614   5     17     45  
549.0  09:09:55 42.37821 -72.53614   3     18     51  
550.0  09:10:00 42.37821 -72.53613   3     10     56  
550.0  09:10:03 42.37821 -72.53613   5     16     46  
550.0  09:10:12 42.37821 -72.53613   5     11     58  
550.0  09:10:21 42.378212 -72.53614   4     13     47  
550.0  09:10:30 42.378216 -72.53614   4     15     51  
550.0  09:10:39 42.378216 -72.53613   5     11     44  
550.0  09:10:49 42.37822 -72.53613   4     14     41  
550.0  09:10:57 42.37822 -72.53614   3     19     54  
551.0  09:11:00 42.37822 -72.53614   5     14     48  
551.0  09:11:06 42.378216 -72.53614   4     16     59  
551.0  09:11:15 42.37822 -72.53615   3     10     53  
551.0  09:11:23 42.37822 -72.53615   5     12     48  
551.0  09:11:32 42.37822 -72.53614   4     19     50  
551.0  09:11:43 42.37822 -72.53614   5     12     41  
551.0  09:11:51 42.37822 -72.53613   3     14     47  
552.0  09:12:00 42.37822 -72.53613   5     19     55  
552.0  09:12:00 42.37822 -72.536125   3     13     45  
552.0  09:12:08 42.37822 -72.536125   3     18     47  
552.0  09:12:17 42.37822 -72.536125   5     18     56  
552.0  09:12:26 42.378223 -72.53612   4     14     50  
552.0  09:12:37 42.37822 -72.53612   4     11     58  
552.0  09:12:45 42.378223 -72.53612   5     11     59  
552.0  09:12:54 42.378223 -72.53611   4     12     50  
553.0  09:13:00 42.378223 -72.53611   4     10     45  
553.0  09:13:03 42.378223 -72.53611   4     18     51  
553.0  09:13:12 42.378223 -72.53612   4     17     59  
553.0  09:13:20 42.378216 -72.53614   4     10     58  
553.0  09:13:31 42.378216 -72.53616   4     13     45  
553.0  09:13:40 42.378212 -72.53618   4     18     52  
553.0  09:13:48 42.37822 -72.53616   5     19     57  
554.0  09:14:00 42.37823 -72.53613   5     17     58  
554.0  09:14:01 42.37823 -72.536125   4     11     56  
554.0  09:14:09 42.378223 -72.53615   5     16     43  
554.0  09:14:19 42.378212 -72.53619   4     18     58  
554.0  09:14:30 42.378223 -72.53615   5     10     47  
554.0  09:14:38 42.378212 -72.53619   5     11     58  
554.0  09:14:47 42.378193 -72.53625   5     16     53  
554.0  09:14:56 42.37821 -72.53621   4     11     43  
555.0  09:15:00 42.37822 -72.53618   4     11     48  
555.0  09:15:05 42.37822 -72.53618   3     15     53  
555.0  09:15:14 42.378223 -72.53617   5     18     54  
555.0  09:15:26 42.378223 -72.53616   4     16     53  
555.0  09:15:34 42.378227 -72.536156   5     14     51  
555.0  09:15:43 42.378227 -72.53615   5     17     43  
555.0  09:15:51 42.378227 -72.53615   3     11     45  
556.0  09:16:00 42.378223 -72.53614   5     14     52  
556.0  09:16:00 42.378223 -72.53614   4     17     55  
556.0  09:16:09 42.378223 -72.53614   3     12     51  
556.0  09:16:20 42.378223 -72.53614   5     14     52  
556.0  09:16:29 42.378223 -72.53614   4     12     53  
556.0  09:16:37 42.37822 -72.53614   3     11     48  
556.0  09:16:46 42.37822 -72.53613   3     13     56  
556.0  09:16:54 42.37822 -72.53613   4     12     41  
557.0  09:17:00 42.37822 -72.53613   5     16     40  
557.0  09:17:04 42.37822 -72.53613   3     14     43  
557.0  09:17:14 42.37822 -72.536125   5     16     49  
557.0  09:17:23 42.378227 -72.5361   4     11     45  
557.0  09:17:32 42.378235 -72.53609   5     16     48  
557.0  09:17:40 42.37824 -72.53607   5     19     41  
557.0  09:17:49 42.378246 -72.53605   4     16     55  
557.0  09:17:58 42.378242 -72.53605   4     11     46  
558.0  09:18:00 42.37824 -72.53606   3     12     59  
558.0  09:18:11 42.37824 -72.53607   3     18     51  
558.0  09:18:20 42.378235 -72.53608   5     12     55  
558.0  09:18:29 42.378235 -72.53608   5     19     54  
558.0  09:18:37 42.37824 -72.53607   4     16     53  
558.0  09:18:46 42.378235 -72.536095   3     13     49  
558.0  09:18:54 42.37823 -72.5361   4     13     46  
559.0  09:19:00 42.378227 -72.53611   4     17     58  
559.0  09:19:06 42.378223 -72.536125   4     13     52  
559.0  09:19:16 42.378216 -72.53616   3     18     56  
559.0  09:19:25 42.378212 -72.53617   5     10     46  
559.0  09:19:33 42.378216 -72.53618   5     15     59  
559.0  09:19:43 42.378223 -72.53616   5     12     51  
559.0  09:19:51 42.37823 -72.53615   4     10     44  
560.0  09:20:00 42.37823 -72.53615   3     17     59  
560.0  09:20:02 42.37823 -72.53615   4     13     47  
560.0  09:20:10 42.37823 -72.53615   5     11     50  
560.0  09:20:19 42.378227 -72.53615   4     17     45  
560.0  09:20:28 42.378227 -72.53614   4     17     54  
560.0  09:20:37 42.378227 -72.53613   3     12     43  
560.0  09:20:45 42.378223 -72.53614   5     19     44  
560.0  09:20:59 42.378227 -72.53614   3     13     59  
561.0  09:21:00 42.378223 -72.53614   3     14     43  
561.0  09:21:08 42.378227 -72.53614   4     17     57  
561.0  09:21:16 42.378227 -72.53614   5     15     47  
561.0  09:21:25 42.37823 -72.53613   4     18     40  
561.0  09:21:34 42.37823 -72.536125   5     16     44  
561.0  09:21:43 42.37823 -72.536125   4     19     49  
561.0  09:21:53 42.37823 -72.536125   5     16     45  
562.0  09:22:00 42.37823 -72.53612   3     11     50  
562.0  09:22:02 42.37823 -72.53612   5     17     41  
562.0  09:22:11 42.378227 -72.53612   5     15     48  
562.0  09:22:20 42.378223 -72.53612   4     14     53  
562.0  09:22:29 42.378223 -72.53612   5     18     56  
562.0  09:22:39 42.378223 -72.53611   4     13     56  
562.0  09:22:51 42.378223 -72.53611   4     16     41  
563.0  09:23:00 42.378223 -72.53611   3     17     51  
563.0  09:23:01 42.378223 -72.53611   4     13     49  
563.0  09:23:09 42.378223 -72.5361   3     14     46  
563.0  09:23:18 42.378223 -72.53611   3     18     56  
563.0  09:23:27 42.378223 -72.5361   3     18     59  
563.0  09:23:36 42.37822 -72.53612   3     10     44  
563.0  09:23:46 42.37822 -72.53612   5     18     50  
563.0  09:23:55 42.37822 -72.53612   5     18     50  
564.0  09:24:00 42.37822 -72.536125   3     11     56  
564.0  09:24:04 42.37822 -72.536125   5     15     52  
564.0  09:24:15 42.37822 -72.53612   4     11     55  
564.0  09:24:25 42.378223 -72.5361   5     19     49  
564.0  09:24:36 42.378223 -72.53612   4     13     40  
564.0  09:24:44 42.37822 -72.536125   4     18     43  
564.0  09:24:53 42.37822 -72.536125   3     19     51  
565.0  09:25:00 42.37822 -72.53613   3     16     59  
565.0  09:25:02 42.37822 -72.53613   5     10     54  
565.0  09:25:14 42.37822 -72.53613   5     13     51  
565.0  09:25:23 42.378223 -72.536125   4     12     49  
565.0  09:25:33 42.378223 -72.53612   3     13     47  
565.0  09:25:42 42.37823 -72.536095   4     13     46  
565.0  09:25:51 42.378227 -72.536125   3     14     52  
565.0  09:25:59 42.378223 -72.53613   5     10     49  
566.0  09:26:00 42.378223 -72.53613   5     11     53  
566.0  09:26:08 42.378227 -72.53613   5     15     52  
566.0  09:26:17 42.37823 -72.536125   5     12     47  
566.0  09:26:28 42.37823 -72.53612   4     14     57  
566.0  09:26:37 42.378235 -72.53612   5     13     45  
566.0  09:26:46 42.378235 -72.53612   3     18     57  
566.0  09:26:55 42.37823 -72.53613   5     11     55  
567.0  09:27:00 42.378235 -72.53612   3     18     42  
567.0  09:27:03 42.378235 -72.53612   4     14     44  
567.0  09:27:12 42.378235 -72.53612   5     12     40  
567.0  09:27:23 42.378235 -72.536125   4     11     55  
567.0  09:27:31 42.378235 -72.536125   3     15     42  
567.0  09:27:40 42.378235 -72.536125   3     12     51  
567.0  09:27:48 42.378235 -72.536125   5     12     53  
567.0  09:27:57 42.378235 -72.53612   3     19     45  
568.0  09:28:00 42.378227 -72.536156   5     12     53  
568.0  09:28:06 42.378227 -72.53616   4     16     49  
568.0  09:28:17 42.378223 -72.5362   3     13     56  
568.0  09:28:25 42.378223 -72.53621   4     10     45  
568.0  09:28:34 42.378227 -72.5362   3     12     42  
568.0  09:28:42 42.37823 -72.53619   3     10     53  
568.0  09:28:51 42.37823 -72.53619   4     12     49  
568.0  09:28:59 42.37823 -72.53618   3     10     47  
569.0  09:29:00 42.37823 -72.53618   5     14     48  
569.0  09:29:11 42.378227 -72.53618   4     17     41  
569.0  09:29:20 42.378227 -72.53617   3     12     57  
569.0  09:29:28 42.378223 -72.53616   4     14     45  
569.0  09:29:37 42.37822 -72.536156   4     12     49  
569.0  09:29:46 42.37822 -72.53615   5     17     40  
569.0  09:29:55 42.378216 -72.53615   4     16     53  
570.0  09:30:00 42.378216 -72.53615   4     10     44  
570.0  09:30:05 42.378216 -72.53615   3     18     40  
570.0  09:30:14 42.378216 -72.53615   5     13     50  
570.0  09:30:23 42.37822 -72.53615   3     17     59  
570.0  09:30:32 42.37822 -72.536156   4     16     47  
570.0  09:30:41 42.37822 -72.53615   3     12     44  
570.0  09:30:49 42.37822 -72.53615   3     17     51  
571.0  09:31:00 42.37822 -72.536156   5     18     53  
571.0  09:31:01 42.378223 -72.53615   3     11     57  
571.0  09:31:09 42.378223 -72.536156   5     16     57  
571.0  09:31:18 42.378223 -72.536156   3     14     48  
571.0  09:31:27 42.378223 -72.53616   5     12     51  
571.0  09:31:35 42.378223 -72.53616   3     13     43  
571.0  09:31:43 42.378223 -72.53616   4     19     59  
571.0  09:31:54 42.378223 -72.53617   3     19     50  
572.0  09:32:00 42.37822 -72.53617   3     12     46  
572.0  09:32:02 42.37822 -72.53617   3     13     53  
572.0  09:32:11 42.378216 -72.53617   4     15     41  
572.0  09:32:19 42.378216 -72.53617   4     19     44  
572.0  09:32:28 42.378216 -72.53617   4     18     55  
572.0  09:32:36 42.378216 -72.53616   3     12     42  
572.0  09:32:48 42.378216 -72.53616   5     18     50  
572.0  09:32:56 42.378216 -72.53618   4     17     59  
573.0  09:33:00 42.378223 -72.53615   5     10     41  
573.0  09:33:05 42.378223 -72.53614   5     15     48  
573.0  09:33:14 42.378227 -72.53613   4     11     49  
573.0  09:33:23 42.378235 -72.5361   5     19     50  
573.0  09:33:31 42.37824 -72.53607   5     12     42  
573.0  09:33:42 42.37823 -72.5361   4     10     46  
573.0  09:33:50 42.378227 -72.53611   3     16     57  
574.0  09:34:00 42.378227 -72.53611   5     12     41  
574.0  09:34:00 42.378227 -72.53611   4     19     55  
574.0  09:34:08 42.378227 -72.536125   5     11     42  
574.0  09:34:17 42.378223 -72.53613   4     10     47  
574.0  09:34:26 42.378227 -72.53613   5     16     49  
574.0  09:34:37 42.37823 -72.536125   3     14     42  
574.0  09:34:45 42.378235 -72.53612   3     16     47  
574.0  09:34:54 42.378235 -72.53612   4     13     42  
575.0  09:35:00 42.378235 -72.53612   3     17     49  
575.0  09:35:02 42.378235 -72.53612   5     19     45  
575.0  09:35:10 42.378235 -72.53612   3     10     55  
575.0  09:35:19 42.378235 -72.53612   3     11     59  
575.0  09:35:31 42.378235 -72.53612   4     10     48  
575.0  09:35:39 42.378235 -72.53612   4     14     47  
575.0  09:35:48 42.378235 -72.53612   3     14     50  
575.0  09:35:56 42.378235 -72.53612   4     15     44  
576.0  09:36:00 42.378235 -72.53612   3     16     52  
576.0  09:36:05 42.378235 -72.53612   5     19     40  
576.0  09:36:14 42.378235 -72.53612   4     13     47  
576.0  09:36:25 42.37824 -72.53612   3     17     55  
576.0  09:36:33 42.378242 -72.53611   3     19     40  
576.0  09:36:42 42.37824 -72.53611   5     12     48  
576.0  09:36:51 42.37824 -72.53611   3     15     47  
577.0  09:37:00 42.37824 -72.53611   3     18     48  
577.0  09:37:00 42.37824 -72.53611   4     13     46  
577.0  09:37:09 42.37824 -72.53611   4     17     40  
577.0  09:37:20 42.37824 -72.53611   4     18     53  
577.0  09:37:29 42.37824 -72.53611   3     15     51  
577.0  09:37:37 42.37824 -72.53611   5     12     40  
577.0  09:37:45 42.378235 -72.53611   4     11     48  
577.0  09:37:54 42.378235 -72.53611   3     13     50  
578.0  09:38:00 42.37823 -72.53611   3     12     58  
578.0  09:38:02 42.37823 -72.53611   4     17     46  
578.0  09:38:13 42.378227 -72.53611   5     10     56  
578.0  09:38:22 42.378223 -72.53611   4     19     56  
578.0  09:38:30 42.378223 -72.53611   4     13     47  
578.0  09:38:39 42.378223 -72.53611   3     14     45  
578.0  09:38:48 42.378223 -72.53611   5     12     51  
578.0  09:38:56 42.378223 -72.53611   3     18     55  
579.0  09:39:00 42.37822 -72.536125   5     12     50  
579.0  09:39:07 42.378216 -72.53615   3     19     48  
579.0  09:39:15 42.37822 -72.53614   3     11     46  
579.0  09:39:24 42.378223 -72.53612   5     10     58  
579.0  09:39:33 42.378223 -72.53611   4     14     53  
579.0  09:39:42 42.378223 -72.536125   5     14     57  
579.0  09:39:50 42.37822 -72.53613   4     14     53  
580.0  09:40:02 42.378223 -72.536125   3     13     41  
787.0  13:07:12 0.0 -0.0   3     17     57  
787.0  13:07:26 0.0 -0.199514   3     13     40  
787.0  13:07:39 0.0 -1.8111362E22   5     18     45  
787.0  13:07:52 0.0 -1.8111362E22   5     15     45  
788.0  13:08:59 42.391518 -72.533455   4     14     52  
789.0  13:09:00 42.390957 -72.53322   3     16     42  
789.0  13:09:10 42.39049 -72.53304   3     10     56  
789.0  13:09:18 42.390324 -72.532974   3     18     46  
789.0  13:09:27 42.390347 -72.533   3     13     44  
789.0  13:09:35 42.390297 -72.53298   3     17     42  
789.0  13:09:44 42.38983 -72.53276   5     12     56  
789.0  13:09:52 42.38912 -72.53244   3     19     52  
790.0  13:10:00 42.388206 -72.53206   3     12     40  
790.0  13:10:03 42.388206 -72.53206   3     15     54  
790.0  13:10:12 42.387547 -72.531784   5     19     57  
790.0  13:10:21 42.386868 -72.53151   3     10     56  
790.0  13:10:30 42.386642 -72.5314   5     17     40  
790.0  13:10:38 42.38665 -72.53141   4     12     55  
790.0  13:10:47 42.386658 -72.53142   5     15     52  
790.0  13:10:58 42.386658 -72.53141   3     19     40  
791.0  13:11:00 42.386654 -72.53141   5     18     44  
791.0  13:11:07 42.38664 -72.5314   4     12     57  
791.0  13:11:16 42.386486 -72.53128   4     17     41  
791.0  13:11:24 42.386017 -72.53113   5     16     40  
791.0  13:11:33 42.385437 -72.53101   3     19     52  
791.0  13:11:42 42.38519 -72.53106   4     13     53  
791.0  13:11:53 42.385185 -72.531075   4     15     59  
792.0  13:12:00 42.38511 -72.5312   5     18     52  
792.0  13:12:01 42.385128 -72.53112   4     12     42  
792.0  13:12:10 42.38508 -72.53158   3     13     41  
792.0  13:12:19 42.38492 -72.53222   3     13     59  
792.0  13:12:27 42.384827 -72.53253   5     17     59  
792.0  13:12:36 42.384514 -72.5325   4     13     44  
792.0  13:12:47 42.383705 -72.53209   4     15     55  
792.0  13:12:56 42.383007 -72.53189   3     17     53  
793.0  13:13:00 42.38242 -72.531815   3     15     45  
793.0  13:13:05 42.382385 -72.53181   4     11     55  
793.0  13:13:13 42.3823 -72.53202   4     12     43  
793.0  13:13:21 42.38222 -72.53265   4     14     58  
793.0  13:13:30 42.38216 -72.53327   3     11     52  
793.0  13:13:40 42.382168 -72.533676   3     19     41  
793.0  13:13:49 42.382008 -72.53386   3     16     54  
793.0  13:13:57 42.381516 -72.5339   3     10     51  
794.0  13:14:00 42.38113 -72.53394   4     15     45  
794.0  13:14:06 42.381 -72.533966   5     18     59  
794.0  13:14:14 42.380383 -72.534004   5     17     49  
794.0  13:14:23 42.379826 -72.53404   3     18     43  
794.0  13:14:34 42.379543 -72.534065   3     12     49  
794.0  13:14:43 42.379013 -72.53411   5     17     46  
794.0  13:14:52 42.37871 -72.53418   4     11     43  
795.0  13:15:00 42.37875 -72.534706   3     11     58  
795.0  13:15:01 42.378735 -72.53451   3     18     45  
795.0  13:15:09 42.378777 -72.53513   5     17     40  
795.0  13:15:18 42.378815 -72.53572   4     18     48  
795.0  13:15:29 42.378864 -72.53655   5     10     55  
795.0  13:15:38 42.3789 -72.53705   4     10     44  
795.0  13:15:47 42.378723 -72.5372   5     18     54  
795.0  13:15:55 42.3785 -72.53717   4     12     54  
796.0  13:16:00 42.378387 -72.537186   5     14     41  
796.0  13:16:04 42.378387 -72.537186   5     11     52  
796.0  13:16:13 42.37824 -72.537186   4     10     57  
796.0  13:16:23 42.378105 -72.53696   3     14     57  
796.0  13:16:32 42.378124 -72.53664   5     16     45  
796.0  13:16:41 42.378117 -72.53615   5     10     44  
796.0  13:16:50 42.37809 -72.53559   4     13     59  
796.0  13:16:58 42.37805 -72.53523   4     10     48  
797.0  13:17:00 42.378025 -72.53498   5     15     49  
797.0  13:17:07 42.378017 -72.534874   3     17     54  
797.0  13:17:18 42.378235 -72.53483   5     13     45  
797.0  13:17:27 42.37818 -72.535095   4     10     48  
797.0  13:17:36 42.37811 -72.5352   3     14     44  
797.0  13:17:46 42.37805 -72.53541   5     11     40  
801.0  13:21:35 42.378063 -72.53539   3     14     40  
801.0  13:21:48 42.37806 -72.5354   4     14     55  
802.0  13:22:01 42.37805 -72.53541   5     12     42  
802.0  13:22:13 42.378036 -72.53541   4     19     47  
803.0  13:23:00 42.378036 -72.53539   3     12     54  
803.0  13:23:08 42.378044 -72.535385   3     15     48  
803.0  13:23:13 42.378048 -72.535385   4     16     51  
803.0  13:23:14 42.378048 -72.535385   3     10     57  
803.0  13:23:21 42.378048 -72.535385   5     14     43  
803.0  13:23:38 42.37805 -72.53538   5     13     49  
804.0  13:24:00 42.378 -72.53542   5     17     40  
804.0  13:24:15 42.378002 -72.535416   4     17     59  
804.0  13:24:16 42.37801 -72.535416   4     17     56  
804.0  13:24:26 42.378 -72.535416   4     18     49  
804.0  13:24:39 42.378002 -72.535416   3     16     40  
804.0  13:24:43 42.378017 -72.53541   3     11     50  
804.0  13:24:46 42.37805 -72.53538   4     13     55  
804.0  13:24:51 42.378014 -72.53541   4     14     50  
805.0  13:25:00 42.37803 -72.53539   4     18     49  
805.0  13:25:00 42.37803 -72.535385   4     11     42  
805.0  13:25:09 42.378025 -72.53539   4     12     42  
805.0  13:25:20 42.378025 -72.535385   4     17     41  
805.0  13:25:29 42.378025 -72.535385   5     18     40  
805.0  13:25:37 42.378025 -72.535385   4     16     47  
805.0  13:25:46 42.378025 -72.535385   4     10     45  
805.0  13:25:55 42.378017 -72.53539   5     12     47  
806.0  13:26:00 42.378002 -72.53541   4     11     54  
806.0  13:26:03 42.378002 -72.53541   5     13     45  
806.0  13:26:14 42.378017 -72.5354   5     14     55  
806.0  13:26:22 42.37803 -72.53539   3     18     55  
806.0  13:26:31 42.378044 -72.535385   5     10     44  
806.0  13:26:40 42.378056 -72.53538   4     10     40  
806.0  13:26:48 42.378048 -72.535385   3     16     48  
806.0  13:26:57 42.378036 -72.5354   4     17     43  
807.0  13:27:00 42.378036 -72.5354   3     16     57  
807.0  13:27:08 42.378036 -72.5354   5     10     45  
807.0  13:27:16 42.378033 -72.5354   4     14     51  
807.0  13:27:25 42.37803 -72.53541   3     18     58  
807.0  13:27:34 42.378025 -72.53541   5     17     58  
807.0  13:27:43 42.37801 -72.53542   3     10     54  
807.0  13:27:52 42.378006 -72.53543   4     19     42  
808.0  13:28:00 42.378 -72.53543   5     19     55  
808.0  13:28:02 42.378 -72.53543   3     17     43  
808.0  13:28:11 42.37797 -72.53546   4     13     55  
808.0  13:28:20 42.37797 -72.53546   4     16     47  
808.0  13:28:29 42.377964 -72.53546   4     13     57  
808.0  13:28:37 42.37797 -72.53545   5     11     48  
808.0  13:28:46 42.377956 -72.53546   3     19     55  
808.0  13:28:57 42.377968 -72.53545   4     14     41  
809.0  13:29:00 42.37797 -72.53545   5     15     48  
809.0  13:29:05 42.37797 -72.53545   4     12     42  
809.0  13:29:13 42.37797 -72.53545   4     14     45  
809.0  13:29:22 42.377983 -72.53545   5     16     51  
809.0  13:29:32 42.378002 -72.535446   5     19     51  
809.0  13:29:41 42.378014 -72.53544   3     12     57  
809.0  13:29:52 42.378025 -72.53544   5     16     45  
810.0  13:30:00 42.37803 -72.53543   5     16     56  
810.0  13:30:01 42.37803 -72.53544   5     18     49  
810.0  13:30:10 42.378033 -72.53543   5     15     43  
810.0  13:30:20 42.378033 -72.53542   4     10     49  
810.0  13:30:30 42.378036 -72.53542   3     19     56  
810.0  13:30:39 42.378033 -72.535416   3     17     49  
810.0  13:30:50 42.378033 -72.535416   3     14     52  
810.0  13:30:58 42.378033 -72.53541   4     13     46  
811.0  13:31:00 42.378033 -72.53541   4     13     45  
811.0  13:31:07 42.378033 -72.53541   5     13     55  
811.0  13:31:16 42.378033 -72.53541   3     16     41  
811.0  13:31:24 42.378033 -72.5354   3     17     42  
811.0  13:31:33 42.378033 -72.5354   5     15     49  
812.0  13:32:39 42.378036 -72.53538   3     10     59  
812.0  13:32:52 42.378036 -72.53538   3     18     42  
813.0  13:33:04 42.378036 -72.535385   4     11     47  
813.0  13:33:17 42.378036 -72.53539   4     11     55  
814.0  13:34:18 42.377983 -72.53544   5     11     47  
814.0  13:34:30 42.378014 -72.535416   5     13     53  
814.0  13:34:39 42.378033 -72.535416   4     15     43  
814.0  13:34:47 42.37804 -72.5354   3     18     57  
814.0  13:34:56 42.378036 -72.535416   3     19     48  
815.0  13:35:00 42.37803 -72.53539   4     14     42  
815.0  13:35:06 42.37803 -72.53539   5     19     57  
815.0  13:35:14 42.378048 -72.535385   5     13     53  
815.0  13:35:27 42.378067 -72.53542   3     16     55  
815.0  13:35:35 42.37807 -72.535416   3     12     54  
815.0  13:35:43 42.378063 -72.53543   3     19     48  
815.0  13:35:52 42.378086 -72.5354   5     16     47  
816.0  13:36:00 42.378098 -72.53538   5     19     43  
816.0  13:36:00 42.378094 -72.53537   3     17     47  
816.0  13:36:08 42.37809 -72.535355   3     12     47  
816.0  13:36:19 42.378075 -72.535355   5     10     58  
816.0  13:36:29 42.378067 -72.53539   4     15     40  
816.0  13:36:37 42.378075 -72.535446   5     12     46  
816.0  13:36:45 42.378067 -72.53546   3     12     59  
816.0  13:36:53 42.378063 -72.53547   3     18     46  
817.0  13:37:00 42.378048 -72.53547   3     12     49  
817.0  13:37:01 42.37805 -72.53547   5     13     50  
817.0  13:37:13 42.378044 -72.53546   3     15     43  
817.0  13:37:21 42.378044 -72.53545   4     13     48  
817.0  13:37:30 42.378044 -72.53546   4     18     49  
817.0  13:37:42 42.378036 -72.53545   5     17     47  
817.0  13:37:50 42.37804 -72.535446   5     13     56  
817.0  13:37:59 42.378048 -72.53544   3     17     42  
818.0  13:38:00 42.378044 -72.535446   5     19     53  
818.0  13:38:10 42.37804 -72.53545   5     12     58  
818.0  13:38:19 42.37804 -72.53544   3     17     47  
818.0  13:38:29 42.378048 -72.53544   4     15     46  
818.0  13:38:39 42.37805 -72.53543   3     18     50  
818.0  13:38:48 42.37805 -72.53543   5     18     59  
818.0  13:38:57 42.378044 -72.53543   4     14     56  
819.0  13:39:00 42.37804 -72.53543   3     17     53  
819.0  13:39:08 42.37804 -72.53543   4     12     50  
819.0  13:39:17 42.378036 -72.53542   3     13     41  
819.0  13:39:26 42.378036 -72.53542   5     18     51  
819.0  13:39:35 42.378033 -72.53542   4     13     57  
819.0  13:39:44 42.378025 -72.53542   5     17     48  
821.0  13:41:26 42.378033 -72.53539   3     17     57  
821.0  13:41:39 42.37802 -72.5354   5     11     47  
821.0  13:41:53 42.37803 -72.53544   3     15     54  
822.0  13:42:06 42.378025 -72.53542   4     18     43  
822.0  13:42:59 42.378017 -72.53543   3     19     40  
823.0  13:43:00 42.37802 -72.53543   5     14     56  
823.0  13:43:05 42.37802 -72.53543   4     15     55  
823.0  13:43:05 42.37802 -72.53543   5     11     43  
823.0  13:43:16 42.37802 -72.53543   4     11     58  
823.0  13:43:25 42.37803 -72.53543   4     13     50  
823.0  13:43:33 42.378036 -72.53543   4     12     57  
823.0  13:43:42 42.378044 -72.53543   4     19     43  
823.0  13:43:50 42.378044 -72.53542   3     13     44  
823.0  13:43:59 42.378048 -72.53543   3     17     43  
824.0  13:44:00 42.378048 -72.53543   3     14     50  
824.0  13:44:13 42.37805 -72.53543   4     14     52  
824.0  13:44:24 42.378048 -72.53544   3     17     59  
824.0  13:44:33 42.378036 -72.53543   3     17     55  
824.0  13:44:43 42.37803 -72.53544   3     19     46  
824.0  13:44:51 42.378025 -72.535446   3     15     53  
825.0  13:45:00 42.378063 -72.53565   3     19     45  
825.0  13:45:00 42.37808 -72.53579   3     18     48  
825.0  13:45:09 42.37811 -72.5361   4     10     53  
825.0  13:45:20 42.37818 -72.53667   5     12     58  
825.0  13:45:28 42.378265 -72.53692   4     16     44  
825.0  13:45:37 42.378193 -72.53719   4     13     55  
825.0  13:45:47 42.37805 -72.53701   5     14     50  
825.0  13:45:55 42.37805 -72.53691   3     13     42  
831.0  13:51:00 42.37807 -72.53687   4     10     56  
831.0  13:51:15 42.378067 -72.53687   4     19     57  
831.0  13:51:26 42.378063 -72.536865   4     13     59  
831.0  13:51:37 42.378063 -72.536865   5     14     51  
831.0  13:51:45 42.378056 -72.53686   4     16     44  
831.0  13:51:53 42.37806 -72.536865   4     14     50  
832.0  13:52:00 42.378056 -72.53686   3     16     59  
832.0  13:52:01 42.378056 -72.53686   3     11     45  
832.0  13:52:09 42.37805 -72.53684   4     19     57  
832.0  13:52:20 42.378063 -72.53686   4     14     59  
832.0  13:52:29 42.378063 -72.536865   5     17     54  
832.0  13:52:37 42.378056 -72.53688   3     14     46  
832.0  13:52:45 42.378075 -72.53689   5     12     50  
832.0  13:52:53 42.37808 -72.53687   4     17     48  
833.0  13:53:00 42.37808 -72.53689   4     15     56  
833.0  13:53:01 42.378082 -72.53689   4     17     42  
833.0  13:53:12 42.378056 -72.53688   4     16     58  
833.0  13:53:20 42.37805 -72.53689   4     10     53  
833.0  13:53:28 42.37802 -72.53689   3     12     48  
833.0  13:53:37 42.378014 -72.53689   4     15     47  
833.0  13:53:45 42.378002 -72.536896   4     11     51  
833.0  13:53:53 42.377975 -72.53691   5     16     55  
834.0  13:54:00 42.37798 -72.53689   4     16     56  
835.0  13:55:00 42.37808 -72.5369   4     16     59  
836.0  13:56:00 42.378105 -72.53695   3     15     46  
836.0  13:56:51 42.37808 -72.53693   4     14     46  
837.0  13:57:02 42.378075 -72.53693   3     17     49  
844.0  14:04:00 42.378056 -72.536934   5     18     55  
844.0  14:04:21 42.37805 -72.536934   3     17     44  
844.0  14:04:32 42.378044 -72.53693   5     14     41  
844.0  14:04:41 42.378036 -72.53692   4     15     49  
844.0  14:04:49 42.378048 -72.53693   4     13     51  
844.0  14:04:58 42.37804 -72.53692   4     10     44  
845.0  14:05:00 42.37804 -72.53691   3     10     55  
845.0  14:05:07 42.378036 -72.5369   5     16     46  
845.0  14:05:16 42.378014 -72.53689   5     17     51  
845.0  14:05:27 42.37801 -72.53689   3     12     57  
845.0  14:05:35 42.378036 -72.5369   4     17     45  
845.0  14:05:45 42.378048 -72.53691   5     13     59  
845.0  14:05:53 42.37805 -72.53691   3     17     47  
846.0  14:06:00 42.378063 -72.5369   3     16     42  
846.0  14:06:02 42.37806 -72.5369   5     14     47  
846.0  14:06:11 42.378063 -72.53691   5     18     40  
846.0  14:06:22 42.378044 -72.53687   3     18     57  
846.0  14:06:31 42.378036 -72.536865   5     14     48  
846.0  14:06:39 42.378044 -72.53687   4     14     59  
846.0  14:06:48 42.378048 -72.53689   5     11     55  
846.0  14:06:57 42.37804 -72.53687   3     12     56  
850.0  14:10:53 42.378056 -72.536545   4     18     41  
851.0  14:11:00 42.37805 -72.53653   3     13     56  
851.0  14:11:04 42.37805 -72.53653   4     14     41  
851.0  14:11:12 42.37806 -72.536514   5     17     55  
851.0  14:11:20 42.37806 -72.53651   4     12     45  
851.0  14:11:28 42.37806 -72.53648   4     15     51  
851.0  14:11:36 42.378056 -72.53637   4     12     50  
851.0  14:11:44 42.37808 -72.53634   5     16     42  
851.0  14:11:55 42.378075 -72.53628   3     16     40  
852.0  14:12:00 42.378063 -72.53622   5     14     45  
852.0  14:12:03 42.378063 -72.53622   4     11     47  
852.0  14:12:12 42.378044 -72.536026   4     15     56  
852.0  14:12:20 42.378025 -72.535736   3     16     45  
852.0  14:12:27 42.37802 -72.53572   3     19     55  
852.0  14:12:37 42.37802 -72.53573   3     13     59  
852.0  14:12:48 42.378025 -72.535736   5     10     46  
852.0  14:12:58 42.37803 -72.53574   4     17     56  
853.0  14:13:00 42.378033 -72.53574   4     13     40  
853.0  14:13:07 42.378033 -72.53574   3     12     40  
853.0  14:13:18 42.378036 -72.53575   4     14     54  
853.0  14:13:27 42.378033 -72.53575   4     13     43  
853.0  14:13:40 42.37803 -72.53583   3     17     56  
853.0  14:13:49 42.378033 -72.53596   4     12     47  
853.0  14:13:57 42.37804 -72.53607   3     19     45  
854.0  14:14:00 42.378044 -72.53613   5     11     58  
854.0  14:14:06 42.378044 -72.53616   4     14     43  
854.0  14:14:14 42.37805 -72.53625   4     11     59  
854.0  14:14:22 42.378056 -72.536285   4     16     48  
854.0  14:14:32 42.37805 -72.536354   4     12     54  
854.0  14:14:40 42.378056 -72.536385   3     16     44  
854.0  14:14:48 42.37805 -72.5364   5     18     54  
854.0  14:14:56 42.378056 -72.53641   4     18     56  
855.0  14:15:00 42.378048 -72.536385   3     11     43  
855.0  14:15:05 42.378048 -72.536385   4     16     43  
855.0  14:15:13 42.37805 -72.536385   5     12     45  
855.0  14:15:23 42.37805 -72.53638   4     17     53  
855.0  14:15:35 42.378033 -72.53637   3     16     57  
855.0  14:15:43 42.37802 -72.536354   5     16     41  
855.0  14:15:51 42.378017 -72.53634   3     16     41  
855.0  14:15:59 42.378014 -72.53633   3     13     53  
856.0  14:16:00 42.37801 -72.53634   3     10     59  
856.0  14:16:08 42.378006 -72.536354   3     17     43  
856.0  14:16:19 42.37801 -72.53634   5     15     42  
856.0  14:16:28 42.37801 -72.53614   5     19     58  
856.0  14:16:36 42.378017 -72.53607   3     12     56  
856.0  14:16:45 42.378025 -72.53607   5     16     54  
856.0  14:16:53 42.37803 -72.53608   4     12     58  
857.0  14:17:00 42.37803 -72.53608   3     17     49  
857.0  14:17:02 42.37803 -72.53608   3     10     40  
857.0  14:17:12 42.37803 -72.53609   4     19     52  
857.0  14:17:20 42.378033 -72.53609   4     17     51  
857.0  14:17:29 42.378033 -72.53609   3     13     43  
857.0  14:17:37 42.37803 -72.53609   3     10     45  
857.0  14:17:45 42.37803 -72.536095   4     18     47  
857.0  14:17:53 42.37803 -72.536095   5     15     46  
858.0  14:18:00 42.37803 -72.5361   5     12     53  
858.0  14:18:04 42.37803 -72.5361   4     18     50  
858.0  14:18:13 42.37803 -72.53611   5     10     41  
858.0  14:18:21 42.378036 -72.5361   3     10     59  
858.0  14:18:29 42.37805 -72.53608   4     12     57  
858.0  14:18:37 42.37806 -72.53609   5     15     43  
858.0  14:18:46 42.378067 -72.53608   5     12     48  
858.0  14:18:57 42.37809 -72.53599   5     14     46  
859.0  14:19:00 42.378063 -72.53587   5     13     52  
859.0  14:19:06 42.37806 -72.53585   4     15     51  
859.0  14:19:14 42.378048 -72.53583   5     10     40  
859.0  14:19:23 42.37805 -72.535866   4     13     50  
859.0  14:19:31 42.37807 -72.53592   3     12     59  
859.0  14:19:40 42.37809 -72.53596   4     18     53  
859.0  14:19:52 42.378098 -72.535995   4     18     54  
860.0  14:20:00 42.37809 -72.536026   3     19     46  
860.0  14:20:00 42.37809 -72.53603   5     17     47  
860.0  14:20:08 42.378082 -72.53605   3     19     58  
860.0  14:20:17 42.378082 -72.536064   5     16     42  
860.0  14:20:26 42.37809 -72.53607   5     18     56  
860.0  14:20:34 42.3781 -72.536064   3     12     50  
860.0  14:20:44 42.37811 -72.53606   5     19     43  
860.0  14:20:53 42.378117 -72.53605   3     19     41  
861.0  14:21:00 42.37811 -72.53605   3     17     51  
861.0  14:21:01 42.378113 -72.53605   5     12     56  
861.0  14:21:09 42.3781 -72.53606   5     10     52  
861.0  14:21:17 42.37808 -72.53607   3     16     56  
861.0  14:21:32 42.378067 -72.53608   5     19     40  
861.0  14:21:43 42.37806 -72.5361   4     12     45  
861.0  14:21:51 42.378056 -72.5361   3     11     52  
861.0  14:21:59 42.37804 -72.536095   3     15     43  
862.0  14:22:00 42.378044 -72.536095   4     13     40  
862.0  14:22:08 42.378048 -72.5361   4     14     51  
862.0  14:22:16 42.378044 -72.53611   5     18     48  
862.0  14:22:24 42.37804 -72.5361   3     13     50  
862.0  14:22:35 42.378025 -72.5361   4     10     52  
862.0  14:22:44 42.378025 -72.536095   5     13     42  
862.0  14:22:53 42.378033 -72.53609   4     13     48  
863.0  14:23:00 42.378036 -72.53608   3     19     53  
863.0  14:23:01 42.378036 -72.53608   5     18     49  
863.0  14:23:12 42.378036 -72.53609   5     13     43  
863.0  14:23:21 42.378036 -72.53609   3     13     42  
863.0  14:23:31 42.378036 -72.53609   3     13     52  
863.0  14:23:39 42.378036 -72.53602   3     17     47  
863.0  14:23:48 42.37803 -72.53594   3     16     50  
863.0  14:23:56 42.378033 -72.53593   3     18     59  
864.0  14:24:00 42.378033 -72.53593   4     11     43  
864.0  14:24:05 42.378033 -72.53593   3     11     51  
864.0  14:24:13 42.378036 -72.53592   3     19     52  
864.0  14:24:24 42.37804 -72.53592   5     19     41  
864.0  14:24:33 42.37805 -72.535934   5     17     47  
864.0  14:24:42 42.37804 -72.53596   4     13     51  
864.0  14:24:50 42.378036 -72.535965   5     10     50  
864.0  14:24:58 42.37803 -72.535965   3     13     51  
865.0  14:25:00 42.378025 -72.53597   4     11     40  
865.0  14:25:06 42.378025 -72.53597   4     17     57  
865.0  14:25:16 42.37802 -72.53598   5     18     45  
865.0  14:25:24 42.378017 -72.53599   4     17     56  
865.0  14:25:32 42.378025 -72.53601   5     13     52  
865.0  14:25:40 42.378036 -72.53598   4     10     49  
865.0  14:25:49 42.37805 -72.535965   4     12     51  
865.0  14:25:58 42.378063 -72.53597   5     15     50  
866.0  14:26:00 42.37807 -72.535965   4     12     52  
866.0  14:26:09 42.378082 -72.53595   5     12     57  
866.0  14:26:17 42.37812 -72.535866   4     11     45  
866.0  14:26:26 42.378082 -72.53566   4     12     51  
866.0  14:26:34 42.37798 -72.53536   4     11     59  
866.0  14:26:43 42.378002 -72.53506   4     18     59  
866.0  14:26:52 42.3782 -72.535095   5     10     59  
867.0  14:27:00 42.378094 -72.53571   5     12     58  
867.0  14:27:02 42.3781 -72.53566   4     15     56  
867.0  14:27:11 42.37808 -72.53604   3     18     41  
867.0  14:27:19 42.37809 -72.53633   5     19     56  
867.0  14:27:27 42.378063 -72.53634   4     11     55  
867.0  14:27:36 42.37805 -72.53632   4     18     56  
867.0  14:27:44 42.37804 -72.53625   4     11     52  
867.0  14:27:55 42.37806 -72.53621   5     10     56  
868.0  14:28:00 42.378067 -72.536194   5     14     57  
868.0  14:28:03 42.378067 -72.536194   3     15     55  
868.0  14:28:11 42.378063 -72.53618   3     11     56  
868.0  14:28:19 42.37806 -72.53617   4     12     52  
868.0  14:28:27 42.378063 -72.53616   5     13     56  
868.0  14:28:36 42.37806 -72.536156   3     19     52  
868.0  14:28:47 42.378056 -72.53613   5     14     51  
868.0  14:28:56 42.37806 -72.53614   4     16     59  
869.0  14:29:00 42.378056 -72.53613   5     11     52  
869.0  14:29:05 42.378056 -72.53613   3     17     44  
869.0  14:29:13 42.378048 -72.536125   4     14     59  
869.0  14:29:22 42.37804 -72.536125   4     19     56  
869.0  14:29:31 42.378036 -72.53613   3     15     50  
869.0  14:29:41 42.37802 -72.53614   5     10     46  
869.0  14:29:50 42.37802 -72.53614   5     12     40  
869.0  14:29:59 42.378017 -72.53615   5     12     42  
870.0  14:30:00 42.378014 -72.53615   4     13     56  
870.0  14:30:08 42.378017 -72.53615   4     12     45  
870.0  14:30:16 42.378025 -72.53615   4     12     57  
870.0  14:30:25 42.378033 -72.53615   5     19     48  
870.0  14:30:36 42.378036 -72.53615   4     13     48  
870.0  14:30:45 42.378036 -72.53615   3     13     40  
870.0  14:30:53 42.378025 -72.536156   4     17     55  
871.0  14:31:00 42.378098 -72.536224   4     16     53  
871.0  14:31:02 42.37808 -72.53619   5     10     55  
871.0  14:31:11 42.378105 -72.536446   4     15     54  
871.0  14:31:19 42.378098 -72.53655   5     15     48  
871.0  14:31:30 42.37808 -72.53653   3     13     46  
871.0  14:31:39 42.378082 -72.53651   5     12     48  
871.0  14:31:47 42.378094 -72.536476   5     12     40  
871.0  14:31:56 42.378113 -72.536446   5     17     43  
872.0  14:32:00 42.378128 -72.53645   5     19     51  
872.0  14:32:05 42.37813 -72.53645   4     19     48  
872.0  14:32:14 42.378143 -72.53646   4     11     52  
872.0  14:32:26 42.378147 -72.53647   3     15     52  
872.0  14:32:34 42.37816 -72.53647   4     17     52  
872.0  14:32:43 42.37815 -72.53648   5     18     59  
872.0  14:32:52 42.378143 -72.53648   4     19     47  
873.0  14:33:00 42.378136 -72.53648   4     13     48  
873.0  14:33:01 42.378136 -72.53649   5     10     41  
873.0  14:33:09 42.37814 -72.536476   4     14     40  
873.0  14:33:20 42.37815 -72.53643   4     18     57  
873.0  14:33:29 42.37816 -72.53638   5     18     48  
873.0  14:33:38 42.378185 -72.53631   3     19     46  
873.0  14:33:46 42.37819 -72.536285   4     15     55  
873.0  14:33:55 42.378185 -72.53628   3     14     52  
874.0  14:34:00 42.37816 -72.5363   4     10     55  
874.0  14:34:05 42.37816 -72.5363   4     10     49  
874.0  14:34:15 42.37813 -72.53634   4     16     51  
874.0  14:34:24 42.378128 -72.53632   3     12     53  
874.0  14:34:33 42.378143 -72.53629   4     19     40  
874.0  14:34:41 42.37818 -72.53627   4     12     48  
874.0  14:34:50 42.37819 -72.53627   4     18     51  
874.0  14:34:58 42.37818 -72.536285   4     15     40  
875.0  14:35:00 42.37818 -72.53627   3     11     55  
875.0  14:35:09 42.37816 -72.536255   3     19     43  
875.0  14:35:17 42.378113 -72.53628   3     17     57  
875.0  14:35:25 42.378105 -72.536285   3     18     46  
875.0  14:35:34 42.37811 -72.536285   5     15     46  
875.0  14:35:43 42.3781 -72.536285   5     16     40  
875.0  14:35:52 42.378098 -72.536285   4     13     59  
876.0  14:36:00 42.378098 -72.53628   3     12     42  
876.0  14:36:03 42.378098 -72.53628   4     18     50  
876.0  14:36:12 42.378098 -72.536285   3     13     45  
876.0  14:36:21 42.378105 -72.53629   5     13     47  
876.0  14:36:30 42.378105 -72.5363   3     11     56  
876.0  14:36:38 42.37811 -72.5363   5     11     57  
876.0  14:36:47 42.378113 -72.5363   4     10     44  
876.0  14:36:57 42.378075 -72.53632   5     16     53  
877.0  14:37:00 42.378067 -72.53632   5     14     42  
877.0  14:37:06 42.37809 -72.53632   4     12     53  
877.0  14:37:19 42.378185 -72.5364   4     14     56  
877.0  14:37:27 42.3781 -72.536835   5     11     40  
877.0  14:37:36 42.37805 -72.5371   4     15     48  
877.0  14:37:47 42.37817 -72.53725   3     10     50  
877.0  14:37:56 42.378334 -72.53719   5     11     55  
878.0  14:38:00 42.378445 -72.53717   3     19     54  
878.0  14:38:04 42.37846 -72.53717   4     10     58  
878.0  14:38:12 42.378605 -72.537155   3     16     45  
878.0  14:38:20 42.37879 -72.537155   4     14     57  
878.0  14:38:29 42.378902 -72.537056   5     15     44  
878.0  14:38:39 42.37887 -72.53663   4     14     44  
878.0  14:38:47 42.378822 -72.536095   3     12     40  
878.0  14:38:56 42.378788 -72.53544   4     13     51  
879.0  14:39:00 42.37876 -72.53493   5     11     45  
879.0  14:39:04 42.378757 -72.53486   4     10     42  
879.0  14:39:13 42.378727 -72.53433   3     19     50  
879.0  14:39:21 42.378723 -72.53431   4     12     43  
879.0  14:39:32 42.378727 -72.5343   3     13     41  
879.0  14:39:41 42.378773 -72.53408   4     12     50  
879.0  14:39:49 42.379086 -72.53404   5     13     58  
879.0  14:39:58 42.379498 -72.53403   3     12     54  
880.0  14:40:00 42.379555 -72.53402   5     14     47  
880.0  14:40:06 42.379677 -72.53401   5     13     59  
880.0  14:40:15 42.380127 -72.53398   5     13     56  
880.0  14:40:25 42.380814 -72.53392   4     10     43  
880.0  14:40:34 42.381367 -72.53386   4     16     43  
880.0  14:40:43 42.381916 -72.53381   4     15     43  
880.0  14:40:51 42.382088 -72.53379   3     12     46  
881.0  14:41:00 42.382507 -72.53375   4     11     54  
881.0  14:41:00 42.38269 -72.533745   5     15     44  
881.0  14:41:09 42.382977 -72.53382   5     15     44  
881.0  14:41:21 42.38351 -72.53458   4     12     55  
881.0  14:41:29 42.383514 -72.53529   3     12     48  
881.0  14:41:38 42.383514 -72.535835   4     19     42  
881.0  14:41:47 42.38379 -72.53591   3     18     44  
881.0  14:41:56 42.383923 -72.53591   4     13     43  
882.0  14:42:00 42.383945 -72.5359   3     19     47  
882.0  14:42:04 42.38396 -72.535904   4     17     40  
882.0  14:42:17 42.384083 -72.53676   5     19     59  
882.0  14:42:25 42.38415 -72.538055   5     12     51  
882.0  14:42:34 42.384205 -72.538895   4     17     54  
882.0  14:42:43 42.38396 -72.53911   5     10     58  
882.0  14:42:52 42.383415 -72.53911   5     10     58  
883.0  14:43:00 42.382664 -72.539406   5     12     50  
883.0  14:43:00 42.38249 -72.53975   3     18     58  
883.0  14:43:11 42.382633 -72.54047   4     16     40  
883.0  14:43:20 42.383442 -72.54072   5     13     59  
883.0  14:43:29 42.38463 -72.540665   4     12     56  
883.0  14:43:37 42.38586 -72.54052   3     15     46  
883.0  14:43:46 42.38735 -72.54033   5     19     52  
883.0  14:43:54 42.38893 -72.54018   5     10     45  
884.0  14:44:00 42.390354 -72.54014   3     18     45  
884.0  14:44:05 42.39072 -72.54013   4     13     40  
884.0  14:44:13 42.39214 -72.53998   3     18     44  
884.0  14:44:22 42.3937 -72.53978   4     18     57  
884.0  14:44:30 42.39513 -72.5396   5     11     48  
884.0  14:44:39 42.39674 -72.53938   3     13     45  
884.0  14:44:47 42.39837 -72.53916   4     13     44  
884.0  14:44:58 42.400227 -72.53893   4     13     54  
885.0  14:45:00 42.4012 -72.538826   3     18     55  
885.0  14:45:07 42.401974 -72.538734   4     13     54  
885.0  14:45:16 42.403664 -72.53854   3     11     54  
885.0  14:45:24 42.405155 -72.53837   5     16     48  
885.0  14:45:33 42.40678 -72.53816   4     18     42  
885.0  14:45:42 42.408146 -72.537994   5     15     57  
885.0  14:45:54 42.408833 -72.53792   3     15     44  
886.0  14:46:00 42.408867 -72.53788   4     10     41  
886.0  14:46:02 42.408867 -72.53788   4     10     47  
886.0  14:46:12 42.40888 -72.53786   5     14     44  
886.0  14:46:21 42.40899 -72.537865   4     16     55  
886.0  14:46:30 42.409786 -72.53777   3     18     56  
886.0  14:46:39 42.41085 -72.53765   5     14     51  
886.0  14:46:50 42.412636 -72.53744   5     12     52  
886.0  14:46:58 42.414257 -72.53723   3     14     54  
887.0  14:47:00 42.41516 -72.53712   3     17     47  
887.0  14:47:07 42.415882 -72.537025   5     16     57  
887.0  14:47:17 42.417355 -72.53684   3     16     43  
887.0  14:47:26 42.419437 -72.53681   3     13     46  
887.0  14:47:41 42.421143 -72.537056   5     11     41  
887.0  14:47:53 42.42405 -72.538124   4     18     45  
888.0  14:48:00 42.425762 -72.53917   3     17     45  
888.0  14:48:02 42.425457 -72.53896   3     10     51  
888.0  14:48:11 42.426826 -72.53989   4     10     43  
888.0  14:48:22 42.42835 -72.541   4     17     51  
888.0  14:48:31 42.429844 -72.54222   3     14     58  
888.0  14:48:41 42.431664 -72.54384   5     12     52  
888.0  14:48:55 42.43303 -72.544945   4     11     59  
889.0  14:49:00 42.43508 -72.54615   5     16     42  
889.0  14:49:03 42.43508 -72.54615   3     17     57  
889.0  14:49:12 42.436443 -72.54682   5     15     46  
889.0  14:49:20 42.4378 -72.54754   4     10     51  
889.0  14:49:29 42.439213 -72.548515   3     11     59  
889.0  14:49:39 42.44088 -72.55   3     16     48  
889.0  14:49:48 42.44205 -72.55124   5     14     55  
889.0  14:49:56 42.443165 -72.552414   3     19     45  
890.0  14:50:00 42.44436 -72.55336   5     13     42  
890.0  14:50:05 42.44451 -72.55346   4     17     44  
890.0  14:50:13 42.445866 -72.554306   3     13     56  
890.0  14:50:22 42.44701 -72.55525   4     12     54  
890.0  14:50:33 42.44823 -72.55715   4     17     45  
890.0  14:50:41 42.449017 -72.55869   4     16     41  
890.0  14:50:50 42.44992 -72.5603   4     12     55  
890.0  14:50:59 42.450874 -72.56169   3     13     59  
891.0  14:51:00 42.45139 -72.56245   5     15     58  
891.0  14:51:07 42.451687 -72.56288   3     17     51  
891.0  14:51:18 42.45261 -72.56422   3     15     51  
891.0  14:51:29 42.453934 -72.565865   4     16     54  
891.0  14:51:38 42.454586 -72.566505   4     15     56  
891.0  14:51:47 42.45538 -72.56726   4     19     59  
891.0  14:51:56 42.45629 -72.56814   5     19     45  
892.0  14:52:00 42.457344 -72.56912   5     16     54  
892.0  14:52:04 42.457485 -72.56925   5     17     58  
892.0  14:52:13 42.4588 -72.57051   3     13     57  
892.0  14:52:24 42.46031 -72.57184   3     16     57  
892.0  14:52:32 42.461727 -72.572754   5     12     54  
892.0  14:52:42 42.463203 -72.57356   5     14     43  
892.0  14:52:51 42.46436 -72.57449   3     18     56  
893.0  14:53:00 42.46518 -72.575584   4     17     50  
893.0  14:53:00 42.465508 -72.57617   3     12     56  
893.0  14:53:08 42.465847 -72.576935   3     19     43  
893.0  14:53:19 42.466293 -72.57853   3     10     55  
893.0  14:53:27 42.46641 -72.57919   3     10     46  
893.0  14:53:36 42.466503 -72.57977   4     14     47  
893.0  14:53:45 42.466656 -72.58113   5     18     56  
893.0  14:53:53 42.466984 -72.58269   3     15     58  
894.0  14:54:00 42.467487 -72.58439   5     15     40  
894.0  14:54:02 42.467384 -72.58405   4     15     44  
894.0  14:54:20 42.468338 -72.58728   4     17     46  
894.0  14:54:29 42.468372 -72.588974   5     16     51  
894.0  14:54:39 42.468002 -72.59041   4     11     53  
894.0  14:54:47 42.467606 -72.59218   5     11     54  
894.0  14:54:56 42.467422 -72.59346   3     17     49  
895.0  14:55:00 42.46731 -72.59438   3     17     40  
895.0  14:55:04 42.46731 -72.59438   3     14     44  
895.0  14:55:16 42.46714 -72.59584   5     17     40  
895.0  14:55:25 42.466915 -72.59816   3     14     51  
895.0  14:55:33 42.466938 -72.60005   5     10     47  
895.0  14:55:43 42.467148 -72.602104   4     19     55  
895.0  14:55:51 42.467495 -72.604195   5     16     42  
896.0  14:56:00 42.467983 -72.60715   5     14     56  
897.0  14:57:00 42.471775 -72.61115   3     11     42  
898.0  14:58:00 42.477135 -72.608475   3     16     46  
899.0  14:59:00 42.477642 -72.610634   3     12     43  
900.0  15:00:00 42.47724 -72.613655   3     12     50  
901.0  15:01:00 42.47015 -72.61476   3     11     54  
902.0  15:02:00 42.466145 -72.61751   4     19     47  
903.0  15:03:00 42.45724 -72.61776   4     18     41  
904.0  15:04:00 42.443264 -72.62032   4     10     43  
905.0  15:05:00 42.433247 -72.62278   4     13     46  
906.0  15:06:00 42.438004 -72.62424   3     13     51  
907.0  15:07:00 42.447353 -72.626335   3     18     40  
908.0  15:08:00 42.45654 -72.62328   5     16     42  
909.0  15:09:00 42.46542 -72.6181   4     17     51  
910.0  15:10:00 42.468884 -72.61318   5     19     51  
911.0  15:11:00 42.466927 -72.60046   4     12     51  
912.0  15:12:00 42.467205 -72.59462   3     18     56  
913.0  15:13:00 42.46735 -72.58406   4     16     42  
914.0  15:14:00 42.46606 -72.577805   3     14     44  
915.0  15:15:00 42.458492 -72.5703   4     15     51  
916.0  15:16:00 42.451176 -72.56226   4     11     51  
917.0  15:17:00 42.444046 -72.553154   4     13     52  
918.0  15:18:00 42.434475 -72.54583   3     13     51  
919.0  15:19:00 42.424843 -72.538635   3     15     54  
920.0  15:20:00 42.41348 -72.53733   4     10     58  
921.0  15:21:00 42.406155 -72.53826   3     12     40  
922.0  15:22:00 42.393635 -72.5398   4     10     41  
923.0  15:23:00 42.38482 -72.54278   3     19     41  
924.0  15:24:00 42.38401 -72.535286   4     13     45  
925.0  15:25:00 42.38229 -72.53187   4     11     44  
926.0  15:26:00 42.38066 -72.53395   4     11     47  
927.0  15:27:00 42.378765 -72.53518   4     12     52  
928.0  15:28:00 42.37829 -72.53717   4     13     48  
929.0  15:29:00 42.37801 -72.535965   3     12     50  
930.0  15:30:00 42.378002 -72.53598   4     15     55  
931.0  15:31:00 42.378036 -72.53594   5     16     58  
932.0  15:32:00 42.378216 -72.53539   5     14     40  
933.0  15:33:00 42.378147 -72.53643   3     14     49  
934.0  15:34:00 42.37811 -72.53631   3     14     41  
935.0  15:35:00 42.378136 -72.53644   3     16     45  
936.0  15:36:00 42.37817 -72.53638   3     10     40  
937.0  15:37:00 42.378326 -72.53668   3     16     43  
938.0  15:38:00 42.37811 -72.53643   3     16     50  
939.0  15:39:00 42.378166 -72.536385   3     15     56  
940.0  15:40:00 42.378117 -72.53629   4     12     57  
941.0  15:41:00 42.378086 -72.53623   5     15     41  
942.0  15:42:00 42.37807 -72.53626   5     13     49  
943.0  15:43:00 42.37808 -72.53621   3     15     59  
944.0  15:44:00 42.37805 -72.53583   5     10     46  
945.0  15:45:00 42.37806 -72.535835   4     19     47  
946.0  15:46:00 42.378044 -72.535805   5     11     51  
947.0  15:47:00 42.37806 -72.535835   4     14     48  
948.0  15:48:00 42.378033 -72.535805   4     17     58  
949.0  15:49:00 42.378242 -72.53578   3     12     50  
950.0  15:50:00 42.378864 -72.53714   4     16     40  
951.0  15:51:00 42.37886 -72.53401   5     15     42  
952.0  15:52:00 42.382027 -72.533775   4     10     50  
953.0  15:53:00 42.382305 -72.53196   3     19     55  
954.0  15:54:00 42.38471 -72.532425   3     12     50  
955.0  15:55:00 42.38508 -72.53114   4     11     47  
956.0  15:56:00 42.389206 -72.53232   3     12     48  
957.0  15:57:00 42.394466 -72.53435   3     15     56  
958.0  15:58:00 42.39533 -72.52969   5     17     59  
959.0  15:59:00 42.3951 -72.52689   4     10     45  
960.0  16:00:00 42.39062 -72.52514   4     18     49  
961.0  16:01:00 42.386395 -72.5224   5     19     44  
962.0  16:02:00 42.38344 -72.52082   5     12     52  
963.0  16:03:00 42.379745 -72.51953   3     11     50  
964.0  16:04:00 42.377705 -72.51989   4     15     51  
965.0  16:05:00 42.375835 -72.51987   4     15     51  
966.0  16:06:00 42.37569 -72.523445   3     14     42  
967.0  16:07:00 42.373905 -72.53236   3     16     55  
968.0  16:08:00 42.373375 -72.53292   3     14     57  
969.0  16:09:00 42.36817 -72.53354   5     11     45  
970.0  16:10:00 42.36802 -72.53473   5     16     48  
971.0  16:11:00 42.36628 -72.53403   5     16     55  
972.0  16:12:00 42.365673 -72.53689   4     19     48  
973.0  16:13:00 42.36575 -72.53764   3     15     59  
974.0  16:14:00 42.36562 -72.53894   5     17     55  
975.0  16:15:00 42.36362 -72.53973   4     13     41  
976.0  16:16:00 42.36343 -72.53932   4     13     57  
977.0  16:17:00 42.366398 -72.533646   5     16     49  
978.0  16:18:00 42.366856 -72.53284   5     10     43  
979.0  16:19:00 42.36813 -72.53475   3     18     45  
980.0  16:20:00 42.367462 -72.53474   5     14     44  
981.0  16:21:00 42.367672 -72.53368   4     18     41  
982.0  16:22:00 42.36806 -72.533585   4     16     45  
983.0  16:23:00 42.371258 -72.5331   3     11     46  
984.0  16:24:00 42.374084 -72.530914   4     15     48  
985.0  16:25:00 42.375854 -72.52211   5     13     44  
986.0  16:26:00 42.375877 -72.52061   5     11     48  
987.0  16:27:00 42.376823 -72.51984   5     10     43  
988.0  16:28:00 42.379433 -72.51967   5     12     42  
989.0  16:29:00 42.384148 -72.51817   5     16     59  
990.0  16:30:00 42.3888 -72.51706   5     11     56  
991.0  16:31:00 42.389095 -72.51884   5     19     56  
992.0  16:32:00 42.39126 -72.51985   5     19     54  
993.0  16:33:00 42.39279 -72.51819   4     19     53  
994.0  16:34:00 42.39507 -72.51555   3     17     48  
996.0  16:36:00 42.396507 -72.52356   5     18     49  
997.0  16:37:00 42.394836 -72.52803   5     17     44  
998.0  16:38:00 42.395123 -72.53409   3     19     52  
999.0  16:39:00 42.393158 -72.53252   3     18     55  
1000.0  16:40:00 42.39371 -72.53326   5     19     56  
1001.0  16:41:00 42.393677 -72.53325   5     12     51  
1002.0  16:42:00 42.393703 -72.53324   5     11     53  
1003.0  16:43:00 42.393776 -72.53285   4     19     47  
1004.0  16:44:00 42.394936 -72.53369   5     16     59  
1005.0  16:45:00 42.39478 -72.53407   5     19     56  
1006.0  16:46:00 42.394825 -72.534004   5     16     40  
1016.0  16:56:26 42.394314 -72.53288   5     15     53  
1016.0  16:56:39 42.394287 -72.53295   4     14     49  
1016.0  16:56:47 42.394276 -72.53298   5     15     59  
1016.0  16:56:55 42.394287 -72.53301   5     10     49  
1017.0  16:57:00 42.394283 -72.53303   4     11     49  
1017.0  16:57:04 42.394283 -72.53303   4     18     50  
1017.0  16:57:12 42.394283 -72.53305   3     10     42  
1017.0  16:57:20 42.394283 -72.53304   5     11     51  
1017.0  16:57:30 42.39429 -72.53301   5     11     41  
1017.0  16:57:38 42.394314 -72.53293   4     13     52  
1017.0  16:57:46 42.394375 -72.53279   3     15     55  
1017.0  16:57:54 42.394356 -72.53276   4     18     47  
1018.0  16:58:00 42.39435 -72.532745   5     12     54  
1018.0  16:58:02 42.39435 -72.532745   5     16     59  
1018.0  16:58:10 42.394344 -72.532745   3     14     55  
1018.0  16:58:20 42.394325 -72.532814   3     16     55  
1018.0  16:58:29 42.394325 -72.53284   3     17     44  
