624.0  10:24:00 42.393597 -72.53268   3     14     52  
625.0  10:25:00 42.393627 -72.53272   4     13     48  
626.0  10:26:00 42.393635 -72.532646   4     17     47  
627.0  10:27:00 42.39362 -72.5327   5     11     58  
628.0  10:28:00 42.393616 -72.5326   5     16     43  
629.0  10:29:00 42.393143 -72.5327   5     19     43  
630.0  10:30:00 42.395515 -72.532074   4     14     43  
631.0  10:31:00 42.396492 -72.527504   4     11     51  
632.0  10:32:00 42.404156 -72.52966   5     18     43  
632.0  10:32:50 42.406403 -72.531   5     17     42  
633.0  10:33:00 42.40621 -72.53183   4     16     54  
633.0  10:33:12 42.40621 -72.53183   4     10     42  
633.0  10:33:34 42.405846 -72.53249   3     16     51  
634.0  10:34:00 42.405827 -72.532585   5     13     46  
634.0  10:34:22 42.405823 -72.53257   5     10     52  
634.0  10:34:45 42.405827 -72.53251   3     17     58  
635.0  10:35:00 42.405804 -72.53255   5     14     52  
635.0  10:35:17 42.4058 -72.532555   3     19     51  
635.0  10:35:44 42.405796 -72.53256   5     19     54  
636.0  10:36:00 42.405807 -72.532455   4     10     42  
636.0  10:36:06 42.40581 -72.53247   5     11     58  
636.0  10:36:28 42.4058 -72.53246   3     14     58  
637.0  10:37:00 42.404964 -72.53232   4     16     50  
637.0  10:37:32 42.404926 -72.53103   5     18     51  
638.0  10:38:00 42.404892 -72.529686   3     18     50  
638.0  10:38:41 42.4032 -72.52922   5     13     41  
639.0  10:39:00 42.402557 -72.52875   3     12     57  
639.0  10:39:03 42.403175 -72.52921   4     15     55  
639.0  10:39:30 42.400166 -72.52797   4     11     59  
640.0  10:40:00 42.395657 -72.52725   3     13     59  
641.0  10:41:00 42.39329 -72.52592   4     14     55  
642.0  10:42:00 42.38931 -72.52478   4     19     55  
643.0  10:43:00 42.38666 -72.52249   5     12     41  
643.0  10:43:26 42.386112 -72.52251   3     17     45  
644.0  10:44:00 42.383835 -72.52109   5     12     58  
644.0  10:44:14 42.38369 -72.52101   4     11     56  
644.0  10:44:36 42.3829 -72.52062   3     14     44  
645.0  10:45:00 42.381565 -72.51942   5     10     42  
645.0  10:45:45 42.379547 -72.51974   5     11     54  
646.0  10:46:00 42.378696 -72.51998   4     18     55  
646.0  10:46:08 42.379055 -72.51991   5     14     47  
646.0  10:46:36 42.37786 -72.52003   4     17     56  
646.0  10:46:59 42.37801 -72.51999   3     17     56  
647.0  10:47:00 42.377914 -72.51998   4     18     40  
647.0  10:47:21 42.37773 -72.51999   5     10     48  
647.0  10:47:52 42.377087 -72.52001   3     12     59  
648.0  10:48:00 42.37602 -72.51993   4     12     53  
648.0  10:48:15 42.376015 -72.51992   5     12     44  
648.0  10:48:53 42.37563 -72.51959   5     19     47  
649.0  10:49:00 42.375683 -72.51918   4     10     42  
649.0  10:49:24 42.375706 -72.51908   5     13     54  
649.0  10:49:46 42.37586 -72.51627   4     18     55  
650.0  10:50:00 42.375885 -72.513374   3     13     55  
651.0  10:51:00 42.37566 -72.506294   5     16     47  
651.0  10:51:14 42.375637 -72.50577   5     15     52  
652.0  10:52:00 42.3758 -72.50062   4     11     55  
653.0  10:53:00 42.372753 -72.501366   4     13     53  
653.0  10:53:11 42.37285 -72.50135   3     12     42  
654.0  10:54:00 42.369255 -72.50082   5     14     54  
654.0  10:54:59 42.370216 -72.499084   4     12     58  
655.0  10:55:00 42.370235 -72.49908   5     12     48  
655.0  10:55:56 42.37114 -72.498535   4     15     45  
656.0  10:56:00 42.371147 -72.49854   4     12     58  
657.0  10:57:00 42.365925 -72.49205   5     16     55  
658.0  10:58:00 42.35865 -72.48505   3     17     49  
659.0  10:59:00 42.352547 -72.47293   3     10     52  
660.0  11:00:00 42.34625 -72.4679   3     11     44  
661.0  11:01:00 42.343506 -72.461555   3     10     56  
662.0  11:02:00 42.336193 -72.456825   4     14     47  
663.0  11:03:00 42.329544 -72.44825   3     18     53  
664.0  11:04:00 42.32473 -72.435905   3     10     53  
665.0  11:05:00 42.31908 -72.42671   5     19     44  
666.0  11:06:00 42.308422 -72.42188   3     12     44  
667.0  11:07:00 42.29893 -72.41639   3     14     42  
668.0  11:08:00 42.29158 -72.40948   4     14     41  
668.0  11:08:51 42.289135 -72.40688   5     18     59  
669.0  11:09:00 42.287697 -72.40678   4     19     52  
669.0  11:09:04 42.28783 -72.40678   5     18     49  
670.0  11:10:00 42.280117 -72.40357   4     11     43  
670.0  11:10:21 42.27994 -72.40345   3     10     50  
671.0  11:11:00 42.277607 -72.400826   3     14     41  
679.0  11:19:32 42.28483 -72.406586   5     15     48  
679.0  11:19:54 42.287544 -72.406715   5     19     41  
680.0  11:20:00 42.288578 -72.40677   5     17     40  
681.0  11:21:00 42.292076 -72.40987   5     16     43  
681.0  11:21:24 42.294758 -72.41245   5     17     59  
682.0  11:22:00 42.29824 -72.41582   5     17     57  
682.0  11:22:25 42.30118 -72.418106   5     19     49  
683.0  11:23:00 42.30688 -72.4209   3     12     55  
684.0  11:24:00 42.31691 -72.42612   5     16     58  
685.0  11:25:00 42.325222 -72.43302   4     13     54  
686.0  11:26:00 42.328896 -72.446335   4     15     41  
687.0  11:27:00 42.334637 -72.45644   4     17     44  
687.0  11:27:01 42.334637 -72.45644   4     11     56  
688.0  11:28:00 42.340065 -72.45826   3     11     49  
689.0  11:29:00 42.34401 -72.46435   3     14     52  
690.0  11:30:00 42.349068 -72.46943   5     19     49  
690.0  11:30:59 42.350845 -72.47032   4     18     52  
691.0  11:31:00 42.35108 -72.47054   3     12     53  
691.0  11:31:04 42.351154 -72.47057   4     19     46  
691.0  11:31:09 42.351017 -72.4706   5     14     58  
691.0  11:31:14 42.35113 -72.470566   4     19     49  
691.0  11:31:24 42.351032 -72.47056   3     10     57  
691.0  11:31:29 42.351055 -72.470535   4     13     53  
691.0  11:31:34 42.351067 -72.47052   4     11     49  
691.0  11:31:40 42.351128 -72.4706   3     19     47  
691.0  11:31:43 42.351063 -72.47052   4     16     56  
692.0  11:32:00 42.3529 -72.47337   5     13     56  
693.0  11:33:00 42.35496 -72.48031   3     15     45  
694.0  11:34:00 42.356834 -72.48247   4     10     42  
694.0  11:34:47 42.361523 -72.48754   4     12     41  
694.0  11:34:49 42.360268 -72.48647   5     11     58  
695.0  11:35:00 42.36229 -72.48811   5     18     51  
696.0  11:36:00 42.36635 -72.492516   4     10     45  
696.0  11:36:21 42.368282 -72.49498   5     13     57  
696.0  11:36:28 42.36907 -72.49599   3     14     43  
696.0  11:36:43 42.37053 -72.497734   5     13     58  
696.0  11:36:44 42.369556 -72.49661   3     14     53  
696.0  11:36:53 42.37119 -72.498436   4     12     42  
696.0  11:36:59 42.37118 -72.49846   4     14     57  
697.0  11:37:00 42.371166 -72.49848   3     13     40  
697.0  11:37:04 42.371166 -72.49851   4     12     56  
697.0  11:37:07 42.371193 -72.49846   3     17     50  
697.0  11:37:14 42.37087 -72.49904   5     12     42  
697.0  11:37:26 42.37079 -72.4991   5     18     40  
697.0  11:37:36 42.37025 -72.49908   5     17     48  
697.0  11:37:42 42.370247 -72.49908   5     15     40  
697.0  11:37:47 42.370167 -72.499115   5     10     55  
697.0  11:37:48 42.37025 -72.49908   4     11     41  
697.0  11:37:57 42.36951 -72.49913   5     16     55  
698.0  11:38:00 42.369274 -72.49924   5     12     55  
698.0  11:38:03 42.369244 -72.49929   5     18     48  
698.0  11:38:11 42.369354 -72.49917   4     14     53  
698.0  11:38:11 42.369244 -72.49929   4     17     41  
699.0  11:39:00 42.36936 -72.50202   3     12     42  
699.0  11:39:23 42.37115 -72.50166   3     14     57  
699.0  11:39:33 42.371887 -72.50145   5     18     45  
699.0  11:39:38 42.37128 -72.50163   3     13     53  
700.0  11:40:00 42.37274 -72.501236   5     11     40  
700.0  11:40:46 42.374393 -72.50083   4     18     52  
700.0  11:40:51 42.375 -72.5007   3     17     58  
701.0  11:41:00 42.376125 -72.50049   3     13     50  
701.0  11:41:38 42.3762 -72.5014   4     14     55  
701.0  11:41:43 42.376217 -72.50128   3     19     53  
702.0  11:42:00 42.375694 -72.505135   4     15     40  
702.0  11:42:54 42.375847 -72.50932   4     12     51  
703.0  11:43:00 42.37587 -72.51035   5     11     46  
703.0  11:43:19 42.37591 -72.51166   3     18     58  
704.0  11:44:00 42.3759 -72.51264   4     11     48  
704.0  11:44:10 42.375935 -72.513466   4     11     52  
704.0  11:44:15 42.37593 -72.51416   4     16     43  
704.0  11:44:21 42.375893 -72.514915   4     12     40  
704.0  11:44:21 42.375935 -72.513466   5     15     47  
704.0  11:44:31 42.375862 -72.516335   3     11     43  
704.0  11:44:36 42.375885 -72.51663   4     18     47  
704.0  11:44:41 42.37592 -72.51661   4     10     53  
704.0  11:44:43 42.375874 -72.51651   3     10     47  
704.0  11:44:51 42.37592 -72.51662   3     13     42  
705.0  11:45:00 42.375877 -72.51675   5     16     51  
705.0  11:45:01 42.3759 -72.516655   5     18     49  
705.0  11:45:05 42.375908 -72.51664   3     10     43  
705.0  11:45:16 42.375824 -72.518105   5     11     41  
705.0  11:45:21 42.375793 -72.51856   4     10     44  
705.0  11:45:27 42.375755 -72.51903   4     16     41  
705.0  11:45:27 42.375824 -72.518105   3     19     41  
705.0  11:45:37 42.37572 -72.51952   5     13     49  
705.0  11:45:49 42.37572 -72.51953   3     13     40  
705.0  11:45:59 42.37579 -72.51954   5     19     49  
706.0  11:46:00 42.375793 -72.51954   4     12     50  
706.0  11:46:05 42.375793 -72.51954   5     14     48  
706.0  11:46:10 42.37579 -72.51954   3     17     43  
706.0  11:46:11 42.375793 -72.51954   4     13     47  
706.0  11:46:20 42.375782 -72.51952   3     15     53  
706.0  11:46:25 42.37578 -72.51952   3     14     40  
706.0  11:46:30 42.375774 -72.51952   3     13     48  
706.0  11:46:33 42.37578 -72.51952   3     17     40  
706.0  11:46:40 42.375763 -72.5195   4     15     48  
706.0  11:46:45 42.37576 -72.5195   4     11     54  
706.0  11:46:50 42.37577 -72.51959   4     11     48  
706.0  11:46:55 42.375755 -72.5195   4     13     52  
707.0  11:47:00 42.37614 -72.519905   4     15     59  
707.0  11:47:12 42.37644 -72.51989   3     19     58  
707.0  11:47:17 42.376923 -72.51987   4     19     55  
707.0  11:47:17 42.376717 -72.519875   3     16     57  
707.0  11:47:27 42.377357 -72.51988   3     16     40  
707.0  11:47:32 42.37743 -72.51987   3     12     56  
707.0  11:47:37 42.37743 -72.51985   4     17     48  
707.0  11:47:39 42.377373 -72.519875   3     11     43  
707.0  11:47:47 42.37742 -72.51982   3     17     52  
707.0  11:47:52 42.377426 -72.5198   4     11     53  
707.0  11:47:57 42.377586 -72.51982   3     19     47  
708.0  11:48:00 42.37797 -72.51984   5     14     54  
708.0  11:48:01 42.37742 -72.519806   4     13     46  
708.0  11:48:07 42.37855 -72.519844   3     16     42  
708.0  11:48:12 42.37904 -72.519775   5     17     43  
708.0  11:48:18 42.37949 -72.519615   3     19     41  
708.0  11:48:23 42.379795 -72.51946   4     10     59  
708.0  11:48:23 42.37904 -72.519775   4     16     46  
708.0  11:48:33 42.379826 -72.51947   3     14     42  
708.0  11:48:38 42.379894 -72.51948   4     16     41  
709.0  11:49:00 42.38184 -72.519585   4     12     53  
709.0  11:49:07 42.382328 -72.5201   5     11     50  
709.0  11:49:13 42.382816 -72.52045   5     16     40  
709.0  11:49:18 42.38332 -72.5207   5     13     53  
709.0  11:49:21 42.38252 -72.52026   3     18     52  
710.0  11:50:00 42.38683 -72.52253   5     18     50  
710.0  11:50:05 42.387207 -72.52295   4     10     59  
710.0  11:50:11 42.387527 -72.52336   3     12     59  
710.0  11:50:22 42.38772 -72.523544   4     15     59  
710.0  11:50:27 42.387703 -72.523544   3     15     57  
710.0  11:50:32 42.387707 -72.523544   3     19     40  
710.0  11:50:36 42.3877 -72.523544   5     15     59  
710.0  11:50:42 42.38776 -72.52366   5     13     52  
710.0  11:50:48 42.388023 -72.52397   5     13     57  
710.0  11:50:53 42.38844 -72.524315   5     11     56  
710.0  11:50:58 42.38892 -72.52458   3     12     47  
711.0  11:51:00 42.38922 -72.524734   5     11     49  
712.0  11:52:00 42.39258 -72.52555   3     11     43  
713.0  11:53:00 42.393936 -72.5261   4     18     43  
714.0  11:54:00 42.39603 -72.527306   5     14     56  
714.0  11:54:19 42.398426 -72.52807   3     11     45  
714.0  11:54:45 42.40199 -72.52829   5     16     57  
715.0  11:55:00 42.403996 -72.52957   3     12     46  
715.0  11:55:48 42.406338 -72.531425   5     11     52  
715.0  11:55:56 42.406254 -72.531685   3     11     56  
716.0  11:56:00 42.406178 -72.53194   5     11     58  
716.0  11:56:08 42.406128 -72.532196   5     10     56  
716.0  11:56:16 42.406086 -72.53243   5     13     40  
716.0  11:56:21 42.40586 -72.532486   3     14     53  
716.0  11:56:22 42.406116 -72.53232   4     16     48  
716.0  11:56:32 42.405846 -72.53245   3     11     40  
716.0  11:56:37 42.40584 -72.53244   4     19     54  
716.0  11:56:42 42.405838 -72.53244   4     10     40  
716.0  11:56:44 42.405846 -72.53245   4     18     40  
716.0  11:56:52 42.40583 -72.53243   4     14     53  
716.0  11:56:57 42.40583 -72.53243   3     17     43  
717.0  11:57:00 42.40583 -72.53244   4     11     50  
717.0  11:57:02 42.40583 -72.53244   4     12     58  
717.0  11:57:06 42.40583 -72.53243   5     14     48  
717.0  11:57:12 42.40583 -72.53244   5     10     57  
717.0  11:57:18 42.405834 -72.532455   5     12     55  
717.0  11:57:23 42.405838 -72.53246   4     17     50  
717.0  11:57:28 42.40584 -72.53247   3     11     57  
717.0  11:57:28 42.405834 -72.532455   4     11     46  
717.0  11:57:38 42.405846 -72.53247   4     10     46  
718.0  11:58:00 42.40585 -72.53246   4     14     52  
718.0  11:58:21 42.405846 -72.53246   3     17     54  
718.0  11:58:49 42.40584 -72.53248   4     17     44  
718.0  11:58:54 42.40584 -72.53247   4     17     51  
719.0  11:59:00 42.40584 -72.532486   5     18     52  
719.0  11:59:04 42.405846 -72.532486   5     11     49  
719.0  11:59:09 42.40585 -72.532486   3     11     56  
719.0  11:59:15 42.40585 -72.532486   5     16     40  
719.0  11:59:20 42.40585 -72.532486   4     13     41  
719.0  11:59:23 42.40585 -72.532486   5     17     50  
719.0  11:59:30 42.40585 -72.53248   4     19     53  
719.0  11:59:37 42.405853 -72.53248   3     19     50  
719.0  11:59:42 42.405853 -72.53248   3     13     52  
719.0  11:59:45 42.40585 -72.53248   4     10     59  
719.0  11:59:53 42.405853 -72.53248   5     18     54  
719.0  11:59:58 42.40585 -72.53248   5     11     43  
720.0  12:00:00 42.40585 -72.53248   5     12     52  
720.0  12:00:03 42.40585 -72.53248   3     16     42  
720.0  12:00:08 42.40585 -72.53248   5     11     48  
720.0  12:00:08 42.405846 -72.53248   3     12     43  
720.0  12:00:18 42.405846 -72.53247   5     10     53  
720.0  12:00:33 42.405846 -72.53247   5     16     48  
720.0  12:00:55 42.405888 -72.53246   4     13     55  
