432.0  07:12:09 0.0 -0.0   5     16     41  
432.0  07:12:22 0.0 -1.1095744E27   5     11     41  
433.0  07:13:18 42.28021 -72.403496   5     14     41  
433.0  07:13:29 42.281666 -72.40445   3     14     57  
433.0  07:13:36 42.28291 -72.40526   5     13     50  
433.0  07:13:44 42.284184 -72.40615   4     14     40  
433.0  07:13:52 42.285515 -72.406784   4     11     58  
434.0  07:14:00 42.286842 -72.40673   3     17     48  
434.0  07:14:00 42.287453 -72.4067   3     13     44  
434.0  07:14:08 42.288097 -72.40669   4     16     49  
434.0  07:14:18 42.289013 -72.40677   3     14     53  
434.0  07:14:26 42.289158 -72.40675   5     17     40  
434.0  07:14:34 42.289146 -72.40676   3     15     56  
434.0  07:14:42 42.28914 -72.40681   3     17     47  
434.0  07:14:50 42.289303 -72.406815   4     12     52  
434.0  07:14:59 42.2897 -72.40723   3     18     54  
435.0  07:15:00 42.290237 -72.40786   3     13     59  
435.0  07:15:14 42.290737 -72.40833   4     11     54  
435.0  07:15:24 42.290703 -72.40831   5     17     57  
435.0  07:15:33 42.2907 -72.40833   3     13     57  
435.0  07:15:42 42.291134 -72.408905   3     18     42  
435.0  07:15:50 42.292072 -72.4099   4     11     41  
436.0  07:16:00 42.29309 -72.4107   4     17     47  
436.0  07:16:00 42.293785 -72.41127   4     19     58  
436.0  07:16:09 42.294434 -72.41187   5     19     40  
436.0  07:16:19 42.295567 -72.41362   3     17     47  
436.0  07:16:28 42.296577 -72.41465   4     13     41  
436.0  07:16:37 42.297768 -72.41542   3     15     55  
436.0  07:16:45 42.29853 -72.41597   3     18     57  
436.0  07:16:54 42.2985 -72.41597   3     17     56  
437.0  07:17:00 42.298634 -72.41611   3     15     58  
437.0  07:17:02 42.298588 -72.41607   3     18     46  
437.0  07:17:26 42.299534 -72.41671   4     13     43  
437.0  07:17:28 42.299534 -72.41671   4     19     58  
437.0  07:17:36 42.303432 -72.41961   3     16     43  
437.0  07:17:46 42.304962 -72.4207   5     19     41  
437.0  07:17:54 42.30637 -72.42081   4     17     59  
438.0  07:18:00 42.30782 -72.42146   5     12     57  
438.0  07:18:06 42.30798 -72.421555   4     16     54  
438.0  07:18:15 42.30949 -72.422226   3     19     42  
438.0  07:18:23 42.3112 -72.42279   5     12     59  
438.0  07:18:32 42.31271 -72.42391   4     11     50  
438.0  07:18:41 42.314156 -72.42505   3     17     43  
438.0  07:18:50 42.315487 -72.42574   4     15     49  
439.0  07:19:00 42.315975 -72.42586   4     12     52  
439.0  07:19:02 42.316 -72.42586   5     10     59  
439.0  07:19:11 42.315994 -72.42585   5     17     54  
439.0  07:19:19 42.316586 -72.426   4     15     46  
439.0  07:19:28 42.317703 -72.4263   4     11     59  
439.0  07:19:36 42.3193 -72.42673   4     10     56  
440.0  07:20:00 42.324135 -72.429634   3     13     40  
440.0  07:20:41 42.320744 -72.42741   4     10     48  
440.0  07:20:44 42.325844 -72.439476   5     14     56  
440.0  07:20:54 42.326443 -72.44174   3     12     51  
441.0  07:21:00 42.32791 -72.44379   3     15     53  
441.0  07:21:03 42.327637 -72.44339   3     10     51  
441.0  07:21:12 42.32886 -72.445175   3     13     50  
441.0  07:21:20 42.32981 -72.447014   4     11     55  
441.0  07:21:29 42.330227 -72.44826   5     10     50  
441.0  07:21:38 42.33009 -72.4482   3     10     53  
441.0  07:21:48 42.330215 -72.44886   4     11     46  
441.0  07:21:57 42.33048 -72.450195   3     19     50  
442.0  07:22:00 42.33132 -72.45192   3     10     59  
442.0  07:22:06 42.331432 -72.45214   4     12     47  
442.0  07:22:14 42.332176 -72.45416   4     16     43  
442.0  07:22:23 42.333084 -72.45561   3     18     42  
442.0  07:22:31 42.334335 -72.45638   5     19     48  
442.0  07:22:45 42.33684 -72.45694   4     17     44  
442.0  07:22:59 42.338436 -72.457375   5     18     45  
443.0  07:23:00 42.33839 -72.45736   4     15     40  
443.0  07:23:07 42.33839 -72.45735   3     11     40  
443.0  07:23:16 42.33837 -72.457344   5     11     46  
443.0  07:23:25 42.33836 -72.457344   3     14     50  
443.0  07:23:33 42.338364 -72.457344   5     11     51  
443.0  07:23:42 42.33838 -72.45734   5     19     46  
443.0  07:23:52 42.3384 -72.45737   4     10     57  
444.0  07:24:00 42.33935 -72.45782   4     15     40  
444.0  07:24:01 42.338924 -72.4576   3     14     57  
444.0  07:24:09 42.339973 -72.458145   3     19     52  
444.0  07:24:18 42.341053 -72.4588   3     13     46  
444.0  07:24:26 42.342373 -72.45986   5     17     46  
444.0  07:24:35 42.34336 -72.46089   3     12     59  
444.0  07:24:45 42.343643 -72.46173   3     11     52  
444.0  07:24:54 42.343525 -72.46267   5     14     49  
445.0  07:25:00 42.34362 -72.46412   5     14     47  
445.0  07:25:02 42.343567 -72.4639   4     17     51  
445.0  07:25:11 42.343857 -72.46478   3     14     47  
445.0  07:25:20 42.34459 -72.465965   5     16     57  
445.0  07:25:29 42.345303 -72.4669   5     10     53  
445.0  07:25:40 42.345695 -72.46713   5     19     51  
445.0  07:25:48 42.345795 -72.46714   5     11     48  
445.0  07:25:57 42.345764 -72.46715   3     19     40  
446.0  07:26:00 42.34575 -72.46714   4     13     52  
446.0  07:26:05 42.345753 -72.46714   4     13     47  
446.0  07:26:14 42.345825 -72.46723   4     18     41  
446.0  07:26:24 42.346256 -72.46776   3     16     47  
446.0  07:26:34 42.347317 -72.46883   5     14     40  
446.0  07:26:43 42.34857 -72.46924   3     18     45  
446.0  07:26:52 42.349804 -72.46949   3     13     49  
447.0  07:27:00 42.35022 -72.4694   5     15     54  
447.0  07:27:01 42.35011 -72.46933   3     19     58  
447.0  07:27:10 42.350697 -72.47001   4     19     44  
447.0  07:27:19 42.350864 -72.470215   4     12     55  
447.0  07:27:30 42.350918 -72.470245   3     11     45  
447.0  07:27:50 42.351288 -72.47078   4     17     52  
448.0  07:28:00 42.35374 -72.47479   5     10     55  
448.0  07:28:00 42.35413 -72.4757   5     15     50  
448.0  07:28:08 42.354507 -72.47662   3     18     43  
448.0  07:28:18 42.355293 -72.47874   5     10     48  
448.0  07:28:32 42.356613 -72.481995   5     16     52  
448.0  07:28:43 42.356876 -72.482544   3     19     53  
448.0  07:28:51 42.356888 -72.482544   3     18     44  
449.0  07:29:00 42.357094 -72.48289   5     17     55  
449.0  07:29:00 42.35744 -72.48333   5     16     51  
449.0  07:29:08 42.35791 -72.48383   5     18     42  
449.0  07:29:19 42.359074 -72.48532   4     18     54  
449.0  07:29:29 42.36083 -72.48692   5     10     51  
449.0  07:29:40 42.36223 -72.48804   5     14     57  
449.0  07:29:48 42.362286 -72.48811   4     14     51  
449.0  07:29:57 42.362274 -72.488106   3     14     50  
450.0  07:30:00 42.362293 -72.48811   4     19     49  
450.0  07:30:06 42.362297 -72.48811   3     12     47  
450.0  07:30:14 42.36261 -72.48841   4     19     57  
450.0  07:30:23 42.3631 -72.48871   3     17     45  
450.0  07:30:33 42.363167 -72.488716   5     14     45  
450.0  07:30:41 42.36336 -72.488434   4     10     55  
450.0  07:30:50 42.363316 -72.488235   4     13     58  
450.0  07:30:58 42.363327 -72.48818   5     10     41  
451.0  07:31:00 42.363388 -72.48779   3     14     43  
451.0  07:31:06 42.363445 -72.487625   4     15     48  
451.0  07:31:15 42.364037 -72.48693   3     11     50  
451.0  07:31:25 42.36477 -72.48588   3     13     42  
451.0  07:31:33 42.365013 -72.48469   5     11     41  
451.0  07:31:42 42.364883 -72.48357   3     11     50  
451.0  07:31:50 42.364857 -72.48355   4     18     47  
451.0  07:31:58 42.36501 -72.4832   3     18     41  
452.0  07:32:00 42.365314 -72.48283   4     14     47  
452.0  07:32:07 42.365643 -72.482475   4     18     47  
452.0  07:32:17 42.36638 -72.481064   3     16     45  
452.0  07:32:26 42.367123 -72.48   5     10     49  
452.0  07:32:34 42.367756 -72.479546   3     18     47  
452.0  07:32:43 42.368042 -72.479805   5     10     55  
452.0  07:32:52 42.368565 -72.480194   5     12     54  
453.0  07:33:00 42.369423 -72.48008   4     15     53  
453.0  07:33:00 42.369823 -72.48004   4     17     59  
453.0  07:33:11 42.370434 -72.479965   5     11     42  
453.0  07:33:20 42.371193 -72.479965   5     15     47  
453.0  07:33:28 42.37233 -72.48035   5     13     53  
453.0  07:33:37 42.373318 -72.480705   3     16     41  
453.0  07:33:45 42.37444 -72.4809   3     13     43  
453.0  07:33:54 42.375546 -72.48115   5     13     56  
454.0  07:34:00 42.37624 -72.48109   3     10     41  
454.0  07:34:05 42.376232 -72.48109   4     11     56  
454.0  07:34:14 42.376186 -72.4811   5     18     56  
454.0  07:34:23 42.376297 -72.48115   5     16     58  
454.0  07:34:31 42.37636 -72.481224   5     10     42  
454.0  07:34:39 42.37651 -72.48199   5     16     51  
454.0  07:34:48 42.376495 -72.48391   4     12     43  
454.0  07:34:59 42.376434 -72.486404   3     12     42  
455.0  07:35:00 42.376583 -72.487816   4     19     59  
455.0  07:35:09 42.376717 -72.48872   4     10     52  
455.0  07:35:18 42.37673 -72.49101   4     12     58  
455.0  07:35:26 42.376915 -72.49325   3     16     47  
455.0  07:35:35 42.37687 -72.495636   3     17     46  
455.0  07:35:44 42.37695 -72.49776   3     18     47  
455.0  07:35:54 42.37683 -72.4998   5     19     51  
456.0  07:36:00 42.376305 -72.50042   4     17     48  
456.0  07:36:02 42.376423 -72.500374   3     10     49  
456.0  07:36:11 42.376163 -72.50052   4     18     40  
456.0  07:36:19 42.376072 -72.50062   5     15     47  
456.0  07:36:28 42.376244 -72.50105   5     14     48  
456.0  07:36:36 42.376213 -72.50139   3     19     51  
456.0  07:36:47 42.3763 -72.50139   4     18     56  
456.0  07:36:56 42.376404 -72.50138   3     18     50  
457.0  07:37:00 42.376373 -72.50147   4     12     41  
457.0  07:37:04 42.376373 -72.50147   4     19     45  
457.0  07:37:12 42.37618 -72.50201   4     10     51  
457.0  07:37:20 42.37581 -72.503426   4     10     45  
457.0  07:37:28 42.37553 -72.505135   5     17     50  
457.0  07:37:39 42.3756 -72.507164   4     14     49  
457.0  07:37:47 42.37571 -72.50715   4     12     47  
457.0  07:37:56 42.375748 -72.50717   5     11     50  
458.0  07:38:00 42.375786 -72.50738   5     19     57  
458.0  07:38:05 42.375786 -72.50738   3     13     46  
458.0  07:38:14 42.375847 -72.50831   5     13     52  
458.0  07:38:22 42.375877 -72.50968   5     11     46  
458.0  07:38:33 42.375843 -72.510735   4     13     46  
458.0  07:38:41 42.37583 -72.51113   5     13     59  
458.0  07:38:50 42.37599 -72.51196   5     16     55  
458.0  07:38:58 42.37599 -72.51209   5     10     53  
459.0  07:39:00 42.375977 -72.5121   3     18     50  
459.0  07:39:06 42.375965 -72.51211   4     16     55  
459.0  07:39:15 42.375935 -72.51231   4     17     45  
459.0  07:39:25 42.37592 -72.5126   4     15     42  
459.0  07:39:34 42.37591 -72.51268   5     10     44  
459.0  07:39:42 42.375942 -72.51329   5     13     59  
459.0  07:39:51 42.37591 -72.51429   4     11     59  
459.0  07:39:59 42.375816 -72.51586   4     12     47  
460.0  07:40:00 42.375782 -72.516716   5     11     57  
460.0  07:40:08 42.375786 -72.51721   3     17     57  
460.0  07:40:19 42.37575 -72.5186   3     18     42  
460.0  07:40:30 42.375687 -72.519516   3     15     43  
460.0  07:40:38 42.375767 -72.51959   5     17     50  
460.0  07:40:47 42.37578 -72.51963   3     18     55  
460.0  07:40:55 42.37577 -72.51968   3     16     55  
461.0  07:41:00 42.37577 -72.519745   4     13     49  
461.0  07:41:04 42.37577 -72.51971   5     18     51  
461.0  07:41:14 42.375866 -72.52002   4     12     49  
461.0  07:41:22 42.37673 -72.51987   4     19     43  
461.0  07:41:31 42.377346 -72.51983   3     15     50  
461.0  07:41:39 42.377453 -72.51982   4     14     43  
461.0  07:41:48 42.37744 -72.51982   3     13     43  
461.0  07:41:57 42.377464 -72.51978   5     10     48  
462.0  07:42:00 42.37749 -72.51975   3     18     55  
462.0  07:42:08 42.3775 -72.51974   5     18     48  
462.0  07:42:17 42.377686 -72.51984   3     19     45  
462.0  07:42:25 42.378105 -72.51987   3     16     56  
462.0  07:42:33 42.378693 -72.5199   5     13     56  
462.0  07:42:42 42.379444 -72.51968   5     13     52  
462.0  07:42:50 42.38058 -72.51932   4     12     58  
463.0  07:43:00 42.381805 -72.51949   3     13     57  
463.0  07:43:01 42.38162 -72.51928   5     18     41  
463.0  07:43:10 42.38208 -72.51993   4     14     43  
463.0  07:43:18 42.38299 -72.52058   5     16     43  
463.0  07:43:27 42.383953 -72.52111   4     14     41  
463.0  07:43:36 42.384995 -72.52173   5     15     59  
463.0  07:43:44 42.38592 -72.52222   5     17     41  
463.0  07:43:55 42.386433 -72.52238   3     18     52  
464.0  07:44:00 42.38723 -72.52295   3     15     44  
464.0  07:44:04 42.38715 -72.522865   4     11     56  
464.0  07:44:13 42.387707 -72.52349   3     15     44  
464.0  07:44:21 42.38777 -72.5235   5     16     42  
464.0  07:44:29 42.387775 -72.52348   3     12     48  
464.0  07:44:37 42.38777 -72.52348   4     14     49  
464.0  07:44:47 42.38779 -72.52349   5     19     47  
464.0  07:44:55 42.38782 -72.523575   3     17     50  
465.0  07:45:00 42.387905 -72.52381   3     18     40  
465.0  07:45:04 42.387875 -72.523766   3     13     49  
465.0  07:45:13 42.38833 -72.52429   4     18     43  
465.0  07:45:21 42.388943 -72.524635   5     15     53  
465.0  07:45:30 42.38977 -72.52498   5     12     49  
465.0  07:45:40 42.390804 -72.52516   5     18     52  
465.0  07:45:48 42.391487 -72.52524   5     13     42  
465.0  07:45:57 42.39152 -72.52524   3     15     52  
466.0  07:46:00 42.391544 -72.52524   4     10     43  
466.0  07:46:05 42.391544 -72.52524   5     14     42  
466.0  07:46:13 42.39167 -72.52535   5     13     44  
466.0  07:46:21 42.39238 -72.52548   5     16     41  
466.0  07:46:31 42.393394 -72.52582   5     10     49  
466.0  07:46:39 42.393856 -72.526085   5     10     55  
466.0  07:46:47 42.39394 -72.52612   5     13     41  
466.0  07:46:55 42.393955 -72.52612   4     18     40  
467.0  07:47:00 42.39397 -72.526115   4     14     51  
467.0  07:47:03 42.39397 -72.526115   5     10     55  
467.0  07:47:11 42.393948 -72.526115   5     10     55  
467.0  07:47:22 42.39395 -72.526115   5     15     56  
467.0  07:47:29 42.393955 -72.52616   4     14     43  
467.0  07:47:37 42.39418 -72.526344   3     16     47  
467.0  07:47:46 42.394814 -72.52672   4     13     46  
467.0  07:47:55 42.395107 -72.52687   4     14     43  
468.0  07:48:00 42.39514 -72.52686   5     18     57  
468.0  07:48:03 42.39513 -72.52686   3     14     47  
468.0  07:48:14 42.395126 -72.52686   4     11     59  
468.0  07:48:22 42.39509 -72.52686   3     15     52  
468.0  07:48:31 42.39506 -72.52687   3     16     53  
468.0  07:48:39 42.395103 -72.52688   3     17     44  
468.0  07:48:47 42.395145 -72.5269   5     12     40  
468.0  07:48:56 42.395756 -72.527214   3     18     42  
469.0  07:49:00 42.397057 -72.52776   3     10     55  
469.0  07:49:06 42.397522 -72.527954   5     12     48  
469.0  07:49:14 42.398674 -72.52805   4     14     40  
469.0  07:49:23 42.40013 -72.52793   3     16     42  
469.0  07:49:32 42.40203 -72.52827   5     10     55  
469.0  07:49:40 42.40355 -72.52912   4     14     44  
469.0  07:49:49 42.404648 -72.52966   5     14     50  
470.0  07:50:00 42.40648 -72.52981   3     14     57  
470.0  07:50:00 42.407368 -72.530045   3     10     52  
470.0  07:50:09 42.40792 -72.5302   4     18     58  
470.0  07:50:17 42.40956 -72.53071   3     19     41  
470.0  07:50:25 42.409935 -72.53087   5     16     42  
470.0  07:50:33 42.40988 -72.53092   3     13     53  
470.0  07:50:41 42.409893 -72.53091   5     14     52  
470.0  07:50:51 42.409893 -72.53093   3     15     51  
470.0  07:50:59 42.409946 -72.530945   5     16     54  
471.0  07:51:00 42.41017 -72.53098   3     13     56  
471.0  07:51:07 42.410526 -72.53115   5     19     52  
471.0  07:51:15 42.411556 -72.531456   5     13     50  
471.0  07:51:24 42.412865 -72.53179   3     17     55  
471.0  07:51:32 42.414318 -72.53229   4     19     45  
471.0  07:51:42 42.416077 -72.533295   3     16     42  
471.0  07:51:50 42.417515 -72.53414   4     18     58  
471.0  07:51:59 42.41913 -72.53509   4     14     46  
472.0  07:52:00 42.419983 -72.53561   3     19     54  
472.0  07:52:07 42.420513 -72.53592   3     13     54  
472.0  07:52:22 42.421955 -72.53709   4     12     43  
472.0  07:52:33 42.422737 -72.537544   4     13     42  
472.0  07:52:42 42.42407 -72.53812   3     12     50  
472.0  07:52:51 42.425613 -72.53907   4     16     44  
472.0  07:52:59 42.42717 -72.5401   4     14     55  
473.0  07:53:00 42.427834 -72.54059   5     17     58  
473.0  07:53:07 42.428497 -72.54109   5     17     56  
473.0  07:53:16 42.429775 -72.54219   4     10     41  
473.0  07:53:26 42.431347 -72.5436   5     15     46  
473.0  07:53:35 42.43265 -72.54468   3     13     48  
473.0  07:53:43 42.434166 -72.54569   5     12     55  
473.0  07:53:51 42.435867 -72.54651   4     13     42  
474.0  07:54:00 42.43807 -72.54766   3     19     51  
474.0  07:54:01 42.437336 -72.54724   5     12     46  
474.0  07:54:09 42.438953 -72.54825   5     10     47  
474.0  07:54:19 42.440582 -72.5496   5     13     58  
474.0  07:54:28 42.441944 -72.55102   3     10     49  
474.0  07:54:36 42.4431 -72.55232   3     16     57  
474.0  07:54:44 42.444416 -72.55338   3     12     51  
474.0  07:54:53 42.445965 -72.5544   5     15     41  
475.0  07:55:00 42.447662 -72.55606   5     14     52  
475.0  07:55:01 42.4474 -72.555725   3     11     46  
475.0  07:55:12 42.4485 -72.55752   4     16     55  
475.0  07:55:21 42.449295 -72.55921   3     11     46  
475.0  07:55:29 42.450104 -72.56061   5     16     45  
475.0  07:55:38 42.451138 -72.56209   5     16     54  
475.0  07:55:46 42.451965 -72.56332   4     11     46  
475.0  07:55:57 42.452305 -72.56367   4     12     41  
476.0  07:56:00 42.452312 -72.56366   5     16     48  
476.0  07:56:08 42.452354 -72.56374   4     11     52  
476.0  07:56:16 42.45266 -72.56428   4     11     57  
476.0  07:56:24 42.452908 -72.564674   5     14     56  
476.0  07:56:33 42.453377 -72.565346   3     14     50  
476.0  07:56:41 42.45447 -72.56641   3     16     45  
476.0  07:56:50 42.45585 -72.5677   5     18     45  
477.0  07:57:00 42.457424 -72.56924   4     19     57  
477.0  07:57:00 42.45807 -72.56984   4     15     42  
477.0  07:57:09 42.458878 -72.5706   5     15     40  
477.0  07:57:18 42.460323 -72.57188   4     19     48  
477.0  07:57:33 42.46208 -72.57296   5     17     52  
477.0  07:57:45 42.463997 -72.57416   5     15     51  
477.0  07:57:57 42.465645 -72.57645   3     10     50  
478.0  07:58:00 42.46615 -72.57768   5     17     51  
478.0  07:58:06 42.46619 -72.57786   5     17     48  
478.0  07:58:14 42.466408 -72.57893   3     14     40  
478.0  07:58:23 42.466557 -72.57983   4     13     43  
478.0  07:58:32 42.46674 -72.58147   4     17     44  
478.0  07:58:41 42.467094 -72.58304   3     13     59  
478.0  07:58:52 42.46771 -72.58511   4     10     58  
479.0  07:59:00 42.468277 -72.587105   3     19     53  
479.0  07:59:01 42.468105 -72.58655   3     14     57  
479.0  07:59:09 42.468426 -72.58778   3     14     57  
479.0  07:59:18 42.468304 -72.58934   3     11     57  
479.0  07:59:26 42.467823 -72.59127   4     11     42  
479.0  07:59:35 42.467567 -72.59285   4     10     59  
479.0  07:59:46 42.46738 -72.59419   3     10     57  
479.0  07:59:55 42.46755 -72.59481   3     15     46  
480.0  08:00:00 42.468273 -72.59579   5     19     58  
480.0  08:00:21 42.468178 -72.59569   5     10     52  
480.0  08:00:23 42.468178 -72.59569   4     14     51  
480.0  08:00:38 42.471405 -72.59985   5     13     56  
480.0  08:00:56 42.472668 -72.601494   3     15     52  
481.0  08:01:00 42.47292 -72.6019   5     17     42  
481.0  08:01:29 42.4735 -72.60269   3     10     55  
481.0  08:01:49 42.4768 -72.607254   5     11     48  
482.0  08:02:00 42.477146 -72.60754   5     18     40  
482.0  08:02:03 42.47715 -72.607544   4     17     55  
482.0  08:02:17 42.47715 -72.60754   3     14     44  
482.0  08:02:25 42.47712 -72.60753   3     19     40  
482.0  08:02:34 42.47711 -72.60752   5     15     47  
482.0  08:02:42 42.477123 -72.60753   5     16     54  
482.0  08:02:58 42.47712 -72.60754   5     12     41  
483.0  08:03:00 42.47711 -72.60753   4     12     43  
483.0  08:03:09 42.477123 -72.60753   3     13     55  
483.0  08:03:18 42.47715 -72.60753   3     18     58  
483.0  08:03:27 42.477203 -72.60753   4     19     58  
483.0  08:03:36 42.477222 -72.60753   4     10     43  
483.0  08:03:44 42.477184 -72.60753   4     18     54  
484.0  08:04:00 42.47715 -72.60753   4     10     58  
484.0  08:04:00 42.477085 -72.60753   5     12     57  
484.0  08:04:21 42.477016 -72.60753   5     18     45  
484.0  08:04:30 42.47709 -72.6075   4     12     40  
485.0  08:05:00 42.477196 -72.60749   5     13     57  
486.0  08:06:00 42.47713 -72.60751   5     10     59  
486.0  08:06:17 42.477116 -72.60754   4     11     44  
486.0  08:06:34 42.477608 -72.6078   5     10     47  
486.0  08:06:58 42.477726 -72.60806   4     16     50  
487.0  08:07:00 42.477173 -72.60806   4     17     41  
487.0  08:07:11 42.47709 -72.60789   5     15     54  
487.0  08:07:21 42.476112 -72.60649   5     14     52  
487.0  08:07:34 42.475113 -72.605095   5     13     55  
487.0  08:07:55 42.47307 -72.60223   5     19     45  
488.0  08:08:00 42.471222 -72.59972   3     13     55  
488.0  08:08:40 42.467575 -72.594925   4     11     53  
488.0  08:08:50 42.467472 -72.5948   5     16     41  
489.0  08:09:00 42.46722 -72.59438   4     10     56  
489.0  08:09:00 42.46729 -72.59393   5     17     56  
489.0  08:09:09 42.467403 -72.59325   5     16     53  
489.0  08:09:17 42.467693 -72.59159   5     17     49  
489.0  08:09:32 42.46813 -72.589775   3     10     49  
489.0  08:09:41 42.46806 -72.586334   4     13     55  
489.0  08:09:52 42.467587 -72.58474   5     19     59  
490.0  08:10:00 42.467083 -72.58311   5     17     40  
490.0  08:10:01 42.46723 -72.5836   5     18     42  
490.0  08:10:11 42.46678 -72.58207   5     16     49  
490.0  08:10:20 42.46653 -72.58066   3     14     47  
490.0  08:10:30 42.466446 -72.579956   5     10     56  
490.0  08:10:39 42.466312 -72.57908   4     10     49  
490.0  08:10:53 42.46574 -72.576836   3     10     50  
491.0  08:11:00 42.465267 -72.575905   5     10     53  
491.0  08:11:02 42.465263 -72.575905   3     11     44  
491.0  08:11:10 42.465275 -72.57591   3     16     57  
491.0  08:11:20 42.46512 -72.5756   3     15     41  
491.0  08:11:28 42.46439 -72.57461   3     15     41  
491.0  08:11:37 42.463264 -72.57366   5     16     45  
491.0  08:11:48 42.46114 -72.57246   4     18     44  
491.0  08:11:57 42.459766 -72.57147   4     10     40  
492.0  08:12:00 42.458496 -72.57029   5     12     44  
492.0  08:12:05 42.45834 -72.57014   4     10     51  
492.0  08:12:13 42.45708 -72.568924   3     18     43  
492.0  08:12:21 42.455654 -72.567566   5     15     54  
492.0  08:12:31 42.4544 -72.566414   4     18     47  
492.0  08:12:44 42.452686 -72.564445   5     19     41  
492.0  08:12:53 42.451633 -72.562935   3     13     51  
493.0  08:13:00 42.451496 -72.56278   4     15     50  
493.0  08:13:01 42.45149 -72.56277   5     14     58  
493.0  08:13:09 42.451504 -72.56279   3     12     44  
493.0  08:13:18 42.451508 -72.56279   5     15     50  
493.0  08:13:27 42.45129 -72.562386   4     18     44  
493.0  08:13:38 42.45039 -72.56109   3     18     45  
493.0  08:13:47 42.449406 -72.559555   3     11     45  
493.0  08:13:56 42.448425 -72.557686   3     14     55  
494.0  08:14:00 42.447567 -72.55607   3     18     59  
494.0  08:14:05 42.44745 -72.55587   3     12     58  
494.0  08:14:13 42.446068 -72.55444   3     16     51  
494.0  08:14:21 42.44466 -72.55356   5     16     54  
494.0  08:14:32 42.443153 -72.55244   3     17     50  
494.0  08:14:40 42.44178 -72.55101   4     18     49  
494.0  08:14:49 42.44042 -72.549576   4     18     59  
494.0  08:14:58 42.438946 -72.54835   4     17     51  
495.0  08:15:00 42.437916 -72.54764   5     18     45  
495.0  08:15:07 42.437572 -72.547424   5     16     57  
495.0  08:15:15 42.435944 -72.54658   5     11     43  
495.0  08:15:26 42.433956 -72.54555   5     10     54  
495.0  08:15:34 42.432564 -72.54463   3     15     46  
495.0  08:15:43 42.431248 -72.54353   3     13     55  
495.0  08:15:51 42.42981 -72.542274   3     13     40  
495.0  08:15:59 42.428505 -72.541176   3     11     41  
496.0  08:16:00 42.427666 -72.540535   3     17     53  
496.0  08:16:08 42.426983 -72.540054   5     11     56  
496.0  08:16:19 42.42526 -72.53892   5     14     50  
496.0  08:16:28 42.423645 -72.538   3     19     54  
496.0  08:16:36 42.422245 -72.537415   5     14     47  
496.0  08:16:45 42.421543 -72.53713   3     11     52  
496.0  08:16:54 42.421375 -72.53653   4     14     55  
497.0  08:17:00 42.42022 -72.535835   5     12     45  
497.0  08:17:02 42.420475 -72.535995   3     18     48  
497.0  08:17:13 42.41896 -72.535095   4     17     54  
497.0  08:17:21 42.41776 -72.53436   3     11     53  
497.0  08:17:30 42.416374 -72.53354   4     12     45  
497.0  08:17:38 42.415207 -72.532845   4     10     54  
497.0  08:17:47 42.413902 -72.53212   4     11     44  
497.0  08:17:55 42.41257 -72.53172   3     16     54  
498.0  08:18:00 42.41116 -72.53135   3     18     53  
498.0  08:18:06 42.41088 -72.53127   5     11     43  
498.0  08:18:15 42.409782 -72.53096   3     17     52  
498.0  08:18:24 42.40874 -72.53061   4     14     40  
498.0  08:18:33 42.4075 -72.530205   5     19     40  
498.0  08:18:41 42.405815 -72.5298   5     14     53  
498.0  08:18:50 42.4042 -72.52967   5     18     52  
499.0  08:19:00 42.40214 -72.52843   3     10     40  
499.0  08:19:02 42.402607 -72.52871   5     10     59  
499.0  08:19:11 42.400955 -72.527954   3     12     58  
499.0  08:19:20 42.399654 -72.52801   4     15     59  
499.0  08:19:28 42.398483 -72.52811   5     15     52  
499.0  08:19:37 42.39756 -72.52805   3     16     40  
499.0  08:19:46 42.396786 -72.52775   5     17     53  
499.0  08:19:56 42.39594 -72.527374   3     19     46  
500.0  08:20:00 42.39577 -72.527306   4     13     44  
500.0  08:20:05 42.39577 -72.527306   5     17     41  
500.0  08:20:14 42.39566 -72.52723   5     15     40  
500.0  08:20:22 42.39522 -72.527016   3     11     40  
500.0  08:20:31 42.394688 -72.52673   4     16     48  
500.0  08:20:39 42.39445 -72.52661   4     17     52  
500.0  08:20:50 42.394043 -72.52639   3     17     41  
500.0  08:20:59 42.39359 -72.52612   4     12     46  
501.0  08:21:00 42.39346 -72.52609   3     10     49  
501.0  08:21:07 42.393463 -72.52608   3     15     40  
501.0  08:21:15 42.393467 -72.52605   3     13     45  
501.0  08:21:24 42.393436 -72.526024   3     12     42  
501.0  08:21:32 42.39335 -72.52594   5     13     41  
501.0  08:21:43 42.392506 -72.525635   4     13     51  
501.0  08:21:51 42.391777 -72.525406   5     12     50  
502.0  08:22:00 42.391125 -72.525276   4     13     40  
502.0  08:22:00 42.391 -72.52529   4     18     41  
502.0  08:22:08 42.390995 -72.52529   4     16     48  
502.0  08:22:16 42.39099 -72.52527   5     11     55  
502.0  08:22:25 42.39099 -72.525276   5     18     47  
502.0  08:22:36 42.39076 -72.525185   3     19     42  
502.0  08:22:44 42.38988 -72.524994   3     10     58  
502.0  08:22:53 42.38909 -72.52472   4     15     44  
503.0  08:23:00 42.388035 -72.52412   5     16     41  
503.0  08:23:01 42.38826 -72.52428   5     18     48  
503.0  08:23:09 42.3879 -72.52401   5     14     47  
503.0  08:23:17 42.38791 -72.52401   4     17     57  
503.0  08:23:27 42.387913 -72.52402   5     13     49  
503.0  08:23:35 42.38789 -72.52393   3     15     42  
503.0  08:23:43 42.387573 -72.52354   3     15     46  
503.0  08:23:51 42.387226 -72.523056   3     17     43  
503.0  08:23:59 42.38677 -72.522575   3     12     51  
504.0  08:24:00 42.38635 -72.52245   4     13     51  
504.0  08:24:07 42.38614 -72.52252   5     15     45  
504.0  08:24:17 42.386086 -72.52312   3     13     56  
504.0  08:24:26 42.3859 -72.524284   3     17     51  
504.0  08:24:34 42.385685 -72.52515   3     19     41  
504.0  08:24:43 42.385384 -72.52631   4     17     44  
504.0  08:24:51 42.385113 -72.52751   4     16     51  
505.0  08:25:00 42.384853 -72.52878   5     18     45  
505.0  08:25:00 42.38494 -72.52961   4     16     42  
505.0  08:25:11 42.3851 -72.530495   3     12     40  
505.0  08:25:19 42.385197 -72.53086   3     11     42  
505.0  08:25:27 42.3852 -72.53086   4     11     53  
505.0  08:25:36 42.385197 -72.530846   4     17     48  
505.0  08:25:43 42.385418 -72.53093   4     16     59  
505.0  08:25:52 42.386036 -72.53103   3     19     43  
506.0  08:26:00 42.387455 -72.53158   5     19     42  
506.0  08:26:01 42.38723 -72.53148   5     15     51  
506.0  08:26:10 42.387978 -72.531784   4     14     56  
506.0  08:26:17 42.388832 -72.53216   5     16     40  
506.0  08:26:25 42.389606 -72.532486   3     13     43  
506.0  08:26:33 42.390026 -72.53266   4     19     52  
506.0  08:26:42 42.390427 -72.53283   5     12     40  
506.0  08:26:52 42.39112 -72.53311   4     14     53  
507.0  08:27:00 42.391777 -72.53339   4     18     48  
507.0  08:27:00 42.392124 -72.53355   5     10     52  
507.0  08:27:09 42.392456 -72.5337   5     11     59  
507.0  08:27:17 42.392776 -72.533394   4     13     58  
507.0  08:27:25 42.393112 -72.53271   5     16     41  
507.0  08:27:34 42.393383 -72.532455   3     11     41  
507.0  08:27:45 42.39349 -72.53252   5     13     54  
507.0  08:27:54 42.393497 -72.532524   3     15     51  
508.0  08:28:00 42.39382 -72.53271   4     12     55  
508.0  08:28:02 42.393734 -72.53267   3     19     51  
508.0  08:28:10 42.39417 -72.53285   4     13     52  
508.0  08:28:19 42.39466 -72.533035   5     11     42  
508.0  08:28:28 42.394993 -72.53324   5     19     44  
508.0  08:28:38 42.394733 -72.53328   5     19     43  
508.0  08:28:47 42.39462 -72.53306   5     16     54  
508.0  08:28:55 42.394104 -72.532845   3     17     51  
509.0  08:29:00 42.39395 -72.53272   4     14     52  
509.0  08:29:03 42.393955 -72.53272   5     17     45  
509.0  08:29:11 42.39395 -72.53274   4     10     52  
509.0  08:29:20 42.39396 -72.53272   4     10     45  
509.0  08:29:31 42.393963 -72.53271   4     13     40  
509.0  08:29:40 42.393963 -72.5327   5     11     44  
509.0  08:29:48 42.393955 -72.53271   3     10     57  
509.0  08:29:57 42.393944 -72.53269   5     18     41  
522.0  08:42:06 42.393936 -72.53269   5     17     48  
522.0  08:42:19 42.393963 -72.53271   5     13     55  
522.0  08:42:32 42.393936 -72.53268   3     17     58  
522.0  08:42:44 42.39395 -72.53271   5     15     47  
534.0  08:54:06 42.393936 -72.53273   5     10     53  
534.0  08:54:19 42.393925 -72.5327   5     15     48  
534.0  08:54:32 42.393917 -72.53268   5     11     49  
534.0  08:54:44 42.393906 -72.53271   3     11     45  
535.0  08:55:40 42.392998 -72.53293   5     16     46  
535.0  08:55:51 42.39275 -72.53372   5     16     52  
535.0  08:55:59 42.3926 -72.5339   5     17     44  
536.0  08:56:00 42.392326 -72.53375   5     15     54  
536.0  08:56:07 42.392075 -72.53363   5     18     42  
536.0  08:56:16 42.3913 -72.53332   3     14     44  
536.0  08:56:24 42.390507 -72.53303   3     10     51  
536.0  08:56:32 42.38973 -72.5327   3     15     41  
536.0  08:56:44 42.38861 -72.53223   3     18     52  
536.0  08:56:52 42.38755 -72.53177   5     10     49  
537.0  08:57:00 42.38657 -72.5314   5     11     56  
537.0  08:57:01 42.386723 -72.53143   3     11     54  
537.0  08:57:09 42.3865 -72.53137   3     19     59  
537.0  08:57:17 42.38589 -72.53112   5     19     59  
537.0  08:57:26 42.385185 -72.531075   5     10     59  
537.0  08:57:36 42.3851 -72.53185   3     19     47  
537.0  08:57:45 42.384758 -72.533035   5     14     58  
537.0  08:57:54 42.384274 -72.53454   5     10     52  
538.0  08:58:00 42.384052 -72.536804   4     18     58  
538.0  08:58:02 42.384037 -72.53636   5     16     59  
538.0  08:58:11 42.38414 -72.53806   4     15     48  
538.0  08:58:18 42.38423 -72.53899   5     10     53  
538.0  08:58:28 42.384064 -72.53913   4     19     42  
538.0  08:58:37 42.38328 -72.53917   4     15     47  
538.0  08:58:45 42.382484 -72.53977   4     13     55  
538.0  08:58:54 42.38291 -72.54068   3     19     46  
539.0  08:59:00 42.38456 -72.540665   5     16     56  
539.0  08:59:02 42.384373 -72.54068   3     16     48  
539.0  08:59:10 42.385914 -72.540504   3     14     43  
539.0  08:59:21 42.388054 -72.54025   4     13     58  
539.0  08:59:30 42.3896 -72.54017   5     16     42  
539.0  08:59:39 42.39134 -72.54009   3     12     43  
539.0  08:59:47 42.39304 -72.53989   4     10     50  
539.0  08:59:56 42.394547 -72.539696   3     10     40  
540.0  09:00:00 42.396088 -72.539505   5     13     58  
540.0  09:00:04 42.39628 -72.53948   4     17     59  
540.0  09:00:15 42.39821 -72.53919   5     15     46  
540.0  09:00:23 42.39993 -72.53902   3     14     48  
540.0  09:00:32 42.40144 -72.538826   3     18     56  
540.0  09:00:41 42.403156 -72.53862   4     12     44  
540.0  09:00:49 42.404873 -72.538414   5     18     42  
540.0  09:00:58 42.40641 -72.53822   4     18     56  
541.0  09:01:00 42.407494 -72.53807   3     17     49  
541.0  09:01:08 42.40827 -72.53794   3     10     58  
541.0  09:01:17 42.409065 -72.53752   5     12     59  
541.0  09:01:25 42.4094 -72.536255   3     13     55  
541.0  09:01:34 42.409515 -72.53509   4     18     58  
541.0  09:01:42 42.409626 -72.53394   3     16     55  
541.0  09:01:50 42.40965 -72.533394   5     17     45  
542.0  09:02:00 42.409653 -72.53339   3     14     57  
542.0  09:02:01 42.409653 -72.53339   5     12     51  
542.0  09:02:09 42.409653 -72.53339   4     17     43  
542.0  09:02:17 42.409664 -72.53331   5     12     58  
542.0  09:02:25 42.40974 -72.53259   3     11     46  
542.0  09:02:34 42.409847 -72.53161   4     13     45  
542.0  09:02:42 42.40988 -72.531364   3     18     58  
542.0  09:02:54 42.40988 -72.53134   3     17     44  
543.0  09:03:00 42.409893 -72.53128   5     13     40  
543.0  09:03:03 42.40989 -72.53128   3     16     59  
543.0  09:03:12 42.40989 -72.531265   5     15     55  
543.0  09:03:20 42.40991 -72.53116   5     14     41  
543.0  09:03:28 42.409782 -72.5309   4     18     58  
543.0  09:03:36 42.409103 -72.5307   3     19     41  
543.0  09:03:47 42.407677 -72.53025   5     12     47  
543.0  09:03:55 42.40664 -72.52996   3     19     59  
544.0  09:04:00 42.406322 -72.53004   4     14     45  
544.0  09:04:03 42.406322 -72.53004   3     19     59  
544.0  09:04:11 42.406353 -72.530594   4     16     57  
544.0  09:04:19 42.406403 -72.53117   4     11     53  
544.0  09:04:27 42.406303 -72.53155   3     11     58  
544.0  09:04:37 42.406155 -72.53199   4     18     54  
544.0  09:04:46 42.4061 -72.532326   4     12     42  
544.0  09:04:55 42.405907 -72.53254   3     13     53  
545.0  09:05:00 42.405785 -72.532524   4     11     53  
545.0  09:05:03 42.40579 -72.53252   4     10     46  
545.0  09:05:11 42.405754 -72.53255   3     13     53  
545.0  09:05:19 42.405773 -72.53255   4     14     55  
545.0  09:05:29 42.405777 -72.53254   4     18     45  
545.0  09:05:37 42.405777 -72.532486   4     15     46  
545.0  09:05:46 42.405773 -72.53248   5     19     56  
545.0  09:05:54 42.405785 -72.53249   4     12     42  
546.0  09:06:00 42.40576 -72.53252   5     16     45  
546.0  09:06:03 42.40576 -72.53252   4     10     52  
546.0  09:06:11 42.405754 -72.53254   4     10     55  
546.0  09:06:23 42.405773 -72.532555   3     18     58  
546.0  09:06:32 42.405735 -72.53256   3     11     47  
546.0  09:06:40 42.40571 -72.532524   4     10     59  
546.0  09:06:49 42.405712 -72.53248   4     14     50  
546.0  09:06:57 42.405758 -72.53249   3     15     53  
547.0  09:07:00 42.40576 -72.53251   4     10     42  
547.0  09:07:06 42.405777 -72.53252   3     17     55  
547.0  09:07:16 42.405815 -72.53249   4     12     48  
547.0  09:07:25 42.405807 -72.532524   5     17     55  
547.0  09:07:34 42.4058 -72.532524   3     10     54  
547.0  09:07:43 42.40579 -72.53252   5     14     43  
547.0  09:07:52 42.40581 -72.53246   4     13     49  
548.0  09:08:00 42.40576 -72.532455   3     12     45  
548.0  09:08:00 42.405613 -72.53243   5     13     52  
548.0  09:08:11 42.405445 -72.5324   3     15     55  
548.0  09:08:20 42.405388 -72.53241   4     15     51  
548.0  09:08:28 42.405342 -72.532425   3     14     53  
548.0  09:08:37 42.405197 -72.53238   3     17     50  
548.0  09:08:45 42.40495 -72.53236   3     17     40  
548.0  09:08:54 42.404858 -72.53207   4     12     52  
549.0  09:09:00 42.404877 -72.531525   3     14     57  
549.0  09:09:05 42.404877 -72.531456   3     12     48  
549.0  09:09:14 42.404964 -72.530846   3     15     58  
549.0  09:09:22 42.40498 -72.53075   5     17     43  
549.0  09:09:31 42.404976 -72.53074   3     16     47  
549.0  09:09:40 42.404976 -72.53074   4     18     58  
549.0  09:09:48 42.404984 -72.53073   4     19     55  
549.0  09:09:59 42.405067 -72.53028   4     11     41  
550.0  09:10:00 42.40506 -72.529976   5     18     42  
550.0  09:10:07 42.405056 -72.52983   5     12     44  
550.0  09:10:15 42.40498 -72.529686   4     19     43  
550.0  09:10:24 42.404396 -72.52965   4     15     52  
550.0  09:10:31 42.403645 -72.5294   3     16     50  
550.0  09:10:39 42.40334 -72.52919   5     17     54  
550.0  09:10:50 42.40322 -72.52912   4     10     49  
550.0  09:10:59 42.402855 -72.52877   4     13     47  
551.0  09:11:00 42.402367 -72.52845   3     16     52  
551.0  09:11:07 42.402077 -72.52832   4     17     41  
551.0  09:11:16 42.400967 -72.52793   3     10     52  
551.0  09:11:24 42.39998 -72.52792   5     10     50  
551.0  09:11:33 42.398846 -72.52808   4     10     49  
551.0  09:11:45 42.398273 -72.528145   4     17     40  
551.0  09:11:53 42.39821 -72.52817   5     14     42  
552.0  09:12:00 42.398197 -72.52816   5     18     41  
552.0  09:12:02 42.398212 -72.52817   5     19     56  
552.0  09:12:10 42.39793 -72.52814   3     19     49  
552.0  09:12:18 42.397545 -72.528015   4     15     48  
552.0  09:12:25 42.39736 -72.52797   5     14     43  
552.0  09:12:36 42.397137 -72.52786   5     15     43  
552.0  09:12:44 42.396744 -72.52768   3     15     41  
552.0  09:12:52 42.396442 -72.52756   5     12     41  
553.0  09:13:00 42.396317 -72.52754   5     19     50  
553.0  09:13:01 42.396328 -72.52754   4     12     58  
553.0  09:13:10 42.39628 -72.527565   5     12     48  
553.0  09:13:18 42.39627 -72.52757   3     17     53  
553.0  09:13:28 42.396233 -72.52757   3     13     58  
553.0  09:13:37 42.39623 -72.52758   4     13     40  
553.0  09:13:45 42.39611 -72.52751   4     15     44  
553.0  09:13:53 42.395695 -72.527275   4     10     43  
554.0  09:14:00 42.39547 -72.52721   5     19     54  
554.0  09:14:01 42.39549 -72.52719   3     19     55  
554.0  09:14:09 42.39543 -72.52719   4     11     41  
554.0  09:14:19 42.395367 -72.527145   3     10     52  
554.0  09:14:28 42.395382 -72.52713   3     16     44  
554.0  09:14:37 42.395386 -72.52709   5     10     47  
554.0  09:14:45 42.39537 -72.52707   5     18     41  
554.0  09:14:54 42.395195 -72.52699   4     13     51  
555.0  09:15:00 42.394577 -72.52667   3     11     53  
555.0  09:15:03 42.394695 -72.52674   5     17     49  
555.0  09:15:13 42.394314 -72.52653   3     11     56  
555.0  09:15:22 42.394073 -72.52638   3     13     44  
555.0  09:15:31 42.393887 -72.52627   5     11     40  
555.0  09:15:39 42.39365 -72.52614   4     12     42  
555.0  09:15:48 42.39365 -72.5261   3     11     41  
555.0  09:15:56 42.393673 -72.5261   3     12     49  
556.0  09:16:00 42.393635 -72.52611   4     19     57  
556.0  09:16:06 42.3936 -72.5261   3     10     56  
556.0  09:16:15 42.393425 -72.526054   3     16     53  
556.0  09:16:23 42.393375 -72.526054   3     16     48  
556.0  09:16:32 42.393356 -72.52604   5     11     41  
556.0  09:16:41 42.393364 -72.52603   4     10     44  
556.0  09:16:49 42.393364 -72.52605   5     10     42  
557.0  09:17:00 42.393364 -72.52604   3     11     46  
557.0  09:17:00 42.39336 -72.52603   4     12     41  
557.0  09:17:08 42.393353 -72.52603   3     12     54  
557.0  09:17:17 42.393368 -72.526024   5     10     56  
557.0  09:17:25 42.39337 -72.52603   4     19     59  
557.0  09:17:34 42.393364 -72.52598   3     12     57  
557.0  09:17:42 42.393375 -72.52601   3     12     40  
557.0  09:17:52 42.393356 -72.52596   5     15     40  
558.0  09:18:00 42.392796 -72.52571   5     10     47  
558.0  09:18:01 42.39303 -72.5258   4     12     41  
558.0  09:18:09 42.39233 -72.52552   3     18     47  
558.0  09:18:18 42.391766 -72.52531   5     18     52  
558.0  09:18:27 42.391205 -72.525215   5     15     40  
558.0  09:18:35 42.39088 -72.525276   3     19     51  
558.0  09:18:47 42.390858 -72.52529   3     17     56  
558.0  09:18:56 42.390858 -72.52527   5     19     43  
559.0  09:19:00 42.390865 -72.52526   4     19     56  
559.0  09:19:05 42.390865 -72.52526   3     13     44  
559.0  09:19:13 42.390854 -72.52528   3     18     44  
559.0  09:19:22 42.39062 -72.5252   4     17     54  
559.0  09:19:30 42.389935 -72.52502   5     19     47  
559.0  09:19:41 42.38925 -72.52475   4     19     53  
559.0  09:19:49 42.388844 -72.52458   5     17     56  
559.0  09:19:58 42.38881 -72.52458   4     10     59  
560.0  09:20:00 42.388805 -72.52458   5     11     50  
560.0  09:20:06 42.3888 -72.52458   4     18     57  
560.0  09:20:15 42.38878 -72.524574   4     16     54  
560.0  09:20:23 42.38869 -72.52453   5     16     57  
560.0  09:20:34 42.388515 -72.52444   3     10     59  
560.0  09:20:43 42.388035 -72.52409   3     15     42  
560.0  09:20:51 42.38777 -72.52386   4     15     40  
561.0  09:21:00 42.387768 -72.52387   3     16     47  
561.0  09:21:00 42.387768 -72.52388   4     15     53  
561.0  09:21:08 42.38777 -72.52388   4     15     59  
561.0  09:21:17 42.38777 -72.523895   4     10     45  
561.0  09:21:27 42.387794 -72.523895   4     10     43  
561.0  09:21:36 42.38772 -72.52368   5     11     47  
561.0  09:21:45 42.38721 -72.52301   5     15     55  
561.0  09:21:53 42.386635 -72.52248   3     17     47  
562.0  09:22:00 42.38608 -72.52253   5     12     58  
562.0  09:22:01 42.38612 -72.52251   3     14     54  
562.0  09:22:09 42.38613 -72.52253   4     16     41  
562.0  09:22:21 42.38613 -72.52253   5     11     50  
562.0  09:22:35 42.386124 -72.52321   4     14     53  
562.0  09:22:43 42.38591 -72.52417   4     11     41  
562.0  09:22:52 42.385887 -72.524445   3     17     48  
563.0  09:23:00 42.38584 -72.52461   4     19     47  
563.0  09:23:00 42.38579 -72.524765   3     12     45  
563.0  09:23:08 42.385742 -72.524925   4     10     50  
563.0  09:23:16 42.385723 -72.52496   3     15     50  
563.0  09:23:28 42.385708 -72.524994   5     16     48  
563.0  09:23:36 42.385696 -72.525   5     14     57  
563.0  09:23:44 42.385777 -72.52524   3     14     53  
563.0  09:23:52 42.386265 -72.52539   5     11     42  
564.0  09:24:00 42.38653 -72.52552   5     10     50  
564.0  09:24:00 42.38674 -72.52561   5     10     54  
564.0  09:24:08 42.387016 -72.52572   4     17     58  
564.0  09:24:19 42.387306 -72.52631   3     17     55  
564.0  09:24:28 42.387054 -72.52659   5     15     46  
564.0  09:24:37 42.386993 -72.52666   4     16     59  
564.0  09:24:46 42.386726 -72.52656   4     17     44  
564.0  09:24:55 42.38624 -72.52623   5     17     49  
565.0  09:25:00 42.385696 -72.525955   4     12     45  
565.0  09:25:03 42.38573 -72.52597   3     13     40  
565.0  09:25:15 42.385593 -72.5259   5     11     45  
565.0  09:25:23 42.38545 -72.52624   3     14     49  
565.0  09:25:32 42.38519 -72.527336   3     17     52  
565.0  09:25:40 42.385094 -72.52767   5     16     45  
565.0  09:25:49 42.385082 -72.52775   3     10     45  
565.0  09:25:58 42.38508 -72.527756   4     18     43  
566.0  09:26:00 42.38508 -72.527756   5     16     56  
566.0  09:26:09 42.385075 -72.52776   5     14     42  
566.0  09:26:18 42.385067 -72.52782   3     18     44  
566.0  09:26:27 42.385036 -72.52792   3     16     51  
566.0  09:26:36 42.38502 -72.52804   4     18     47  
566.0  09:26:45 42.384995 -72.52812   5     17     55  
566.0  09:26:54 42.38497 -72.52834   4     17     57  
567.0  09:27:00 42.384933 -72.528435   4     12     56  
567.0  09:27:04 42.384933 -72.528435   3     17     55  
567.0  09:27:12 42.38494 -72.52843   3     12     53  
567.0  09:27:21 42.384907 -72.52845   4     19     40  
567.0  09:27:31 42.38491 -72.52907   5     11     56  
567.0  09:27:42 42.385025 -72.52959   5     12     44  
567.0  09:27:51 42.38501 -72.529465   5     19     49  
568.0  09:28:00 42.384995 -72.52956   4     14     46  
568.0  09:28:01 42.384983 -72.529495   4     14     44  
568.0  09:28:10 42.38505 -72.52986   3     13     45  
568.0  09:28:18 42.385174 -72.53049   5     16     47  
568.0  09:28:27 42.38537 -72.53094   3     11     50  
568.0  09:28:36 42.386112 -72.53105   3     19     57  
568.0  09:28:44 42.3872 -72.53148   4     16     48  
568.0  09:28:55 42.3882 -72.5319   5     17     59  
569.0  09:29:00 42.38908 -72.532265   3     16     57  
569.0  09:29:04 42.38908 -72.532265   4     14     41  
569.0  09:29:12 42.389805 -72.53258   4     10     40  
569.0  09:29:21 42.390656 -72.53293   5     12     58  
569.0  09:29:29 42.391243 -72.533165   4     18     52  
569.0  09:29:38 42.391747 -72.53338   4     13     45  
569.0  09:29:48 42.39244 -72.53367   5     13     50  
569.0  09:29:56 42.392708 -72.533676   5     17     53  
570.0  09:30:00 42.392902 -72.53308   4     17     42  
570.0  09:30:04 42.392956 -72.53299   5     10     51  
570.0  09:30:13 42.393303 -72.53244   5     11     59  
570.0  09:30:22 42.393513 -72.53273   5     16     52  
570.0  09:30:30 42.39344 -72.53313   4     16     42  
570.0  09:30:41 42.39365 -72.53306   3     19     53  
570.0  09:30:50 42.39368 -72.53289   4     17     47  
570.0  09:30:58 42.393684 -72.532875   3     11     53  
571.0  09:31:00 42.39369 -72.53287   4     10     42  
571.0  09:31:08 42.39369 -72.53287   3     19     57  
571.0  09:31:16 42.393677 -72.53285   4     17     46  
571.0  09:31:24 42.393684 -72.53286   4     16     45  
571.0  09:31:34 42.3937 -72.53287   4     19     43  
571.0  09:31:43 42.39369 -72.53285   4     18     50  
642.0  10:42:58 42.393528 -72.53271   4     14     52  
643.0  10:43:11 42.393364 -72.53249   3     10     41  
643.0  10:43:24 42.393 -72.53294   5     11     53  
643.0  10:43:37 42.39274 -72.533775   4     15     52  
644.0  10:44:37 42.38924 -72.53245   3     18     59  
644.0  10:44:48 42.388184 -72.53199   3     18     51  
644.0  10:44:55 42.387177 -72.53159   3     17     47  
645.0  10:45:00 42.386295 -72.531235   5     18     45  
645.0  10:45:04 42.386402 -72.53127   3     14     56  
645.0  10:45:12 42.38553 -72.53101   3     13     58  
645.0  10:45:21 42.385193 -72.53108   5     14     47  
645.0  10:45:30 42.38508 -72.53209   5     11     42  
645.0  10:45:40 42.384544 -72.53373   4     16     49  
645.0  10:45:49 42.384174 -72.5351   5     10     40  
645.0  10:45:57 42.384087 -72.53703   4     19     49  
646.0  10:46:00 42.384182 -72.5383   3     14     45  
646.0  10:46:06 42.384205 -72.53858   4     14     54  
646.0  10:46:14 42.3842 -72.539055   3     19     57  
646.0  10:46:23 42.383533 -72.53909   3     11     51  
646.0  10:46:34 42.38252 -72.53983   4     10     48  
646.0  10:46:43 42.382874 -72.540695   4     16     49  
646.0  10:46:51 42.383945 -72.54072   4     13     50  
646.0  10:46:59 42.38555 -72.54056   4     10     57  
647.0  10:47:00 42.386326 -72.54046   4     17     47  
647.0  10:47:08 42.387093 -72.54037   4     12     47  
647.0  10:47:17 42.38883 -72.54018   4     10     59  
647.0  10:47:27 42.390957 -72.5401   3     18     43  
647.0  10:47:36 42.392475 -72.539925   3     14     50  
647.0  10:47:44 42.394012 -72.53975   5     15     59  
647.0  10:47:53 42.39574 -72.53953   3     14     42  
648.0  10:48:00 42.39803 -72.53926   3     18     46  
648.0  10:48:01 42.39727 -72.53935   4     18     46  
648.0  10:48:10 42.399 -72.53913   5     10     40  
648.0  10:48:21 42.40112 -72.538864   5     13     44  
648.0  10:48:29 42.402832 -72.53865   5     17     54  
648.0  10:48:38 42.40455 -72.538445   3     15     55  
648.0  10:48:46 42.406075 -72.53826   5     12     54  
648.0  10:48:55 42.407703 -72.53805   4     19     56  
649.0  10:49:00 42.408764 -72.537834   3     19     59  
649.0  10:49:03 42.40868 -72.53787   4     18     47  
649.0  10:49:14 42.40931 -72.53688   4     14     53  
649.0  10:49:23 42.40948 -72.53569   3     18     59  
649.0  10:49:31 42.40962 -72.5343   4     14     54  
649.0  10:49:40 42.40966 -72.53338   4     19     57  
649.0  10:49:48 42.409626 -72.53334   5     10     49  
649.0  10:49:58 42.409626 -72.53331   4     18     43  
650.0  10:50:00 42.409615 -72.53328   5     18     50  
650.0  10:50:08 42.409626 -72.533264   3     10     52  
650.0  10:50:16 42.40963 -72.53324   4     15     55  
650.0  10:50:24 42.409637 -72.53326   5     12     50  
650.0  10:50:33 42.409653 -72.533295   5     13     56  
650.0  10:50:42 42.40972 -72.53284   4     16     42  
650.0  10:50:51 42.409817 -72.531845   3     18     53  
651.0  10:51:00 42.40983 -72.531586   3     12     49  
651.0  10:51:02 42.40984 -72.5316   3     14     40  
651.0  10:51:12 42.409813 -72.53156   4     11     44  
651.0  10:51:20 42.4099 -72.53129   4     13     46  
651.0  10:51:29 42.409775 -72.53088   3     15     55  
651.0  10:51:37 42.409218 -72.53069   3     17     55  
651.0  10:51:46 42.409096 -72.53069   3     16     57  
651.0  10:51:57 42.40905 -72.53072   4     13     41  
652.0  10:52:00 42.408722 -72.53059   5     18     45  
652.0  10:52:05 42.408634 -72.53056   5     14     45  
652.0  10:52:14 42.40745 -72.53014   5     13     42  
652.0  10:52:23 42.406548 -72.52991   4     15     56  
652.0  10:52:31 42.40636 -72.53016   5     12     47  
652.0  10:52:40 42.406395 -72.53092   3     17     53  
652.0  10:52:51 42.4063 -72.53157   5     18     51  
653.0  10:53:00 42.406193 -72.53193   5     12     57  
653.0  10:53:00 42.406128 -72.53216   5     13     43  
653.0  10:53:08 42.40611 -72.5323   3     14     47  
653.0  10:53:16 42.405956 -72.53254   4     18     57  
653.0  10:53:25 42.40581 -72.53251   4     11     49  
653.0  10:53:33 42.405823 -72.53249   3     13     58  
653.0  10:53:44 42.40581 -72.53252   5     12     49  
653.0  10:53:52 42.405804 -72.532486   3     10     49  
654.0  10:54:00 42.40582 -72.53246   4     13     58  
654.0  10:54:01 42.405823 -72.53248   3     13     59  
654.0  10:54:09 42.405827 -72.53245   5     17     46  
654.0  10:54:18 42.40584 -72.53243   5     10     40  
654.0  10:54:25 42.40563 -72.532364   3     14     55  
654.0  10:54:36 42.40534 -72.53232   3     10     56  
654.0  10:54:43 42.404922 -72.53223   3     12     42  
654.0  10:54:52 42.4049 -72.531845   5     12     48  
655.0  10:55:00 42.404907 -72.531494   5     13     43  
655.0  10:55:00 42.40493 -72.53113   4     16     48  
655.0  10:55:08 42.40497 -72.530846   4     10     56  
655.0  10:55:17 42.404953 -72.53072   5     16     55  
655.0  10:55:27 42.40494 -72.5307   3     15     51  
655.0  10:55:36 42.404953 -72.53069   4     12     45  
655.0  10:55:45 42.404957 -72.53066   5     13     42  
655.0  10:55:53 42.40494 -72.530624   3     10     57  
656.0  10:56:00 42.405075 -72.5304   5     18     55  
656.0  10:56:01 42.40507 -72.53045   5     14     43  
656.0  10:56:10 42.405117 -72.53017   4     10     43  
656.0  10:56:21 42.405075 -72.52978   3     15     54  
656.0  10:56:30 42.40461 -72.5297   3     13     50  
656.0  10:56:38 42.403664 -72.52941   4     19     49  
656.0  10:56:46 42.40324 -72.52908   3     11     41  
656.0  10:56:55 42.403168 -72.52907   5     14     53  
657.0  10:57:00 42.40318 -72.529076   3     12     41  
657.0  10:57:03 42.40318 -72.529076   5     19     44  
657.0  10:57:14 42.403145 -72.5291   5     13     55  
657.0  10:57:22 42.403183 -72.52907   3     12     56  
657.0  10:57:31 42.40317 -72.5291   3     10     40  
657.0  10:57:39 42.403145 -72.529106   3     14     51  
657.0  10:57:47 42.403126 -72.52911   4     10     46  
657.0  10:57:55 42.403107 -72.529106   5     10     56  
658.0  10:58:00 42.40307 -72.529106   4     17     57  
658.0  10:58:05 42.40306 -72.529076   5     13     53  
658.0  10:58:13 42.402817 -72.52886   4     19     44  
658.0  10:58:21 42.402176 -72.528435   4     14     48  
658.0  10:58:29 42.40119 -72.52802   5     14     46  
658.0  10:58:37 42.400074 -72.52793   5     10     51  
658.0  10:58:45 42.399067 -72.527985   3     19     40  
658.0  10:58:55 42.39797 -72.52804   4     17     46  
659.0  10:59:00 42.39711 -72.52781   5     17     54  
659.0  10:59:04 42.39711 -72.52781   4     15     52  
659.0  10:59:12 42.396183 -72.52743   4     16     53  
659.0  10:59:21 42.395798 -72.527275   3     15     46  
659.0  10:59:30 42.395683 -72.52723   5     17     40  
659.0  10:59:38 42.39567 -72.52724   5     13     41  
659.0  10:59:49 42.395664 -72.52722   4     15     40  
660.0  11:00:00 42.39567 -72.527306   5     15     54  
660.0  11:00:03 42.39567 -72.527245   5     18     40  
660.0  11:00:11 42.395668 -72.527306   5     11     59  
660.0  11:00:20 42.39541 -72.52713   3     18     57  
660.0  11:00:28 42.394764 -72.52675   3     18     55  
660.0  11:00:36 42.394466 -72.526566   3     18     59  
660.0  11:00:46 42.39421 -72.52645   4     11     52  
660.0  11:00:54 42.394028 -72.52636   3     18     45  
661.0  11:01:00 42.393997 -72.52634   5     16     51  
661.0  11:01:03 42.394005 -72.52635   4     19     45  
661.0  11:01:11 42.393753 -72.52619   5     12     52  
661.0  11:01:19 42.39364 -72.526115   5     15     54  
661.0  11:01:27 42.393536 -72.52609   3     11     54  
661.0  11:01:37 42.39337 -72.526054   4     17     50  
661.0  11:01:46 42.393375 -72.52604   3     16     56  
661.0  11:01:56 42.39338 -72.52603   3     11     40  
662.0  11:02:00 42.39339 -72.526024   4     10     47  
662.0  11:02:05 42.39339 -72.526024   4     13     42  
662.0  11:02:14 42.393394 -72.52602   5     18     59  
662.0  11:02:22 42.393387 -72.52598   5     11     51  
662.0  11:02:33 42.39336 -72.52599   3     16     55  
662.0  11:02:42 42.39338 -72.525986   4     13     57  
662.0  11:02:50 42.39313 -72.525826   3     12     43  
662.0  11:02:59 42.392418 -72.52558   5     16     43  
663.0  11:03:00 42.39197 -72.52547   4     14     49  
663.0  11:03:07 42.391727 -72.525406   3     15     56  
663.0  11:03:17 42.391174 -72.52534   5     14     58  
663.0  11:03:27 42.39086 -72.525314   5     13     58  
663.0  11:03:35 42.39085 -72.525345   4     16     55  
663.0  11:03:44 42.39085 -72.52534   3     17     50  
663.0  11:03:53 42.39086 -72.52531   3     13     48  
664.0  11:04:00 42.390686 -72.525185   4     16     52  
664.0  11:04:01 42.390793 -72.5252   3     13     56  
664.0  11:04:10 42.39023 -72.52509   5     16     55  
664.0  11:04:20 42.389683 -72.52496   4     13     55  
664.0  11:04:28 42.389305 -72.52482   4     14     46  
664.0  11:04:36 42.388874 -72.52461   4     10     47  
664.0  11:04:45 42.388687 -72.52452   5     10     41  
664.0  11:04:53 42.38857 -72.52445   3     13     49  
665.0  11:05:00 42.388123 -72.52413   3     17     45  
665.0  11:05:02 42.38822 -72.524216   4     17     42  
665.0  11:05:12 42.38788 -72.523964   5     11     47  
665.0  11:05:21 42.387882 -72.52397   5     15     44  
665.0  11:05:29 42.387875 -72.52396   4     15     54  
665.0  11:05:38 42.38788 -72.523964   5     15     57  
665.0  11:05:46 42.38768 -72.52366   5     11     56  
665.0  11:05:54 42.387085 -72.52286   5     11     40  
666.0  11:06:00 42.386402 -72.52246   3     11     44  
666.0  11:06:05 42.386345 -72.52248   5     15     41  
666.0  11:06:13 42.38601 -72.52265   5     12     42  
666.0  11:06:22 42.38606 -72.523544   3     17     42  
666.0  11:06:31 42.38598 -72.523865   5     17     46  
666.0  11:06:39 42.385853 -72.52444   4     16     45  
666.0  11:06:48 42.38573 -72.52497   4     11     58  
666.0  11:06:58 42.385715 -72.525   3     12     41  
667.0  11:07:00 42.385723 -72.525185   4     14     53  
667.0  11:07:06 42.385777 -72.525215   4     10     42  
667.0  11:07:14 42.385853 -72.525215   5     18     55  
667.0  11:07:22 42.38589 -72.52522   4     18     48  
667.0  11:07:31 42.38592 -72.525246   3     11     42  
667.0  11:07:40 42.385975 -72.52528   3     19     53  
667.0  11:07:50 42.386078 -72.52532   4     10     51  
667.0  11:07:59 42.386314 -72.525406   3     12     56  
668.0  11:08:00 42.3867 -72.52557   5     14     56  
668.0  11:08:07 42.38685 -72.52564   3     14     44  
668.0  11:08:16 42.38728 -72.52591   4     10     40  
668.0  11:08:24 42.3873 -72.52628   4     18     56  
668.0  11:08:33 42.387203 -72.52639   3     17     56  
668.0  11:08:43 42.38718 -72.52643   3     11     58  
668.0  11:08:51 42.387177 -72.52641   4     10     58  
669.0  11:09:00 42.387062 -72.52643   4     17     59  
669.0  11:09:01 42.387146 -72.526405   5     14     44  
669.0  11:09:10 42.386875 -72.52643   5     13     44  
669.0  11:09:18 42.386696 -72.52633   3     15     47  
669.0  11:09:27 42.38653 -72.52625   5     16     45  
669.0  11:09:41 42.385845 -72.52596   5     19     51  
669.0  11:09:52 42.385715 -72.52592   3     12     54  
670.0  11:10:00 42.3856 -72.52592   3     19     55  
670.0  11:10:01 42.385674 -72.525925   4     18     55  
670.0  11:10:09 42.385563 -72.5259   4     16     49  
670.0  11:10:18 42.38542 -72.52607   4     14     49  
670.0  11:10:26 42.385223 -72.52706   4     10     48  
670.0  11:10:35 42.38498 -72.52809   3     18     51  
670.0  11:10:46 42.38491 -72.5285   5     19     59  
670.0  11:10:55 42.384907 -72.528984   3     15     42  
671.0  11:11:00 42.38512 -72.53016   4     10     50  
671.0  11:11:05 42.3851 -72.53007   3     13     49  
671.0  11:11:15 42.385193 -72.53067   5     14     51  
671.0  11:11:23 42.385162 -72.53081   3     16     48  
671.0  11:11:32 42.385277 -72.530945   5     16     45  
671.0  11:11:43 42.386204 -72.53112   5     16     42  
671.0  11:11:51 42.387417 -72.53161   4     10     42  
672.0  11:12:00 42.388893 -72.53221   5     10     49  
672.0  11:12:08 42.388447 -72.532036   3     15     56  
672.0  11:12:17 42.390068 -72.53271   4     18     52  
672.0  11:12:26 42.39107 -72.53311   3     16     45  
672.0  11:12:37 42.392197 -72.53359   3     16     51  
672.0  11:12:46 42.392696 -72.53372   4     14     51  
672.0  11:12:54 42.39292 -72.5331   5     15     47  
673.0  11:13:00 42.393368 -72.53247   3     16     48  
673.0  11:13:05 42.39333 -72.53247   4     13     49  
673.0  11:13:13 42.393764 -72.53266   3     16     47  
673.0  11:13:22 42.394093 -72.53283   3     17     51  
673.0  11:13:32 42.394512 -72.533005   5     12     47  
673.0  11:13:46 42.394836 -72.53315   4     14     55  
673.0  11:13:54 42.3949 -72.53323   5     18     59  
674.0  11:14:00 42.394913 -72.533226   3     19     54  
674.0  11:14:02 42.394905 -72.533226   4     12     53  
674.0  11:14:10 42.394928 -72.53322   3     14     46  
674.0  11:14:19 42.394924 -72.53321   4     14     44  
674.0  11:14:29 42.39493 -72.5332   3     18     54  
921.0  15:21:48 0.0 -0.0   4     16     53  
921.0  15:21:59 0.0 -0.0   5     12     52  
922.0  15:22:00 0.0 -0.0   3     15     49  
922.0  15:22:07 0.0 -0.0   4     13     45  
922.0  15:22:16 0.0 -0.0   4     15     44  
922.0  15:22:25 0.0 -0.0   5     12     47  
922.0  15:22:33 42.378166 -72.53608   5     10     49  
922.0  15:22:42 42.378223 -72.53613   3     15     43  
922.0  15:22:53 42.378197 -72.53616   5     13     40  
923.0  15:23:00 42.378185 -72.53615   3     13     48  
923.0  15:23:02 42.37819 -72.53616   5     15     51  
923.0  15:23:10 42.378227 -72.53618   3     13     41  
923.0  15:23:19 42.378216 -72.536156   4     18     48  
923.0  15:23:27 42.37821 -72.53614   5     17     49  
923.0  15:23:36 42.378204 -72.536125   3     11     51  
923.0  15:23:46 42.37818 -72.53609   4     16     40  
923.0  15:23:55 42.378193 -72.5361   3     10     54  
931.0  15:31:17 42.37806 -72.536064   5     16     48  
931.0  15:31:28 42.37806 -72.53607   3     15     42  
931.0  15:31:36 42.378067 -72.53607   4     17     59  
931.0  15:31:45 42.37807 -72.53606   4     12     47  
931.0  15:31:53 42.378056 -72.5357   4     13     50  
932.0  15:32:00 42.37805 -72.53514   3     16     57  
932.0  15:32:02 42.378006 -72.535225   3     14     52  
932.0  15:32:11 42.37824 -72.535286   5     17     41  
932.0  15:32:21 42.378098 -72.53574   4     19     48  
932.0  15:32:30 42.37814 -72.53632   4     10     53  
932.0  15:32:38 42.378265 -72.536766   3     15     45  
932.0  15:32:47 42.378143 -72.53714   4     15     45  
932.0  15:32:56 42.378014 -72.53681   4     12     47  
933.0  15:33:00 42.378 -72.53658   5     15     59  
933.0  15:33:04 42.378002 -72.536575   4     13     53  
933.0  15:33:15 42.378017 -72.53656   3     12     51  
933.0  15:33:22 42.377945 -72.53662   4     19     52  
933.0  15:33:31 42.37802 -72.53664   3     15     50  
933.0  15:33:40 42.37802 -72.53661   4     18     50  
933.0  15:33:49 42.37805 -72.5366   4     11     48  
934.0  15:34:00 42.378006 -72.5366   4     10     49  
934.0  15:34:00 42.37805 -72.53661   5     19     46  
934.0  15:34:11 42.378086 -72.536575   3     14     54  
934.0  15:34:20 42.37801 -72.536606   5     15     46  
934.0  15:34:28 42.378025 -72.53659   4     10     54  
934.0  15:34:37 42.378036 -72.536575   3     11     55  
934.0  15:34:45 42.378 -72.53651   5     16     54  
934.0  15:34:54 42.378 -72.53641   3     14     40  
935.0  15:35:00 42.378044 -72.53634   5     17     55  
935.0  15:35:04 42.378044 -72.53634   5     18     42  
935.0  15:35:12 42.378063 -72.5363   5     19     43  
935.0  15:35:21 42.378056 -72.53628   3     18     53  
935.0  15:35:30 42.37805 -72.53624   4     17     59  
935.0  15:35:38 42.378044 -72.53613   4     14     58  
935.0  15:35:47 42.37803 -72.53589   5     18     44  
935.0  15:35:57 42.37802 -72.53577   5     13     51  
936.0  15:36:00 42.378017 -72.53577   3     12     59  
936.0  15:36:06 42.378017 -72.53577   3     10     42  
936.0  15:36:14 42.378025 -72.53578   5     10     58  
936.0  15:36:23 42.37803 -72.53578   5     17     51  
936.0  15:36:31 42.378036 -72.53578   3     17     45  
936.0  15:36:38 42.378017 -72.53575   3     17     53  
936.0  15:36:49 42.37802 -72.53576   5     14     55  
936.0  15:36:57 42.378036 -72.53579   4     13     48  
937.0  15:37:00 42.378017 -72.53575   5     14     46  
937.0  15:37:06 42.378014 -72.53574   5     16     59  
937.0  15:37:15 42.378014 -72.53574   3     14     49  
937.0  15:37:24 42.378025 -72.53582   3     17     40  
937.0  15:37:32 42.37804 -72.53608   5     19     57  
937.0  15:37:43 42.37805 -72.53623   5     14     59  
937.0  15:37:51 42.37806 -72.53636   5     17     55  
937.0  15:37:59 42.37806 -72.53642   4     10     48  
938.0  15:38:00 42.378056 -72.53643   3     16     40  
938.0  15:38:08 42.378056 -72.53642   4     16     56  
938.0  15:38:17 42.378063 -72.53643   5     19     53  
938.0  15:38:26 42.378056 -72.53641   5     10     41  
938.0  15:38:36 42.378036 -72.5364   3     12     42  
938.0  15:38:49 42.37804 -72.536415   5     13     54  
939.0  15:39:00 42.378025 -72.53642   4     14     40  
939.0  15:39:00 42.378033 -72.53643   5     10     41  
939.0  15:39:08 42.378048 -72.536446   5     18     59  
939.0  15:39:17 42.37804 -72.53644   4     19     55  
939.0  15:39:28 42.378025 -72.53644   4     12     49  
939.0  15:39:37 42.37803 -72.53642   5     15     44  
939.0  15:39:45 42.378014 -72.53643   3     10     45  
939.0  15:39:54 42.378063 -72.53644   4     12     47  
940.0  15:40:00 42.378075 -72.53624   4     15     55  
940.0  15:40:02 42.37807 -72.53626   5     11     55  
940.0  15:40:11 42.37807 -72.53616   3     10     58  
940.0  15:40:23 42.378063 -72.53613   4     12     40  
940.0  15:40:31 42.37806 -72.53614   3     14     42  
940.0  15:40:41 42.378063 -72.53613   3     18     57  
940.0  15:40:50 42.378063 -72.53613   4     18     54  
941.0  15:41:00 42.378067 -72.53613   3     14     43  
941.0  15:41:00 42.378067 -72.53613   3     14     53  
941.0  15:41:08 42.378067 -72.53613   5     19     56  
941.0  15:41:19 42.378067 -72.536125   4     16     48  
941.0  15:41:27 42.378063 -72.536125   3     15     55  
941.0  15:41:36 42.378056 -72.536125   5     11     58  
941.0  15:41:45 42.37805 -72.536125   3     12     57  
941.0  15:41:54 42.378075 -72.536095   5     11     46  
942.0  15:42:00 42.378063 -72.536095   3     16     50  
942.0  15:42:02 42.378063 -72.536095   3     10     49  
942.0  15:42:13 42.37809 -72.53608   5     14     40  
942.0  15:42:22 42.378098 -72.53595   4     13     43  
942.0  15:42:31 42.378075 -72.535835   4     11     57  
942.0  15:42:40 42.378086 -72.53595   5     15     56  
942.0  15:42:49 42.378082 -72.53595   5     14     53  
942.0  15:42:59 42.378105 -72.53598   5     12     41  
943.0  15:43:00 42.378113 -72.53599   3     11     53  
943.0  15:43:10 42.37812 -72.535995   3     10     45  
943.0  15:43:19 42.3781 -72.53604   4     14     49  
943.0  15:43:29 42.378113 -72.536064   4     17     49  
943.0  15:43:38 42.3781 -72.53606   3     14     53  
943.0  15:43:46 42.378086 -72.53607   4     15     42  
943.0  15:43:55 42.37809 -72.53608   3     12     47  
944.0  15:44:00 42.378086 -72.53607   5     13     52  
944.0  15:44:04 42.378086 -72.53607   3     17     52  
944.0  15:44:12 42.37809 -72.536064   5     10     43  
944.0  15:44:21 42.3781 -72.53608   3     13     49  
944.0  15:44:30 42.378113 -72.536095   4     11     59  
944.0  15:44:38 42.378117 -72.5361   3     14     50  
944.0  15:44:47 42.378128 -72.53611   4     19     43  
944.0  15:44:58 42.378124 -72.53612   3     10     49  
945.0  15:45:00 42.378086 -72.53612   3     18     40  
945.0  15:45:06 42.37808 -72.53612   3     13     57  
945.0  15:45:15 42.37807 -72.536125   3     12     55  
945.0  15:45:23 42.378063 -72.536125   4     11     52  
945.0  15:45:32 42.378056 -72.53614   4     18     41  
945.0  15:45:40 42.37805 -72.536125   3     11     50  
945.0  15:45:51 42.378063 -72.53614   4     18     53  
945.0  15:45:59 42.37808 -72.53616   3     18     57  
946.0  15:46:00 42.378063 -72.53614   3     17     52  
946.0  15:46:08 42.37805 -72.53613   4     10     48  
946.0  15:46:17 42.37804 -72.536125   5     19     52  
946.0  15:46:25 42.378048 -72.53614   3     16     52  
946.0  15:46:34 42.378063 -72.536125   5     12     54  
946.0  15:46:48 42.37808 -72.53584   5     14     53  
946.0  15:46:58 42.377968 -72.53531   5     19     44  
947.0  15:47:00 42.378117 -72.53518   3     11     43  
947.0  15:47:07 42.37821 -72.535324   4     17     54  
947.0  15:47:15 42.37814 -72.53585   5     16     56  
947.0  15:47:24 42.37815 -72.53632   4     13     59  
947.0  15:47:32 42.378155 -72.53656   4     13     40  
947.0  15:47:41 42.37814 -72.53657   4     15     44  
947.0  15:47:52 42.37814 -72.53654   4     15     45  
948.0  15:48:00 42.37813 -72.53643   4     13     55  
948.0  15:48:01 42.378143 -72.53646   4     16     55  
948.0  15:48:10 42.378155 -72.53644   3     13     44  
948.0  15:48:18 42.37823 -72.536446   3     18     47  
948.0  15:48:27 42.378227 -72.536446   5     19     42  
948.0  15:48:35 42.378212 -72.536446   3     18     58  
948.0  15:48:45 42.378216 -72.536446   4     16     42  
948.0  15:48:53 42.378204 -72.536446   5     17     47  
949.0  15:49:00 42.378197 -72.536415   5     18     56  
949.0  15:49:02 42.37818 -72.53643   4     14     54  
949.0  15:49:10 42.37819 -72.53635   3     19     59  
949.0  15:49:19 42.37816 -72.53632   5     19     58  
949.0  15:49:28 42.378117 -72.53632   5     11     57  
949.0  15:49:40 42.37808 -72.536316   3     17     42  
949.0  15:49:48 42.37807 -72.53631   4     14     55  
949.0  15:49:57 42.378086 -72.53631   3     15     42  
950.0  15:50:00 42.3781 -72.5363   4     19     45  
950.0  15:50:06 42.37811 -72.53631   3     15     57  
950.0  15:50:14 42.378124 -72.53631   3     12     55  
950.0  15:50:23 42.378124 -72.53629   3     18     44  
950.0  15:50:33 42.378113 -72.53629   4     17     48  
950.0  15:50:42 42.3781 -72.536285   4     15     51  
950.0  15:50:50 42.378086 -72.536285   5     16     59  
950.0  15:50:59 42.37808 -72.53628   4     11     46  
951.0  15:51:00 42.37806 -72.536285   3     10     43  
951.0  15:51:08 42.378048 -72.536285   4     15     51  
951.0  15:51:16 42.378067 -72.53631   3     14     56  
951.0  15:51:28 42.378033 -72.53631   5     15     50  
951.0  15:51:36 42.378155 -72.536415   3     12     48  
951.0  15:51:44 42.378143 -72.53657   5     16     53  
951.0  15:51:53 42.37813 -72.536644   5     19     53  
952.0  15:52:00 42.37812 -72.536545   3     11     59  
952.0  15:52:01 42.37812 -72.536575   4     17     42  
952.0  15:52:10 42.37812 -72.53657   3     17     47  
952.0  15:52:24 42.378117 -72.536514   3     14     46  
952.0  15:52:34 42.37815 -72.53645   3     10     52  
952.0  15:52:42 42.37813 -72.53643   5     19     43  
952.0  15:52:51 42.378143 -72.53644   3     16     41  
952.0  15:52:59 42.378117 -72.53644   4     18     57  
953.0  15:53:00 42.37811 -72.53644   4     16     45  
953.0  15:53:08 42.378117 -72.53644   4     10     45  
953.0  15:53:16 42.378136 -72.53644   5     10     44  
953.0  15:53:27 42.378197 -72.53644   3     11     49  
953.0  15:53:35 42.378204 -72.53644   3     16     47  
953.0  15:53:44 42.378254 -72.53642   5     12     46  
953.0  15:53:52 42.37822 -72.53643   5     12     54  
954.0  15:54:00 42.37821 -72.53644   5     13     49  
954.0  15:54:01 42.378216 -72.53644   4     12     56  
954.0  15:54:10 42.37819 -72.53643   4     17     53  
954.0  15:54:21 42.378212 -72.53643   4     19     50  
954.0  15:54:30 42.378227 -72.53643   3     13     58  
954.0  15:54:38 42.37823 -72.53643   3     17     57  
954.0  15:54:47 42.37821 -72.53643   3     14     45  
954.0  15:54:55 42.37821 -72.53642   5     11     51  
955.0  15:55:00 42.378193 -72.53652   3     12     57  
955.0  15:55:04 42.378193 -72.53652   4     17     57  
955.0  15:55:14 42.378166 -72.53672   4     10     51  
955.0  15:55:23 42.37813 -72.53663   4     10     52  
955.0  15:55:39 42.378124 -72.536545   3     11     49  
955.0  15:55:47 42.378117 -72.53657   4     10     56  
955.0  15:55:56 42.378105 -72.53651   4     12     41  
956.0  15:56:00 42.378143 -72.536446   5     11     50  
956.0  15:56:06 42.378143 -72.53642   4     16     55  
956.0  15:56:14 42.37812 -72.53634   5     10     54  
956.0  15:56:23 42.378117 -72.5363   3     19     57  
956.0  15:56:31 42.37811 -72.53629   4     18     57  
956.0  15:56:40 42.378094 -72.53629   4     12     48  
956.0  15:56:48 42.37808 -72.5363   3     14     55  
956.0  15:56:59 42.37808 -72.5363   4     14     46  
957.0  15:57:00 42.37807 -72.5363   4     17     58  
957.0  15:57:07 42.37807 -72.53631   4     19     41  
957.0  15:57:19 42.378067 -72.53631   5     10     49  
957.0  15:57:27 42.378056 -72.5363   3     14     46  
957.0  15:57:35 42.37805 -72.53629   5     13     51  
957.0  15:57:44 42.378063 -72.53629   3     15     51  
957.0  15:57:54 42.378136 -72.53651   5     12     44  
958.0  15:58:00 42.37812 -72.536545   3     14     43  
958.0  15:58:03 42.37812 -72.536545   5     13     54  
958.0  15:58:12 42.378098 -72.5364   3     18     41  
958.0  15:58:20 42.378098 -72.53636   3     18     54  
958.0  15:58:29 42.378094 -72.53655   5     13     51  
958.0  15:58:37 42.378082 -72.53655   5     17     58  
958.0  15:58:48 42.37811 -72.53645   3     16     48  
958.0  15:58:56 42.378147 -72.53639   4     14     45  
959.0  15:59:00 42.378174 -72.53634   4     10     48  
959.0  15:59:05 42.37818 -72.53633   3     12     47  
959.0  15:59:13 42.378143 -72.5363   5     19     47  
959.0  15:59:22 42.378136 -72.5363   4     19     55  
959.0  15:59:31 42.37813 -72.53629   5     19     48  
959.0  15:59:41 42.378128 -72.53629   4     10     58  
959.0  15:59:49 42.37809 -72.536285   5     17     42  
959.0  15:59:58 42.37805 -72.53628   3     19     46  
960.0  16:00:00 42.378033 -72.53627   4     18     54  
960.0  16:00:07 42.37805 -72.53627   3     16     54  
960.0  16:00:16 42.378162 -72.53644   3     18     59  
960.0  16:00:24 42.37816 -72.53654   5     12     50  
960.0  16:00:35 42.37813 -72.536385   4     12     47  
960.0  16:00:44 42.37813 -72.536476   4     14     46  
960.0  16:00:51 42.378136 -72.53655   4     17     48  
961.0  16:01:00 42.37813 -72.536545   3     19     44  
961.0  16:01:00 42.378136 -72.5365   3     19     58  
961.0  16:01:09 42.37814 -72.53647   4     16     42  
961.0  16:01:17 42.378105 -72.536446   4     15     45  
961.0  16:01:28 42.378048 -72.5364   5     16     40  
961.0  16:01:36 42.378098 -72.53649   3     15     46  
961.0  16:01:45 42.378117 -72.53657   5     12     51  
961.0  16:01:56 42.378124 -72.536545   4     14     53  
962.0  16:02:00 42.378128 -72.53656   4     10     40  
962.0  16:02:05 42.378128 -72.53656   4     10     58  
962.0  16:02:14 42.378128 -72.53645   5     11     47  
962.0  16:02:24 42.37813 -72.53644   3     17     44  
962.0  16:02:33 42.378136 -72.53655   5     12     55  
962.0  16:02:40 42.37814 -72.536545   5     18     41  
962.0  16:02:49 42.37816 -72.53645   3     15     59  
962.0  16:02:57 42.378216 -72.53639   3     11     59  
963.0  16:03:00 42.378223 -72.53634   5     10     50  
963.0  16:03:06 42.37825 -72.53634   4     12     54  
963.0  16:03:17 42.378357 -72.53636   4     12     52  
963.0  16:03:25 42.378292 -72.53637   3     12     47  
963.0  16:03:34 42.378246 -72.53638   5     17     58  
963.0  16:03:42 42.378277 -72.53636   4     14     51  
963.0  16:03:51 42.378304 -72.53636   5     18     43  
963.0  16:03:59 42.378284 -72.53636   5     11     48  
964.0  16:04:00 42.378307 -72.53637   3     14     58  
964.0  16:04:10 42.37826 -72.536415   5     18     40  
964.0  16:04:18 42.378166 -72.53656   5     19     47  
964.0  16:04:27 42.37814 -72.53645   4     18     55  
964.0  16:04:38 42.37812 -72.53638   5     11     47  
964.0  16:04:47 42.378124 -72.536545   3     17     50  
964.0  16:04:55 42.37812 -72.53652   5     16     45  
965.0  16:05:00 42.37814 -72.53645   5     19     43  
965.0  16:05:06 42.378155 -72.53645   3     14     41  
965.0  16:05:15 42.378136 -72.53643   3     11     53  
965.0  16:05:23 42.37819 -72.53642   4     14     51  
965.0  16:05:32 42.378193 -72.5364   5     16     59  
965.0  16:05:41 42.37821 -72.53641   5     17     42  
965.0  16:05:50 42.378235 -72.53641   3     16     59  
966.0  16:06:00 42.378242 -72.5364   4     16     43  
966.0  16:06:01 42.378242 -72.5364   3     16     54  
966.0  16:06:09 42.37823 -72.53641   4     17     45  
966.0  16:06:18 42.37817 -72.53653   3     17     55  
966.0  16:06:27 42.378124 -72.53656   5     12     57  
966.0  16:06:36 42.37811 -72.53655   4     16     44  
966.0  16:06:44 42.37812 -72.536545   4     19     54  
966.0  16:06:55 42.37814 -72.53645   3     16     56  
967.0  16:07:00 42.378162 -72.53642   5     17     51  
967.0  16:07:03 42.378162 -72.53642   4     10     50  
967.0  16:07:12 42.37818 -72.536415   4     18     49  
967.0  16:07:21 42.378204 -72.53638   3     18     42  
967.0  16:07:29 42.378166 -72.536354   5     16     57  
967.0  16:07:38 42.37824 -72.536316   4     18     48  
967.0  16:07:48 42.37822 -72.53632   5     18     45  
967.0  16:07:56 42.378212 -72.53632   3     13     42  
968.0  16:08:00 42.378197 -72.53632   5     14     56  
968.0  16:08:05 42.378193 -72.536316   3     12     47  
968.0  16:08:13 42.378216 -72.536316   5     16     59  
968.0  16:08:22 42.378227 -72.536316   4     15     42  
968.0  16:08:31 42.37824 -72.536316   3     16     58  
968.0  16:08:43 42.378246 -72.536316   4     17     44  
968.0  16:08:51 42.37823 -72.536316   5     11     56  
969.0  16:09:00 42.37818 -72.5363   3     19     57  
969.0  16:09:00 42.37817 -72.5363   5     17     45  
969.0  16:09:08 42.378166 -72.53631   4     13     54  
969.0  16:09:17 42.378174 -72.53631   4     12     46  
969.0  16:09:25 42.378212 -72.53632   5     19     41  
969.0  16:09:36 42.378204 -72.536316   4     13     58  
969.0  16:09:45 42.378204 -72.53631   3     19     49  
969.0  16:09:54 42.378204 -72.5363   4     18     43  
970.0  16:10:00 42.3782 -72.536285   5     12     40  
970.0  16:10:03 42.378204 -72.536285   5     18     45  
970.0  16:10:11 42.378128 -72.53628   5     17     53  
970.0  16:10:20 42.378105 -72.536285   4     14     50  
970.0  16:10:31 42.378105 -72.5363   4     11     48  
970.0  16:10:39 42.378105 -72.53629   5     12     40  
970.0  16:10:48 42.378098 -72.536285   4     14     47  
970.0  16:10:57 42.378094 -72.536285   5     16     48  
971.0  16:11:00 42.37809 -72.536285   3     18     44  
971.0  16:11:06 42.378098 -72.536285   3     15     48  
971.0  16:11:14 42.378105 -72.536285   4     15     47  
971.0  16:11:24 42.3781 -72.536285   4     16     56  
971.0  16:11:33 42.378094 -72.53628   3     19     51  
971.0  16:11:41 42.37818 -72.53645   4     18     56  
971.0  16:11:49 42.37815 -72.53655   4     19     57  
971.0  16:11:58 42.378147 -72.53654   5     15     50  
972.0  16:12:00 42.378162 -72.53649   4     13     41  
972.0  16:12:07 42.378162 -72.53647   4     17     54  
972.0  16:12:18 42.378162 -72.53642   5     13     47  
972.0  16:12:27 42.378197 -72.53634   5     18     48  
972.0  16:12:35 42.378235 -72.53633   5     19     43  
972.0  16:12:44 42.37821 -72.53635   3     15     45  
972.0  16:12:53 42.378197 -72.536354   4     10     59  
973.0  16:13:00 42.378197 -72.53635   5     18     48  
973.0  16:13:01 42.378197 -72.53635   3     13     54  
973.0  16:13:11 42.378174 -72.53635   5     12     52  
973.0  16:13:20 42.37821 -72.53634   3     18     56  
973.0  16:13:29 42.37822 -72.53633   4     17     57  
973.0  16:13:38 42.378193 -72.536285   3     15     43  
973.0  16:13:46 42.378197 -72.536316   5     16     40  
973.0  16:13:55 42.378162 -72.53631   5     15     44  
974.0  16:14:00 42.378197 -72.53631   3     19     56  
974.0  16:14:06 42.378193 -72.53631   3     13     58  
974.0  16:14:15 42.378227 -72.53632   3     13     44  
974.0  16:14:23 42.378235 -72.53634   5     14     46  
974.0  16:14:32 42.378197 -72.53634   3     13     47  
974.0  16:14:40 42.378136 -72.53633   4     19     55  
974.0  16:14:49 42.37818 -72.536316   4     18     57  
975.0  16:15:00 42.378185 -72.5363   3     13     59  
975.0  16:15:00 42.378178 -72.5363   4     17     56  
975.0  16:15:08 42.378185 -72.53629   3     16     59  
975.0  16:15:17 42.37822 -72.53638   5     12     50  
975.0  16:15:26 42.37821 -72.53656   3     19     53  
975.0  16:15:34 42.378174 -72.53659   4     16     54  
975.0  16:15:43 42.37818 -72.53653   4     12     43  
975.0  16:15:54 42.378166 -72.53642   5     19     44  
976.0  16:16:00 42.378193 -72.53641   3     15     56  
976.0  16:16:02 42.37818 -72.53641   3     15     49  
976.0  16:16:11 42.378193 -72.536415   3     16     49  
976.0  16:16:19 42.378235 -72.53641   5     13     56  
976.0  16:16:28 42.378265 -72.536415   4     16     55  
976.0  16:16:37 42.37824 -72.53634   4     17     47  
976.0  16:16:47 42.37818 -72.53629   5     11     41  
976.0  16:16:56 42.37816 -72.5363   3     17     40  
977.0  16:17:00 42.37816 -72.536316   3     15     58  
977.0  16:17:05 42.37816 -72.536316   4     14     55  
977.0  16:17:13 42.37818 -72.53632   5     16     58  
977.0  16:17:22 42.37817 -72.536316   3     11     56  
977.0  16:17:31 42.378098 -72.53629   4     13     46  
977.0  16:17:41 42.378082 -72.536285   3     19     49  
977.0  16:17:49 42.3781 -72.5363   5     15     40  
977.0  16:17:58 42.378143 -72.53635   3     19     41  
978.0  16:18:00 42.378147 -72.536354   5     17     57  
978.0  16:18:06 42.378155 -72.536354   5     15     57  
978.0  16:18:15 42.37816 -72.53636   3     19     48  
978.0  16:18:23 42.37817 -72.53635   3     14     48  
978.0  16:18:34 42.378147 -72.53633   3     13     50  
978.0  16:18:43 42.378136 -72.53631   5     10     50  
978.0  16:18:52 42.37812 -72.53631   3     15     59  
979.0  16:19:00 42.37809 -72.53631   5     11     58  
979.0  16:19:01 42.3781 -72.5363   4     19     43  
979.0  16:19:09 42.3781 -72.53629   5     13     57  
979.0  16:19:19 42.378124 -72.536285   4     14     55  
979.0  16:19:30 42.378124 -72.536285   3     19     43  
979.0  16:19:38 42.378124 -72.536285   3     16     49  
979.0  16:19:47 42.378128 -72.536285   3     14     53  
979.0  16:19:55 42.37814 -72.53628   5     14     54  
980.0  16:20:00 42.378117 -72.536285   4     12     45  
980.0  16:20:04 42.378117 -72.536285   4     17     47  
980.0  16:20:12 42.37811 -72.536285   3     18     58  
980.0  16:20:23 42.37814 -72.53628   4     12     44  
980.0  16:20:32 42.37813 -72.53628   3     12     43  
980.0  16:20:40 42.37812 -72.536285   4     13     48  
980.0  16:20:49 42.378117 -72.536285   4     18     59  
980.0  16:20:57 42.37811 -72.536285   4     11     55  
981.0  16:21:00 42.378098 -72.53628   5     14     41  
981.0  16:21:06 42.378098 -72.536285   3     16     56  
981.0  16:21:16 42.378098 -72.536285   4     19     57  
981.0  16:21:24 42.378105 -72.5363   5     19     50  
981.0  16:21:32 42.37813 -72.5363   5     17     41  
981.0  16:21:41 42.37813 -72.53629   3     12     58  
981.0  16:21:49 42.37813 -72.53629   3     12     42  
981.0  16:21:58 42.378124 -72.53629   5     11     56  
982.0  16:22:00 42.37813 -72.53629   5     13     54  
982.0  16:22:09 42.378128 -72.53629   4     17     53  
982.0  16:22:18 42.378124 -72.53629   4     17     50  
982.0  16:22:26 42.378136 -72.536285   3     19     53  
982.0  16:22:35 42.37813 -72.536285   5     19     47  
982.0  16:22:43 42.37812 -72.53629   4     18     46  
982.0  16:22:52 42.378117 -72.53629   4     10     46  
983.0  16:23:00 42.37811 -72.53631   5     18     42  
983.0  16:23:03 42.37811 -72.53631   5     12     45  
983.0  16:23:11 42.378113 -72.53631   5     17     57  
983.0  16:23:20 42.37813 -72.53631   4     11     42  
983.0  16:23:28 42.37813 -72.5363   4     12     41  
983.0  16:23:37 42.37813 -72.5363   4     18     52  
983.0  16:23:45 42.37812 -72.53631   5     14     51  
983.0  16:23:56 42.378105 -72.536316   3     14     50  
984.0  16:24:00 42.3781 -72.53632   5     11     50  
984.0  16:24:04 42.3781 -72.53632   5     15     50  
984.0  16:24:13 42.37811 -72.53632   5     19     41  
984.0  16:24:22 42.378113 -72.53632   5     17     42  
984.0  16:24:34 42.378117 -72.536316   3     10     43  
984.0  16:24:42 42.378105 -72.536316   5     13     55  
984.0  16:24:53 42.37809 -72.53629   3     19     49  
985.0  16:25:00 42.378105 -72.5363   5     14     59  
985.0  16:25:02 42.378105 -72.5363   3     12     45  
985.0  16:25:10 42.3781 -72.53631   4     18     58  
985.0  16:25:19 42.378113 -72.53631   3     15     59  
985.0  16:25:27 42.378105 -72.536316   5     15     49  
985.0  16:25:35 42.378105 -72.536316   3     14     45  
985.0  16:25:46 42.378113 -72.53631   3     10     48  
985.0  16:25:55 42.378117 -72.53631   4     13     42  
986.0  16:26:00 42.37809 -72.5363   3     19     41  
986.0  16:26:04 42.37809 -72.5363   3     15     51  
986.0  16:26:12 42.378098 -72.536285   4     16     50  
986.0  16:26:21 42.37809 -72.53629   5     14     52  
986.0  16:26:29 42.378098 -72.53628   4     11     49  
986.0  16:26:40 42.37813 -72.53631   5     17     51  
986.0  16:26:48 42.378136 -72.536285   3     17     41  
986.0  16:26:57 42.378128 -72.536255   4     17     58  
987.0  16:27:00 42.378128 -72.53627   5     12     54  
987.0  16:27:06 42.378128 -72.53627   4     14     47  
987.0  16:27:14 42.378124 -72.53627   5     17     51  
987.0  16:27:23 42.378174 -72.53628   4     18     55  
987.0  16:27:33 42.37823 -72.53677   5     14     44  
987.0  16:27:42 42.37821 -72.537186   4     15     45  
987.0  16:27:51 42.378372 -72.53721   3     15     48  
987.0  16:27:59 42.37847 -72.53717   5     11     42  
988.0  16:28:00 42.378544 -72.537155   4     18     53  
988.0  16:28:08 42.378693 -72.53718   5     13     57  
988.0  16:28:16 42.37893 -72.53696   4     14     41  
988.0  16:28:27 42.37883 -72.53611   5     15     44  
988.0  16:28:35 42.37879 -72.535385   5     10     54  
988.0  16:28:44 42.378754 -72.53464   3     17     48  
988.0  16:28:53 42.378746 -72.53434   3     14     43  
989.0  16:29:00 42.37881 -72.5341   5     16     53  
989.0  16:29:02 42.378754 -72.53418   5     12     58  
989.0  16:29:10 42.379158 -72.53405   4     18     50  
989.0  16:29:21 42.37954 -72.53404   4     17     50  
989.0  16:29:30 42.379845 -72.53403   4     19     51  
989.0  16:29:38 42.38034 -72.53398   3     11     55  
989.0  16:29:47 42.38077 -72.53394   5     16     42  
989.0  16:29:55 42.38118 -72.533905   5     16     50  
990.0  16:30:00 42.38169 -72.533844   5     12     54  
990.0  16:30:04 42.38169 -72.533844   5     13     48  
990.0  16:30:15 42.38207 -72.53381   5     18     54  
990.0  16:30:23 42.382195 -72.53359   4     14     50  
990.0  16:30:32 42.382187 -72.53291   3     10     43  
990.0  16:30:41 42.382294 -72.53223   3     13     56  
990.0  16:30:49 42.38235 -72.53197   5     19     43  
990.0  16:30:57 42.382362 -72.53192   4     15     56  
991.0  16:31:00 42.382362 -72.53192   4     10     41  
991.0  16:31:07 42.382362 -72.53192   5     14     51  
991.0  16:31:16 42.382362 -72.53193   5     10     45  
991.0  16:31:24 42.382355 -72.53192   3     14     56  
991.0  16:31:33 42.382362 -72.53191   4     13     51  
991.0  16:31:41 42.38236 -72.531906   5     10     53  
991.0  16:31:50 42.38236 -72.53189   3     15     50  
992.0  16:32:00 42.38254 -72.53177   5     12     47  
992.0  16:32:01 42.382385 -72.53182   5     18     55  
992.0  16:32:09 42.38288 -72.53181   5     13     41  
992.0  16:32:18 42.383644 -72.532005   3     10     45  
992.0  16:32:26 42.384415 -72.5323   3     14     48  
992.0  16:32:35 42.3848 -72.53247   3     14     52  
992.0  16:32:43 42.384865 -72.53241   3     16     49  
992.0  16:32:53 42.38505 -72.53178   5     12     53  
993.0  16:33:00 42.38511 -72.53108   5     12     48  
993.0  16:33:02 42.385105 -72.53119   4     10     57  
993.0  16:33:11 42.38526 -72.530876   5     18     47  
993.0  16:33:19 42.385845 -72.53095   5     10     54  
993.0  16:33:27 42.38653 -72.53121   3     18     42  
993.0  16:33:35 42.387264 -72.53151   3     15     46  
993.0  16:33:46 42.388157 -72.53189   5     16     52  
993.0  16:33:58 42.388405 -72.53199   4     13     43  
994.0  16:34:00 42.38887 -72.53219   5     14     40  
994.0  16:34:07 42.389114 -72.532295   3     11     42  
994.0  16:34:15 42.3899 -72.532616   4     11     42  
994.0  16:34:24 42.39057 -72.5329   4     11     50  
994.0  16:34:32 42.391323 -72.53322   5     10     57  
994.0  16:34:43 42.392124 -72.53355   5     13     44  
994.0  16:34:51 42.39255 -72.53372   4     12     51  
995.0  16:35:00 42.39261 -72.53374   3     14     49  
995.0  16:35:00 42.39269 -72.53368   5     18     46  
995.0  16:35:09 42.392773 -72.53337   3     12     54  
995.0  16:35:17 42.39309 -72.532684   4     17     54  
995.0  16:35:26 42.39338 -72.53248   4     13     59  
995.0  16:35:37 42.393482 -72.53292   3     15     41  
995.0  16:35:46 42.39357 -72.53323   5     15     59  
995.0  16:35:54 42.39365 -72.53323   3     14     41  
996.0  16:36:00 42.39366 -72.533226   4     13     53  
996.0  16:36:03 42.39366 -72.533226   3     18     48  
996.0  16:36:12 42.393677 -72.53321   3     13     55  
996.0  16:36:20 42.39366 -72.53321   3     12     48  
996.0  16:36:32 42.39364 -72.53322   5     12     58  
996.0  16:36:41 42.393642 -72.53323   3     14     51  
996.0  16:36:49 42.39364 -72.53324   5     12     45  
996.0  16:36:57 42.39363 -72.53323   4     12     50  
997.0  16:37:00 42.393612 -72.53323   5     17     56  
997.0  16:37:06 42.393616 -72.53323   5     18     51  
997.0  16:37:14 42.393635 -72.53322   5     12     57  
997.0  16:37:24 42.39366 -72.53321   5     12     44  
997.0  16:37:33 42.39369 -72.5332   3     13     48  
997.0  16:37:41 42.393703 -72.533195   3     14     46  
997.0  16:37:50 42.39371 -72.53319   5     19     59  
997.0  16:37:58 42.393703 -72.53318   3     13     59  
998.0  16:38:00 42.393703 -72.53318   3     10     50  
998.0  16:38:07 42.393703 -72.53317   3     12     52  
998.0  16:38:17 42.39369 -72.53318   3     11     47  
998.0  16:38:25 42.393684 -72.53319   5     15     55  
998.0  16:38:33 42.393673 -72.533195   4     10     58  
998.0  16:38:41 42.393646 -72.53322   4     12     50  
998.0  16:38:49 42.393635 -72.533226   3     19     49  
998.0  16:38:58 42.39363 -72.53324   5     11     58  
999.0  16:39:00 42.393635 -72.53325   3     16     53  
999.0  16:39:09 42.39364 -72.533264   4     11     58  
999.0  16:39:21 42.393646 -72.53327   5     11     57  
999.0  16:39:32 42.39366 -72.533264   4     16     48  
999.0  16:39:41 42.393673 -72.53325   5     14     42  
999.0  16:39:49 42.3937 -72.53324   4     15     40  
1000.0  16:40:00 42.39366 -72.53323   5     18     58  
1000.0  16:40:00 42.393642 -72.5332   5     12     59  
1000.0  16:40:07 42.39364 -72.533195   5     12     54  
1000.0  16:40:15 42.393635 -72.53304   5     18     58  
1000.0  16:40:25 42.39367 -72.5328   4     10     54  
1000.0  16:40:34 42.393806 -72.53282   4     18     51  
1000.0  16:40:42 42.3939 -72.53282   3     14     50  
1000.0  16:40:52 42.394226 -72.5329   4     19     50  
1001.0  16:41:00 42.394245 -72.5329   4     14     54  
1001.0  16:41:01 42.394245 -72.5329   3     12     49  
1001.0  16:41:09 42.39425 -72.53289   5     17     49  
1001.0  16:41:17 42.394238 -72.5329   4     12     57  
1001.0  16:41:26 42.39427 -72.532906   4     15     56  
1001.0  16:41:35 42.394356 -72.53293   3     17     45  
1001.0  16:41:46 42.39469 -72.533035   3     12     55  
1001.0  16:41:54 42.394943 -72.533195   3     13     48  
1002.0  16:42:00 42.394962 -72.5334   4     18     56  
1002.0  16:42:03 42.394966 -72.533394   3     13     44  
1002.0  16:42:12 42.394966 -72.533424   5     17     49  
1002.0  16:42:20 42.394974 -72.53345   3     10     40  
1002.0  16:42:28 42.39497 -72.53345   3     13     55  
1002.0  16:42:38 42.394962 -72.53344   5     19     59  
1141.0  19:01:08 42.39459 -72.53385   5     17     43  
1141.0  19:01:22 42.394455 -72.53371   5     19     41  
1141.0  19:01:36 42.394455 -72.53371   5     18     51  
1141.0  19:01:58 42.394455 -72.53371   4     15     55  
