425.0  07:05:00 0.0 -0.0   5     18     59  
426.0  07:06:00 0.0 -0.0   4     13     40  
427.0  07:07:00 0.0 -0.0   3     17     47  
428.0  07:08:00 0.0 -0.0   5     10     43  
429.0  07:09:00 0.0 -0.0   4     18     53  
430.0  07:10:00 42.39273 -72.52873   4     19     47  
431.0  07:11:00 42.393555 -72.53254   3     13     45  
432.0  07:12:00 42.39356 -72.53252   3     18     52  
433.0  07:13:00 42.393562 -72.532585   3     15     45  
434.0  07:14:00 42.39355 -72.532555   4     19     51  
435.0  07:15:00 42.39353 -72.53253   3     13     40  
436.0  07:16:00 42.393562 -72.53257   3     18     48  
437.0  07:17:00 42.393574 -72.53254   3     18     43  
438.0  07:18:00 42.393517 -72.532585   4     13     53  
439.0  07:19:00 42.393517 -72.53255   3     11     43  
440.0  07:20:00 42.39353 -72.53255   5     15     59  
441.0  07:21:00 42.391865 -72.533554   4     11     58  
442.0  07:22:00 42.385323 -72.53095   5     11     51  
443.0  07:23:00 42.384727 -72.52908   5     17     51  
444.0  07:24:00 42.38584 -72.5225   5     12     40  
445.0  07:25:00 42.380745 -72.51936   5     19     54  
446.0  07:26:00 42.376396 -72.519875   3     17     51  
447.0  07:27:00 42.373344 -72.5198   4     14     57  
448.0  07:28:00 42.36681 -72.52025   3     10     55  
449.0  07:29:00 42.356613 -72.52096   5     18     41  
450.0  07:30:00 42.351562 -72.526665   3     12     47  
451.0  07:31:00 42.34887 -72.528915   4     18     47  
452.0  07:32:00 42.349483 -72.530365   3     18     51  
453.0  07:33:00 42.351547 -72.52644   4     16     58  
454.0  07:34:00 42.35483 -72.52157   4     15     45  
455.0  07:35:00 42.359844 -72.52083   5     14     41  
456.0  07:36:00 42.3645 -72.52065   5     13     53  
457.0  07:37:00 42.37294 -72.51976   4     11     50  
458.0  07:38:00 42.374577 -72.51979   5     11     41  
459.0  07:39:00 42.376976 -72.51991   4     18     59  
460.0  07:40:00 42.3793 -72.51976   3     14     40  
461.0  07:41:00 42.381485 -72.5193   3     18     48  
462.0  07:42:00 42.386745 -72.52246   3     11     54  
463.0  07:43:00 42.39036 -72.52511   4     14     49  
464.0  07:44:00 42.393887 -72.52617   5     19     57  
465.0  07:45:00 42.398624 -72.52812   4     18     51  
466.0  07:46:00 42.40618 -72.52986   3     19     53  
467.0  07:47:00 42.40983 -72.53092   5     11     49  
468.0  07:48:00 42.40959 -72.53384   4     16     56  
469.0  07:49:00 42.41312 -72.5374   5     10     44  
470.0  07:50:00 42.425247 -72.53887   4     18     42  
471.0  07:51:00 42.435143 -72.5462   5     16     48  
472.0  07:52:00 42.44399 -72.55315   5     14     46  
473.0  07:53:00 42.451283 -72.56234   3     16     58  
474.0  07:54:00 42.45556 -72.567474   4     18     59  
475.0  07:55:00 42.464878 -72.57513   5     17     53  
476.0  07:56:00 42.46586 -72.57986   5     17     40  
477.0  07:57:00 42.45778 -72.58275   4     12     52  
478.0  07:58:00 42.457714 -72.58145   4     11     55  
479.0  07:59:00 42.45775 -72.58147   5     14     44  
480.0  08:00:00 42.457752 -72.58148   4     11     42  
482.0  08:02:00 42.45945 -72.57866   3     14     59  
483.0  08:03:00 42.458515 -72.57336   3     12     45  
484.0  08:04:00 42.45475 -72.56768   3     17     54  
485.0  08:05:00 42.451534 -72.56281   3     12     56  
486.0  08:06:00 42.450115 -72.56069   3     16     55  
487.0  08:07:00 42.441795 -72.55105   3     14     41  
488.0  08:08:00 42.432663 -72.54473   3     10     47  
489.0  08:09:00 42.426674 -72.539825   5     10     52  
490.0  08:10:00 42.414318 -72.537254   5     11     45  
491.0  08:11:00 42.40897 -72.53795   3     12     59  
492.0  08:12:00 42.40965 -72.533585   3     14     55  
493.0  08:13:00 42.409904 -72.53118   4     19     41  
494.0  08:14:00 42.409035 -72.53069   4     11     42  
495.0  08:15:00 42.403145 -72.52909   5     12     50  
496.0  08:16:00 42.399147 -72.52806   5     16     44  
497.0  08:17:00 42.395935 -72.52738   5     10     43  
498.0  08:18:00 42.393246 -72.52586   5     16     54  
499.0  08:19:00 42.38962 -72.52493   4     19     47  
500.0  08:20:00 42.387398 -72.5233   3     17     43  
501.0  08:21:00 42.383858 -72.52104   3     19     57  
502.0  08:22:00 42.380573 -72.519394   3     12     58  
503.0  08:23:00 42.37788 -72.52001   4     12     42  
504.0  08:24:00 42.374332 -72.51989   5     11     54  
505.0  08:25:00 42.3724 -72.51983   5     10     44  
506.0  08:26:00 42.36735 -72.52018   5     15     53  
507.0  08:27:00 42.35802 -72.5209   5     17     46  
508.0  08:28:00 42.351833 -72.52424   4     11     48  
509.0  08:29:00 42.349846 -72.52772   5     18     56  
518.0  08:38:00 42.348877 -72.5289   5     13     52  
519.0  08:39:00 42.34887 -72.5289   5     11     56  
520.0  08:40:00 42.34885 -72.52891   4     17     47  
521.0  08:41:00 42.34894 -72.53055   4     15     58  
522.0  08:42:00 42.351624 -72.530205   4     10     47  
523.0  08:43:00 42.351536 -72.5265   4     16     48  
524.0  08:44:00 42.35415 -72.52213   3     15     46  
525.0  08:45:00 42.357132 -72.520935   5     14     50  
526.0  08:46:00 42.363403 -72.520775   5     15     41  
527.0  08:47:00 42.372364 -72.51974   4     11     55  
528.0  08:48:00 42.374058 -72.51985   4     17     55  
529.0  08:49:00 42.37542 -72.519806   5     10     41  
530.0  08:50:00 42.377586 -72.51986   4     13     56  
531.0  08:51:00 42.379173 -72.51983   5     19     49  
532.0  08:52:00 42.381252 -72.5193   5     17     57  
533.0  08:53:00 42.383167 -72.52056   5     13     40  
534.0  08:54:00 42.3867 -72.52246   3     13     56  
535.0  08:55:00 42.387787 -72.52367   4     18     51  
536.0  08:56:00 42.391533 -72.52533   4     11     51  
537.0  08:57:00 42.39391 -72.526184   4     19     45  
538.0  08:58:00 42.395077 -72.52697   4     11     53  
539.0  08:59:00 42.39828 -72.52812   3     18     51  
540.0  09:00:00 42.404156 -72.52972   4     18     59  
541.0  09:01:00 42.40937 -72.53072   5     14     45  
542.0  09:02:00 42.409576 -72.53401   5     14     46  
543.0  09:03:00 42.414463 -72.537285   3     19     54  
544.0  09:04:00 42.42757 -72.54041   4     15     40  
545.0  09:05:00 42.438683 -72.54811   4     18     50  
546.0  09:06:00 42.448715 -72.55811   4     15     44  
547.0  09:07:00 42.45247 -72.56399   3     18     45  
548.0  09:08:00 42.462605 -72.573296   3     19     43  
549.0  09:09:00 42.46473 -72.58038   3     13     45  
550.0  09:10:00 42.45759 -72.5819   5     14     50  
551.0  09:11:00 42.457684 -72.58144   4     17     53  
552.0  09:12:00 42.457718 -72.58147   3     12     51  
553.0  09:13:00 42.45763 -72.58144   5     11     56  
554.0  09:14:00 42.457737 -72.581436   4     15     44  
555.0  09:15:00 42.457756 -72.581436   4     14     45  
556.0  09:16:00 42.45773 -72.581474   4     10     48  
557.0  09:17:00 42.459816 -72.58099   3     12     59  
558.0  09:18:00 42.45825 -72.57194   3     14     43  
559.0  09:19:00 42.4547 -72.56677   3     18     43  
560.0  09:20:00 42.45152 -72.562775   4     10     41  
561.0  09:21:00 42.44785 -72.55651   5     16     48  
562.0  09:22:00 42.43776 -72.54754   4     14     42  
563.0  09:23:00 42.430965 -72.54328   5     18     46  
564.0  09:24:00 42.425808 -72.53926   3     10     47  
565.0  09:25:00 42.413395 -72.53738   3     17     58  
566.0  09:26:00 42.40948 -72.53479   3     12     40  
567.0  09:27:00 42.40993 -72.531136   4     16     51  
568.0  09:28:00 42.40915 -72.53068   3     13     50  
570.0  09:30:00 42.402615 -72.52871   3     16     51  
571.0  09:31:00 42.396 -72.52732   5     10     45  
572.0  09:32:00 42.393383 -72.526   3     17     53  
573.0  09:33:00 42.391098 -72.525246   4     19     58  
574.0  09:34:00 42.387863 -72.523964   3     18     54  
575.0  09:35:00 42.386147 -72.52244   3     14     51  
576.0  09:36:00 42.381336 -72.51926   4     10     48  
577.0  09:37:00 42.377995 -72.52   5     18     51  
578.0  09:38:00 42.37771 -72.51992   3     19     57  
579.0  09:39:00 42.37439 -72.51992   3     18     47  
580.0  09:40:00 42.373383 -72.51987   3     11     43  
581.0  09:41:00 42.365993 -72.520386   3     13     57  
582.0  09:42:00 42.355595 -72.52113   5     10     45  
583.0  09:43:00 42.351444 -72.52749   4     17     46  
584.0  09:44:00 42.348846 -72.52891   4     13     50  
596.0  09:56:00 42.349937 -72.530334   4     16     56  
597.0  09:57:00 42.351524 -72.53029   5     13     40  
598.0  09:58:00 42.35165 -72.52579   5     13     45  
599.0  09:59:00 42.355686 -72.52097   3     15     59  
600.0  10:00:00 42.36352 -72.52081   5     12     59  
601.0  10:01:00 42.372597 -72.51976   3     13     55  
602.0  10:02:00 42.374725 -72.51974   3     15     47  
603.0  10:03:00 42.37634 -72.51988   4     10     50  
604.0  10:04:00 42.377472 -72.519875   3     19     46  
605.0  10:05:00 42.379887 -72.51957   3     17     54  
606.0  10:06:00 42.38142 -72.519325   4     14     57  
607.0  10:07:00 42.384594 -72.521484   3     13     47  
608.0  10:08:00 42.38774 -72.52362   3     12     53  
609.0  10:09:00 42.391544 -72.52526   4     10     49  
610.0  10:10:00 42.393932 -72.526146   3     12     58  
611.0  10:11:00 42.395084 -72.52697   5     19     45  
612.0  10:12:00 42.399036 -72.52802   3     17     44  
613.0  10:13:00 42.404385 -72.52967   3     19     49  
614.0  10:14:00 42.40923 -72.53069   4     12     47  
615.0  10:15:00 42.409706 -72.53365   4     17     42  
616.0  10:16:00 42.412483 -72.53757   4     16     57  
617.0  10:17:00 42.425503 -72.53905   4     16     49  
618.0  10:18:00 42.43609 -72.54666   4     18     46  
619.0  10:19:00 42.4466 -72.55485   4     18     44  
620.0  10:20:00 42.45236 -72.56363   3     16     41  
621.0  10:21:00 42.455765 -72.56756   4     13     53  
622.0  10:22:00 42.465637 -72.57639   5     11     45  
623.0  10:23:00 42.46389 -72.58065   3     16     50  
624.0  10:24:00 42.457603 -72.58145   3     12     59  
637.0  10:37:00 42.455475 -72.56847   3     11     50  
638.0  10:38:00 42.451515 -72.562744   3     18     41  
639.0  10:39:00 42.44959 -72.55975   3     12     40  
640.0  10:40:00 42.441055 -72.55016   3     19     56  
641.0  10:41:00 42.430016 -72.54244   5     19     56  
642.0  10:42:00 42.418213 -72.536804   4     14     55  
643.0  10:43:00 42.40896 -72.537926   5     18     41  
644.0  10:44:00 42.40965 -72.533325   3     15     52  
645.0  10:45:00 42.408997 -72.53072   5     18     59  
646.0  10:46:00 42.403484 -72.52928   5     10     51  
647.0  10:47:00 42.40244 -72.5286   5     15     49  
648.0  10:48:00 42.395653 -72.527176   4     17     57  
649.0  10:49:00 42.393364 -72.52606   3     16     53  
650.0  10:50:00 42.39338 -72.52599   5     17     50  
651.0  10:51:00 42.390896 -72.52525   4     16     46  
652.0  10:52:00 42.390846 -72.5253   4     14     41  
653.0  10:53:00 42.390873 -72.52527   3     13     58  
654.0  10:54:00 42.388954 -72.52466   5     13     56  
655.0  10:55:00 42.388702 -72.524536   4     18     59  
656.0  10:56:00 42.387894 -72.52389   3     13     58  
657.0  10:57:00 42.386616 -72.5224   3     18     48  
658.0  10:58:00 42.382774 -72.52053   5     16     48  
659.0  10:59:00 42.379574 -72.519684   5     16     48  
660.0  11:00:00 42.37787 -72.52   5     12     42  
661.0  11:01:00 42.377457 -72.52001   4     11     56  
662.0  11:02:00 42.37637 -72.52001   3     19     45  
663.0  11:03:00 42.37443 -72.51989   3     19     57  
664.0  11:04:00 42.372047 -72.51977   5     11     58  
665.0  11:05:00 42.36381 -72.52074   3     14     47  
666.0  11:06:00 42.355587 -72.52109   3     10     51  
667.0  11:07:00 42.35208 -72.52383   5     10     42  
668.0  11:08:00 42.35116 -72.52746   4     19     40  
669.0  11:09:00 42.34912 -72.52882   5     11     52  
670.0  11:10:00 42.34892 -72.52894   3     18     43  
671.0  11:11:00 42.348675 -72.528946   5     10     43  
672.0  11:12:00 42.349705 -72.53032   3     14     50  
673.0  11:13:00 42.351616 -72.52972   3     13     58  
674.0  11:14:00 42.352005 -72.523964   3     18     47  
675.0  11:15:00 42.355663 -72.52117   5     11     43  
676.0  11:16:00 42.361855 -72.52077   5     15     47  
677.0  11:17:00 42.371128 -72.51977   5     10     42  
678.0  11:18:00 42.374466 -72.51981   5     13     52  
679.0  11:19:00 42.37727 -72.519905   3     15     58  
680.0  11:20:00 42.379295 -72.51977   4     12     46  
681.0  11:21:00 42.381393 -72.51931   4     13     50  
682.0  11:22:00 42.382507 -72.5202   4     11     57  
683.0  11:23:00 42.386677 -72.52237   3     19     45  
684.0  11:24:00 42.388027 -72.52404   4     13     52  
685.0  11:25:00 42.391506 -72.52525   4     18     58  
686.0  11:26:00 42.393948 -72.526146   3     14     57  
687.0  11:27:00 42.39642 -72.52753   3     14     53  
688.0  11:28:00 42.403538 -72.52919   5     19     45  
689.0  11:29:00 42.407127 -72.52993   4     18     53  
690.0  11:30:00 42.40985 -72.53225   3     12     48  
691.0  11:31:00 42.40952 -72.53793   3     19     57  
692.0  11:32:00 42.421337 -72.53712   5     17     45  
693.0  11:33:00 42.431965 -72.544044   5     13     56  
694.0  11:34:00 42.442482 -72.55159   5     15     40  
695.0  11:35:00 42.450558 -72.56138   4     15     42  
696.0  11:36:00 42.454926 -72.56685   3     12     55  
697.0  11:37:00 42.46388 -72.57407   3     15     43  
698.0  11:38:00 42.465862 -72.57987   5     17     45  
699.0  11:39:00 42.457825 -72.58276   4     17     51  
700.0  11:40:00 42.457737 -72.58145   4     14     45  
701.0  11:41:00 42.45773 -72.58143   5     10     57  
702.0  11:42:00 42.457584 -72.58147   3     14     42  
703.0  11:43:00 42.45763 -72.58147   5     17     43  
704.0  11:44:00 42.45769 -72.58152   3     15     40  
705.0  11:45:00 42.45767 -72.58143   3     13     48  
706.0  11:46:00 42.457783 -72.581505   5     19     51  
707.0  11:47:00 42.459595 -72.582146   3     16     42  
708.0  11:48:00 42.45855 -72.57373   3     14     59  
709.0  11:49:00 42.4546 -72.566696   4     10     42  
710.0  11:50:00 42.451515 -72.56278   3     13     51  
711.0  11:51:00 42.44645 -72.55471   5     15     54  
712.0  11:52:00 42.436897 -72.54701   5     19     54  
713.0  11:53:00 42.42668 -72.53983   5     10     55  
714.0  11:54:00 42.414783 -72.53721   3     19     42  
715.0  11:55:00 42.40942 -72.53538   3     16     59  
716.0  11:56:00 42.40988 -72.53113   5     14     45  
717.0  11:57:00 42.409073 -72.530815   3     17     47  
718.0  11:58:00 42.40315 -72.5291   3     18     50  
719.0  11:59:00 42.401375 -72.52807   5     16     59  
720.0  12:00:00 42.394283 -72.526474   3     16     59  
721.0  12:01:00 42.393375 -72.52599   3     11     57  
722.0  12:02:00 42.390846 -72.52527   3     17     59  
723.0  12:03:00 42.38784 -72.52398   4     11     40  
724.0  12:04:00 42.38531 -72.521774   5     12     58  
725.0  12:05:00 42.379795 -72.51956   3     13     45  
726.0  12:06:00 42.3778 -72.51995   4     14     45  
727.0  12:07:00 42.37617 -72.519905   3     12     57  
728.0  12:08:00 42.37394 -72.51986   4     15     57  
729.0  12:09:00 42.368187 -72.52011   5     14     50  
730.0  12:10:00 42.35909 -72.52086   5     18     49  
731.0  12:11:00 42.352165 -72.52361   4     18     53  
732.0  12:12:00 42.35084 -72.52751   5     11     57  
733.0  12:13:00 42.348915 -72.52892   3     18     59  
747.0  12:27:00 42.351624 -72.52616   3     12     43  
748.0  12:28:00 42.35573 -72.52106   5     17     41  
749.0  12:29:00 42.362305 -72.52079   3     13     52  
750.0  12:30:00 42.371387 -72.51977   4     11     46  
751.0  12:31:00 42.37344 -72.51988   4     19     56  
752.0  12:32:00 42.37572 -72.51983   4     17     52  
753.0  12:33:00 42.377388 -72.52004   5     13     45  
754.0  12:34:00 42.379795 -72.51959   4     10     48  
755.0  12:35:00 42.385094 -72.52173   5     17     46  
756.0  12:36:00 42.387707 -72.52358   3     18     59  
757.0  12:37:00 42.38825 -72.5242   4     17     50  
758.0  12:38:00 42.38898 -72.524605   4     14     54  
759.0  12:39:00 42.3915 -72.52531   4     19     58  
760.0  12:40:00 42.391754 -72.52542   4     13     56  
761.0  12:41:00 42.39307 -72.525764   3     15     41  
762.0  12:42:00 42.393307 -72.52581   5     12     55  
763.0  12:43:00 42.39379 -72.526085   3     12     55  
764.0  12:44:00 42.394188 -72.52643   5     12     40  
765.0  12:45:00 42.39509 -72.52701   5     18     56  
766.0  12:46:00 42.39892 -72.528076   4     17     44  
767.0  12:47:00 42.403946 -72.52944   3     14     49  
768.0  12:48:00 42.40924 -72.53072   3     13     58  
769.0  12:49:00 42.4099 -72.530945   4     10     47  
770.0  12:50:00 42.409657 -72.5338   4     16     59  
771.0  12:51:00 42.413063 -72.53746   3     10     57  
772.0  12:52:00 42.425026 -72.53868   3     13     58  
773.0  12:53:00 42.434574 -72.54587   5     18     40  
774.0  12:54:00 42.444828 -72.55368   3     15     45  
775.0  12:55:00 42.451767 -72.56301   4     13     42  
776.0  12:56:00 42.452248 -72.56357   3     14     47  
777.0  12:57:00 42.45419 -72.56613   5     16     40  
778.0  12:58:00 42.463917 -72.57408   3     18     53  
779.0  12:59:00 42.465366 -72.58009   4     11     53  
780.0  13:00:00 42.45768 -72.58271   4     13     54  
781.0  13:01:00 42.457832 -72.58162   4     15     52  
782.0  13:02:00 42.459385 -72.57866   4     10     55  
783.0  13:03:00 42.457047 -72.57016   5     11     42  
784.0  13:04:00 42.453697 -72.565636   5     14     59  
785.0  13:05:00 42.451534 -72.56267   5     13     42  
786.0  13:06:00 42.44473 -72.55357   3     10     40  
787.0  13:07:00 42.434315 -72.54576   3     12     41  
788.0  13:08:00 42.4263 -72.53958   5     14     45  
789.0  13:09:00 42.41531 -72.53721   3     17     53  
790.0  13:10:00 42.409275 -72.53645   3     16     51  
791.0  13:11:00 42.40994 -72.5311   4     12     56  
792.0  13:12:00 42.406593 -72.52987   5     14     50  
793.0  13:13:00 42.402134 -72.528366   5     11     50  
794.0  13:14:00 42.396564 -72.52758   4     13     59  
795.0  13:15:00 42.39419 -72.526375   4     15     47  
796.0  13:16:00 42.39194 -72.525406   5     13     47  
797.0  13:17:00 42.389736 -72.524994   4     19     51  
798.0  13:18:00 42.387295 -72.52305   4     11     58  
799.0  13:19:00 42.384087 -72.52115   3     14     57  
800.0  13:20:00 42.37947 -72.51969   5     15     41  
801.0  13:21:00 42.377937 -72.51988   3     10     54  
802.0  13:22:00 42.37694 -72.519905   5     10     59  
803.0  13:23:00 42.37449 -72.51997   4     13     48  
804.0  13:24:00 42.37365 -72.519745   3     16     54  
805.0  13:25:00 42.370155 -72.51981   5     10     59  
806.0  13:26:00 42.3613 -72.52074   5     16     55  
807.0  13:27:00 42.35407 -72.52217   4     12     52  
808.0  13:28:00 42.35153 -72.52738   5     18     51  
809.0  13:29:00 42.3489 -72.52886   3     10     42  
822.0  13:42:00 42.35154 -72.5265   3     15     48  
823.0  13:43:00 42.35417 -72.52209   4     14     43  
824.0  13:44:00 42.356903 -72.52099   3     10     49  
825.0  13:45:00 42.36627 -72.52034   5     10     45  
826.0  13:46:00 42.372944 -72.51976   3     19     48  
827.0  13:47:00 42.37487 -72.51982   4     14     46  
828.0  13:48:00 42.375473 -72.51975   5     19     43  
829.0  13:49:00 42.377445 -72.519775   4     17     44  
830.0  13:50:00 42.3785 -72.519875   3     12     54  
831.0  13:51:00 42.381393 -72.519264   3     19     53  
832.0  13:52:00 42.38593 -72.52232   4     12     50  
833.0  13:53:00 42.387676 -72.52352   5     14     40  
834.0  13:54:00 42.39029 -72.525055   4     18     43  
835.0  13:55:00 42.391563 -72.52533   3     15     52  
836.0  13:56:00 42.393818 -72.526085   3     16     42  
837.0  13:57:00 42.39503 -72.52695   4     11     51  
838.0  13:58:00 42.401886 -72.52827   3     10     58  
839.0  13:59:00 42.40624 -72.52982   5     14     57  
840.0  14:00:00 42.41 -72.53125   3     11     41  
841.0  14:01:00 42.409103 -72.537254   4     17     57  
842.0  14:02:00 42.417976 -72.53685   4     13     58  
843.0  14:03:00 42.42872 -72.54126   4     11     59  
844.0  14:04:00 42.435253 -72.54618   4     14     51  
845.0  14:05:00 42.445107 -72.553856   3     10     41  
846.0  14:06:00 42.45193 -72.5632   4     11     51  
847.0  14:07:00 42.456215 -72.56811   3     17     45  
848.0  14:08:00 42.465275 -72.57582   4     10     49  
849.0  14:09:00 42.462753 -72.58105   4     19     58  
850.0  14:10:00 42.45766 -72.58149   5     18     59  
851.0  14:11:00 42.457645 -72.58147   4     13     57  
852.0  14:12:00 42.457695 -72.581474   5     19     44  
853.0  14:13:00 42.457733 -72.58142   3     14     46  
854.0  14:14:00 42.457684 -72.58133   5     19     49  
855.0  14:15:00 42.45768 -72.58131   5     17     43  
856.0  14:16:00 42.457924 -72.58257   5     13     57  
857.0  14:17:00 42.45915 -72.577   4     19     47  
858.0  14:18:00 42.45535 -72.56836   3     17     54  
859.0  14:19:00 42.45152 -72.56274   5     18     46  
860.0  14:20:00 42.44745 -72.55579   3     14     45  
861.0  14:21:00 42.437546 -72.54734   3     13     47  
862.0  14:22:00 42.427242 -72.540215   5     11     58  
863.0  14:23:00 42.415627 -72.5371   4     18     51  
864.0  14:24:00 42.409374 -72.535706   3     17     46  
865.0  14:25:00 42.40913 -72.53068   4     12     46  
866.0  14:26:00 42.403755 -72.529526   5     17     53  
867.0  14:27:00 42.39963 -72.52797   3     12     51  
868.0  14:28:00 42.395683 -72.527176   5     16     40  
869.0  14:29:00 42.39353 -72.52612   4     17     57  
870.0  14:30:00 42.39349 -72.52599   5     18     55  
871.0  14:31:00 42.39138 -72.52529   3     17     40  
872.0  14:32:00 42.39104 -72.525246   3     15     57  
873.0  14:33:00 42.39101 -72.5253   4     12     52  
874.0  14:34:00 42.388004 -72.52404   4     10     42  
875.0  14:35:00 42.386356 -72.522385   3     17     50  
876.0  14:36:00 42.38284 -72.52056   5     14     44  
877.0  14:37:00 42.379574 -72.51963   5     13     43  
878.0  14:38:00 42.37839 -72.51985   3     10     49  
879.0  14:39:00 42.377827 -72.51991   5     12     45  
880.0  14:40:00 42.376335 -72.519844   3     18     56  
881.0  14:41:00 42.37473 -72.51975   4     17     59  
882.0  14:42:00 42.374172 -72.51983   4     19     50  
883.0  14:43:00 42.372692 -72.519775   3     12     44  
884.0  14:44:00 42.3648 -72.52052   3     12     43  
885.0  14:45:00 42.356205 -72.520935   5     14     50  
886.0  14:46:00 42.35156 -72.526054   3     17     53  
887.0  14:47:00 42.349945 -72.5275   4     11     45  
888.0  14:48:00 42.34888 -72.528915   4     19     57  
889.0  14:49:00 42.348904 -72.52886   5     15     44  
890.0  14:50:00 42.348904 -72.52884   5     17     48  
891.0  14:51:00 42.34889 -72.52891   5     12     47  
892.0  14:52:00 42.348923 -72.52887   4     14     52  
893.0  14:53:00 42.348923 -72.528946   3     11     44  
894.0  14:54:00 42.348328 -72.52945   5     18     43  
895.0  14:55:00 42.350426 -72.530304   3     17     54  
896.0  14:56:00 42.351555 -72.527145   4     15     56  
897.0  14:57:00 42.35411 -72.52206   4     18     57  
898.0  14:58:00 42.35607 -72.52092   5     12     50  
899.0  14:59:00 42.362625 -72.520744   4     17     51  
900.0  15:00:00 42.36551 -72.52047   3     13     41  
901.0  15:01:00 42.373028 -72.51976   4     15     59  
902.0  15:02:00 42.37638 -72.51989   3     13     42  
903.0  15:03:00 42.377274 -72.519905   5     12     54  
904.0  15:04:00 42.377476 -72.51992   5     13     50  
905.0  15:05:00 42.380527 -72.519394   4     19     40  
906.0  15:06:00 42.38139 -72.51931   4     11     44  
907.0  15:07:00 42.383076 -72.52059   3     14     40  
908.0  15:08:00 42.38739 -72.52322   3     11     48  
909.0  15:09:00 42.389107 -72.52469   5     14     48  
910.0  15:10:00 42.391983 -72.5254   5     12     46  
911.0  15:11:00 42.393776 -72.5262   4     16     45  
912.0  15:12:00 42.399723 -72.52795   5     18     42  
913.0  15:13:00 42.405293 -72.52977   4     18     41  
914.0  15:14:00 42.409275 -72.53074   5     18     45  
915.0  15:15:00 42.40948 -72.5349   5     10     44  
916.0  15:16:00 42.415707 -72.53704   4     14     45  
917.0  15:17:00 42.427723 -72.54056   5     17     41  
918.0  15:18:00 42.43245 -72.544586   3     12     42  
919.0  15:19:00 42.442932 -72.55216   4     12     45  
920.0  15:20:00 42.450752 -72.56149   5     14     59  
921.0  15:21:00 42.454807 -72.56678   4     18     54  
922.0  15:22:00 42.464523 -72.57475   4     18     43  
923.0  15:23:00 42.464127 -72.58059   3     11     40  
924.0  15:24:00 42.457645 -72.582535   4     13     54  
934.0  15:34:00 42.454594 -72.56671   3     18     45  
935.0  15:35:00 42.45148 -72.56275   3     15     50  
936.0  15:36:00 42.446236 -72.5545   5     15     56  
937.0  15:37:00 42.435593 -72.546394   5     11     53  
938.0  15:38:00 42.424973 -72.53874   4     14     41  
939.0  15:39:00 42.412735 -72.537476   3     16     40  
940.0  15:40:00 42.40891 -72.53788   5     13     44  
941.0  15:41:00 42.40975 -72.53261   4     17     47  
942.0  15:42:00 42.409027 -72.530685   3     17     44  
943.0  15:43:00 42.403282 -72.52918   4     19     43  
944.0  15:44:00 42.39797 -72.5281   4     14     58  
945.0  15:45:00 42.395557 -72.5271   4     13     51  
946.0  15:46:00 42.394073 -72.52636   5     12     48  
947.0  15:47:00 42.393394 -72.526054   5     14     51  
948.0  15:48:00 42.391754 -72.525345   5     17     58  
949.0  15:49:00 42.39007 -72.525   5     11     41  
950.0  15:50:00 42.387756 -72.52386   4     12     47  
951.0  15:51:00 42.387768 -72.52382   4     12     41  
952.0  15:52:00 42.383614 -72.52087   4     18     47  
953.0  15:53:00 42.381363 -72.51927   5     19     41  
954.0  15:54:00 42.378696 -72.51985   5     13     48  
955.0  15:55:00 42.37793 -72.520004   5     17     46  
956.0  15:56:00 42.376904 -72.51993   4     10     44  
957.0  15:57:00 42.37439 -72.519875   5     17     45  
958.0  15:58:00 42.3734 -72.51982   3     16     42  
959.0  15:59:00 42.36556 -72.520424   5     13     48  
960.0  16:00:00 42.35578 -72.52094   3     19     55  
961.0  16:01:00 42.352028 -72.52376   5     19     45  
962.0  16:02:00 42.350838 -72.52741   4     13     58  
963.0  16:03:00 42.348858 -72.52893   4     17     41  
964.0  16:04:00 42.348934 -72.52898   4     10     51  
965.0  16:05:00 42.348946 -72.52891   5     15     43  
966.0  16:06:00 42.348988 -72.52895   4     11     50  
967.0  16:07:00 42.34894 -72.52897   4     14     46  
968.0  16:08:00 42.348907 -72.528915   5     13     55  
969.0  16:09:00 42.348755 -72.5306   4     12     40  
970.0  16:10:00 42.350418 -72.530235   3     16     44  
971.0  16:11:00 42.35045 -72.53032   5     18     42  
972.0  16:12:00 42.351543 -72.527374   5     11     58  
973.0  16:13:00 42.352253 -72.52336   5     18     48  
974.0  16:14:00 42.355755 -72.521286   5     16     56  
975.0  16:15:00 42.36316 -72.520744   5     10     59  
976.0  16:16:00 42.37228 -72.51973   5     10     42  
977.0  16:17:00 42.374577 -72.51981   4     12     42  
978.0  16:18:00 42.374733 -72.51985   5     17     55  
979.0  16:19:00 42.3755 -72.51985   3     18     54  
980.0  16:20:00 42.37737 -72.51992   5     17     50  
981.0  16:21:00 42.377617 -72.51989   4     16     48  
982.0  16:22:00 42.378788 -72.51992   4     10     49  
983.0  16:23:00 42.381527 -72.51933   5     10     47  
984.0  16:24:00 42.38642 -72.52244   5     13     51  
985.0  16:25:00 42.387653 -72.52347   5     17     53  
986.0  16:26:00 42.387722 -72.523544   4     14     49  
987.0  16:27:00 42.38967 -72.52491   3     18     56  
988.0  16:28:00 42.39159 -72.52528   4     12     56  
989.0  16:29:00 42.393875 -72.52606   5     19     57  
990.0  16:30:00 42.3975 -72.527954   5     17     42  
991.0  16:31:00 42.40054 -72.527885   5     17     58  
992.0  16:32:00 42.407932 -72.530266   3     14     58  
993.0  16:33:00 42.409855 -72.53092   3     19     44  
994.0  16:34:00 42.40968 -72.53353   4     14     48  
995.0  16:35:00 42.409492 -72.53794   4     12     41  
996.0  16:36:00 42.420895 -72.537   4     14     55  
997.0  16:37:00 42.43152 -72.54367   3     15     55  
998.0  16:38:00 42.441345 -72.550446   3     17     59  
999.0  16:39:00 42.449524 -72.55953   4     17     44  
1000.0  16:40:00 42.45224 -72.563614   4     14     56  
1001.0  16:41:00 42.45577 -72.56762   5     12     57  
1002.0  16:42:00 42.46485 -72.57506   3     17     59  
1003.0  16:43:00 42.465378 -72.58007   4     14     41  
1004.0  16:44:00 42.457905 -72.5828   3     18     46  
1005.0  16:45:00 42.457787 -72.58164   5     16     56  
1006.0  16:46:00 42.45803 -72.58265   5     13     50  
1007.0  16:47:00 42.45933 -72.57788   5     15     45  
1008.0  16:48:00 42.458355 -72.57246   3     12     58  
1009.0  16:49:00 42.45453 -72.56704   5     13     47  
1010.0  16:50:00 42.451508 -72.56272   4     15     42  
1011.0  16:51:00 42.448933 -72.55861   3     10     41  
1012.0  16:52:00 42.4406 -72.5497   3     19     45  
1013.0  16:53:00 42.430214 -72.542595   5     13     44  
1014.0  16:54:00 42.419735 -72.536865   4     12     46  
1015.0  16:55:00 42.40933 -72.53792   4     13     58  
1016.0  16:56:00 42.409874 -72.53154   3     15     49  
1017.0  16:57:00 42.40841 -72.53044   5     15     56  
1018.0  16:58:00 42.401085 -72.52802   3     13     47  
1019.0  16:59:00 42.395405 -72.5271   4     13     59  
1020.0  17:00:00 42.39455 -72.52662   3     18     46  
1021.0  17:01:00 42.393444 -72.526   3     19     47  
1022.0  17:02:00 42.391693 -72.525345   3     19     45  
1023.0  17:03:00 42.38962 -72.52485   4     15     55  
1024.0  17:04:00 42.3878 -72.52386   3     14     41  
1025.0  17:05:00 42.386066 -72.52244   5     14     55  
1026.0  17:06:00 42.38175 -72.51961   3     17     42  
1027.0  17:07:00 42.37934 -72.51979   5     17     54  
1028.0  17:08:00 42.377872 -72.51994   3     13     49  
1029.0  17:09:00 42.377693 -72.519905   4     19     43  
1030.0  17:10:00 42.37595 -72.51998   3     19     41  
1031.0  17:11:00 42.374447 -72.51986   3     13     57  
1032.0  17:12:00 42.372265 -72.51975   3     14     42  
1033.0  17:13:00 42.363964 -72.52074   5     19     52  
1034.0  17:14:00 42.360832 -72.52078   5     12     49  
1035.0  17:15:00 42.355175 -72.521484   3     11     51  
1036.0  17:16:00 42.352413 -72.5235   5     17     59  
1037.0  17:17:00 42.351456 -72.5271   3     18     42  
1038.0  17:18:00 42.34943 -72.5286   5     16     50  
1046.0  17:26:00 42.3514 -72.53026   5     17     47  
1047.0  17:27:00 42.351467 -72.52646   3     17     54  
1048.0  17:28:00 42.353977 -72.52221   5     10     52  
1049.0  17:29:00 42.355618 -72.52109   3     19     45  
1050.0  17:30:00 42.356907 -72.52092   5     13     47  
1051.0  17:31:00 42.366653 -72.52024   5     19     55  
1052.0  17:32:00 42.374374 -72.51983   3     13     48  
1053.0  17:33:00 42.37525 -72.51974   3     17     59  
1054.0  17:34:00 42.37747 -72.519875   4     14     47  
1055.0  17:35:00 42.378975 -72.51988   3     15     54  
1056.0  17:36:00 42.38087 -72.519295   4     11     45  
1057.0  17:37:00 42.384827 -72.52157   4     16     51  
1058.0  17:38:00 42.38762 -72.52354   3     10     51  
1059.0  17:39:00 42.3897 -72.52496   4     14     58  
1060.0  17:40:00 42.392414 -72.52549   4     14     49  
1061.0  17:41:00 42.393818 -72.526146   5     16     57  
1062.0  17:42:00 42.395073 -72.52693   5     11     40  
1063.0  17:43:00 42.396183 -72.52741   4     14     41  
1064.0  17:44:00 42.4 -72.528   3     18     42  
1065.0  17:45:00 42.407936 -72.53028   3     11     54  
1066.0  17:46:00 42.40991 -72.53162   3     19     56  
1067.0  17:47:00 42.409145 -72.53713   5     15     59  
1068.0  17:48:00 42.41811 -72.5368   3     12     56  
1069.0  17:49:00 42.429222 -72.54169   5     14     58  
1070.0  17:50:00 42.438965 -72.548325   3     13     50  
1071.0  17:51:00 42.443073 -72.55232   4     17     51  
1072.0  17:52:00 42.450657 -72.561386   4     15     56  
1073.0  17:53:00 42.453163 -72.565   5     19     42  
1074.0  17:54:00 42.462994 -72.57348   3     16     49  
1075.0  17:55:00 42.466213 -72.57797   4     14     40  
1076.0  17:56:00 42.465572 -72.57992   3     13     57  
1077.0  17:57:00 42.460163 -72.58191   3     13     42  
1078.0  17:58:00 42.457703 -72.58145   5     17     40  
1085.0  18:05:00 42.45647 -72.5695   4     14     50  
1086.0  18:06:00 42.45214 -72.56357   3     13     55  
1087.0  18:07:00 42.450985 -72.56184   3     11     41  
1088.0  18:08:00 42.442875 -72.55217   5     16     56  
1089.0  18:09:00 42.432373 -72.54454   3     15     49  
1090.0  18:10:00 42.4218 -72.537346   3     17     46  
1091.0  18:11:00 42.41045 -72.53774   4     13     40  
1092.0  18:12:00 42.408993 -72.53761   5     10     46  
1093.0  18:13:00 42.409832 -72.532005   5     10     55  
1094.0  18:14:00 42.41003 -72.5311   4     14     43  
1095.0  18:15:00 42.409065 -72.5307   4     19     57  
1096.0  18:16:00 42.403748 -72.52957   5     10     56  
1097.0  18:17:00 42.399082 -72.52805   4     11     52  
1098.0  18:18:00 42.3937 -72.52615   5     19     57  
1099.0  18:19:00 42.39245 -72.525566   3     11     54  
1100.0  18:20:00 42.390404 -72.52506   5     15     43  
1101.0  18:21:00 42.3877 -72.52365   4     18     40  
1102.0  18:22:00 42.386063 -72.52249   3     14     53  
1103.0  18:23:00 42.38288 -72.520515   4     10     52  
1104.0  18:24:00 42.37915 -72.51985   4     12     49  
1105.0  18:25:00 42.377415 -72.51989   3     19     51  
1106.0  18:26:00 42.37442 -72.51978   5     17     49  
1107.0  18:27:00 42.37186 -72.51969   4     11     56  
1108.0  18:28:00 42.36545 -72.52041   4     10     51  
1109.0  18:29:00 42.35705 -72.52095   3     12     48  
1110.0  18:30:00 42.351696 -72.52507   4     11     42  
1111.0  18:31:00 42.350838 -72.527405   3     12     51  
1112.0  18:32:00 42.34893 -72.5289   4     14     59  
1121.0  18:41:00 42.351566 -72.526596   5     16     44  
1122.0  18:42:00 42.354397 -72.5215   4     15     45  
1123.0  18:43:00 42.356785 -72.52076   3     16     59  
1124.0  18:44:00 42.36266 -72.520515   5     10     51  
1125.0  18:45:00 42.36831 -72.519806   4     16     58  
1126.0  18:46:00 42.373093 -72.51961   5     13     43  
1127.0  18:47:00 42.373093 -72.51961   4     10     48  
1128.0  18:48:00 42.373093 -72.51961   3     15     55  
1129.0  18:49:00 42.373093 -72.51961   3     13     48  
1130.0  18:50:00 42.373093 -72.51961   3     16     49  
1131.0  18:51:00 42.373093 -72.51961   5     13     46  
1132.0  18:52:00 42.381382 -72.519135   4     19     48  
1133.0  18:53:00 42.385807 -72.52212   3     18     42  
1134.0  18:54:00 42.387672 -72.52347   4     10     50  
1135.0  18:55:00 42.38966 -72.52493   3     10     40  
1136.0  18:56:00 42.391594 -72.52516   3     19     51  
1137.0  18:57:00 42.391506 -72.52515   4     18     58  
1138.0  18:58:00 42.393757 -72.52612   4     16     46  
1139.0  18:59:00 42.39568 -72.52719   5     10     45  
1140.0  19:00:00 42.398354 -72.52803   3     15     52  
1141.0  19:01:00 42.40396 -72.52948   4     18     47  
1142.0  19:02:00 42.40666 -72.52987   4     16     56  
1143.0  19:03:00 42.41 -72.53137   3     10     59  
1144.0  19:04:00 42.4093 -72.53677   5     17     42  
1145.0  19:05:00 42.417072 -72.53684   5     11     43  
1146.0  19:06:00 42.42794 -72.54063   4     14     49  
1147.0  19:07:00 42.43783 -72.54747   4     16     49  
1148.0  19:08:00 42.447067 -72.55525   5     14     56  
1149.0  19:09:00 42.452248 -72.56371   4     19     40  
1150.0  19:10:00 42.453773 -72.565674   3     12     49  
1151.0  19:11:00 42.46316 -72.57352   5     17     44  
1152.0  19:12:00 42.4664 -72.57949   5     16     47  
1153.0  19:13:00 42.459396 -72.58209   3     13     40  
1154.0  19:14:00 42.457756 -72.58144   3     13     51  
1155.0  19:15:00 42.457756 -72.58146   3     17     45  
1156.0  19:16:00 42.457867 -72.58141   4     11     44  
1157.0  19:17:00 42.457947 -72.58135   4     10     55  
1158.0  19:18:00 42.457897 -72.581604   3     14     51  
1159.0  19:19:00 42.45947 -72.57904   5     16     54  
1160.0  19:20:00 42.45762 -72.570595   4     14     51  
1161.0  19:21:00 42.45292 -72.56474   3     18     43  
1162.0  19:22:00 42.449696 -72.56002   4     15     42  
1163.0  19:23:00 42.442265 -72.5515   3     18     56  
1164.0  19:24:00 42.43221 -72.54431   3     19     48  
1165.0  19:25:00 42.421997 -72.5373   5     18     50  
1166.0  19:26:00 42.41182 -72.53754   4     14     44  
1167.0  19:27:00 42.4091 -72.537865   4     12     53  
1168.0  19:28:00 42.40979 -72.53286   3     11     46  
1169.0  19:29:00 42.408844 -72.530464   4     15     57  
1170.0  19:30:00 42.40318 -72.52917   4     13     55  
1171.0  19:31:00 42.397972 -72.528076   4     14     57  
1172.0  19:32:00 42.39523 -72.52712   3     17     57  
1173.0  19:33:00 42.393288 -72.526024   5     15     40  
1174.0  19:34:00 42.390697 -72.525345   3     15     48  
1175.0  19:35:00 42.39051 -72.52503   4     13     46  
1176.0  19:36:00 42.387787 -72.523834   3     10     46  
1177.0  19:37:00 42.38611 -72.52248   3     13     45  
1178.0  19:38:00 42.38192 -72.519806   3     19     46  
1179.0  19:39:00 42.379536 -72.519684   5     13     45  
1180.0  19:40:00 42.377903 -72.52   3     16     52  
1181.0  19:41:00 42.375904 -72.51993   3     16     53  
1182.0  19:42:00 42.375313 -72.51986   3     15     48  
1183.0  19:43:00 42.373455 -72.51975   3     10     41  
1184.0  19:44:00 42.36635 -72.5203   4     16     53  
1185.0  19:45:00 42.357216 -72.52095   4     14     52  
1186.0  19:46:00 42.351723 -72.52437   4     19     50  
1187.0  19:47:00 42.35158 -72.5272   3     19     55  
1188.0  19:48:00 42.349415 -72.52861   3     13     59  
1189.0  19:49:00 42.348938 -72.528854   3     14     41  
1190.0  19:50:00 42.34943 -72.53031   5     19     56  
1191.0  19:51:00 42.351593 -72.530106   4     11     49  
1192.0  19:52:00 42.351612 -72.52598   3     17     54  
1193.0  19:53:00 42.355743 -72.52097   5     16     51  
1194.0  19:54:00 42.358738 -72.520836   4     14     55  
1195.0  19:55:00 42.36775 -72.52009   3     19     54  
1196.0  19:56:00 42.37315 -72.5198   3     12     59  
1197.0  19:57:00 42.37644 -72.51992   5     10     44  
1198.0  19:58:00 42.3798 -72.519516   4     16     58  
1199.0  19:59:00 42.38162 -72.5194   5     16     41  
1200.0  20:00:00 42.3861 -72.52245   5     17     43  
1201.0  20:01:00 42.387627 -72.523384   4     17     55  
1202.0  20:02:00 42.390472 -72.525055   4     10     56  
1203.0  20:03:00 42.392315 -72.525566   5     13     42  
1204.0  20:04:00 42.39379 -72.526054   3     11     55  
1205.0  20:05:00 42.394676 -72.5267   5     19     58  
1206.0  20:06:00 42.397446 -72.52793   3     12     56  
1207.0  20:07:00 42.400845 -72.52789   4     10     51  
1208.0  20:08:00 42.4039 -72.52949   3     15     59  
1209.0  20:09:00 42.40709 -72.53003   4     11     55  
1210.0  20:10:00 42.40983 -72.5309   3     17     54  
1211.0  20:11:00 42.409687 -72.53356   3     15     42  
1212.0  20:12:00 42.409138 -72.53786   4     16     58  
1213.0  20:13:00 42.420143 -72.536896   4     14     50  
1214.0  20:14:00 42.430416 -72.54272   4     18     42  
1215.0  20:15:00 42.434517 -72.545845   5     17     52  
1216.0  20:16:00 42.444008 -72.55316   4     10     57  
1217.0  20:17:00 42.45096 -72.56179   4     10     59  
1218.0  20:18:00 42.454395 -72.56634   5     17     51  
1219.0  20:19:00 42.461857 -72.57282   5     14     48  
1220.0  20:20:00 42.46536 -72.57589   3     16     43  
1221.0  20:21:00 42.464775 -72.58039   5     12     44  
1222.0  20:22:00 42.45773 -72.582664   4     10     56  
1223.0  20:23:00 42.457798 -72.58144   5     14     51  
1224.0  20:24:00 42.457787 -72.58145   3     16     58  
1225.0  20:25:00 42.45775 -72.58149   5     14     47  
1226.0  20:26:00 42.457733 -72.58148   4     12     40  
1227.0  20:27:00 42.45766 -72.58144   3     15     49  
1228.0  20:28:00 42.45768 -72.581436   3     15     58  
1229.0  20:29:00 42.45977 -72.5808   4     19     44  
1230.0  20:30:00 42.4587 -72.574326   3     17     43  
1231.0  20:31:00 42.45461 -72.56682   3     10     59  
1232.0  20:32:00 42.451492 -72.56279   3     18     47  
1233.0  20:33:00 42.448414 -72.55761   4     15     53  
1234.0  20:34:00 42.439945 -72.54906   5     10     53  
1235.0  20:35:00 42.429893 -72.542305   5     16     58  
1236.0  20:36:00 42.419456 -72.53685   3     10     44  
1237.0  20:37:00 42.409294 -72.53792   4     13     52  
1238.0  20:38:00 42.409725 -72.532974   4     12     49  
1239.0  20:39:00 42.407333 -72.53009   5     11     57  
1240.0  20:40:00 42.402527 -72.52864   5     17     50  
1241.0  20:41:00 42.39641 -72.52753   5     16     47  
1242.0  20:42:00 42.393364 -72.52593   3     15     55  
1243.0  20:43:00 42.390892 -72.52525   4     13     55  
1244.0  20:44:00 42.387875 -72.52394   5     12     58  
1245.0  20:45:00 42.386135 -72.52247   4     13     40  
1246.0  20:46:00 42.382763 -72.520424   4     18     51  
1247.0  20:47:00 42.379578 -72.51967   4     17     59  
1248.0  20:48:00 42.377914 -72.51999   3     13     41  
1249.0  20:49:00 42.37614 -72.51988   4     16     52  
1250.0  20:50:00 42.374477 -72.51988   5     16     58  
1251.0  20:51:00 42.372566 -72.51981   3     11     46  
1252.0  20:52:00 42.36586 -72.52039   4     13     43  
1253.0  20:53:00 42.3615 -72.52083   3     17     42  
1254.0  20:54:00 42.35384 -72.522354   3     16     48  
1255.0  20:55:00 42.351593 -72.526245   4     14     46  
1256.0  20:56:00 42.349556 -72.528435   3     17     43  
1257.0  20:57:00 42.348957 -72.52891   5     16     46  
1258.0  20:58:00 42.34889 -72.528885   5     11     48  
1259.0  20:59:00 42.348324 -72.530014   4     10     41  
1260.0  21:00:00 42.350452 -72.53023   5     11     41  
1261.0  21:01:00 42.350403 -72.53025   5     16     54  
1262.0  21:02:00 42.351574 -72.52756   3     19     44  
1263.0  21:03:00 42.35449 -72.52181   4     10     50  
1264.0  21:04:00 42.35724 -72.52072   5     14     57  
1265.0  21:05:00 42.36636 -72.52027   5     14     59  
1266.0  21:06:00 42.373062 -72.51975   4     18     57  
1267.0  21:07:00 42.37486 -72.51979   3     18     51  
1268.0  21:08:00 42.375328 -72.51976   5     18     44  
1269.0  21:09:00 42.37741 -72.51987   5     19     46  
1270.0  21:10:00 42.379715 -72.51943   3     10     59  
1271.0  21:11:00 42.38353 -72.520805   5     11     43  
1272.0  21:12:00 42.387417 -72.52322   5     11     53  
1273.0  21:13:00 42.38989 -72.52494   4     13     56  
1274.0  21:14:00 42.39274 -72.525505   5     17     54  
1275.0  21:15:00 42.394054 -72.526306   5     16     42  
1276.0  21:16:00 42.397583 -72.52797   4     17     50  
1277.0  21:17:00 42.403847 -72.52946   4     18     57  
1278.0  21:18:00 42.408573 -72.53047   5     18     54  
1279.0  21:19:00 42.409863 -72.531395   5     16     46  
1280.0  21:20:00 42.409237 -72.53622   5     16     42  
1281.0  21:21:00 42.415005 -72.53714   3     15     54  
1282.0  21:22:00 42.425587 -72.53907   5     16     55  
1283.0  21:23:00 42.43124 -72.54344   4     12     57  
1284.0  21:24:00 42.439594 -72.54875   3     10     41  
1285.0  21:25:00 42.447876 -72.55647   3     18     59  
1286.0  21:26:00 42.45226 -72.56366   4     16     50  
1287.0  21:27:00 42.457035 -72.568855   4     12     58  
1288.0  21:28:00 42.465237 -72.57567   3     18     44  
1289.0  21:29:00 42.46632 -72.57885   3     14     48  
1290.0  21:30:00 42.460365 -72.581856   3     14     56  
1291.0  21:31:00 42.457687 -72.58143   4     16     50  
1299.0  21:39:00 42.459187 -72.57754   5     16     58  
1300.0  21:40:00 42.455894 -72.56891   4     15     49  
1301.0  21:41:00 42.452305 -72.56386   4     12     43  
1302.0  21:42:00 42.448673 -72.55817   3     17     53  
1303.0  21:43:00 42.44024 -72.54937   4     18     55  
1304.0  21:44:00 42.42986 -72.54232   5     13     44  
1305.0  21:45:00 42.419025 -72.53684   5     19     54  
1306.0  21:46:00 42.40897 -72.53793   4     17     52  
1307.0  21:47:00 42.409897 -72.53122   3     12     52  
1308.0  21:48:00 42.40339 -72.52922   4     14     48  
1309.0  21:49:00 42.396656 -72.52764   3     10     42  
1310.0  21:50:00 42.39531 -72.52704   3     10     58  
1311.0  21:51:00 42.393368 -72.526   3     19     45  
1312.0  21:52:00 42.39096 -72.52523   4     19     48  
1313.0  21:53:00 42.389008 -72.52462   5     13     43  
1314.0  21:54:00 42.387814 -72.52382   3     12     56  
1315.0  21:55:00 42.386093 -72.52249   4     19     42  
1316.0  21:56:00 42.38283 -72.52055   5     11     49  
1317.0  21:57:00 42.379673 -72.51962   3     10     58  
1318.0  21:58:00 42.37806 -72.51995   4     19     54  
1319.0  21:59:00 42.378056 -72.519936   4     19     46  
1320.0  22:00:00 42.377922 -72.52001   5     18     59  
1321.0  22:01:00 42.376907 -72.51992   3     16     58  
1322.0  22:02:00 42.374393 -72.51986   5     15     41  
1323.0  22:03:00 42.370953 -72.51978   3     14     59  
1324.0  22:04:00 42.362972 -72.52076   3     10     40  
1325.0  22:05:00 42.357697 -72.52093   3     16     49  
1326.0  22:06:00 42.352943 -72.52308   4     11     46  
1327.0  22:07:00 42.351635 -72.52644   5     15     46  
1328.0  22:08:00 42.349545 -72.52843   3     17     40  
1340.0  22:20:00 42.349564 -72.53031   3     19     42  
1341.0  22:21:00 42.351616 -72.52985   3     14     58  
1342.0  22:22:00 42.351555 -72.52614   4     10     51  
1343.0  22:23:00 42.355587 -72.52107   5     10     44  
1344.0  22:24:00 42.36206 -72.52073   4     19     50  
1345.0  22:25:00 42.36764 -72.5201   4     13     52  
1346.0  22:26:00 42.373634 -72.519775   4     16     44  
1347.0  22:27:00 42.37523 -72.5198   4     19     53  
1348.0  22:28:00 42.377274 -72.51985   3     10     43  
1349.0  22:29:00 42.378437 -72.51993   4     13     45  
1350.0  22:30:00 42.38055 -72.519356   3     12     58  
1351.0  22:31:00 42.382683 -72.52037   5     15     52  
1352.0  22:32:00 42.387314 -72.52315   5     14     53  
1353.0  22:33:00 42.38799 -72.52394   5     19     51  
1354.0  22:34:00 42.391476 -72.52527   3     14     40  
1355.0  22:35:00 42.393917 -72.52614   4     10     54  
1356.0  22:36:00 42.395073 -72.52697   3     15     57  
1357.0  22:37:00 42.399925 -72.528015   4     15     50  
1358.0  22:38:00 42.403847 -72.52958   3     18     43  
1359.0  22:39:00 42.409313 -72.53068   4     16     47  
1360.0  22:40:00 42.409718 -72.53357   5     15     54  
1361.0  22:41:00 42.41284 -72.537415   5     10     51  
1362.0  22:42:00 42.42408 -72.538155   4     11     41  
1363.0  22:43:00 42.43136 -72.54358   5     11     51  
1364.0  22:44:00 42.438454 -72.54798   3     18     46  
1365.0  22:45:00 42.447105 -72.555214   5     17     46  
1366.0  22:46:00 42.452335 -72.56373   3     12     53  
1367.0  22:47:00 42.457287 -72.56906   4     16     42  
1368.0  22:48:00 42.465477 -72.57616   3     17     52  
1369.0  22:49:00 42.463573 -72.580765   5     16     50  
1370.0  22:50:00 42.457645 -72.58231   3     18     46  
1379.0  22:59:00 42.458374 -72.5725   3     19     53  
1380.0  23:00:00 42.45436 -72.5664   3     18     54  
1388.0  23:08:00 42.441887 -72.551125   5     17     51  
1389.0  23:09:00 42.431637 -72.5439   3     13     52  
1390.0  23:10:00 42.42091 -72.53708   4     10     51  
1391.0  23:11:00 42.41007 -72.53784   4     10     40  
1392.0  23:12:00 42.409668 -72.53335   3     13     55  
1393.0  23:13:00 42.409107 -72.53073   4     16     56  
1394.0  23:14:00 42.404747 -72.52973   3     11     54  
1395.0  23:15:00 42.40111 -72.528015   4     18     47  
1396.0  23:16:00 42.39549 -72.52715   3     13     58  
1397.0  23:17:00 42.393368 -72.52601   3     11     50  
1398.0  23:18:00 42.390785 -72.52531   3     19     47  
1399.0  23:19:00 42.387768 -72.52387   4     10     49  
1400.0  23:20:00 42.385704 -72.52232   3     12     43  
1401.0  23:21:00 42.380783 -72.51933   3     13     45  
1402.0  23:22:00 42.37891 -72.51995   3     10     47  
1403.0  23:23:00 42.376015 -72.519905   5     13     52  
1404.0  23:24:00 42.37438 -72.51994   3     17     52  
1405.0  23:25:00 42.37446 -72.51983   3     13     56  
1406.0  23:26:00 42.37443 -72.51993   3     11     52  
1407.0  23:27:00 42.37317 -72.519875   4     10     51  
1408.0  23:28:00 42.365273 -72.52051   4     13     47  
1409.0  23:29:00 42.356564 -72.52103   4     19     51  
1410.0  23:30:00 42.35161 -72.526024   5     19     41  
1411.0  23:31:00 42.349754 -72.5279   4     18     46  
1412.0  23:32:00 42.34885 -72.528915   4     10     50  
1413.0  23:33:00 42.348793 -72.52892   5     12     48  
1414.0  23:34:00 42.34973 -72.530304   5     15     50  
1415.0  23:35:00 42.351593 -72.526184   3     18     59  
1416.0  23:36:00 42.35572 -72.52105   4     18     55  
1417.0  23:37:00 42.362347 -72.52074   5     12     45  
1418.0  23:38:00 42.370323 -72.51984   4     10     43  
1419.0  23:39:00 42.37463 -72.519775   5     14     57  
1420.0  23:40:00 42.375935 -72.5199   4     10     47  
1421.0  23:41:00 42.37849 -72.51989   5     18     45  
1422.0  23:42:00 42.381355 -72.519325   5     10     58  
1423.0  23:43:00 42.38553 -72.521904   4     11     41  
1424.0  23:44:00 42.387825 -72.523926   5     17     52  
1425.0  23:45:00 42.39149 -72.525276   3     12     41  
1426.0  23:46:00 42.39385 -72.52615   4     14     47  
1427.0  23:47:00 42.395054 -72.52693   4     19     52  
1428.0  23:48:00 42.398376 -72.528114   4     15     42  
1429.0  23:49:00 42.405754 -72.529816   5     17     42  
1430.0  23:50:00 42.409615 -72.53362   3     19     50  
1431.0  23:51:00 42.409077 -72.53793   4     14     47  
1432.0  23:52:00 42.419765 -72.536865   4     16     40  
1433.0  23:53:00 42.430305 -72.542656   4     10     48  
1434.0  23:54:00 42.440735 -72.549805   5     15     56  
1435.0  23:55:00 42.449078 -72.55888   3     11     54  
1436.0  23:56:00 42.452232 -72.563705   5     15     44  
1437.0  23:57:00 42.458046 -72.56984   3     19     57  
1438.0  23:58:00 42.46585 -72.57703   4     17     44  
1439.0  23:59:00 42.462322 -72.58119   5     13     52  
