ID	s	d	ts	te	LLC	ELC
----------------------------------------------------
247	3	9	0	0	10	1	0.52
246	1	9	0	0	10	2	1.04
248	4	11	0	0	10	1	0.52
245	0	11	0	0	10	1	0.52
250	1	8	1	1	10	1	0.52
481	6	9	0	1	25	3	1.56
3	3	9	1	1	1	1	0.52
1	1	9	1	1	1	2	1.04
249	7	10	0	1	10	2	1.04
482	7	11	0	1	25	3	1.56
4	4	9	1	2	1	3	1.56
8	6	10	2	2	1	1	0.52
6	4	10	2	2	1	1	0.52
710	0	11	1	2	50	2	1.02
5	0	11	2	2	1	1	0.52
483	0	11	2	2	25	1	0.52
484	6	8	2	3	25	3	1.56
7	6	8	2	3	1	3	1.56
711	3	9	1	3	50	3	1.52
251	0	10	2	3	10	3	1.56
11	6	11	3	3	1	1	0.52
488	4	11	3	3	25	1	0.52
255	1	11	3	3	10	1	0.52
257	3	8	4	4	10	1	0.52
706	0	8	0	4	50	5	2.54
487	4	9	3	4	25	3	1.56
12	0	9	4	4	1	2	1.04
254	0	9	3	4	10	3	1.54
260	6	10	4	4	10	1	0.52
9	1	10	3	4	1	3	1.56
716	4	11	2	4	50	3	1.52
489	7	11	3	4	25	5	2.56
256	7	11	3	4	10	5	2.56
259	4	11	4	4	10	1	0.52
13	6	8	4	5	1	3	1.56
258	4	8	4	5	10	3	1.56
15	1	9	5	5	1	2	1.04
490	1	10	4	5	25	3	1.56
495	6	10	5	5	25	1	0.52
715	4	10	2	5	50	4	2.02
492	7	10	4	5	25	2	1.04
262	6	11	5	5	10	1	0.52
14	7	11	4	5	1	5	2.56
264	3	8	6	6	10	1	0.52
491	7	8	4	6	25	5	2.6
494	4	8	5	6	25	3	1.56
720	4	9	3	6	50	5	2.56
261	6	9	5	6	10	3	1.56
717	6	10	2	6	50	5	2.52
493	0	10	5	6	25	3	1.56
496	7	10	5	6	25	2	1.04
17	1	8	7	7	1	1	0.52
20	4	11	7	7	1	1	0.52
724	3	11	4	7	50	4	2.02
19	1	11	7	7	1	1	0.52
497	1	11	7	7	25	1	0.52
726	0	11	6	7	50	2	1.02
263	7	11	5	7	10	5	2.58
21	6	8	7	8	1	3	1.56
16	7	9	6	8	1	7	3.6
731	6	10	8	8	50	1	0.52
18	1	10	7	8	1	3	1.56
498	1	11	8	8	25	1	0.52
709	7	11	0	8	50	5	2.58
265	7	8	7	9	10	7	3.6
22	7	8	7	9	1	7	3.6
712	4	8	1	9	50	10	5.06
271	1	8	9	9	10	1	0.52
268	6	9	8	9	10	3	1.56
500	3	9	9	9	25	1	0.52
266	0	10	8	9	10	4	2.08
725	4	11	5	9	50	5	2.52
27	4	11	9	9	1	1	0.52
23	7	8	8	10	1	7	3.6
25	4	8	9	10	1	3	1.56
501	6	9	9	10	25	3	1.56
24	7	9	8	10	1	7	3.6
26	4	9	9	10	1	3	1.56
269	7	9	8	10	10	8	4.12
502	1	9	10	10	25	2	1.04
29	1	9	10	10	1	2	1.04
505	6	10	10	10	25	1	0.52
270	0	10	9	10	10	3	1.56
33	4	10	10	10	1	1	0.52
714	3	10	2	10	50	10	5.06
719	3	10	3	10	50	9	4.56
722	6	11	3	10	50	8	4.02
728	6	11	6	10	50	5	2.52
28	7	11	9	10	1	5	2.56
32	3	11	10	10	1	1	0.52
503	1	11	10	10	25	1	0.52
273	4	8	10	11	10	3	1.56
274	6	8	10	11	10	3	1.56
713	7	9	1	11	50	9	4.62
31	3	10	10	11	1	3	1.56
30	1	10	10	11	1	3	1.56
37	4	10	11	11	1	1	0.52
508	4	11	11	11	25	1	0.52
275	7	11	10	11	10	5	2.58
708	7	8	0	12	50	10	5.12
506	7	8	10	12	25	5	2.6
278	4	8	11	12	10	3	1.56
38	6	8	11	12	1	3	1.56
509	6	8	11	12	25	3	1.56
510	1	9	12	12	25	2	1.04
277	3	10	11	12	10	3	1.56
512	6	11	12	12	25	1	0.52
39	1	11	12	12	1	1	0.52
738	7	11	10	12	50	6	3.08
736	1	11	10	12	50	3	1.54
721	6	8	3	13	50	12	6.06
511	4	8	12	13	25	3	1.56
280	6	8	12	13	10	3	1.56
729	4	9	7	13	50	9	4.58
281	6	9	12	13	10	3	1.56
41	7	10	12	13	1	4	2.04
42	6	11	13	13	1	1	0.52
718	3	8	3	14	50	12	6.02
723	3	8	4	14	50	11	5.52
748	3	8	14	14	50	1	0.52
40	7	8	12	14	1	7	3.6
739	7	8	11	14	50	8	4.1
740	0	9	12	14	50	4	2.04
735	0	9	10	14	50	6	3.04
513	3	10	13	14	25	3	1.56
514	7	10	13	14	25	2	1.04
283	4	11	14	14	10	1	0.52
43	3	11	14	14	1	1	0.52
286	3	8	15	15	10	1	0.52
744	1	8	13	15	50	3	1.52
746	1	8	14	15	50	2	1.02
284	6	8	14	15	10	3	1.56
44	4	8	14	15	1	3	1.56
517	4	9	14	15	25	3	1.56
522	6	10	15	15	25	1	0.52
521	4	10	15	15	25	1	0.52
287	3	11	15	15	10	1	0.52
520	3	11	15	15	25	1	0.52
519	0	11	15	15	25	1	0.52
293	3	8	16	16	10	1	0.52
289	1	8	16	16	10	1	0.52
741	1	9	12	16	50	6	3.04
290	1	9	16	16	10	2	1.04
288	6	9	15	16	10	3	1.56
518	0	10	15	16	25	3	1.56
45	6	10	16	16	1	1	0.52
296	6	10	16	16	10	1	0.52
285	0	10	15	16	10	3	1.56
282	2	10	13	16	10	16	8.06
36	2	10	11	16	1	16	8.06
734	7	10	9	16	50	8	4.04
751	7	10	15	16	50	4	2.04
253	2	11	2	16	10	17	8.58
267	2	11	8	16	10	17	8.58
297	6	11	16	16	10	1	0.52
48	3	8	17	17	1	1	0.52
276	2	8	11	17	10	19	9.62
295	6	8	16	17	10	3	1.56
2	2	8	1	17	1	19	9.62
34	2	8	11	17	1	19	9.62
733	7	9	9	17	50	12	6.12
252	2	9	2	17	10	19	9.62
272	2	9	10	17	10	19	9.62
10	2	9	3	17	1	19	9.62
35	2	9	11	17	1	19	9.62
294	4	9	16	17	10	3	1.56
49	3	9	17	17	1	1	0.52
523	0	10	16	17	25	3	1.56
50	6	10	17	17	1	1	0.52
300	6	10	17	17	10	1	0.52
292	2	10	16	17	10	16	8.06
51	6	11	17	17	1	1	0.52
298	0	11	17	17	10	1	0.52
526	0	11	17	17	25	1	0.52
46	7	8	16	18	1	7	3.6
303	1	8	18	18	10	1	0.52
291	2	9	16	18	10	19	9.62
532	3	9	18	18	25	1	0.52
528	0	9	18	18	25	2	1.04
302	0	9	18	18	10	2	1.04
47	0	10	17	18	1	3	1.56
525	0	10	17	18	25	3	1.56
752	0	10	16	18	50	4	2.06
527	3	10	17	18	25	4	2.08
299	2	10	17	18	10	16	8.06
743	6	11	12	18	50	7	3.52
759	3	11	17	18	50	2	1.02
530	0	11	18	18	25	1	0.52
534	3	8	19	19	25	1	0.52
305	1	8	19	19	10	1	0.52
301	0	8	18	19	10	3	1.54
52	6	9	18	19	1	3	1.56
307	3	9	19	19	10	1	0.52
53	0	9	19	19	1	2	1.04
745	3	10	13	19	50	9	4.56
529	0	10	18	19	25	4	2.08
56	6	11	19	19	1	1	0.52
310	6	11	19	19	10	1	0.52
54	0	11	19	19	1	1	0.52
309	6	8	19	20	10	3	1.56
755	1	8	17	20	50	4	2.02
304	0	8	19	20	10	3	1.54
308	4	9	19	20	10	3	1.56
314	4	10	20	20	10	1	0.52
730	2	10	8	20	50	16	8.06
524	2	10	16	20	25	16	8.06
306	2	10	19	20	10	17	8.56
311	7	10	19	20	10	3	1.54
315	6	11	20	20	10	1	0.52
754	4	11	16	20	50	5	2.52
536	3	11	20	20	25	1	0.52
57	0	11	20	20	1	1	0.52
760	7	8	17	21	50	7	3.62
55	2	8	19	21	1	19	9.62
317	1	8	21	21	10	1	0.52
537	1	8	21	21	25	1	0.52
316	0	8	21	21	10	2	1.04
59	1	9	21	21	1	2	1.04
313	2	10	20	21	10	16	8.06
531	2	10	18	21	25	16	8.08
541	4	11	21	21	25	1	0.52
540	3	11	21	21	25	1	0.52
318	1	11	21	21	10	1	0.52
58	0	11	21	21	1	1	0.52
325	3	8	22	22	10	1	0.52
320	4	8	21	22	10	3	1.56
321	6	9	21	22	10	3	1.56
60	4	9	21	22	1	3	1.56
322	0	9	22	22	10	2	1.04
544	6	10	22	22	25	1	0.52
765	3	11	21	22	50	2	1.02
543	1	11	22	22	25	1	0.52
767	3	9	22	23	50	2	1.02
327	3	9	23	23	10	1	0.52
323	1	10	22	23	10	3	1.56
324	2	10	22	23	10	17	8.56
61	2	10	22	23	1	16	8.06
328	3	11	23	23	10	1	0.52
64	3	8	24	24	1	1	0.52
63	1	8	24	24	1	1	0.52
319	2	9	21	24	10	19	9.62
62	0	10	23	24	1	3	1.56
546	7	11	23	24	25	5	2.56
329	3	11	24	24	10	1	0.52
547	3	11	24	24	25	1	0.52
758	2	11	17	24	50	17	8.6
750	2	8	15	25	50	19	9.62
66	3	8	25	25	1	1	0.52
330	6	8	24	25	10	3	1.56
65	1	8	25	25	1	1	0.52
549	0	8	25	25	25	2	1.04
331	1	9	25	25	10	2	1.04
761	6	9	18	25	50	9	4.56
737	4	9	10	25	50	17	8.56
768	4	9	22	25	50	5	2.56
545	7	9	23	25	25	7	3.6
67	3	9	25	25	1	1	0.52
550	1	9	25	25	25	2	1.04
548	7	10	24	25	25	2	1.04
533	2	10	19	25	25	16	8.08
516	2	11	14	25	25	17	8.6
504	2	11	10	25	25	17	8.6
499	2	11	8	25	25	17	8.6
773	3	8	23	26	50	4	2.02
507	2	8	11	26	25	19	9.64
553	3	8	26	26	25	1	0.52
334	1	9	26	26	10	2	1.04
68	4	9	25	26	1	3	1.56
515	2	9	14	26	25	19	9.64
332	0	9	26	26	10	2	1.04
69	7	10	25	26	1	4	2.04
336	6	11	26	26	10	1	0.52
70	7	11	25	26	1	5	2.56
554	3	11	26	26	25	1	0.52
73	1	11	26	26	1	1	0.52
335	1	11	26	26	10	1	0.52
555	4	8	26	27	25	3	1.56
77	3	8	27	27	1	1	0.52
76	1	8	27	27	1	1	0.52
747	2	9	14	27	50	21	10.64
732	2	9	9	27	50	21	10.64
340	3	9	27	27	10	1	0.52
75	0	9	27	27	1	2	1.04
72	1	10	26	27	1	3	1.56
71	0	10	26	27	1	3	1.56
338	7	10	26	27	10	2	1.04
333	0	10	26	27	10	4	2.08
341	4	11	27	27	10	1	0.52
339	0	11	27	27	10	1	0.52
753	2	11	16	27	50	17	8.6
539	2	11	21	27	25	17	8.6
337	7	8	26	28	10	7	3.6
538	2	8	21	28	25	19	9.64
774	6	8	23	28	50	7	3.56
344	1	8	28	28	10	1	0.52
775	7	9	23	28	50	8	4.1
558	6	9	27	28	25	3	1.56
552	2	9	26	28	25	19	9.64
560	3	9	28	28	25	1	0.52
557	1	10	27	28	25	3	1.56
769	4	10	22	28	50	7	3.52
781	4	10	27	28	50	2	1.02
78	3	10	27	28	1	3	1.56
342	7	10	27	28	10	2	1.04
551	2	11	25	28	25	17	8.6
559	7	11	27	28	25	5	2.56
79	7	11	27	28	1	5	2.56
347	4	11	28	28	10	1	0.52
757	1	11	17	28	50	12	6.02
345	1	11	28	28	10	1	0.52
556	7	8	26	29	25	8	4.12
74	2	9	26	29	1	19	9.64
561	3	9	29	29	25	1	0.52
782	6	10	27	29	50	3	1.52
770	1	10	23	29	50	8	4.06
779	3	10	26	29	50	5	2.56
81	6	10	29	29	1	1	0.52
343	0	10	28	29	10	4	2.08
766	0	11	22	29	50	8	4.02
783	7	11	27	29	50	5	2.58
80	6	9	29	30	1	3	1.56
786	0	10	29	30	50	3	1.56
564	4	11	30	30	25	1	0.52
793	4	11	30	30	50	1	0.52
348	0	11	30	30	10	1	0.52
791	4	8	30	31	50	3	1.56
776	4	8	24	31	50	9	4.56
778	4	8	25	31	50	8	4.06
350	1	8	31	31	10	1	0.52
562	7	9	29	31	25	8	4.12
567	3	11	31	31	25	1	0.52
82	1	11	31	31	1	1	0.52
349	0	11	31	31	10	1	0.52
83	1	8	32	32	1	1	0.52
762	6	9	19	32	50	15	7.56
792	4	10	30	32	50	3	1.52
763	1	10	20	32	50	7	3.6
742	1	10	12	32	50	14	7.08
756	1	10	17	32	50	10	5.08
353	1	11	32	32	10	1	0.52
352	0	11	32	32	10	1	0.52
565	2	8	31	33	25	19	9.64
799	3	8	33	33	50	1	0.52
784	1	9	28	33	50	7	3.54
789	1	9	30	33	50	5	2.54
563	2	9	30	33	25	19	9.64
566	2	9	31	33	25	19	9.64
86	4	10	33	33	1	1	0.52
354	2	10	32	33	10	16	8.08
569	7	10	32	33	25	4	2.04
798	0	8	33	34	50	3	1.54
802	0	8	34	34	50	2	1.04
346	2	8	28	34	10	21	10.66
351	6	8	31	34	10	6	3.08
87	1	8	34	34	1	1	0.52
357	1	8	34	34	10	1	0.52
356	0	8	34	34	10	2	1.04
573	3	9	34	34	25	1	0.52
358	1	9	34	34	10	2	1.04
795	6	10	31	34	50	4	2.02
568	0	10	32	34	25	5	2.58
85	3	10	33	34	1	3	1.56
772	2	10	23	34	50	16	8.08
764	2	10	21	34	50	16	8.08
84	2	10	33	34	1	16	8.08
785	6	11	28	34	50	7	3.52
571	7	11	33	34	25	5	2.56
796	0	11	32	34	50	3	1.52
89	3	8	35	35	1	1	0.52
360	4	8	34	35	10	4	2.08
575	1	9	35	35	25	2	1.04
574	6	9	34	35	25	3	1.56
88	3	10	34	35	1	3	1.56
572	0	10	34	35	25	4	2.08
806	3	8	35	36	50	2	1.02
576	4	8	35	36	25	4	2.08
90	0	8	36	36	1	2	1.04
361	1	10	35	36	10	6	3.1
577	7	11	35	36	25	5	2.56
810	6	11	36	36	50	1	0.52
91	4	11	36	36	1	1	0.52
800	6	8	33	37	50	6	3.06
805	6	8	34	37	50	5	2.56
578	3	8	37	37	25	1	0.52
812	3	8	37	37	50	1	0.52
93	1	8	37	37	1	1	0.52
92	6	9	36	37	1	3	1.56
803	1	10	34	37	50	5	2.56
582	6	10	37	37	25	1	0.52
363	4	10	37	37	10	1	0.52
579	3	11	37	37	25	1	0.52
95	3	8	38	38	1	1	0.52
580	4	8	37	38	25	4	2.08
780	4	9	26	38	50	14	7.06
801	6	9	33	38	50	7	3.56
794	4	9	31	38	50	10	5.08
797	4	9	32	38	50	9	4.58
581	6	9	37	38	25	3	1.56
365	3	9	38	38	10	1	0.52
588	6	10	38	38	25	1	0.52
364	7	11	37	38	10	5	2.56
97	4	11	38	38	1	1	0.52
367	4	11	38	38	10	1	0.52
584	0	11	38	38	25	1	0.52
368	0	8	39	39	10	2	1.04
583	7	9	37	39	25	7	3.6
98	6	9	38	39	1	3	1.56
96	4	9	38	39	1	3	1.56
587	6	9	38	39	25	4	2.08
366	4	9	38	39	10	4	2.08
586	4	9	38	39	25	4	2.08
585	3	10	38	39	25	4	2.08
589	7	10	38	39	25	3	1.54
99	7	10	38	39	1	4	2.04
370	6	11	39	39	10	1	0.52
369	0	11	39	39	10	1	0.52
102	4	9	39	40	1	3	1.56
819	0	9	40	40	50	2	1.04
817	4	10	39	40	50	2	1.02
101	1	10	39	40	1	3	1.56
815	1	10	39	40	50	3	1.56
804	3	10	34	40	50	8	4.06
814	7	10	38	40	50	5	2.54
103	7	10	39	40	1	4	2.04
105	3	8	41	41	1	1	0.52
106	3	9	41	41	1	1	0.52
104	1	9	41	41	1	2	1.04
813	6	10	38	41	50	4	2.02
822	6	10	40	41	50	2	1.02
807	3	9	35	42	50	8	4.02
107	6	9	41	42	1	3	1.56
593	0	9	42	42	25	2	1.04
108	7	10	41	42	1	4	2.04
111	3	11	42	42	1	1	0.52
372	0	11	42	42	10	1	0.52
595	6	8	42	43	25	3	1.56
824	3	8	43	43	50	1	0.52
373	4	8	42	43	10	3	1.56
112	6	9	42	43	1	3	1.56
592	7	9	41	43	25	7	3.6
371	0	10	42	43	10	3	1.56
594	0	10	42	43	25	3	1.56
110	3	10	42	43	1	3	1.56
113	7	11	42	43	1	5	2.56
115	4	11	43	43	1	1	0.52
596	7	9	42	44	25	7	3.6
375	3	11	44	44	10	1	0.52
116	0	11	44	44	1	1	0.52
823	0	8	41	45	50	6	3.04
598	6	8	44	45	25	4	2.08
377	1	8	45	45	10	1	0.52
821	6	9	40	45	50	7	3.56
118	0	9	45	45	1	2	1.04
378	1	9	45	45	10	2	1.04
117	7	10	44	45	1	4	2.04
825	6	11	43	45	50	3	1.52
829	6	11	44	45	50	2	1.02
379	4	8	45	46	10	3	1.56
376	7	8	44	46	10	9	4.64
381	3	8	46	46	10	1	0.52
605	3	8	46	46	25	1	0.52
604	1	8	46	46	25	1	0.52
119	4	9	45	46	1	3	1.56
601	4	9	45	46	25	3	1.56
382	3	9	46	46	10	1	0.52
606	3	9	46	46	25	1	0.52
600	3	10	45	46	25	3	1.56
599	1	10	45	46	25	3	1.56
120	3	11	46	46	1	1	0.52
607	3	11	46	46	25	1	0.52
380	0	11	46	46	10	1	0.52
603	0	11	46	46	25	1	0.52
602	7	8	45	47	25	6	3.1
383	0	8	47	47	10	2	1.04
787	0	8	45	47	50	4	2.04
827	0	8	44	47	50	5	2.54
121	6	9	46	47	1	3	1.56
610	3	9	47	47	25	1	0.52
385	6	10	47	47	10	1	0.52
833	7	10	45	47	50	3	1.54
611	4	11	47	47	25	1	0.52
609	7	11	46	47	25	5	2.58
384	6	8	47	48	10	3	1.56
127	3	9	48	48	1	1	0.52
613	3	9	48	48	25	1	0.52
422	3	10	47	48	10	3	1.56
122	0	10	47	48	1	3	1.56
612	7	10	47	48	25	3	1.54
614	6	11	48	48	25	1	0.52
837	1	11	47	48	50	2	1.02
124	0	11	48	48	1	1	0.52
387	6	8	48	49	10	3	1.56
828	6	9	44	49	50	7	3.56
128	6	9	48	49	1	3	1.56
820	3	10	40	49	50	11	5.56
123	0	10	48	49	1	3	1.56
841	6	11	48	49	50	2	1.02
843	6	11	49	49	50	1	0.52
838	6	8	47	50	50	5	2.56
835	4	8	46	50	50	6	3.06
616	0	8	50	50	25	2	1.04
131	0	8	50	50	1	2	1.04
836	1	9	47	50	50	5	2.54
840	1	9	48	50	50	4	2.04
386	7	9	47	50	10	8	4.12
391	3	9	50	50	10	1	0.52
617	0	9	50	50	25	2	1.04
132	0	9	50	50	1	2	1.04
618	1	9	50	50	25	2	1.04
845	6	10	50	50	50	1	0.52
430	1	10	49	50	10	3	1.56
134	4	10	50	50	1	1	0.52
619	4	10	50	50	25	1	0.52
390	7	10	49	50	10	4	2.04
830	0	11	45	50	50	6	3.02
788	0	11	48	50	50	3	1.52
389	7	8	49	51	10	7	3.6
137	1	8	51	51	1	1	0.52
218	7	9	49	51	1	7	3.6
620	0	9	51	51	25	2	1.04
136	0	9	51	51	1	2	1.04
326	1	9	51	51	10	2	1.04
834	0	10	46	51	50	7	3.56
839	0	10	48	51	50	5	2.56
831	1	10	45	51	50	8	4.06
622	6	10	51	51	25	1	0.52
145	6	11	51	51	1	1	0.52
393	6	11	51	51	10	1	0.52
143	4	11	51	51	1	1	0.52
621	6	8	51	52	25	3	1.56
669	7	8	50	52	25	6	3.1
144	6	8	51	52	1	3	1.56
142	4	8	51	52	1	3	1.56
135	7	9	50	52	1	7	3.6
392	7	9	50	52	10	6	3.1
464	4	9	51	52	10	3	1.56
623	0	9	52	52	25	2	1.04
394	0	9	52	52	10	2	1.04
140	3	10	51	52	1	3	1.56
395	4	10	52	52	10	1	0.52
146	7	11	51	52	1	5	2.56
149	4	11	52	52	1	1	0.52
625	1	8	53	53	25	1	0.52
152	0	8	53	53	1	2	1.04
848	1	9	51	53	50	4	2.04
150	6	9	52	53	1	3	1.56
405	7	9	51	53	10	7	3.62
401	6	10	53	53	10	1	0.52
626	6	10	53	53	25	1	0.52
148	3	10	52	53	1	3	1.56
846	6	11	50	53	50	4	2.02
853	6	11	52	53	50	2	1.02
855	6	11	53	53	50	1	0.52
153	4	11	53	53	1	1	0.52
400	6	8	53	54	10	3	1.56
399	4	8	53	54	10	3	1.56
396	7	8	52	54	10	8	4.12
844	1	8	50	54	50	5	2.52
847	1	8	51	54	50	4	2.02
851	1	8	52	54	50	3	1.52
151	7	8	52	54	1	7	3.6
312	1	8	54	54	10	1	0.52
905	1	8	54	54	50	1	0.52
228	0	8	54	54	1	2	1.04
397	7	9	52	54	10	8	4.12
403	0	9	54	54	10	2	1.04
850	4	10	51	54	50	4	2.02
402	7	11	53	54	10	3	1.56
444	6	11	54	54	10	1	0.52
404	4	11	54	54	10	1	0.52
676	3	11	54	54	25	1	0.52
406	0	8	55	55	10	2	1.04
355	4	9	54	55	10	3	1.56
158	0	9	55	55	1	2	1.04
155	1	10	54	55	1	3	1.56
154	0	10	54	55	1	3	1.56
628	7	10	54	55	25	4	2.04
156	7	10	54	55	1	4	2.04
157	7	11	54	55	1	5	2.56
160	4	11	55	55	1	1	0.52
408	4	11	55	55	10	1	0.52
427	7	8	54	56	10	6	3.1
629	6	8	55	56	25	3	1.56
409	0	8	56	56	10	2	1.04
161	1	8	56	56	1	1	0.52
410	1	8	56	56	10	1	0.52
631	1	8	56	56	25	1	0.52
857	1	8	56	56	50	1	0.52
632	1	9	56	56	25	2	1.04
630	6	9	55	56	25	3	1.56
749	7	10	53	56	50	4	2.04
164	6	11	56	56	1	1	0.52
633	4	11	56	56	25	1	0.52
861	4	11	56	56	50	1	0.52
859	1	11	56	56	50	1	0.52
634	6	8	56	57	25	3	1.56
635	1	8	57	57	25	1	0.52
856	0	8	54	57	50	5	2.54
808	0	9	51	57	50	8	4.04
858	1	9	56	57	50	3	1.54
163	4	9	56	57	1	3	1.56
414	0	9	57	57	10	2	1.04
416	4	11	57	57	10	1	0.52
415	3	11	57	57	10	1	0.52
854	0	11	53	57	50	5	2.52
412	7	8	56	58	10	7	3.6
165	6	8	57	58	1	3	1.56
413	7	9	56	58	10	7	3.6
417	6	9	57	58	10	3	1.56
542	6	10	58	58	25	1	0.52
638	6	10	58	58	25	1	0.52
162	3	10	57	58	1	3	1.56
166	4	10	58	58	1	1	0.52
790	2	10	30	58	50	27	13.58
219	7	10	57	58	1	4	2.04
637	3	11	58	58	25	1	0.52
866	7	11	57	58	50	4	2.08
167	3	8	59	59	1	1	0.52
639	1	8	59	59	25	1	0.52
419	6	9	58	59	10	3	1.56
420	0	9	59	59	10	2	1.04
418	0	10	58	59	10	3	1.56
423	6	10	59	59	10	1	0.52
398	2	11	48	59	10	25	12.6
388	2	11	49	59	10	24	12.1
114	2	11	43	59	1	32	16.12
133	2	11	50	59	1	24	12.1
129	2	11	51	59	1	23	11.6
147	2	11	52	59	1	22	11.1
159	2	11	55	59	1	19	9.6
640	4	11	59	59	25	1	0.52
374	2	8	43	60	10	33	16.66
362	2	8	47	60	10	27	13.64
407	2	8	55	60	10	20	10.14
641	6	8	59	60	25	3	1.56
109	2	8	42	60	1	35	17.66
125	2	8	48	60	1	28	14.14
138	2	8	51	60	1	25	12.64
771	2	8	23	60	50	23	11.64
777	2	8	25	60	50	23	11.64
818	6	8	39	60	50	7	3.56
359	2	9	34	60	10	62	31.14
94	2	9	37	60	1	40	20.16
126	2	9	48	60	1	28	14.14
139	2	9	51	60	1	25	12.64
168	4	9	59	60	1	3	1.56
645	3	9	60	60	25	1	0.52
425	1	9	60	60	10	2	1.04
707	6	10	60	60	50	1	0.52
421	0	10	59	60	10	3	1.56
871	6	11	59	60	50	2	1.02
869	3	11	58	60	50	3	1.52
646	3	11	60	60	25	1	0.52
644	1	11	60	60	25	1	0.52
647	0	8	61	61	25	2	1.04
642	7	8	59	61	25	7	3.6
424	7	9	59	61	10	7	3.6
172	4	10	61	61	1	1	0.52
429	6	11	61	61	10	1	0.52
650	6	11	61	61	25	1	0.52
627	2	11	54	61	25	18	9.08
624	2	11	52	61	25	17	8.58
615	2	11	49	61	25	21	10.58
480	2	11	46	61	25	27	13.6
591	2	11	41	61	25	31	15.6
570	2	11	33	61	25	60	30.1
649	4	11	61	61	25	1	0.52
202	1	11	61	61	1	1	0.52
648	0	11	61	61	25	1	0.52
171	4	8	61	62	1	3	1.56
174	1	8	62	62	1	1	0.52
411	2	9	56	62	10	20	10.12
597	2	9	43	62	25	29	14.64
590	2	9	41	62	25	33	16.64
886	3	9	62	62	50	1	0.52
169	1	10	61	62	1	3	1.56
175	4	10	62	62	1	1	0.52
651	7	10	61	62	25	4	2.04
426	2	11	60	62	10	18	9.08
842	2	11	49	62	50	21	10.58
176	4	11	62	62	1	1	0.52
141	3	11	62	62	1	1	0.52
636	3	11	62	62	25	1	0.52
173	0	11	62	62	1	1	0.52
652	0	11	62	62	25	1	0.52
873	0	9	62	63	50	3	1.54
485	2	9	56	63	25	20	10.12
170	2	9	61	63	1	19	9.62
428	2	9	61	63	10	20	10.12
431	4	9	62	63	10	3	1.56
130	3	9	63	63	1	1	0.52
656	1	9	63	63	25	2	1.04
894	1	9	62	63	50	3	1.54
876	1	9	62	63	50	3	1.54
178	6	10	63	63	1	1	0.52
862	0	10	57	63	50	8	4.06
868	3	10	58	63	50	7	3.56
654	7	11	62	63	25	5	2.56
657	1	11	63	63	25	1	0.52
177	0	11	63	63	1	1	0.52
849	2	11	51	63	50	19	9.58
872	7	11	59	63	50	7	3.56
653	7	8	62	64	25	7	3.6
432	4	9	63	64	10	3	1.56
655	0	10	63	64	25	3	1.56
434	6	10	64	64	10	1	0.52
433	3	10	63	64	10	3	1.56
180	7	10	63	64	1	4	2.04
181	7	11	63	64	1	5	2.56
661	4	11	64	64	25	1	0.52
879	4	11	64	64	50	1	0.52
182	3	11	64	64	1	1	0.52
660	3	11	64	64	25	1	0.52
662	3	8	65	65	25	1	0.52
179	7	8	63	65	1	7	3.6
659	0	10	64	65	25	3	1.56
436	6	10	65	65	10	1	0.52
877	7	10	62	65	50	4	2.04
183	7	10	64	65	1	4	2.04
184	7	11	64	65	1	5	2.56
185	3	11	65	65	1	1	0.52
643	0	11	65	65	25	1	0.52
435	4	8	65	66	10	3	1.56
875	1	8	62	66	50	5	2.52
188	1	8	66	66	1	1	0.52
437	1	8	66	66	10	1	0.52
881	1	9	65	66	50	3	1.54
882	3	9	65	66	50	2	1.02
665	4	9	65	66	25	3	1.56
664	3	10	65	66	25	3	1.56
608	4	10	66	66	25	1	0.52
186	7	10	65	66	1	4	2.04
439	3	11	66	66	10	1	0.52
486	3	8	67	67	25	1	0.52
191	1	8	67	67	1	1	0.52
440	0	8	67	67	10	2	1.04
663	3	9	67	67	25	1	0.52
100	1	9	67	67	1	2	1.04
666	3	10	66	67	25	3	1.56
438	1	10	66	67	10	3	1.56
187	0	10	66	67	1	3	1.56
189	2	10	66	67	1	17	8.56
441	0	11	67	67	10	1	0.52
668	6	8	67	68	25	3	1.56
195	3	8	68	68	1	1	0.52
671	3	8	68	68	25	1	0.52
443	1	8	68	68	10	1	0.52
670	1	8	68	68	25	1	0.52
190	7	9	66	68	1	7	3.6
442	4	9	67	68	10	3	1.56
474	7	10	67	68	10	4	2.04
193	7	10	67	68	1	4	2.04
672	4	11	68	68	25	1	0.52
878	1	11	63	68	50	6	3.02
197	4	8	68	69	1	3	1.56
198	6	9	68	69	1	3	1.56
196	3	10	68	69	1	3	1.56
892	6	11	68	69	50	2	1.04
199	7	11	68	69	1	5	2.56
446	4	11	69	69	10	1	0.52
200	1	11	69	69	1	1	0.52
447	6	8	69	70	10	3	1.56
450	3	9	70	70	10	1	0.52
445	1	10	69	70	10	3	1.56
201	7	10	69	70	1	4	2.04
449	7	11	69	70	10	5	2.56
674	1	11	70	70	25	1	0.52
678	3	8	71	71	25	1	0.52
448	7	8	69	71	10	7	3.6
453	3	9	71	71	10	1	0.52
203	0	9	71	71	1	2	1.04
887	4	10	67	71	50	5	2.52
891	4	10	68	71	50	4	2.02
451	7	9	70	72	10	6	3.1
204	1	10	71	72	1	3	1.56
452	1	10	71	72	10	3	1.56
679	4	11	72	72	25	1	0.52
206	3	11	72	72	1	1	0.52
682	3	8	73	73	25	1	0.52
680	0	8	73	73	25	2	1.04
454	7	8	71	73	10	7	3.6
456	6	10	73	73	10	1	0.52
684	6	10	73	73	25	1	0.52
205	3	10	72	73	1	3	1.56
727	3	11	67	73	50	7	3.52
898	3	11	71	73	50	3	1.52
681	1	11	73	73	25	1	0.52
893	0	11	69	73	50	5	2.52
455	4	9	73	74	10	3	1.56
688	1	9	74	74	25	2	1.04
207	0	10	73	74	1	3	1.56
209	2	10	73	74	1	16	8.06
686	7	10	73	74	25	4	2.04
192	2	11	67	74	1	17	8.58
690	3	8	75	75	25	1	0.52
906	3	8	75	75	50	1	0.52
279	2	8	67	75	10	19	9.62
194	2	9	68	75	1	19	9.62
208	2	9	73	75	1	19	9.62
211	0	9	75	75	1	2	1.04
213	4	10	75	75	1	1	0.52
457	1	10	74	75	10	4	2.08
700	1	10	65	75	25	7	3.58
687	7	11	73	75	25	6	3.08
658	2	11	63	75	25	17	8.58
535	2	11	66	75	25	17	8.58
667	2	11	67	75	25	17	8.58
458	6	8	75	76	10	3	1.56
210	2	8	74	76	1	19	9.64
461	1	8	76	76	10	1	0.52
692	1	8	76	76	25	1	0.52
459	6	9	75	76	10	3	1.56
460	0	9	76	76	10	2	1.04
675	3	10	70	76	25	4	2.08
212	2	10	75	76	1	16	8.08
907	4	11	76	76	50	1	0.52
901	6	10	73	77	50	5	2.52
904	6	10	74	77	50	4	2.02
696	6	10	77	77	25	1	0.52
214	1	10	76	77	1	3	1.56
694	7	10	76	77	25	4	2.04
697	6	11	77	77	25	1	0.52
903	0	11	74	77	50	4	2.02
463	4	8	77	78	10	3	1.56
220	0	8	78	78	1	2	1.04
462	2	9	76	78	10	19	9.64
215	1	10	77	78	1	3	1.56
910	6	11	78	78	50	1	0.52
908	1	8	77	79	50	3	1.52
216	2	8	77	79	1	19	9.64
465	1	8	79	79	10	1	0.52
217	2	9	77	79	1	19	9.64
223	6	11	79	79	1	1	0.52
466	4	11	79	79	10	1	0.52
698	3	8	80	80	25	1	0.52
221	2	9	78	80	1	19	9.64
913	4	10	80	80	50	1	0.52
699	6	11	80	80	25	1	0.52
468	6	8	80	81	10	3	1.56
222	2	8	79	81	1	19	9.64
226	1	8	81	81	1	1	0.52
467	7	9	79	81	10	7	3.6
470	6	10	81	81	10	1	0.52
701	6	10	81	81	25	1	0.52
224	7	10	80	81	1	4	2.04
225	7	11	80	81	1	5	2.56
469	0	11	81	81	10	1	0.52
472	3	8	82	82	10	1	0.52
230	4	10	82	82	1	1	0.52
227	7	10	81	82	1	4	2.04
229	0	11	82	82	1	1	0.52
476	6	10	83	83	10	1	0.52
473	3	10	82	83	10	4	2.08
471	2	10	82	83	10	16	8.08
702	0	11	82	83	25	2	1.02
233	1	8	84	84	1	1	0.52
232	0	8	84	84	1	2	1.04
477	3	9	84	84	10	1	0.52
705	3	9	84	84	25	1	0.52
475	2	10	83	84	10	16	8.08
231	7	11	83	84	1	5	2.56
704	0	11	84	84	25	1	0.52
478	1	9	85	85	10	2	1.04
235	4	10	85	85	1	1	0.52
236	6	8	85	86	1	3	1.56
237	1	8	86	86	1	1	0.52
234	0	10	85	86	1	3	1.56
238	6	11	86	86	1	1	0.52
240	1	8	87	87	1	1	0.52
241	1	9	87	87	1	2	1.04
239	7	10	86	87	1	4	2.04
479	1	11	87	87	10	1	0.52
243	3	8	88	88	1	1	0.52
242	7	10	87	88	1	4	2.04
244	6	11	88	88	1	1	0.52
