1108.0  18:28:44 42.39366 -72.53325   5     11     50  
1108.0  18:28:56 42.393635 -72.53323   4     11     41  
1109.0  18:29:09 42.393658 -72.53324   3     13     41  
1109.0  18:29:21 42.393677 -72.53325   4     18     44  
1110.0  18:30:23 42.393753 -72.53299   4     19     53  
1110.0  18:30:34 42.39349 -72.53264   4     11     43  
1110.0  18:30:43 42.393333 -72.5325   3     16     43  
1110.0  18:30:52 42.3933 -72.53246   3     18     57  
1111.0  18:31:00 42.39306 -72.53269   4     13     50  
1111.0  18:31:01 42.393085 -72.53263   5     18     41  
1111.0  18:31:10 42.392815 -72.53325   4     12     47  
1111.0  18:31:19 42.392742 -72.53362   4     11     52  
1111.0  18:31:29 42.392735 -72.53382   5     10     46  
1111.0  18:31:37 42.39225 -72.53374   3     14     49  
1111.0  18:31:46 42.391666 -72.53349   4     17     55  
1111.0  18:31:54 42.390953 -72.533195   5     11     42  
1112.0  18:32:00 42.39026 -72.53293   3     12     55  
1112.0  18:32:03 42.39026 -72.53293   4     10     46  
1112.0  18:32:12 42.38946 -72.5326   3     15     45  
1112.0  18:32:22 42.38908 -72.53247   4     14     47  
1112.0  18:32:30 42.38903 -72.53242   3     11     41  
1112.0  18:32:39 42.389027 -72.53241   4     18     57  
1112.0  18:32:48 42.389008 -72.532394   5     13     50  
1112.0  18:32:56 42.38901 -72.53239   4     13     54  
1113.0  18:33:00 42.389027 -72.53239   4     12     52  
1113.0  18:33:04 42.389038 -72.53238   4     10     59  
1113.0  18:33:15 42.389027 -72.53237   5     10     55  
1113.0  18:33:23 42.388626 -72.53221   4     17     55  
1113.0  18:33:32 42.38796 -72.53194   3     11     44  
1113.0  18:33:40 42.38708 -72.53158   5     12     53  
1113.0  18:33:50 42.38628 -72.53124   3     13     54  
1114.0  18:34:00 42.385475 -72.531006   3     10     40  
1114.0  18:34:00 42.385242 -72.53103   4     11     45  
1114.0  18:34:16 42.385063 -72.53162   3     11     52  
1114.0  18:34:34 42.38486 -72.53244   4     12     47  
1114.0  18:34:43 42.384445 -72.53243   5     11     44  
1114.0  18:34:51 42.38374 -72.53207   5     11     47  
1115.0  18:35:00 42.382828 -72.53184   4     16     49  
1115.0  18:35:02 42.38291 -72.531845   4     14     50  
1115.0  18:35:10 42.382404 -72.53182   5     14     47  
1115.0  18:35:19 42.38228 -72.53244   4     14     53  
1115.0  18:35:28 42.382175 -72.53307   5     13     44  
1115.0  18:35:36 42.382168 -72.53356   5     14     53  
1115.0  18:35:45 42.38205 -72.53386   3     14     57  
1115.0  18:35:55 42.381382 -72.53391   3     15     52  
1116.0  18:36:00 42.380917 -72.53394   4     18     53  
1116.0  18:36:03 42.380844 -72.53395   3     15     54  
1116.0  18:36:11 42.380283 -72.53402   3     13     46  
1116.0  18:36:20 42.379772 -72.53409   4     17     52  
1116.0  18:36:29 42.379734 -72.53409   5     10     50  
1116.0  18:36:38 42.37972 -72.53409   3     12     46  
1116.0  18:36:48 42.379673 -72.53407   3     10     50  
1116.0  18:36:56 42.379345 -72.53409   3     18     41  
1117.0  18:37:00 42.37878 -72.534134   5     11     45  
1117.0  18:37:05 42.37861 -72.53416   4     15     53  
1117.0  18:37:14 42.37796 -72.53422   5     13     40  
1117.0  18:37:23 42.377605 -72.53424   4     13     41  
1117.0  18:37:32 42.37754 -72.53359   5     14     59  
1117.0  18:37:42 42.377514 -72.53262   3     19     58  
1117.0  18:37:51 42.37751 -72.53233   4     18     56  
1117.0  18:37:59 42.378025 -72.532135   4     17     42  
1118.0  18:38:00 42.37842 -72.53214   4     14     49  
1118.0  18:38:08 42.379097 -72.532074   5     15     53  
1118.0  18:38:17 42.379986 -72.53197   3     14     52  
1118.0  18:38:25 42.380825 -72.531845   3     18     57  
1118.0  18:38:35 42.381798 -72.531715   5     10     40  
1118.0  18:38:44 42.38196 -72.53169   5     15     48  
1118.0  18:38:53 42.38202 -72.531685   5     16     57  
1119.0  18:39:00 42.382736 -72.53176   3     17     40  
1119.0  18:39:01 42.382645 -72.53175   5     14     59  
1119.0  18:39:10 42.383457 -72.53193   3     13     50  
1119.0  18:39:19 42.384174 -72.53219   4     17     41  
1119.0  18:39:29 42.384644 -72.53239   4     14     52  
1119.0  18:39:38 42.384796 -72.5324   4     14     48  
1119.0  18:39:47 42.384983 -72.53168   4     10     44  
1119.0  18:39:55 42.38504 -72.530624   4     11     57  
1120.0  18:40:00 42.384937 -72.52982   4     13     48  
1120.0  18:40:04 42.38491 -72.52971   3     12     41  
1120.0  18:40:12 42.384727 -72.528725   4     18     48  
1120.0  18:40:22 42.38466 -72.52821   3     11     59  
1120.0  18:40:31 42.384624 -72.52823   4     14     44  
1120.0  18:40:39 42.384563 -72.52824   4     18     54  
1120.0  18:40:48 42.3847 -72.52805   3     12     56  
1120.0  18:40:56 42.384926 -72.52716   4     17     43  
1121.0  18:41:00 42.385086 -72.526474   4     15     50  
1121.0  18:41:04 42.385136 -72.52622   4     17     48  
1121.0  18:41:15 42.385357 -72.52524   4     18     42  
1121.0  18:41:24 42.385593 -72.52505   3     17     41  
1121.0  18:41:32 42.386032 -72.52529   3     17     50  
1121.0  18:41:41 42.386616 -72.525536   5     13     42  
1121.0  18:41:50 42.38711 -72.525764   3     15     43  
1121.0  18:41:59 42.387295 -72.52623   3     13     52  
1122.0  18:42:00 42.387234 -72.52636   5     13     40  
1122.0  18:42:15 42.387295 -72.52623   3     18     55  
1122.0  18:42:25 42.38691 -72.52636   3     15     52  
1122.0  18:42:34 42.386528 -72.52619   5     12     43  
1122.0  18:42:43 42.38598 -72.52599   5     12     47  
1122.0  18:42:51 42.385582 -72.52586   5     15     50  
1123.0  18:43:00 42.385456 -72.52584   3     12     43  
1123.0  18:43:04 42.385487 -72.52585   3     10     59  
1123.0  18:43:14 42.38521 -72.52578   5     13     43  
1123.0  18:43:23 42.385185 -72.52572   4     10     49  
1123.0  18:43:31 42.385357 -72.52495   4     16     54  
1123.0  18:43:40 42.38542 -72.52467   3     10     57  
1123.0  18:43:48 42.38546 -72.52457   4     12     56  
1123.0  18:43:57 42.385662 -72.52415   3     19     54  
1124.0  18:44:00 42.385803 -72.52356   4     19     40  
1124.0  18:44:08 42.385918 -72.52312   4     19     58  
1124.0  18:44:17 42.385918 -72.52273   5     19     56  
1124.0  18:44:25 42.38588 -72.522705   3     10     54  
1124.0  18:44:35 42.385868 -72.52269   4     12     44  
1124.0  18:44:43 42.385864 -72.52267   3     11     41  
1124.0  18:44:51 42.385857 -72.52267   3     11     57  
1125.0  18:45:00 42.385853 -72.52251   5     10     58  
1125.0  18:45:02 42.385853 -72.52255   3     13     47  
1125.0  18:45:10 42.386246 -72.522285   5     15     49  
1125.0  18:45:19 42.386856 -72.52253   3     19     56  
1125.0  18:45:29 42.38747 -72.523254   4     11     47  
1125.0  18:45:41 42.38781 -72.523506   5     18     43  
1125.0  18:45:49 42.387806 -72.523506   4     16     41  
1126.0  18:46:00 42.38813 -72.52398   3     17     53  
1126.0  18:46:00 42.38821 -72.524055   4     12     47  
1126.0  18:46:08 42.388363 -72.524185   3     12     48  
1126.0  18:46:18 42.388565 -72.52434   4     11     42  
1126.0  18:46:26 42.38942 -72.524765   5     18     46  
1126.0  18:46:34 42.39028 -72.52506   5     13     51  
1126.0  18:46:43 42.39088 -72.52517   4     10     44  
1126.0  18:46:54 42.39153 -72.52523   3     16     41  
1127.0  18:47:00 42.391575 -72.52523   3     10     57  
1127.0  18:47:01 42.391575 -72.52523   4     14     43  
1127.0  18:47:10 42.39157 -72.52524   4     10     47  
1127.0  18:47:22 42.39155 -72.52523   5     18     59  
1127.0  18:47:30 42.392067 -72.52541   3     12     48  
1127.0  18:47:38 42.39266 -72.52561   5     14     44  
1127.0  18:47:48 42.393394 -72.5259   3     17     51  
1127.0  18:47:56 42.393826 -72.526085   3     13     48  
1128.0  18:48:00 42.39393 -72.52614   5     19     43  
1128.0  18:48:05 42.393925 -72.52614   4     13     47  
1128.0  18:48:14 42.39391 -72.52614   3     15     47  
1128.0  18:48:22 42.39391 -72.52615   4     15     45  
1128.0  18:48:31 42.39419 -72.52637   5     16     50  
1128.0  18:48:41 42.39496 -72.52681   5     12     49  
1128.0  18:48:50 42.395317 -72.526825   4     13     54  
1128.0  18:48:59 42.395473 -72.526184   4     10     59  
1129.0  18:49:00 42.39565 -72.52561   4     18     55  
1129.0  18:49:07 42.395718 -72.52533   4     16     44  
1129.0  18:49:16 42.395763 -72.52517   5     14     52  
1129.0  18:49:25 42.395775 -72.52512   3     15     59  
1129.0  18:49:35 42.39588 -72.52496   4     18     43  
1129.0  18:49:44 42.395973 -72.52462   4     16     53  
1129.0  18:49:51 42.395973 -72.52457   4     13     58  
1129.0  18:49:59 42.396206 -72.52391   5     15     53  
1130.0  18:50:00 42.39637 -72.52366   5     14     43  
1130.0  18:50:08 42.396675 -72.523285   4     14     51  
1130.0  18:50:16 42.397003 -72.522354   4     15     42  
1130.0  18:50:29 42.397156 -72.52102   3     19     45  
1130.0  18:50:38 42.39725 -72.51988   5     16     57  
1130.0  18:50:46 42.397488 -72.51877   3     12     47  
1130.0  18:50:55 42.397785 -72.51781   5     15     48  
1131.0  18:51:00 42.398106 -72.516815   3     17     49  
1131.0  18:51:03 42.39814 -72.516716   4     18     48  
1131.0  18:51:11 42.398376 -72.51602   4     13     55  
1131.0  18:51:21 42.398438 -72.51574   3     12     59  
1131.0  18:51:30 42.39844 -72.515724   5     11     58  
1131.0  18:51:39 42.39825 -72.515625   5     15     45  
1131.0  18:51:47 42.397556 -72.51553   4     15     56  
1131.0  18:51:56 42.39642 -72.515305   3     17     58  
1132.0  18:52:00 42.39581 -72.515366   4     17     56  
1132.0  18:52:05 42.39571 -72.5154   4     10     58  
1132.0  18:52:15 42.3956 -72.515495   3     17     49  
1132.0  18:52:24 42.39552 -72.51515   3     16     42  
1132.0  18:52:32 42.39542 -72.51453   5     17     42  
1132.0  18:52:41 42.39516 -72.51368   4     18     55  
1132.0  18:52:49 42.395023 -72.512695   5     14     59  
1132.0  18:52:58 42.394928 -72.512184   4     16     47  
1133.0  18:53:00 42.39477 -72.51212   3     18     46  
1133.0  18:53:09 42.394665 -72.5119   4     14     48  
1133.0  18:53:18 42.39476 -72.5112   4     10     47  
1133.0  18:53:27 42.39485 -72.511055   5     11     53  
1133.0  18:53:35 42.394913 -72.511024   4     19     50  
1133.0  18:53:43 42.39522 -72.51096   4     16     43  
1133.0  18:53:52 42.39553 -72.511246   3     10     57  
1134.0  18:54:00 42.395813 -72.51113   5     15     46  
1134.0  18:54:03 42.39579 -72.51115   4     19     46  
1134.0  18:54:11 42.395844 -72.51111   4     15     44  
1134.0  18:54:20 42.395844 -72.511086   5     11     47  
1134.0  18:54:28 42.395855 -72.51108   4     13     45  
1134.0  18:54:37 42.395905 -72.51104   4     18     59  
1134.0  18:54:46 42.39622 -72.510994   4     10     44  
1134.0  18:54:57 42.396324 -72.51193   4     17     54  
1135.0  18:55:00 42.39621 -72.51239   3     12     59  
1135.0  18:55:06 42.396095 -72.51263   4     11     53  
1135.0  18:55:15 42.395546 -72.51304   3     16     57  
1135.0  18:55:24 42.39522 -72.51313   3     12     55  
1135.0  18:55:32 42.3952 -72.51315   4     17     54  
1135.0  18:55:41 42.395073 -72.51319   5     10     45  
1135.0  18:55:52 42.39524 -72.513916   5     19     55  
1136.0  18:56:00 42.395573 -72.514984   5     16     51  
1136.0  18:56:01 42.395504 -72.51482   5     18     48  
1136.0  18:56:10 42.395664 -72.51543   5     17     47  
1136.0  18:56:19 42.395683 -72.51552   3     11     45  
1136.0  18:56:28 42.395462 -72.515625   5     15     42  
1136.0  18:56:37 42.39473 -72.51568   5     11     57  
1136.0  18:56:49 42.39341 -72.51608   5     13     55  
1136.0  18:56:57 42.39275 -72.5164   5     14     52  
1137.0  18:57:00 42.392647 -72.51658   4     15     48  
1137.0  18:57:06 42.39269 -72.51685   4     18     55  
1137.0  18:57:14 42.392796 -72.517815   4     11     46  
1137.0  18:57:23 42.392704 -72.51878   3     16     53  
1137.0  18:57:31 42.392597 -72.51931   4     10     43  
1137.0  18:57:42 42.392563 -72.51942   5     12     55  
1137.0  18:57:50 42.392574 -72.51943   4     18     40  
1137.0  18:57:59 42.39245 -72.519745   4     15     44  
1138.0  18:58:00 42.392414 -72.51989   5     10     48  
1138.0  18:58:07 42.39229 -72.52018   5     18     58  
1138.0  18:58:16 42.391815 -72.52013   5     12     55  
1138.0  18:58:23 42.39134 -72.51999   4     10     42  
1138.0  18:58:36 42.39102 -72.51981   5     18     43  
1138.0  18:58:44 42.39064 -72.519684   5     11     50  
1138.0  18:58:53 42.390503 -72.5196   3     19     46  
1139.0  18:59:00 42.39033 -72.5192   4     17     55  
1139.0  18:59:01 42.390366 -72.51926   4     14     46  
1139.0  18:59:10 42.38996 -72.51904   3     16     40  
1139.0  18:59:19 42.389538 -72.518936   4     14     52  
1139.0  18:59:29 42.389446 -72.51892   3     18     53  
1139.0  18:59:39 42.3894 -72.518936   4     14     53  
1139.0  18:59:47 42.38937 -72.51891   3     10     44  
1139.0  18:59:56 42.389248 -72.51884   5     19     47  
1140.0  19:00:00 42.38909 -72.51881   4     18     58  
1140.0  19:00:04 42.389065 -72.5188   4     19     50  
1140.0  19:00:13 42.389046 -72.51879   3     10     41  
1140.0  19:00:23 42.389023 -72.51881   5     13     59  
1140.0  19:00:32 42.389 -72.51877   3     14     43  
1140.0  19:00:41 42.389072 -72.51836   3     14     54  
1140.0  19:00:49 42.388935 -72.51793   4     19     41  
1140.0  19:00:58 42.388756 -72.51751   3     14     45  
1141.0  19:01:00 42.38875 -72.517494   3     15     42  
1141.0  19:01:07 42.38874 -72.517494   3     14     50  
1141.0  19:01:18 42.38867 -72.51705   3     16     41  
1141.0  19:01:27 42.388668 -72.51684   5     16     48  
1141.0  19:01:35 42.38834 -72.51687   3     12     47  
1141.0  19:01:44 42.387524 -72.51735   5     10     58  
1141.0  19:01:52 42.386566 -72.51734   5     15     40  
1142.0  19:02:00 42.385025 -72.51792   4     13     46  
1142.0  19:02:14 42.38518 -72.51786   3     15     45  
1142.0  19:02:24 42.382465 -72.51915   3     14     59  
1142.0  19:02:33 42.381905 -72.5192   4     11     49  
1142.0  19:02:42 42.381706 -72.51944   4     18     46  
1142.0  19:02:50 42.381786 -72.519455   3     14     46  
1142.0  19:02:59 42.381752 -72.51957   3     15     47  
1143.0  19:03:00 42.381752 -72.519585   3     19     53  
1143.0  19:03:08 42.381752 -72.519615   5     10     58  
1143.0  19:03:18 42.38226 -72.520035   4     11     45  
1143.0  19:03:26 42.382935 -72.52043   5     10     55  
1143.0  19:03:35 42.383663 -72.520905   3     14     41  
1143.0  19:03:44 42.384537 -72.5214   5     14     58  
1143.0  19:03:53 42.385292 -72.5218   3     18     57  
1144.0  19:04:00 42.385887 -72.52219   5     11     47  
1144.0  19:04:02 42.385853 -72.52214   3     17     51  
1144.0  19:04:14 42.386253 -72.52241   5     19     41  
1144.0  19:04:23 42.386856 -72.522575   4     13     52  
1144.0  19:04:31 42.387318 -72.52308   4     10     44  
1144.0  19:04:42 42.387707 -72.52352   4     15     55  
1144.0  19:04:50 42.38772 -72.523544   5     13     58  
1144.0  19:04:59 42.38772 -72.52356   5     17     52  
1145.0  19:05:00 42.38775 -72.52364   3     18     59  
1145.0  19:05:09 42.387997 -72.523964   3     18     59  
1145.0  19:05:18 42.38856 -72.52441   5     18     49  
1145.0  19:05:26 42.38936 -72.524796   5     19     57  
1145.0  19:05:35 42.390217 -72.525055   4     19     54  
1145.0  19:05:43 42.390644 -72.52512   3     11     41  
1145.0  19:05:52 42.3907 -72.52515   5     11     45  
1146.0  19:06:00 42.391357 -72.525246   4     11     49  
1146.0  19:06:01 42.39132 -72.52525   3     12     54  
1146.0  19:06:10 42.3915 -72.52525   4     16     52  
1146.0  19:06:18 42.391506 -72.52524   3     11     43  
1146.0  19:06:26 42.391556 -72.525246   3     11     57  
1146.0  19:06:34 42.391575 -72.52524   3     14     55  
1146.0  19:06:42 42.391582 -72.52528   3     14     55  
1146.0  19:06:52 42.391953 -72.52544   5     14     42  
1147.0  19:07:00 42.392532 -72.52561   3     12     57  
1147.0  19:07:00 42.39279 -72.52568   3     12     48  
1147.0  19:07:08 42.39322 -72.52583   5     18     40  
1147.0  19:07:16 42.393753 -72.52607   5     14     44  
1147.0  19:07:24 42.393913 -72.52615   4     18     48  
1147.0  19:07:32 42.39394 -72.52617   5     12     55  
1147.0  19:07:42 42.394005 -72.52626   5     10     58  
1147.0  19:07:50 42.394367 -72.5265   4     17     48  
1147.0  19:07:58 42.39455 -72.52662   4     19     41  
1148.0  19:08:00 42.394722 -72.52671   3     16     48  
1148.0  19:08:06 42.394882 -72.5268   5     18     53  
1148.0  19:08:14 42.39519 -72.52696   4     14     55  
1148.0  19:08:21 42.39523 -72.52714   4     12     40  
1148.0  19:08:32 42.395023 -72.52769   3     12     40  
1148.0  19:08:40 42.39464 -72.528534   4     15     54  
1148.0  19:08:49 42.39498 -72.52923   3     13     59  
1148.0  19:08:58 42.39554 -72.53003   4     14     47  
1149.0  19:09:00 42.39579 -72.530655   3     14     48  
1149.0  19:09:06 42.3958 -72.531006   3     15     41  
1149.0  19:09:15 42.39557 -72.53184   4     19     55  
1149.0  19:09:26 42.395267 -72.53302   5     17     51  
1149.0  19:09:35 42.394855 -72.5342   4     18     53  
1149.0  19:09:43 42.394012 -72.5343   3     17     54  
1149.0  19:09:51 42.393265 -72.53414   3     15     50  
1150.0  19:10:00 42.392677 -72.53392   5     12     43  
1150.0  19:10:00 42.392555 -72.53394   4     16     50  
1150.0  19:10:08 42.392467 -72.53431   3     19     40  
1150.0  19:10:19 42.392155 -72.53517   5     12     41  
1150.0  19:10:27 42.39227 -72.53601   4     19     57  
1150.0  19:10:35 42.392548 -72.53633   5     12     43  
1150.0  19:10:44 42.392414 -72.536415   3     10     56  
1150.0  19:10:56 42.392376 -72.536095   5     10     52  
1151.0  19:11:00 42.392406 -72.53599   4     15     52  
1151.0  19:11:04 42.39241 -72.53598   5     11     40  
1151.0  19:11:14 42.392445 -72.53595   5     11     51  
1151.0  19:11:22 42.392456 -72.53596   4     15     49  
1151.0  19:11:30 42.39246 -72.535965   4     14     58  
1151.0  19:11:39 42.392456 -72.53596   3     13     58  
1151.0  19:11:47 42.392452 -72.53562   3     15     40  
1151.0  19:11:56 42.39246 -72.534966   4     10     41  
1152.0  19:12:00 42.39256 -72.53448   4     12     58  
1152.0  19:12:07 42.3926 -72.53424   3     19     54  
1152.0  19:12:14 42.392635 -72.53403   5     17     46  
1152.0  19:12:23 42.392647 -72.533966   3     11     47  
1152.0  19:12:31 42.392345 -72.533714   3     10     41  
1152.0  19:12:40 42.39169 -72.53346   3     14     50  
1152.0  19:12:48 42.390984 -72.533165   4     17     53  
1152.0  19:12:59 42.389935 -72.53282   3     11     57  
1153.0  19:13:00 42.38948 -72.53266   4     18     48  
1153.0  19:13:10 42.389 -72.53243   3     16     55  
1153.0  19:13:19 42.38798 -72.53194   5     11     55  
1153.0  19:13:27 42.387096 -72.53157   5     19     43  
1153.0  19:13:36 42.386147 -72.53114   3     14     47  
1153.0  19:13:45 42.385464 -72.531   3     12     48  
1153.0  19:13:55 42.385155 -72.531525   5     16     55  
1154.0  19:14:00 42.384964 -72.53222   3     12     58  
1154.0  19:14:03 42.38495 -72.53227   5     16     44  
1154.0  19:14:12 42.384884 -72.53251   5     13     49  
1154.0  19:14:21 42.384514 -72.53246   4     16     45  
1154.0  19:14:30 42.383724 -72.53206   4     12     42  
1154.0  19:14:38 42.382923 -72.53184   4     13     56  
1154.0  19:14:48 42.38246 -72.53178   5     18     41  
1154.0  19:14:57 42.38236 -72.53215   4     18     53  
1155.0  19:15:00 42.382244 -72.5328   4     19     42  
1155.0  19:15:05 42.382187 -72.533066   4     19     55  
1155.0  19:15:14 42.38216 -72.53369   3     14     48  
1155.0  19:15:22 42.381916 -72.53389   4     14     57  
1155.0  19:15:31 42.381256 -72.533936   4     18     47  
1155.0  19:15:41 42.380547 -72.53401   3     11     44  
1155.0  19:15:50 42.379948 -72.53406   5     10     41  
1155.0  19:15:59 42.379814 -72.53409   5     14     49  
1156.0  19:16:00 42.3798 -72.53409   4     11     45  
1156.0  19:16:07 42.37978 -72.53409   3     17     52  
1156.0  19:16:16 42.37974 -72.53407   5     10     48  
1156.0  19:16:24 42.37973 -72.534065   4     12     57  
1156.0  19:16:35 42.37974 -72.53407   4     10     57  
1156.0  19:16:43 42.379753 -72.53408   4     13     51  
1156.0  19:16:52 42.37977 -72.53409   3     18     50  
1157.0  19:17:00 42.37976 -72.5341   4     11     56  
1157.0  19:17:00 42.37978 -72.53411   5     16     41  
1157.0  19:17:09 42.37981 -72.53413   5     14     57  
1157.0  19:17:18 42.379837 -72.53413   5     12     59  
1157.0  19:17:29 42.379845 -72.53411   5     11     55  
1157.0  19:17:37 42.37984 -72.53411   3     19     48  
1157.0  19:17:46 42.379826 -72.53411   5     12     46  
1157.0  19:17:55 42.379807 -72.53412   5     19     40  
1158.0  19:18:00 42.379814 -72.53412   3     12     43  
1158.0  19:18:04 42.379814 -72.53412   5     10     41  
1158.0  19:18:13 42.379826 -72.53411   3     11     56  
1158.0  19:18:24 42.379837 -72.5341   5     16     51  
1158.0  19:18:33 42.37984 -72.53409   3     15     41  
1158.0  19:18:42 42.379833 -72.53409   3     19     50  
1158.0  19:18:50 42.379833 -72.53408   4     19     58  
1158.0  19:18:59 42.379826 -72.53408   5     11     44  
1159.0  19:19:00 42.37982 -72.53409   4     15     42  
1159.0  19:19:08 42.37983 -72.53408   3     18     48  
1159.0  19:19:19 42.37982 -72.53409   3     11     41  
1159.0  19:19:27 42.379803 -72.5341   5     11     59  
1159.0  19:19:36 42.379818 -72.5341   3     16     46  
1159.0  19:19:45 42.37983 -72.534096   4     13     56  
1159.0  19:19:53 42.37986 -72.53408   5     14     43  
1160.0  19:20:00 42.379868 -72.53407   3     17     53  
1160.0  19:20:02 42.379868 -72.53407   5     19     54  
1160.0  19:20:15 42.37988 -72.53407   3     17     53  
1160.0  19:20:24 42.379864 -72.534065   3     12     59  
1160.0  19:20:33 42.379875 -72.53406   3     11     41  
1160.0  19:20:41 42.37986 -72.53406   3     16     45  
1160.0  19:20:51 42.379852 -72.534065   4     11     56  
1161.0  19:21:00 42.379715 -72.534035   4     14     49  
1161.0  19:21:01 42.37977 -72.53404   5     11     51  
1161.0  19:21:11 42.379173 -72.53409   5     18     50  
1161.0  19:21:19 42.37851 -72.53417   4     16     40  
1161.0  19:21:28 42.377804 -72.53425   3     19     52  
1161.0  19:21:36 42.377537 -72.53398   4     19     59  
1161.0  19:21:45 42.377567 -72.53319   3     14     45  
1161.0  19:21:54 42.37756 -72.53255   3     14     49  
1162.0  19:22:00 42.377563 -72.532265   4     10     53  
1162.0  19:22:04 42.377632 -72.53221   3     13     56  
1162.0  19:22:13 42.378284 -72.53224   3     13     46  
1162.0  19:22:21 42.37937 -72.5321   5     17     59  
1162.0  19:22:30 42.3803 -72.53197   5     13     43  
1162.0  19:22:38 42.38111 -72.531845   5     11     59  
1162.0  19:22:47 42.381924 -72.53176   4     14     56  
1162.0  19:22:57 42.382885 -72.531815   5     17     48  
1163.0  19:23:00 42.383324 -72.53191   4     17     51  
1163.0  19:23:06 42.383614 -72.532   4     15     52  
1163.0  19:23:14 42.384384 -72.5323   4     18     57  
1163.0  19:23:23 42.384747 -72.53246   4     10     41  
1163.0  19:23:32 42.384933 -72.532104   4     19     54  
1163.0  19:23:40 42.38506 -72.53109   3     16     40  
1163.0  19:23:50 42.38492 -72.52986   5     15     55  
1163.0  19:23:59 42.3847 -72.528915   5     16     52  
1164.0  19:24:00 42.384686 -72.52854   3     17     53  
1164.0  19:24:07 42.384663 -72.52824   3     12     43  
1164.0  19:24:14 42.384686 -72.52814   4     14     51  
1164.0  19:24:23 42.384697 -72.52813   4     14     56  
1164.0  19:24:31 42.384705 -72.52814   4     11     51  
1164.0  19:24:43 42.384716 -72.528145   4     15     40  
1164.0  19:24:51 42.38482 -72.52764   5     17     48  
1164.0  19:24:59 42.38501 -72.52684   5     16     54  
1165.0  19:25:00 42.385105 -72.52652   3     16     42  
1165.0  19:25:08 42.38523 -72.52597   5     10     45  
1165.0  19:25:19 42.38542 -72.52516   4     13     53  
1165.0  19:25:27 42.385612 -72.525055   5     17     41  
1165.0  19:25:38 42.38568 -72.52507   4     19     52  
1165.0  19:25:47 42.38611 -72.52528   4     16     51  
1165.0  19:25:55 42.386578 -72.525475   3     19     51  
1166.0  19:26:00 42.38696 -72.52566   3     15     43  
1166.0  19:26:04 42.387012 -72.52568   5     11     59  
1166.0  19:26:13 42.38728 -72.52613   5     13     48  
1166.0  19:26:21 42.387115 -72.52647   5     15     49  
1166.0  19:26:32 42.387108 -72.52644   4     18     51  
1166.0  19:26:40 42.38711 -72.52643   3     15     44  
1166.0  19:26:48 42.387028 -72.52638   4     15     58  
1166.0  19:26:57 42.386635 -72.52619   4     16     50  
1167.0  19:27:00 42.386257 -72.52606   4     14     59  
1167.0  19:27:06 42.38611 -72.52602   3     10     54  
1167.0  19:27:15 42.38568 -72.52587   5     17     56  
1167.0  19:27:27 42.385315 -72.52574   4     16     58  
1167.0  19:27:35 42.385376 -72.525185   5     13     59  
1167.0  19:27:44 42.385494 -72.524704   4     13     44  
1167.0  19:27:53 42.385517 -72.52465   5     11     49  
1168.0  19:28:00 42.38561 -72.52443   5     10     57  
1168.0  19:28:01 42.385567 -72.52453   5     11     59  
1168.0  19:28:09 42.38578 -72.52379   4     11     46  
1168.0  19:28:20 42.385944 -72.523125   3     15     53  
1168.0  19:28:28 42.38596 -72.52292   3     18     43  
1168.0  19:28:36 42.38595 -72.52267   3     11     42  
1168.0  19:28:45 42.38623 -72.52236   5     15     47  
1168.0  19:28:53 42.386936 -72.52257   3     14     42  
1169.0  19:29:00 42.387444 -72.52321   5     15     57  
1169.0  19:29:04 42.3874 -72.52315   4     19     49  
1169.0  19:29:15 42.38775 -72.52355   4     11     42  
1169.0  19:29:24 42.387726 -72.52354   5     10     40  
1169.0  19:29:32 42.387848 -72.52378   4     17     50  
1169.0  19:29:41 42.38839 -72.52429   4     12     44  
1169.0  19:29:49 42.389122 -72.52469   3     14     58  
1169.0  19:29:58 42.390034 -72.52501   5     17     57  
1170.0  19:30:00 42.39055 -72.525116   3     13     43  
1170.0  19:30:08 42.390995 -72.5252   4     17     54  
1170.0  19:30:17 42.391483 -72.525246   4     17     47  
1170.0  19:30:28 42.391495 -72.52525   5     18     54  
1170.0  19:30:36 42.39145 -72.525246   5     12     58  
1170.0  19:30:44 42.39152 -72.52532   4     17     49  
1170.0  19:30:52 42.392105 -72.525475   3     16     51  
1171.0  19:31:00 42.393005 -72.525734   5     10     40  
1171.0  19:31:02 42.393005 -72.525734   3     17     40  
1171.0  19:31:11 42.39357 -72.52603   5     12     56  
1171.0  19:31:19 42.39389 -72.52617   4     19     53  
1171.0  19:31:27 42.393917 -72.52617   3     19     59  
1171.0  19:31:35 42.39393 -72.52617   4     16     52  
1171.0  19:31:43 42.394104 -72.52633   3     11     47  
1171.0  19:31:53 42.394707 -72.5267   3     17     47  
1172.0  19:32:00 42.395164 -72.526955   3     17     55  
1172.0  19:32:01 42.395126 -72.52695   4     11     59  
1172.0  19:32:10 42.395275 -72.526665   5     18     48  
1172.0  19:32:17 42.395515 -72.5259   3     12     52  
1172.0  19:32:25 42.39569 -72.52527   5     15     58  
1172.0  19:32:33 42.39572 -72.525154   3     12     40  
1172.0  19:32:44 42.39573 -72.52509   4     19     45  
1172.0  19:32:52 42.39577 -72.52506   3     14     49  
1173.0  19:33:00 42.39592 -72.52457   3     15     49  
1173.0  19:33:00 42.396034 -72.52423   4     10     57  
1173.0  19:33:09 42.39637 -72.52361   3     18     59  
1173.0  19:33:17 42.396835 -72.52296   3     17     51  
1173.0  19:33:26 42.39712 -72.52178   5     18     47  
1173.0  19:33:39 42.397133 -72.52125   5     14     56  
1173.0  19:33:49 42.397167 -72.52117   4     12     51  
1173.0  19:33:58 42.39724 -72.521034   5     18     40  
1174.0  19:34:00 42.397278 -72.52067   3     18     50  
1174.0  19:34:06 42.39729 -72.52031   5     18     42  
1174.0  19:34:14 42.3974 -72.51923   4     10     57  
1174.0  19:34:23 42.397663 -72.51824   4     19     55  
1174.0  19:34:31 42.39801 -72.517365   4     14     45  
1174.0  19:34:41 42.39839 -72.516205   3     17     52  
1174.0  19:34:50 42.39849 -72.51572   3     13     47  
1174.0  19:34:59 42.3981 -72.515564   5     10     57  
1175.0  19:35:00 42.397686 -72.51548   5     18     58  
1175.0  19:35:08 42.397175 -72.51532   5     18     54  
1175.0  19:35:16 42.396156 -72.515205   4     11     53  
1175.0  19:35:25 42.39577 -72.5154   5     15     58  
1175.0  19:35:35 42.39564 -72.51503   4     15     49  
1175.0  19:35:47 42.395473 -72.51433   3     13     48  
1175.0  19:35:55 42.395157 -72.5131   4     11     58  
1176.0  19:36:00 42.39506 -72.51238   5     11     51  
1176.0  19:36:03 42.395042 -72.51232   4     12     55  
1176.0  19:36:12 42.39485 -72.51214   5     15     59  
1176.0  19:36:21 42.3948 -72.51149   5     11     44  
1176.0  19:36:31 42.39494 -72.51108   3     17     52  
1176.0  19:36:40 42.395 -72.51101   3     15     50  
1176.0  19:36:49 42.39509 -72.51094   4     11     57  
1176.0  19:36:58 42.39538 -72.510956   4     16     58  
1177.0  19:37:00 42.39561 -72.5112   3     16     57  
1177.0  19:37:07 42.395702 -72.51128   4     13     50  
1177.0  19:37:15 42.39588 -72.51111   4     10     40  
1177.0  19:37:25 42.395924 -72.51108   3     18     48  
1177.0  19:37:33 42.395958 -72.51107   4     13     45  
1177.0  19:37:42 42.39596 -72.51108   4     19     47  
1177.0  19:37:51 42.39596 -72.51108   4     19     49  
1177.0  19:37:59 42.395954 -72.51108   4     16     47  
1178.0  19:38:00 42.39595 -72.511086   5     12     56  
1178.0  19:38:08 42.395947 -72.511086   3     16     59  
1178.0  19:38:18 42.395935 -72.51109   3     12     43  
1178.0  19:38:27 42.39593 -72.511086   3     18     54  
1178.0  19:38:36 42.395916 -72.51108   4     19     49  
1178.0  19:38:44 42.39593 -72.51108   4     18     51  
1178.0  19:38:53 42.395935 -72.511086   3     12     43  
1179.0  19:39:00 42.395905 -72.511086   5     16     54  
1179.0  19:39:02 42.39591 -72.511086   5     11     47  
1179.0  19:39:13 42.395897 -72.51108   3     14     59  
1179.0  19:39:21 42.39591 -72.51104   3     12     55  
1179.0  19:39:30 42.395916 -72.51099   4     12     44  
1179.0  19:39:38 42.395897 -72.510956   5     19     43  
1179.0  19:39:47 42.396046 -72.51093   3     15     58  
1179.0  19:39:55 42.396366 -72.511116   4     10     59  
1180.0  19:40:00 42.396416 -72.511734   5     13     41  
1180.0  19:40:06 42.396408 -72.512024   3     14     56  
1180.0  19:40:14 42.39614 -72.5128   3     17     59  
1180.0  19:40:23 42.39567 -72.51314   3     16     41  
1180.0  19:40:32 42.39526 -72.51324   5     18     56  
1180.0  19:40:40 42.395237 -72.51363   5     13     49  
1180.0  19:40:49 42.39543 -72.51452   4     13     46  
1181.0  19:41:00 42.395683 -72.515335   5     12     42  
1181.0  19:41:00 42.39571 -72.51543   5     14     52  
1181.0  19:41:09 42.39577 -72.515465   4     16     45  
1181.0  19:41:17 42.39577 -72.51554   3     11     52  
1181.0  19:41:26 42.395245 -72.515656   4     16     40  
1181.0  19:41:34 42.394257 -72.515724   3     11     54  
1181.0  19:41:43 42.393375 -72.51613   5     19     51  
1181.0  19:41:53 42.392727 -72.51641   3     18     54  
1182.0  19:42:00 42.39275 -72.51706   3     16     52  
1182.0  19:42:02 42.39274 -72.51695   4     19     54  
1182.0  19:42:12 42.392826 -72.51811   3     14     50  
1182.0  19:42:21 42.39268 -72.5191   3     12     52  
1182.0  19:42:29 42.39257 -72.51954   3     12     41  
1182.0  19:42:38 42.392513 -72.5198   3     19     55  
1182.0  19:42:49 42.392193 -72.52031   5     13     50  
1182.0  19:42:58 42.391552 -72.52   3     12     59  
1183.0  19:43:00 42.391205 -72.51989   4     10     49  
1183.0  19:43:05 42.39105 -72.51981   5     14     47  
1183.0  19:43:14 42.3907 -72.51966   5     15     46  
1183.0  19:43:23 42.390488 -72.51939   5     11     41  
1183.0  19:43:31 42.39012 -72.51907   5     10     55  
1183.0  19:43:42 42.38948 -72.518875   5     12     55  
1183.0  19:43:50 42.38932 -72.51883   5     19     42  
1183.0  19:43:59 42.38923 -72.51886   4     12     48  
1184.0  19:44:00 42.389206 -72.51887   3     13     58  
1184.0  19:44:07 42.389194 -72.518875   4     12     58  
1184.0  19:44:16 42.389202 -72.51887   4     13     42  
1184.0  19:44:24 42.389214 -72.51879   3     15     52  
1184.0  19:44:34 42.389214 -72.51872   3     12     42  
1184.0  19:44:43 42.389233 -72.518715   3     11     48  
1184.0  19:44:51 42.389107 -72.5187   3     12     52  
1185.0  19:45:00 42.388992 -72.51869   3     17     42  
1185.0  19:45:00 42.388958 -72.51859   3     12     52  
1185.0  19:45:09 42.389095 -72.51832   3     11     49  
1185.0  19:45:17 42.389038 -72.51801   4     15     47  
1185.0  19:45:27 42.3888 -72.5175   4     11     44  
1185.0  19:45:35 42.3887 -72.51707   3     11     57  
1185.0  19:45:44 42.388657 -72.51685   3     18     42  
1185.0  19:45:52 42.388657 -72.51676   4     19     49  
1186.0  19:46:00 42.38838 -72.51684   5     15     56  
1186.0  19:46:00 42.388084 -72.51696   5     13     50  
1186.0  19:46:08 42.387566 -72.51719   5     19     54  
1186.0  19:46:18 42.38613 -72.51739   4     16     56  
1186.0  19:46:56 42.3852 -72.5178   5     18     52  
1187.0  19:47:00 42.381783 -72.51942   5     17     43  
1187.0  19:47:25 42.381824 -72.51954   3     12     40  
1187.0  19:47:27 42.381824 -72.51954   4     17     42  
1187.0  19:47:38 42.38314 -72.520515   3     19     57  
1187.0  19:47:47 42.383152 -72.52056   3     15     44  
1187.0  19:47:55 42.38362 -72.52086   3     17     47  
1188.0  19:48:00 42.384193 -72.521194   5     12     48  
1188.0  19:48:04 42.38435 -72.52129   5     17     49  
1188.0  19:48:12 42.385017 -72.52162   3     17     49  
1188.0  19:48:21 42.3857 -72.52199   4     12     48  
1188.0  19:48:32 42.386173 -72.52244   5     15     57  
1188.0  19:48:40 42.386715 -72.5224   5     10     53  
1188.0  19:48:52 42.38723 -72.5229   4     17     44  
1189.0  19:49:00 42.387753 -72.52352   4     12     46  
1189.0  19:49:01 42.387745 -72.52351   4     15     54  
1189.0  19:49:10 42.38774 -72.523544   3     11     59  
1189.0  19:49:19 42.38778 -72.52355   5     11     46  
1189.0  19:49:29 42.387768 -72.52356   5     15     46  
1189.0  19:49:38 42.387753 -72.52357   5     16     54  
1189.0  19:49:46 42.387756 -72.523575   4     16     53  
1189.0  19:49:55 42.387794 -72.52359   5     11     56  
1190.0  19:50:00 42.387993 -72.52396   5     14     50  
1190.0  19:50:03 42.38806 -72.524025   5     12     58  
1190.0  19:50:12 42.388622 -72.52446   4     19     58  
1190.0  19:50:22 42.389584 -72.524895   4     19     52  
1190.0  19:50:31 42.390305 -72.525085   4     14     41  
1190.0  19:50:39 42.39106 -72.52522   4     14     58  
1190.0  19:50:48 42.391495 -72.52525   5     16     51  
1190.0  19:50:55 42.39159 -72.52528   4     13     42  
1191.0  19:51:00 42.391617 -72.52531   4     18     52  
1191.0  19:51:03 42.391632 -72.52532   4     13     55  
1191.0  19:51:13 42.392105 -72.525475   4     13     50  
1191.0  19:51:21 42.3927 -72.525665   3     16     57  
1191.0  19:51:30 42.393284 -72.52589   3     17     49  
1191.0  19:51:38 42.39347 -72.52598   3     13     49  
1191.0  19:51:47 42.39383 -72.526115   4     17     42  
1191.0  19:51:55 42.39389 -72.52617   3     17     57  
1192.0  19:52:00 42.393875 -72.526184   3     12     56  
1192.0  19:52:05 42.393894 -72.52619   3     12     56  
1192.0  19:52:14 42.39402 -72.52633   3     18     40  
1192.0  19:52:23 42.39464 -72.52669   4     16     40  
1192.0  19:52:31 42.394947 -72.52687   4     18     49  
1192.0  19:52:39 42.39512 -72.526955   4     15     53  
1192.0  19:52:48 42.395157 -72.52697   5     13     46  
1192.0  19:52:58 42.395073 -72.52759   4     13     40  
1193.0  19:53:00 42.394814 -72.52815   5     10     42  
1193.0  19:53:05 42.39461 -72.528534   3     17     54  
1193.0  19:53:13 42.39496 -72.52918   4     12     58  
1193.0  19:53:21 42.3955 -72.52994   5     14     41  
1193.0  19:53:29 42.395824 -72.5307   4     19     41  
1193.0  19:53:37 42.395664 -72.53153   4     11     52  
1193.0  19:53:45 42.39546 -72.532425   3     13     47  
1193.0  19:53:56 42.39523 -72.53388   5     17     42  
1194.0  19:54:00 42.394646 -72.53441   4     14     48  
1194.0  19:54:04 42.394436 -72.5344   5     14     58  
1194.0  19:54:14 42.39357 -72.53423   3     12     59  
1194.0  19:54:22 42.392845 -72.53396   5     11     46  
1194.0  19:54:31 42.392788 -72.53393   4     13     43  
1194.0  19:54:39 42.392765 -72.53393   3     10     53  
1194.0  19:54:50 42.392605 -72.53403   3     12     50  
1194.0  19:54:58 42.392475 -72.53467   5     16     52  
1195.0  19:55:00 42.392387 -72.53511   3     12     49  
1195.0  19:55:06 42.392372 -72.53543   4     17     56  
1195.0  19:55:14 42.392433 -72.53593   4     19     42  
1195.0  19:55:22 42.392452 -72.5362   4     16     59  
1195.0  19:55:30 42.39269 -72.53656   3     11     59  
1195.0  19:55:41 42.39241 -72.53634   3     17     45  
1195.0  19:55:48 42.392395 -72.53605   4     10     52  
1195.0  19:55:56 42.392376 -72.53603   3     17     42  
1196.0  19:56:00 42.392357 -72.535995   4     14     56  
1196.0  19:56:05 42.392353 -72.535995   5     11     50  
1196.0  19:56:12 42.39234 -72.53598   3     16     49  
1196.0  19:56:21 42.392326 -72.53596   3     16     42  
1196.0  19:56:31 42.392284 -72.535904   4     15     44  
1196.0  19:56:39 42.39229 -72.53588   4     15     45  
1196.0  19:56:48 42.392326 -72.53558   4     14     41  
1196.0  19:56:56 42.392334 -72.53513   4     10     46  
1197.0  19:57:00 42.392406 -72.53478   3     18     40  
1197.0  19:57:05 42.39243 -72.534676   3     17     55  
1197.0  19:57:13 42.392498 -72.53435   3     11     53  
1197.0  19:57:24 42.392605 -72.53383   4     19     48  
1197.0  19:57:31 42.392826 -72.53306   5     14     44  
1197.0  19:57:42 42.39316 -72.532455   3     11     46  
1197.0  19:57:51 42.39349 -72.53265   3     12     41  
1198.0  19:58:00 42.393456 -72.533   4     16     41  
1198.0  19:58:00 42.393467 -72.5332   5     15     50  
1198.0  19:58:08 42.393604 -72.533264   4     15     40  
1198.0  19:58:19 42.39369 -72.53324   3     10     48  
1198.0  19:58:27 42.393764 -72.53324   3     11     45  
1198.0  19:58:35 42.393806 -72.53324   5     13     49  
1198.0  19:58:44 42.393818 -72.53324   4     12     51  
1198.0  19:58:51 42.393795 -72.53324   5     10     54  
1199.0  19:59:00 42.393772 -72.53324   4     19     47  
1199.0  19:59:00 42.393745 -72.53325   3     19     42  
1199.0  19:59:11 42.393757 -72.53325   5     12     43  
1199.0  19:59:19 42.393784 -72.53325   5     15     43  
1199.0  19:59:28 42.393787 -72.53326   5     17     40  
1199.0  19:59:37 42.393787 -72.53325   3     18     49  
1199.0  19:59:45 42.393795 -72.53325   5     13     44  
1199.0  19:59:54 42.393814 -72.53325   5     16     47  
1200.0  20:00:00 42.39383 -72.53325   5     10     49  
1200.0  20:00:05 42.393833 -72.53326   3     17     41  
1200.0  20:00:14 42.39384 -72.53308   4     11     43  
1200.0  20:00:22 42.393703 -72.53277   4     18     47  
1200.0  20:00:31 42.39345 -72.532555   5     17     48  
1200.0  20:00:39 42.393253 -72.53245   4     16     43  
1200.0  20:00:48 42.392975 -72.53298   4     14     44  
1200.0  20:00:58 42.392765 -72.53363   3     15     45  
1201.0  20:01:00 42.39276 -72.53368   3     13     42  
1201.0  20:01:07 42.392727 -72.53379   3     19     47  
1201.0  20:01:15 42.39261 -72.533905   3     12     43  
1201.0  20:01:24 42.392128 -72.53368   3     17     55  
1201.0  20:01:33 42.391468 -72.53337   3     16     59  
1201.0  20:01:41 42.3913 -72.533295   3     15     40  
1201.0  20:01:52 42.391205 -72.533264   3     11     54  
1202.0  20:02:00 42.390957 -72.53315   3     13     48  
1202.0  20:02:00 42.390797 -72.53309   4     11     50  
1202.0  20:02:09 42.39053 -72.53302   4     13     43  
1202.0  20:02:17 42.39012 -72.53285   4     14     58  
1202.0  20:02:26 42.389553 -72.5326   4     18     57  
1202.0  20:02:34 42.38919 -72.53246   3     10     48  
1202.0  20:02:47 42.388695 -72.53223   5     13     53  
1202.0  20:02:56 42.388325 -72.53206   4     10     40  
1203.0  20:03:00 42.388077 -72.53195   5     16     48  
1203.0  20:03:04 42.388042 -72.53194   4     12     42  
1203.0  20:03:14 42.38756 -72.53173   5     16     43  
1203.0  20:03:23 42.387497 -72.53173   5     10     44  
1203.0  20:03:31 42.38743 -72.53171   5     10     48  
1203.0  20:03:42 42.387325 -72.53167   5     19     55  
1203.0  20:03:51 42.38701 -72.53154   4     12     55  
1203.0  20:03:59 42.386627 -72.53137   3     18     43  
1204.0  20:04:00 42.38648 -72.5313   5     14     59  
1204.0  20:04:08 42.38626 -72.5312   3     15     58  
1204.0  20:04:17 42.386066 -72.53111   5     18     51  
1204.0  20:04:26 42.38587 -72.53105   5     17     50  
1204.0  20:04:47 42.385628 -72.53103   4     16     58  
1204.0  20:04:50 42.385628 -72.53103   3     13     48  
1205.0  20:05:00 42.385345 -72.53105   4     11     49  
1205.0  20:05:00 42.38519 -72.53113   4     17     59  
1205.0  20:05:09 42.385117 -72.53161   5     13     48  
1205.0  20:05:17 42.384914 -72.53233   3     18     44  
1205.0  20:05:30 42.384617 -72.53256   4     16     51  
1205.0  20:05:38 42.383842 -72.53212   4     17     43  
1205.0  20:05:47 42.383175 -72.53192   4     12     51  
1205.0  20:05:55 42.38263 -72.531815   3     12     42  
1206.0  20:06:00 42.382366 -72.53195   3     19     50  
1206.0  20:06:03 42.38236 -72.532005   5     19     49  
1206.0  20:06:12 42.382236 -72.532745   4     13     46  
1206.0  20:06:23 42.3822 -72.533646   4     18     47  
1206.0  20:06:31 42.38195 -72.53387   4     14     59  
1206.0  20:06:39 42.38133 -72.53391   4     17     51  
1206.0  20:06:49 42.380604 -72.53397   3     15     47  
1206.0  20:06:57 42.379894 -72.53403   5     17     54  
1207.0  20:07:00 42.379784 -72.53404   4     14     58  
1207.0  20:07:06 42.37972 -72.53405   3     16     47  
1207.0  20:07:16 42.379 -72.53411   4     11     42  
1207.0  20:07:25 42.3783 -72.53422   5     17     43  
1207.0  20:07:33 42.377716 -72.53426   3     15     58  
1207.0  20:07:42 42.377598 -72.53363   3     16     41  
1207.0  20:07:51 42.37759 -72.53271   4     11     52  
1207.0  20:07:59 42.37755 -72.5324   5     18     47  
1208.0  20:08:00 42.37752 -72.53237   5     13     59  
1208.0  20:08:10 42.3775 -72.53232   3     16     49  
1208.0  20:08:18 42.377453 -72.53225   4     14     48  
1208.0  20:08:28 42.377445 -72.53222   3     11     49  
1208.0  20:08:37 42.3777 -72.53212   5     18     54  
1208.0  20:08:45 42.37877 -72.53211   5     13     48  
1208.0  20:08:53 42.380028 -72.531944   4     10     54  
1209.0  20:09:00 42.381218 -72.53182   5     19     50  
1209.0  20:09:04 42.381348 -72.53181   4     11     58  
1209.0  20:09:13 42.382008 -72.53173   4     13     50  
1209.0  20:09:21 42.38203 -72.53173   4     16     46  
1209.0  20:09:30 42.38258 -72.5318   3     15     42  
1209.0  20:09:39 42.383526 -72.53199   4     18     42  
1209.0  20:09:47 42.38432 -72.532265   3     13     45  
1209.0  20:09:58 42.38472 -72.53244   5     15     54  
1210.0  20:10:00 42.38476 -72.532455   4     12     46  
1210.0  20:10:06 42.38476 -72.53246   4     17     46  
1210.0  20:10:14 42.38486 -72.53241   5     14     51  
1210.0  20:10:23 42.38504 -72.531555   4     14     47  
1210.0  20:10:32 42.385063 -72.53052   5     12     57  
1210.0  20:10:41 42.384827 -72.52937   4     12     55  
1210.0  20:10:51 42.384693 -72.52832   5     14     44  
1211.0  20:11:00 42.3847 -72.52818   4     16     55  
1211.0  20:11:00 42.38471 -72.52817   4     18     50  
1211.0  20:11:08 42.384727 -72.528145   4     12     41  
1211.0  20:11:17 42.384747 -72.528114   4     11     46  
1211.0  20:11:26 42.38477 -72.52807   5     18     58  
1211.0  20:11:35 42.384926 -72.52737   4     15     59  
1211.0  20:11:49 42.38526 -72.52598   5     11     48  
1211.0  20:11:58 42.38561 -72.52504   4     19     45  
1212.0  20:12:00 42.385788 -72.52515   5     15     40  
1212.0  20:12:07 42.386055 -72.52528   4     19     49  
1212.0  20:12:15 42.386753 -72.5256   3     10     52  
1212.0  20:12:24 42.387222 -72.52592   3     15     43  
1212.0  20:12:32 42.387142 -72.52647   3     16     44  
1212.0  20:12:43 42.387142 -72.52649   4     15     58  
1212.0  20:12:52 42.38707 -72.52652   4     18     53  
1213.0  20:13:00 42.38708 -72.5265   3     12     47  
1213.0  20:13:01 42.38708 -72.5265   4     11     42  
1213.0  20:13:09 42.387077 -72.52653   4     17     45  
1213.0  20:13:17 42.38707 -72.526566   5     12     59  
1213.0  20:13:27 42.38706 -72.52656   5     14     41  
1213.0  20:13:39 42.386883 -72.52646   3     14     55  
1213.0  20:13:47 42.386364 -72.52621   3     15     40  
1213.0  20:13:56 42.385773 -72.52595   3     13     59  
1214.0  20:14:00 42.385582 -72.52586   3     11     55  
1214.0  20:14:04 42.385536 -72.52583   4     15     48  
1214.0  20:14:13 42.385303 -72.525734   3     14     59  
1214.0  20:14:21 42.385395 -72.52503   5     18     45  
1214.0  20:14:32 42.385746 -72.523766   5     12     40  
1214.0  20:14:41 42.385933 -72.522865   4     10     58  
1214.0  20:14:50 42.38591 -72.522644   3     12     41  
1214.0  20:14:58 42.385857 -72.52257   5     10     49  
1215.0  20:15:00 42.385838 -72.52241   4     19     41  
1215.0  20:15:06 42.385983 -72.52225   3     18     57  
1215.0  20:15:14 42.38666 -72.52232   5     16     52  
1215.0  20:15:25 42.38758 -72.52332   3     15     47  
1215.0  20:15:34 42.387737 -72.52353   4     19     47  
1215.0  20:15:42 42.387695 -72.52352   4     18     57  
1215.0  20:15:52 42.38772 -72.52358   4     19     47  
1216.0  20:16:00 42.388603 -72.524414   5     12     57  
1216.0  20:16:01 42.388306 -72.52421   5     18     43  
1216.0  20:16:10 42.389362 -72.52478   5     11     52  
1216.0  20:16:20 42.390495 -72.52511   5     14     53  
1216.0  20:16:28 42.3913 -72.52527   3     12     53  
1216.0  20:16:36 42.39157 -72.52526   5     18     42  
1216.0  20:16:44 42.391605 -72.52528   3     18     47  
1216.0  20:16:53 42.39196 -72.525406   5     13     42  
1217.0  20:17:00 42.39287 -72.525696   3     11     41  
1217.0  20:17:01 42.39267 -72.52563   5     10     55  
1217.0  20:17:12 42.393604 -72.52605   5     12     47  
1217.0  20:17:20 42.393887 -72.526146   4     13     58  
1217.0  20:17:29 42.393856 -72.52614   4     18     51  
1217.0  20:17:38 42.393887 -72.52615   5     18     40  
1217.0  20:17:46 42.393894 -72.52616   3     10     52  
1217.0  20:17:55 42.393906 -72.52618   4     15     45  
1218.0  20:18:00 42.39406 -72.52633   5     12     41  
1218.0  20:18:06 42.394264 -72.52646   3     10     57  
1218.0  20:18:14 42.394882 -72.526825   4     10     55  
1218.0  20:18:22 42.395027 -72.526886   5     16     46  
1218.0  20:18:29 42.394978 -72.52687   4     16     46  
1218.0  20:18:37 42.395004 -72.52687   5     15     43  
1218.0  20:18:45 42.395016 -72.52687   3     13     49  
1218.0  20:18:56 42.395023 -72.52686   5     13     54  
1219.0  20:19:00 42.395023 -72.52686   5     13     47  
1219.0  20:19:05 42.39503 -72.52686   5     16     40  
1219.0  20:19:14 42.39516 -72.52694   3     10     53  
1219.0  20:19:22 42.3954 -72.526405   3     12     54  
1219.0  20:19:31 42.39575 -72.52528   3     13     49  
1219.0  20:19:40 42.39632 -72.523705   3     18     45  
1219.0  20:19:51 42.3971 -72.52257   4     13     57  
1220.0  20:20:00 42.397022 -72.52126   3     12     53  
1220.0  20:20:02 42.397087 -72.52157   5     12     53  
1220.0  20:20:11 42.39712 -72.52118   3     17     44  
1220.0  20:20:20 42.39714 -72.521194   3     13     59  
1220.0  20:20:29 42.39714 -72.5212   4     16     50  
1220.0  20:20:37 42.39721 -72.52081   4     13     49  
1220.0  20:20:48 42.39733 -72.51942   4     16     41  
1220.0  20:20:57 42.39763 -72.51817   3     17     55  
1221.0  20:21:00 42.39794 -72.5174   3     16     41  
1221.0  20:21:06 42.398117 -72.51699   3     14     51  
1221.0  20:21:14 42.39848 -72.51592   5     12     53  
1221.0  20:21:23 42.39846 -72.51568   3     17     55  
1221.0  20:21:31 42.39834 -72.51553   5     17     57  
1221.0  20:21:42 42.397366 -72.51543   4     12     49  
1221.0  20:21:50 42.396286 -72.51524   4     10     42  
1221.0  20:21:59 42.395725 -72.51534   3     10     49  
1222.0  20:22:00 42.395657 -72.51521   4     17     48  
1222.0  20:22:08 42.39558 -72.51475   5     13     43  
1222.0  20:22:16 42.395252 -72.51364   3     11     51  
1222.0  20:22:25 42.395065 -72.51234   4     19     48  
1222.0  20:22:36 42.394783 -72.511955   4     13     59  
1222.0  20:22:45 42.39478 -72.511055   3     13     58  
1222.0  20:22:53 42.394897 -72.510895   4     18     57  
1223.0  20:23:00 42.395107 -72.51115   5     13     42  
1223.0  20:23:02 42.395058 -72.511086   5     12     47  
1223.0  20:23:11 42.39555 -72.51113   5     16     46  
1223.0  20:23:19 42.395718 -72.51109   4     18     55  
1223.0  20:23:30 42.395844 -72.511   5     14     59  
1223.0  20:23:39 42.395893 -72.51101   5     12     42  
1223.0  20:23:47 42.395885 -72.511   3     19     57  
1223.0  20:23:56 42.395874 -72.511   4     12     55  
1224.0  20:24:00 42.39586 -72.51099   4     18     41  
1224.0  20:24:04 42.395855 -72.51099   3     15     49  
1224.0  20:24:13 42.39584 -72.51096   3     13     47  
1224.0  20:24:24 42.39583 -72.51094   5     16     52  
1224.0  20:24:32 42.395844 -72.51095   5     13     58  
1224.0  20:24:41 42.395832 -72.51094   3     13     54  
1224.0  20:24:49 42.39583 -72.51093   5     11     46  
1224.0  20:24:58 42.39586 -72.51096   5     11     45  
1225.0  20:25:00 42.395855 -72.511   3     16     58  
1225.0  20:25:07 42.39586 -72.51102   4     15     47  
1225.0  20:25:18 42.395893 -72.51104   4     15     41  
1225.0  20:25:27 42.395878 -72.51104   3     18     57  
1225.0  20:25:35 42.395855 -72.51103   5     10     58  
1225.0  20:25:44 42.39583 -72.51102   4     14     40  
1225.0  20:25:52 42.39582 -72.51103   3     16     55  
1226.0  20:26:00 42.395855 -72.51103   4     13     43  
1226.0  20:26:01 42.39584 -72.51103   4     13     47  
1226.0  20:26:16 42.396282 -72.51156   4     13     48  
1226.0  20:26:27 42.395855 -72.512985   5     13     58  
1226.0  20:26:36 42.39526 -72.513176   4     10     54  
1226.0  20:26:45 42.39521 -72.51352   5     12     50  
1226.0  20:26:54 42.39553 -72.5145   3     15     49  
1227.0  20:27:00 42.395782 -72.51539   4     14     55  
1227.0  20:27:02 42.395782 -72.51539   5     10     52  
1227.0  20:27:10 42.395763 -72.51555   3     15     53  
1227.0  20:27:21 42.394867 -72.51575   5     12     52  
1227.0  20:27:31 42.393536 -72.51599   4     10     58  
1227.0  20:27:40 42.392673 -72.51642   3     10     59  
1227.0  20:27:48 42.39274 -72.517105   3     14     55  
1227.0  20:27:57 42.39279 -72.51826   5     11     47  
1228.0  20:28:00 42.392673 -72.519005   3     16     47  
1228.0  20:28:05 42.392647 -72.51926   5     11     58  
1228.0  20:28:15 42.392616 -72.5194   4     18     52  
1228.0  20:28:23 42.39262 -72.51938   5     16     44  
1228.0  20:28:32 42.392586 -72.5194   5     16     58  
1228.0  20:28:40 42.392414 -72.52009   4     13     45  
1228.0  20:28:49 42.391964 -72.52029   4     18     41  
1228.0  20:28:57 42.39136 -72.51988   3     18     50  
1229.0  20:29:00 42.39107 -72.51973   3     17     51  
1229.0  20:29:07 42.39077 -72.51968   3     10     43  
1229.0  20:29:16 42.39055 -72.519585   4     19     54  
1229.0  20:29:25 42.390194 -72.51911   4     12     40  
1229.0  20:29:34 42.38956 -72.51895   3     11     55  
1229.0  20:29:42 42.38936 -72.518875   4     11     49  
1229.0  20:29:51 42.3891 -72.51878   3     15     40  
1230.0  20:30:00 42.389057 -72.51881   3     15     40  
1230.0  20:30:02 42.389057 -72.5188   3     11     52  
1230.0  20:30:10 42.38906 -72.51849   4     15     40  
1230.0  20:30:19 42.38916 -72.51819   4     10     42  
1230.0  20:30:28 42.389046 -72.51791   4     10     59  
1230.0  20:30:37 42.388775 -72.51714   4     11     51  
1230.0  20:30:45 42.3887 -72.516846   5     10     57  
1230.0  20:30:56 42.388435 -72.51684   4     18     42  
1231.0  20:31:00 42.38783 -72.51694   4     11     49  
1231.0  20:31:05 42.387554 -72.51703   5     12     45  
1231.0  20:31:14 42.38619 -72.51739   3     19     47  
1232.0  20:32:00 42.38195 -72.51984   5     10     55  
1233.0  20:33:00 42.386814 -72.52255   4     13     53  
1234.0  20:34:00 42.38975 -72.52494   3     12     40  
1235.0  20:35:00 42.393906 -72.52615   3     10     51  
1236.0  20:36:00 42.394665 -72.526665   4     12     53  
1237.0  20:37:00 42.394833 -72.52679   3     14     59  
1238.0  20:38:00 42.39575 -72.53155   3     12     47  
1239.0  20:39:00 42.393326 -72.53241   3     13     58  
1249.0  20:49:46 42.391544 -72.5334   5     12     55  
1249.0  20:49:59 42.390244 -72.532906   5     12     52  
1250.0  20:50:12 42.388878 -72.5323   3     15     56  
1250.0  20:50:24 42.38769 -72.531815   5     12     43  
1251.0  20:51:27 42.384174 -72.5323   4     16     58  
1251.0  20:51:38 42.383045 -72.5319   4     17     42  
1251.0  20:51:46 42.38238 -72.53192   5     10     59  
1251.0  20:51:54 42.38227 -72.532585   4     10     42  
1252.0  20:52:00 42.382183 -72.5335   4     18     47  
1252.0  20:52:00 42.382183 -72.5335   3     19     55  
1252.0  20:52:02 42.382183 -72.53342   3     11     47  
1252.0  20:52:10 42.382202 -72.53368   4     11     58  
1252.0  20:52:18 42.382057 -72.533875   4     15     53  
1252.0  20:52:28 42.381348 -72.533936   5     18     49  
1252.0  20:52:36 42.380615 -72.534   3     16     40  
1252.0  20:52:44 42.380013 -72.53406   5     18     54  
1252.0  20:52:54 42.37978 -72.534065   4     17     59  
1253.0  20:53:00 42.37898 -72.53416   3     19     53  
1253.0  20:53:00 42.37898 -72.53416   4     10     58  
1253.0  20:53:03 42.379074 -72.53415   4     11     40  
1253.0  20:53:11 42.378265 -72.53423   3     16     47  
1253.0  20:53:23 42.377575 -72.534096   3     16     43  
1253.0  20:53:31 42.377666 -72.53326   5     18     52  
1253.0  20:53:41 42.37759 -72.53247   3     17     57  
1253.0  20:53:49 42.37748 -72.5322   3     12     42  
1253.0  20:53:58 42.377514 -72.532036   3     13     42  
1254.0  20:54:00 42.37768 -72.53208   4     14     49  
1254.0  20:54:00 42.37768 -72.53208   3     19     40  
1254.0  20:54:06 42.377846 -72.532104   4     16     52  
1254.0  20:54:16 42.37913 -72.53208   5     15     54  
1254.0  20:54:25 42.38029 -72.53193   5     16     58  
1254.0  20:54:33 42.38163 -72.53178   5     14     46  
1254.0  20:54:42 42.382687 -72.53183   5     15     42  
1254.0  20:54:50 42.38385 -72.532135   3     18     57  
1254.0  20:54:59 42.384594 -72.53241   5     18     46  
1255.0  20:55:00 42.384727 -72.53247   3     17     46  
1255.0  20:55:00 42.384727 -72.53247   3     17     47  
1255.0  20:55:09 42.384834 -72.53239   4     11     49  
1255.0  20:55:18 42.385048 -72.53155   4     11     48  
1255.0  20:55:27 42.38505 -72.53064   5     13     55  
1255.0  20:55:35 42.384872 -72.52963   3     16     50  
1255.0  20:55:44 42.384716 -72.52875   4     19     41  
1255.0  20:55:52 42.384655 -72.52823   4     18     41  
1256.0  20:56:00 42.384575 -72.528114   5     17     44  
1256.0  20:56:00 42.384575 -72.528114   5     10     41  
1256.0  20:56:02 42.384583 -72.52812   4     15     44  
1256.0  20:56:11 42.38453 -72.52806   5     19     50  
1256.0  20:56:19 42.38455 -72.52807   4     18     46  
1256.0  20:56:28 42.384567 -72.52808   3     17     53  
1256.0  20:56:39 42.38457 -72.52809   5     16     53  
1256.0  20:56:47 42.384563 -72.52808   4     17     41  
1256.0  20:56:58 42.3846 -72.5281   4     16     49  
1257.0  20:57:00 42.38461 -72.5281   5     15     52  
1257.0  20:57:00 42.38461 -72.5281   4     15     51  
1257.0  20:57:07 42.384636 -72.52808   3     16     58  
1257.0  20:57:16 42.384827 -72.527435   5     11     41  
1257.0  20:57:24 42.385162 -72.526344   3     12     42  
1257.0  20:57:33 42.385384 -72.52553   4     12     41  
1257.0  20:57:42 42.38556 -72.52495   4     19     41  
1257.0  20:57:52 42.386116 -72.52528   5     14     57  
1258.0  20:58:00 42.386826 -72.52563   3     18     43  
1258.0  20:58:00 42.386826 -72.52563   4     12     43  
1258.0  20:58:01 42.386623 -72.52553   3     11     53  
1258.0  20:58:09 42.387115 -72.525795   4     16     44  
1258.0  20:58:18 42.387203 -72.52638   5     19     43  
1258.0  20:58:26 42.387142 -72.5265   5     16     42  
1258.0  20:58:35 42.38715 -72.526535   5     15     59  
1258.0  20:58:45 42.386547 -72.52624   4     11     59  
1258.0  20:58:54 42.385857 -72.525955   5     18     52  
1259.0  20:59:00 42.385628 -72.52586   3     10     55  
1259.0  20:59:00 42.385628 -72.52586   5     15     59  
1259.0  20:59:03 42.385628 -72.52586   4     12     40  
1259.0  20:59:12 42.385525 -72.52582   5     16     52  
1259.0  20:59:20 42.385303 -72.5256   3     17     56  
1259.0  20:59:28 42.385464 -72.52484   3     13     46  
1259.0  20:59:39 42.38551 -72.52471   4     15     45  
1259.0  20:59:51 42.385704 -72.52414   4     19     46  
1259.0  20:59:58 42.386387 -72.52329   5     16     40  
1260.0  21:00:00 42.386395 -72.52325   5     15     45  
1260.0  21:00:00 42.386395 -72.52325   5     11     44  
1260.0  21:00:07 42.38637 -72.523224   4     18     59  
1260.0  21:00:16 42.386288 -72.52315   3     16     50  
1260.0  21:00:24 42.386234 -72.52308   3     17     42  
1260.0  21:00:35 42.386066 -72.52285   5     10     51  
1260.0  21:00:44 42.385998 -72.522766   3     12     49  
1260.0  21:00:52 42.38594 -72.52271   3     16     52  
1261.0  21:01:00 42.386223 -72.5223   4     12     44  
1261.0  21:01:00 42.386223 -72.5223   5     14     56  
1261.0  21:01:01 42.386017 -72.52233   5     17     50  
1261.0  21:01:10 42.386707 -72.52245   4     16     53  
1261.0  21:01:18 42.38735 -72.52317   5     16     40  
1261.0  21:01:29 42.3877 -72.52356   4     10     57  
1261.0  21:01:37 42.387703 -72.523544   5     12     47  
1261.0  21:01:46 42.38771 -72.52359   5     10     58  
1261.0  21:01:55 42.388187 -72.52415   4     13     55  
1262.0  21:02:00 42.389076 -72.524666   3     12     52  
1262.0  21:02:00 42.389076 -72.524666   4     18     57  
1262.0  21:02:03 42.389076 -72.524666   4     13     47  
1262.0  21:02:12 42.390087 -72.52502   4     15     56  
1262.0  21:02:22 42.39129 -72.52523   5     14     46  
1262.0  21:02:31 42.39163 -72.52522   3     13     40  
1262.0  21:02:39 42.391678 -72.52527   3     14     44  
1262.0  21:02:48 42.392147 -72.52542   3     14     59  
1262.0  21:02:56 42.393032 -72.52573   5     13     55  
1263.0  21:03:00 42.393677 -72.526024   4     11     57  
1263.0  21:03:00 42.393677 -72.526024   3     11     40  
1263.0  21:03:05 42.393745 -72.52605   3     11     56  
1263.0  21:03:15 42.39387 -72.52611   5     15     54  
1263.0  21:03:24 42.393867 -72.5261   3     11     53  
1263.0  21:03:33 42.39403 -72.52627   4     16     48  
1263.0  21:03:41 42.394787 -72.52673   5     17     50  
1263.0  21:03:50 42.39524 -72.52683   3     11     52  
1263.0  21:03:58 42.395565 -72.52587   4     14     45  
1264.0  21:04:00 42.39574 -72.5253   3     19     59  
1264.0  21:04:00 42.39574 -72.5253   4     13     55  
1264.0  21:04:08 42.395763 -72.52517   4     17     58  
1264.0  21:04:17 42.395706 -72.52511   4     17     59  
1264.0  21:04:25 42.395836 -72.524895   4     14     45  
1264.0  21:04:35 42.396156 -72.52415   3     14     52  
1264.0  21:04:43 42.39684 -72.52312   5     18     59  
1264.0  21:04:52 42.39744 -72.52222   5     10     49  
1265.0  21:05:00 42.397404 -72.521576   5     14     45  
1265.0  21:05:00 42.397404 -72.521576   4     17     44  
1265.0  21:05:02 42.39744 -72.5216   4     13     55  
1265.0  21:05:10 42.397263 -72.52148   3     18     56  
1265.0  21:05:18 42.39718 -72.52141   4     19     46  
1265.0  21:05:27 42.397263 -72.52102   4     18     41  
1265.0  21:05:35 42.39751 -72.51993   4     16     42  
1265.0  21:05:44 42.397533 -72.5184   5     13     58  
1265.0  21:05:54 42.39798 -72.51736   5     15     46  
1266.0  21:06:00 42.398506 -72.51612   5     13     54  
1266.0  21:06:00 42.398506 -72.51612   5     11     57  
1266.0  21:06:03 42.39847 -72.5162   5     18     52  
1266.0  21:06:11 42.3985 -72.51579   5     15     40  
1266.0  21:06:20 42.39786 -72.51561   5     17     54  
1266.0  21:06:29 42.396667 -72.515366   3     18     51  
1266.0  21:06:37 42.39579 -72.51541   3     10     41  
1266.0  21:06:48 42.3954 -72.51418   3     11     40  
1266.0  21:06:56 42.395058 -72.51315   5     15     41  
1267.0  21:07:00 42.39517 -72.51227   5     11     49  
1267.0  21:07:00 42.39517 -72.51227   3     10     40  
1267.0  21:07:05 42.39516 -72.5122   4     14     49  
1267.0  21:07:15 42.39498 -72.51206   3     16     46  
1267.0  21:07:24 42.394833 -72.51153   3     16     50  
1267.0  21:07:33 42.395054 -72.51145   4     13     54  
1267.0  21:07:44 42.395645 -72.51123   4     14     59  
1267.0  21:07:56 42.39575 -72.5111   3     18     40  
1268.0  21:08:00 42.39575 -72.51104   4     16     45  
1268.0  21:08:00 42.39575 -72.51104   3     12     53  
1268.0  21:08:05 42.39575 -72.51104   4     13     54  
1268.0  21:08:13 42.39577 -72.511024   5     14     49  
1268.0  21:08:21 42.39578 -72.51102   5     18     48  
1268.0  21:08:30 42.395763 -72.511024   5     19     52  
1268.0  21:08:41 42.395752 -72.51103   3     11     54  
1268.0  21:08:50 42.39579 -72.51104   4     18     45  
1268.0  21:08:58 42.39584 -72.51105   5     15     55  
1269.0  21:09:00 42.39584 -72.51103   5     19     43  
1269.0  21:09:00 42.39584 -72.51103   4     12     51  
1269.0  21:09:07 42.395844 -72.51102   4     11     56  
1269.0  21:09:16 42.39586 -72.51098   5     18     49  
1269.0  21:09:24 42.39587 -72.51099   4     12     54  
1269.0  21:09:36 42.395874 -72.510994   4     17     52  
1269.0  21:09:44 42.395874 -72.510994   4     15     41  
1269.0  21:09:53 42.395824 -72.510994   4     10     45  
1270.0  21:10:00 42.3958 -72.510994   4     12     44  
1270.0  21:10:00 42.3958 -72.510994   3     10     47  
1270.0  21:10:01 42.395798 -72.511   3     15     42  
1270.0  21:10:10 42.39583 -72.51099   4     10     49  
1270.0  21:10:18 42.396137 -72.51105   4     18     42  
1270.0  21:10:29 42.396294 -72.51226   4     18     43  
1270.0  21:10:37 42.395863 -72.51297   3     13     45  
1270.0  21:10:46 42.395283 -72.513176   3     12     42  
1270.0  21:10:55 42.39525 -72.51318   5     15     55  
1271.0  21:11:00 42.39523 -72.513214   4     19     50  
1271.0  21:11:00 42.39523 -72.513214   5     17     55  
1271.0  21:11:03 42.39523 -72.513214   5     10     49  
1271.0  21:11:12 42.39522 -72.51366   5     19     42  
1271.0  21:11:23 42.395573 -72.51474   4     10     51  
1271.0  21:11:31 42.395763 -72.51541   3     15     58  
1271.0  21:11:40 42.395653 -72.51565   3     19     48  
1271.0  21:11:48 42.394943 -72.5158   4     19     43  
1271.0  21:11:57 42.39374 -72.51604   5     16     52  
1272.0  21:12:00 42.393032 -72.516335   3     13     40  
1272.0  21:12:00 42.393032 -72.516335   3     15     46  
1272.0  21:12:05 42.39286 -72.51639   3     15     44  
1272.0  21:12:16 42.392776 -72.51719   4     13     58  
1272.0  21:12:24 42.392822 -72.51826   3     18     52  
1272.0  21:12:32 42.39274 -72.51926   5     16     42  
1272.0  21:12:41 42.392696 -72.519615   5     13     44  
1272.0  21:12:49 42.39266 -72.51951   3     13     58  
1272.0  21:12:57 42.392624 -72.51947   5     19     59  
1273.0  21:13:00 42.39252 -72.51963   3     14     56  
1273.0  21:13:00 42.39252 -72.51963   5     11     53  
1273.0  21:13:08 42.39246 -72.51991   4     13     58  
1273.0  21:13:17 42.39207 -72.52022   4     15     54  
1273.0  21:13:25 42.39161 -72.51996   4     15     44  
1273.0  21:13:34 42.39105 -72.519745   4     18     54  
1273.0  21:13:42 42.390636 -72.51957   3     19     55  
1273.0  21:13:51 42.39024 -72.5191   5     13     45  
1274.0  21:14:00 42.38937 -72.51888   5     19     48  
1274.0  21:14:00 42.38937 -72.51888   3     16     54  
1274.0  21:14:01 42.389427 -72.51889   4     13     41  
1274.0  21:14:09 42.389317 -72.518845   3     15     54  
1274.0  21:14:17 42.38934 -72.51879   4     14     45  
1274.0  21:14:25 42.38936 -72.518715   3     13     55  
1274.0  21:14:33 42.389385 -72.51864   3     16     51  
1274.0  21:14:42 42.389263 -72.51854   5     19     59  
1274.0  21:14:52 42.38915 -72.51845   5     16     46  
1275.0  21:15:00 42.389187 -72.51847   4     14     59  
1275.0  21:15:00 42.389187 -72.51847   3     11     55  
1275.0  21:15:01 42.38914 -72.518456   4     13     57  
1275.0  21:15:10 42.389225 -72.51847   5     14     54  
1275.0  21:15:19 42.38917 -72.51846   5     17     50  
1275.0  21:15:27 42.389046 -72.51847   5     13     42  
1275.0  21:15:36 42.38889 -72.518486   4     11     45  
1275.0  21:15:47 42.389095 -72.51807   3     10     51  
1275.0  21:15:55 42.388878 -72.517555   4     15     52  
1276.0  21:16:00 42.38872 -72.51689   5     11     45  
1276.0  21:16:00 42.38872 -72.51689   5     15     52  
1276.0  21:16:04 42.38872 -72.51689   3     17     56  
1276.0  21:16:13 42.38855 -72.51686   4     10     56  
1276.0  21:16:22 42.38789 -72.51708   3     18     43  
1276.0  21:16:30 42.38655 -72.51739   5     16     48  
1277.0  21:17:00 42.382042 -72.5193   5     13     41  
1277.0  21:17:00 42.382042 -72.5193   4     10     56  
1277.0  21:17:21 42.382313 -72.52005   5     10     46  
1277.0  21:17:31 42.38307 -72.52049   3     17     53  
1277.0  21:17:40 42.383293 -72.52065   5     18     52  
1277.0  21:17:48 42.383965 -72.52104   5     19     53  
1277.0  21:17:56 42.38471 -72.52147   3     15     58  
1278.0  21:18:00 42.385548 -72.521904   4     12     49  
1278.0  21:18:00 42.385548 -72.521904   3     16     47  
1278.0  21:18:05 42.385647 -72.52195   4     13     51  
1278.0  21:18:14 42.385998 -72.52238   4     14     49  
1278.0  21:18:25 42.38672 -72.522446   4     13     58  
1278.0  21:18:35 42.387413 -72.52322   5     18     52  
1278.0  21:18:44 42.38772 -72.52363   3     14     48  
1278.0  21:18:53 42.388306 -72.52424   5     18     53  
1279.0  21:19:00 42.3895 -72.52483   4     14     57  
1279.0  21:19:00 42.3895 -72.52483   4     19     50  
1279.0  21:19:01 42.389267 -72.52475   4     16     43  
1279.0  21:19:10 42.390205 -72.52504   4     13     41  
1279.0  21:19:20 42.391373 -72.52523   5     14     56  
1279.0  21:19:28 42.391567 -72.52519   4     15     59  
1279.0  21:19:37 42.391846 -72.52531   5     10     51  
1279.0  21:19:45 42.39243 -72.52553   4     11     56  
1279.0  21:19:54 42.393127 -72.52578   3     11     59  
1280.0  21:20:00 42.393845 -72.52607   3     17     45  
1280.0  21:20:00 42.393845 -72.52607   5     12     42  
1280.0  21:20:04 42.393795 -72.526054   5     15     45  
1280.0  21:20:14 42.3939 -72.52611   5     13     49  
1280.0  21:20:22 42.393898 -72.52611   3     15     54  
1280.0  21:20:31 42.39392 -72.52613   4     15     59  
1280.0  21:20:39 42.39423 -72.526375   4     19     57  
1280.0  21:20:48 42.39473 -72.52669   5     12     57  
1280.0  21:20:57 42.394836 -72.52673   5     12     56  
1281.0  21:21:00 42.394855 -72.52672   3     19     48  
1281.0  21:21:00 42.394855 -72.52672   5     13     50  
1281.0  21:21:07 42.39486 -72.52672   3     10     53  
1281.0  21:21:16 42.39486 -72.52672   4     18     40  
1281.0  21:21:24 42.394855 -72.52672   5     13     53  
1281.0  21:21:33 42.39499 -72.5268   3     15     57  
1281.0  21:21:42 42.395107 -72.52726   5     19     40  
1281.0  21:21:50 42.394836 -72.52839   4     15     47  
1282.0  21:22:00 42.395424 -72.52982   3     18     58  
1282.0  21:22:00 42.395424 -72.52982   3     15     53  
1282.0  21:22:01 42.395218 -72.52953   5     14     49  
1282.0  21:22:10 42.395786 -72.53044   5     16     46  
1282.0  21:22:21 42.39574 -72.531425   3     14     57  
1282.0  21:22:30 42.395355 -72.53305   5     15     41  
1282.0  21:22:38 42.39496 -72.5342   4     17     42  
1282.0  21:22:47 42.394115 -72.53434   5     16     49  
1282.0  21:22:58 42.392975 -72.534   5     18     57  
1283.0  21:23:00 42.39261 -72.53373   3     14     54  
1283.0  21:23:00 42.39261 -72.53373   4     17     48  
1283.0  21:23:07 42.392635 -72.5335   3     11     54  
1283.0  21:23:16 42.393013 -72.53273   4     14     51  
1283.0  21:23:24 42.393417 -72.53247   3     10     59  
1283.0  21:23:33 42.39344 -72.533035   5     17     43  
1283.0  21:23:41 42.393703 -72.53319   5     19     48  
1283.0  21:23:52 42.39378 -72.53287   3     10     41  
1284.0  21:24:01 42.393753 -72.53283   5     19     53  
