815.0  13:35:42 42.39459 -72.53348   5     10     54  
815.0  13:35:53 42.39459 -72.53347   3     19     43  
816.0  13:36:00 42.394596 -72.53347   3     14     40  
816.0  13:36:02 42.394596 -72.53347   3     12     58  
816.0  13:36:11 42.3946 -72.53346   3     15     51  
816.0  13:36:20 42.3946 -72.533455   4     11     57  
816.0  13:36:28 42.3946 -72.53345   3     16     44  
816.0  13:36:37 42.394608 -72.53346   3     14     59  
816.0  13:36:48 42.394592 -72.53349   4     17     43  
816.0  13:36:57 42.39461 -72.533485   3     16     40  
817.0  13:37:00 42.39462 -72.533485   3     11     48  
817.0  13:37:06 42.394615 -72.533485   4     18     46  
817.0  13:37:14 42.39462 -72.533485   3     10     59  
817.0  13:37:23 42.394627 -72.53349   3     12     43  
817.0  13:37:32 42.39463 -72.5335   5     17     43  
817.0  13:37:43 42.394627 -72.5335   5     11     51  
817.0  13:37:51 42.394634 -72.53351   3     15     51  
818.0  13:38:00 42.39463 -72.53351   5     16     41  
818.0  13:38:00 42.39463 -72.53351   4     12     53  
818.0  13:38:08 42.394627 -72.53351   5     18     47  
818.0  13:38:16 42.394627 -72.53351   5     11     51  
818.0  13:38:25 42.394615 -72.53351   4     13     45  
818.0  13:38:36 42.39461 -72.53351   4     18     49  
818.0  13:38:45 42.394615 -72.533516   5     18     50  
818.0  13:38:53 42.39461 -72.533516   3     18     59  
819.0  13:39:00 42.394604 -72.533516   4     11     46  
819.0  13:39:01 42.394604 -72.533516   4     15     42  
819.0  13:39:09 42.3946 -72.533516   3     10     51  
819.0  13:39:18 42.394596 -72.533516   4     16     56  
819.0  13:39:29 42.394592 -72.53351   5     18     50  
819.0  13:39:37 42.394592 -72.53351   3     13     58  
819.0  13:39:45 42.39459 -72.5335   3     17     57  
819.0  13:39:54 42.39459 -72.53349   4     18     46  
820.0  13:40:00 42.39459 -72.53349   3     18     45  
820.0  13:40:02 42.39459 -72.53349   3     11     57  
820.0  13:40:10 42.39459 -72.533485   4     17     55  
820.0  13:40:20 42.394592 -72.533485   4     16     50  
820.0  13:40:29 42.394596 -72.53348   3     19     58  
820.0  13:40:37 42.394596 -72.53347   4     17     40  
820.0  13:40:45 42.394596 -72.53347   3     10     54  
820.0  13:40:54 42.3946 -72.53347   3     15     57  
821.0  13:41:00 42.3946 -72.53347   4     12     56  
821.0  13:41:02 42.3946 -72.53347   4     10     43  
821.0  13:41:12 42.394604 -72.53348   4     17     42  
821.0  13:41:20 42.394604 -72.53348   4     14     50  
821.0  13:41:28 42.394604 -72.53348   5     12     51  
821.0  13:41:37 42.394604 -72.53348   5     16     44  
821.0  13:41:45 42.394604 -72.53348   4     12     47  
821.0  13:41:53 42.3946 -72.53348   4     16     55  
822.0  13:42:00 42.3946 -72.53348   5     12     58  
822.0  13:42:05 42.3946 -72.53348   4     10     52  
822.0  13:42:13 42.3946 -72.53348   5     11     42  
822.0  13:42:22 42.3946 -72.53348   3     12     42  
822.0  13:42:30 42.394596 -72.53348   5     10     44  
822.0  13:42:39 42.394596 -72.53348   4     13     43  
822.0  13:42:47 42.394596 -72.533485   5     17     54  
822.0  13:42:57 42.3946 -72.53349   3     12     44  
823.0  13:43:00 42.3946 -72.53349   4     14     43  
823.0  13:43:04 42.3946 -72.53349   5     16     51  
823.0  13:43:13 42.3946 -72.5335   5     15     46  
823.0  13:43:21 42.3946 -72.5335   3     17     56  
823.0  13:43:29 42.3946 -72.5335   5     17     57  
823.0  13:43:37 42.3946 -72.5335   4     19     55  
823.0  13:43:47 42.3946 -72.5335   5     11     41  
823.0  13:43:55 42.3946 -72.5335   3     14     41  
824.0  13:44:00 42.3946 -72.5335   4     13     57  
824.0  13:44:03 42.3946 -72.5335   5     14     52  
824.0  13:44:11 42.3946 -72.5335   4     12     59  
824.0  13:44:20 42.3946 -72.5335   5     17     49  
824.0  13:44:28 42.394596 -72.5335   3     19     52  
824.0  13:44:42 42.394592 -72.5335   5     17     56  
824.0  13:44:50 42.39459 -72.53349   3     12     56  
824.0  13:44:58 42.39459 -72.53349   3     15     47  
825.0  13:45:00 42.394592 -72.53349   4     18     50  
825.0  13:45:07 42.394592 -72.533485   5     13     47  
825.0  13:45:15 42.394596 -72.533485   5     11     54  
825.0  13:45:24 42.394592 -72.53348   5     11     54  
825.0  13:45:35 42.394596 -72.53347   3     12     51  
826.0  13:46:00 42.394596 -72.53348   4     14     47  
826.0  13:46:53 42.3946 -72.53349   4     11     54  
827.0  13:47:00 42.394596 -72.53349   5     14     46  
827.0  13:47:05 42.394596 -72.53349   3     15     56  
827.0  13:47:13 42.394592 -72.53349   5     16     55  
827.0  13:47:22 42.39459 -72.53349   4     17     52  
827.0  13:47:30 42.39459 -72.5335   4     16     47  
827.0  13:47:39 42.394585 -72.5335   3     14     50  
827.0  13:47:48 42.39458 -72.5335   4     10     48  
828.0  13:48:00 42.394573 -72.53349   4     13     54  
828.0  13:48:01 42.394573 -72.53349   5     12     48  
828.0  13:48:10 42.394573 -72.53349   5     14     50  
828.0  13:48:18 42.394577 -72.53349   3     16     44  
828.0  13:48:26 42.394577 -72.53349   5     11     59  
828.0  13:48:35 42.394577 -72.53349   3     16     51  
828.0  13:48:44 42.394577 -72.5335   3     16     44  
828.0  13:48:55 42.394585 -72.5335   5     15     58  
829.0  13:49:00 42.39458 -72.5335   4     18     56  
829.0  13:49:04 42.39458 -72.5335   5     17     52  
829.0  13:49:13 42.39458 -72.5335   3     14     46  
829.0  13:49:22 42.394585 -72.5335   4     18     54  
829.0  13:49:31 42.394596 -72.533485   4     10     53  
829.0  13:49:40 42.394604 -72.53347   3     16     58  
829.0  13:49:50 42.394577 -72.533485   4     16     45  
829.0  13:49:59 42.394566 -72.53349   5     17     53  
830.0  13:50:00 42.394566 -72.53349   4     16     47  
830.0  13:50:07 42.39456 -72.53349   5     12     47  
830.0  13:50:16 42.39456 -72.5335   5     16     56  
830.0  13:50:24 42.39456 -72.5335   5     17     45  
830.0  13:50:32 42.39456 -72.53351   4     14     54  
830.0  13:50:43 42.394573 -72.533516   3     13     43  
830.0  13:50:52 42.394577 -72.53352   3     16     56  
831.0  13:51:00 42.394577 -72.53352   4     12     44  
831.0  13:51:00 42.394577 -72.53352   3     11     41  
831.0  13:51:09 42.39458 -72.53352   3     12     40  
831.0  13:51:18 42.39459 -72.53352   4     19     56  
831.0  13:51:27 42.3946 -72.53352   3     14     54  
831.0  13:51:39 42.394604 -72.53352   3     18     45  
831.0  13:51:48 42.394604 -72.53352   5     16     54  
831.0  13:51:56 42.3946 -72.53352   5     17     42  
832.0  13:52:00 42.394592 -72.533516   3     12     45  
832.0  13:52:06 42.39459 -72.533516   5     15     42  
832.0  13:52:15 42.394585 -72.53351   3     10     56  
832.0  13:52:23 42.39458 -72.53351   4     16     55  
832.0  13:52:34 42.39458 -72.5335   5     14     53  
864.0  14:24:46 42.394444 -72.533455   5     14     40  
864.0  14:24:58 42.394444 -72.533455   4     19     59  
865.0  14:25:00 42.39443 -72.533455   3     10     45  
865.0  14:25:11 42.394424 -72.53346   3     17     42  
865.0  14:25:20 42.39441 -72.533455   4     14     44  
865.0  14:25:30 42.39441 -72.533455   5     19     55  
865.0  14:25:39 42.39439 -72.533455   4     19     50  
866.0  14:26:00 42.394382 -72.53346   4     13     40  
866.0  14:26:31 42.39439 -72.53347   3     12     46  
866.0  14:26:42 42.394394 -72.53347   5     11     43  
866.0  14:26:50 42.394386 -72.53346   5     17     50  
866.0  14:26:58 42.394386 -72.53346   4     14     51  
867.0  14:27:00 42.394386 -72.53346   3     12     53  
867.0  14:27:06 42.394386 -72.53346   5     18     56  
867.0  14:27:15 42.394394 -72.53346   3     16     44  
867.0  14:27:25 42.394398 -72.533455   5     18     43  
867.0  14:27:38 42.39441 -72.53346   3     16     44  
867.0  14:27:47 42.39442 -72.53346   5     17     54  
867.0  14:27:56 42.39442 -72.53347   5     11     57  
868.0  14:28:00 42.39443 -72.53347   4     13     41  
868.0  14:28:05 42.39443 -72.53347   3     11     42  
868.0  14:28:15 42.394432 -72.53347   3     13     52  
868.0  14:28:23 42.39444 -72.53347   4     10     54  
868.0  14:28:36 42.394444 -72.53347   5     11     54  
868.0  14:28:46 42.394444 -72.53347   5     11     51  
868.0  14:28:56 42.394444 -72.53347   5     18     42  
869.0  14:29:00 42.39444 -72.53347   4     11     46  
869.0  14:29:05 42.39444 -72.53347   5     16     47  
869.0  14:29:15 42.394444 -72.53347   4     14     44  
869.0  14:29:28 42.394463 -72.53347   3     10     59  
869.0  14:29:37 42.394478 -72.53348   5     13     58  
869.0  14:29:46 42.39448 -72.53348   5     10     47  
869.0  14:29:55 42.394493 -72.533485   3     11     53  
870.0  14:30:00 42.394497 -72.533485   4     15     41  
870.0  14:30:04 42.394497 -72.533485   5     16     51  
870.0  14:30:53 42.394478 -72.533485   3     10     52  
871.0  14:31:00 42.394485 -72.533485   5     12     55  
871.0  14:31:04 42.394485 -72.533485   4     15     44  
871.0  14:31:13 42.394485 -72.53349   5     11     49  
871.0  14:31:21 42.394485 -72.5335   5     19     51  
871.0  14:31:30 42.39449 -72.53351   5     19     57  
871.0  14:31:40 42.394493 -72.53351   3     14     55  
871.0  14:31:49 42.394505 -72.53351   4     17     48  
872.0  14:32:00 42.394 -72.53382   5     15     43  
872.0  14:32:02 42.39409 -72.53376   3     13     43  
872.0  14:32:10 42.394234 -72.53367   5     16     52  
872.0  14:32:19 42.394108 -72.53375   4     17     55  
872.0  14:32:28 42.39399 -72.53384   4     11     50  
872.0  14:32:37 42.393967 -72.53385   5     18     49  
872.0  14:32:46 42.39362 -72.53408   3     10     58  
872.0  14:32:58 42.39482 -72.53351   3     19     54  
873.0  14:33:00 42.39488 -72.53346   4     14     41  
873.0  14:33:07 42.394978 -72.533424   4     18     59  
873.0  14:33:16 42.395 -72.53341   4     15     41  
873.0  14:33:24 42.394836 -72.5335   5     11     53  
873.0  14:33:34 42.39472 -72.53357   3     18     51  
873.0  14:33:42 42.39468 -72.533585   3     19     55  
873.0  14:33:55 42.39471 -72.53356   5     18     49  
874.0  14:34:00 42.39471 -72.53356   3     18     47  
874.0  14:34:04 42.39471 -72.53356   5     13     48  
874.0  14:34:13 42.394745 -72.533516   5     12     55  
874.0  14:34:22 42.39479 -72.533485   3     10     55  
874.0  14:34:32 42.394753 -72.533516   4     17     55  
874.0  14:34:46 42.394775 -72.53348   3     12     51  
874.0  14:34:55 42.394775 -72.53348   5     15     59  
875.0  14:35:00 42.394768 -72.533485   3     18     54  
875.0  14:35:04 42.394768 -72.533485   4     14     59  
875.0  14:35:15 42.39476 -72.5335   5     13     50  
875.0  14:35:25 42.394753 -72.533516   5     14     59  
875.0  14:35:38 42.394737 -72.53352   4     16     40  
875.0  14:35:48 42.394737 -72.53353   4     15     45  
875.0  14:35:59 42.394726 -72.53353   3     16     52  
876.0  14:36:00 42.39472 -72.53353   3     18     46  
876.0  14:36:08 42.394714 -72.53353   5     10     53  
876.0  14:36:16 42.394707 -72.53353   4     18     52  
876.0  14:36:29 42.394707 -72.53353   4     17     44  
876.0  14:36:38 42.394695 -72.53353   3     19     45  
876.0  14:36:47 42.39469 -72.53353   3     19     56  
876.0  14:36:56 42.394688 -72.53353   5     16     57  
877.0  14:37:00 42.394684 -72.53352   4     17     47  
877.0  14:37:04 42.394684 -72.53352   4     12     55  
877.0  14:37:13 42.394676 -72.53352   3     11     53  
877.0  14:37:24 42.394665 -72.53352   3     13     53  
877.0  14:37:33 42.394657 -72.533516   5     16     53  
877.0  14:37:42 42.394665 -72.533516   3     13     56  
877.0  14:37:51 42.39468 -72.533516   3     10     44  
878.0  14:38:00 42.394665 -72.53352   5     10     47  
878.0  14:38:00 42.394646 -72.53354   4     14     56  
878.0  14:38:12 42.39464 -72.53352   5     16     45  
878.0  14:38:23 42.39442 -72.53369   3     18     45  
878.0  14:38:33 42.394493 -72.5336   4     11     58  
878.0  14:38:42 42.394657 -72.53349   3     16     58  
878.0  14:38:51 42.394756 -72.53345   4     13     48  
878.0  14:38:59 42.394806 -72.53344   5     13     51  
879.0  14:39:00 42.394844 -72.533424   5     15     54  
879.0  14:39:08 42.394875 -72.53342   4     14     51  
879.0  14:39:20 42.39483 -72.533455   5     17     59  
879.0  14:39:28 42.39469 -72.53352   5     10     59  
879.0  14:39:37 42.394665 -72.53351   4     17     40  
879.0  14:39:46 42.39461 -72.53352   5     10     46  
879.0  14:39:55 42.39457 -72.53354   5     10     46  
880.0  14:40:00 42.394535 -72.533554   5     19     48  
880.0  14:40:04 42.394535 -72.533554   5     18     54  
880.0  14:40:15 42.39451 -72.53356   5     13     45  
880.0  14:40:24 42.394543 -72.53353   4     14     47  
880.0  14:40:33 42.39465 -72.53346   5     16     56  
880.0  14:40:43 42.394707 -72.53345   5     18     48  
880.0  14:40:52 42.394657 -72.53349   4     14     57  
881.0  14:41:00 42.39474 -72.53344   4     14     47  
881.0  14:41:00 42.394764 -72.533424   3     17     52  
881.0  14:41:12 42.394806 -72.533394   4     19     45  
881.0  14:41:22 42.394825 -72.53339   5     13     58  
881.0  14:41:31 42.394615 -72.53347   4     17     48  
881.0  14:41:40 42.394596 -72.5335   3     11     56  
881.0  14:41:48 42.39467 -72.53344   5     16     53  
881.0  14:41:57 42.394608 -72.5335   5     16     56  
882.0  14:42:00 42.394604 -72.53351   4     18     51  
882.0  14:42:07 42.394684 -72.53343   5     14     59  
882.0  14:42:17 42.394665 -72.53345   4     15     51  
882.0  14:42:25 42.394676 -72.53344   5     10     47  
882.0  14:42:35 42.39467 -72.53344   5     13     42  
882.0  14:42:44 42.394672 -72.53343   5     19     47  
882.0  14:42:52 42.394737 -72.53338   5     18     48  
883.0  14:43:00 42.394917 -72.53321   4     15     43  
883.0  14:43:03 42.394917 -72.53321   4     14     52  
883.0  14:43:13 42.394886 -72.53323   5     10     47  
883.0  14:43:22 42.39477 -72.53333   3     16     47  
883.0  14:43:31 42.3947 -72.533394   3     10     59  
883.0  14:43:40 42.394623 -72.53346   5     10     58  
883.0  14:43:48 42.39459 -72.53349   5     14     56  
884.0  14:44:00 42.394596 -72.53349   5     14     59  
884.0  14:44:01 42.394596 -72.5335   4     12     56  
884.0  14:44:10 42.394596 -72.53349   4     18     47  
884.0  14:44:19 42.394592 -72.5335   4     18     40  
884.0  14:44:28 42.394596 -72.53349   5     16     51  
884.0  14:44:38 42.394596 -72.5335   5     14     56  
884.0  14:44:49 42.394585 -72.53351   5     10     42  
884.0  14:44:59 42.394577 -72.53351   5     10     52  
885.0  14:45:00 42.394573 -72.533516   4     18     50  
885.0  14:45:08 42.39457 -72.533516   4     17     55  
885.0  14:45:17 42.394573 -72.533516   3     19     43  
885.0  14:45:26 42.394573 -72.533516   5     13     52  
885.0  14:45:35 42.394577 -72.53351   3     15     53  
885.0  14:45:47 42.39458 -72.53351   3     10     51  
885.0  14:45:56 42.39459 -72.5335   3     13     51  
886.0  14:46:00 42.3946 -72.53349   5     13     50  
886.0  14:46:04 42.3946 -72.53349   3     19     56  
886.0  14:46:13 42.394608 -72.533485   4     13     46  
886.0  14:46:26 42.394608 -72.533485   4     19     48  
886.0  14:46:36 42.394604 -72.533485   5     12     41  
886.0  14:46:45 42.394604 -72.53349   3     18     53  
886.0  14:46:54 42.3946 -72.53349   5     17     56  
887.0  14:47:00 42.394604 -72.53349   3     12     57  
887.0  14:47:03 42.394604 -72.53349   5     12     56  
887.0  14:47:12 42.3946 -72.53349   3     17     40  
887.0  14:47:21 42.394573 -72.533485   3     16     51  
887.0  14:47:35 42.394596 -72.53349   4     17     47  
887.0  14:47:44 42.39458 -72.5335   3     12     51  
887.0  14:47:53 42.394577 -72.5335   3     17     57  
888.0  14:48:00 42.394604 -72.53349   3     13     50  
888.0  14:48:01 42.394596 -72.53349   3     18     41  
888.0  14:48:10 42.39461 -72.53349   3     10     57  
888.0  14:48:18 42.39461 -72.53349   4     17     46  
888.0  14:48:31 42.394505 -72.53356   5     17     52  
889.0  14:49:00 42.39454 -72.533585   3     14     45  
889.0  14:49:39 42.39461 -72.53352   4     17     43  
889.0  14:49:50 42.3947 -72.53344   4     12     46  
889.0  14:49:59 42.39459 -72.53354   4     11     53  
890.0  14:50:00 42.394554 -72.53357   5     13     55  
890.0  14:50:08 42.394543 -72.53358   4     14     55  
890.0  14:50:17 42.39453 -72.53358   5     15     55  
890.0  14:50:26 42.394547 -72.53355   4     19     40  
890.0  14:50:35 42.394566 -72.53352   4     15     53  
890.0  14:50:46 42.394596 -72.53348   4     13     49  
890.0  14:50:55 42.394615 -72.53344   4     12     58  
891.0  14:51:00 42.394615 -72.53343   3     19     58  
891.0  14:51:05 42.394615 -72.53343   4     16     53  
891.0  14:51:15 42.394604 -72.53346   3     17     54  
891.0  14:51:24 42.394596 -72.53347   5     10     40  
891.0  14:51:32 42.3946 -72.533455   5     15     45  
891.0  14:51:44 42.39461 -72.53342   5     13     49  
891.0  14:51:53 42.39461 -72.53342   4     15     59  
892.0  14:52:00 42.394608 -72.53342   4     10     40  
892.0  14:52:02 42.394608 -72.53342   5     15     42  
892.0  14:52:11 42.394604 -72.53342   4     10     45  
892.0  14:52:20 42.3946 -72.53342   4     11     49  
892.0  14:52:29 42.3946 -72.53342   5     16     55  
892.0  14:52:41 42.3946 -72.53342   3     10     52  
892.0  14:52:50 42.3946 -72.533424   5     17     52  
892.0  14:52:59 42.394596 -72.533424   4     12     43  
893.0  14:53:00 42.394596 -72.533424   5     17     49  
893.0  14:53:07 42.3946 -72.533424   4     13     47  
893.0  14:53:16 42.394604 -72.53342   3     15     46  
893.0  14:53:24 42.394608 -72.53342   3     11     59  
893.0  14:53:36 42.39461 -72.533424   5     10     40  
893.0  14:53:45 42.39461 -72.533424   4     10     41  
893.0  14:53:54 42.394608 -72.53343   4     12     59  
894.0  14:54:00 42.394608 -72.53343   3     15     57  
894.0  14:54:02 42.394608 -72.53343   5     10     57  
894.0  14:54:11 42.394608 -72.53344   4     15     44  
894.0  14:54:20 42.394608 -72.53344   4     18     53  
908.0  15:08:40 42.39472 -72.53373   5     17     45  
908.0  15:08:51 42.394764 -72.53361   3     13     47  
909.0  15:09:00 42.394863 -72.533676   4     13     44  
909.0  15:09:00 42.394875 -72.53371   4     18     53  
909.0  15:09:09 42.394867 -72.53368   3     11     50  
909.0  15:09:17 42.3948 -72.53367   5     11     46  
909.0  15:09:26 42.394787 -72.53351   3     17     54  
909.0  15:09:35 42.394737 -72.5335   3     13     54  
909.0  15:09:47 42.394657 -72.53347   3     10     43  
909.0  15:09:57 42.39461 -72.53345   5     19     40  
910.0  15:10:00 42.394634 -72.53343   4     14     52  
910.0  15:10:06 42.394615 -72.53348   4     15     49  
