581.0  09:41:32 0.0 -0.0   5     10     43  
581.0  09:41:45 0.0 -1.1095744E27   3     17     45  
581.0  09:41:58 0.0 -1.8111362E22   4     10     52  
582.0  09:42:10 0.0 -1.8111362E22   5     18     49  
583.0  09:43:08 0.0 -0.0   4     16     56  
583.0  09:43:13 0.0 -0.0   3     14     47  
583.0  09:43:14 0.0 -0.0   4     11     47  
583.0  09:43:24 0.0 -0.0   4     15     49  
583.0  09:43:33 0.0 -0.0   5     19     42  
583.0  09:43:41 0.0 -0.0   5     13     45  
658.0  10:58:07 0.0 -0.0   4     19     43  
658.0  10:58:19 0.0 -1.1095744E27   4     19     44  
658.0  10:58:31 0.0 -1.8111362E22   5     17     40  
658.0  10:58:45 0.0 -1.8111362E22   4     19     57  
1071.0  17:51:24 42.348915 -72.528915   4     10     47  
1071.0  17:51:36 42.34891 -72.52894   4     11     59  
1071.0  17:51:49 42.348904 -72.528984   4     12     43  
1072.0  17:52:01 42.348957 -72.52897   3     11     57  
1072.0  17:52:54 42.34899 -72.52892   4     19     44  
1073.0  17:53:00 42.348938 -72.52891   3     16     41  
1073.0  17:53:04 42.348938 -72.52891   5     11     52  
1073.0  17:53:12 42.34891 -72.5289   3     12     59  
1073.0  17:53:21 42.348938 -72.52892   3     15     51  
1073.0  17:53:29 42.348923 -72.52893   4     12     47  
1073.0  17:53:38 42.348892 -72.528915   3     13     46  
1109.0  18:29:46 42.45775 -72.58149   5     15     47  
1109.0  18:29:59 42.45779 -72.58146   4     16     52  
1110.0  18:30:11 42.45774 -72.58139   4     19     58  
1266.0  21:06:51 0.0 -0.0   3     16     50  
1267.0  21:07:03 0.0 -1.1095744E27   4     14     57  
1267.0  21:07:15 42.458157 -72.57172   3     19     55  
1267.0  21:07:29 42.456833 -72.57   4     16     52  
1268.0  21:08:21 42.453953 -72.56595   5     15     58  
1268.0  21:08:21 42.454044 -72.56604   5     19     53  
1268.0  21:08:32 42.45297 -72.56483   3     17     49  
1268.0  21:08:41 42.452194 -72.563736   4     16     44  
1268.0  21:08:49 42.451656 -72.56298   4     17     44  
1268.0  21:08:58 42.45147 -72.56276   4     16     48  
1269.0  21:09:00 42.45145 -72.56276   4     14     59  
1269.0  21:09:07 42.45145 -72.56276   3     15     42  
1269.0  21:09:15 42.45145 -72.56276   4     17     59  
1269.0  21:09:25 42.45145 -72.56276   5     13     40  
1269.0  21:09:33 42.45145 -72.56276   5     19     57  
1269.0  21:09:42 42.45145 -72.56276   5     16     56  
1269.0  21:09:51 42.45145 -72.56276   3     19     50  
1269.0  21:09:59 42.45145 -72.56276   4     10     44  
1270.0  21:10:08 42.45145 -72.56276   3     11     51  
1270.0  21:10:18 42.45145 -72.56276   3     14     40  
1270.0  21:10:26 42.45145 -72.56276   3     19     59  
1270.0  21:10:35 42.45145 -72.56276   4     11     55  
1270.0  21:10:43 42.45145 -72.56276   3     17     55  
1270.0  21:10:52 42.45145 -72.56276   3     16     42  
1271.0  21:11:01 42.45145 -72.56276   5     13     50  
1271.0  21:11:13 42.45145 -72.56276   5     18     49  
1271.0  21:11:23 42.45145 -72.56276   5     12     46  
1271.0  21:11:31 42.45145 -72.56276   5     11     56  
1271.0  21:11:42 42.45145 -72.56276   5     10     42  
1271.0  21:11:50 42.45145 -72.56276   3     10     56  
1271.0  21:11:59 42.45145 -72.56276   5     14     50  
1272.0  21:12:10 42.45145 -72.56276   5     13     56  
1272.0  21:12:19 42.45145 -72.56276   4     16     50  
1272.0  21:12:27 42.45145 -72.56276   4     10     58  
1272.0  21:12:36 42.45145 -72.56276   5     12     43  
1272.0  21:12:44 42.45145 -72.56276   5     14     49  
1272.0  21:12:53 42.45145 -72.56276   5     18     54  
1273.0  21:13:04 42.45145 -72.56276   4     11     51  
1273.0  21:13:12 42.45145 -72.56276   3     19     48  
1273.0  21:13:21 42.45145 -72.56276   5     10     57  
1273.0  21:13:30 42.45145 -72.56276   3     14     54  
1273.0  21:13:38 42.45145 -72.56276   4     17     56  
1273.0  21:13:47 42.45145 -72.56276   3     13     58  
1273.0  21:13:58 42.45145 -72.56276   4     12     43  
1274.0  21:14:07 42.45145 -72.56276   5     17     51  
1274.0  21:14:15 42.45145 -72.56276   5     12     47  
1274.0  21:14:24 42.45145 -72.56276   5     13     48  
1274.0  21:14:33 42.45145 -72.56276   4     19     51  
1274.0  21:14:41 42.45145 -72.56276   4     12     52  
1274.0  21:14:52 42.45145 -72.56276   5     12     53  
1275.0  21:15:01 42.45145 -72.56276   3     16     41  
1275.0  21:15:09 42.45145 -72.56276   3     13     55  
1275.0  21:15:18 42.45145 -72.56276   3     19     52  
1275.0  21:15:26 42.45145 -72.56276   3     17     58  
1275.0  21:15:35 42.45145 -72.56276   3     14     54  
1275.0  21:15:46 42.45145 -72.56276   5     16     49  
1275.0  21:15:55 42.45145 -72.56276   4     19     51  
1276.0  21:16:03 42.45145 -72.56276   4     16     45  
1276.0  21:16:11 42.45145 -72.56276   3     11     51  
1276.0  21:16:20 42.45145 -72.56276   3     15     57  
1276.0  21:16:29 42.45145 -72.56276   4     10     50  
1276.0  21:16:40 42.45145 -72.56276   4     19     52  
1276.0  21:16:49 42.45145 -72.56276   4     18     45  
1276.0  21:16:58 42.45145 -72.56276   3     18     55  
1277.0  21:17:07 42.45145 -72.56276   5     13     51  
1277.0  21:17:15 42.45145 -72.56276   3     17     56  
1277.0  21:17:28 42.45145 -72.56276   3     12     44  
1277.0  21:17:38 42.45145 -72.56276   4     12     57  
1277.0  21:17:47 42.45145 -72.56276   4     12     58  
1277.0  21:17:56 42.45145 -72.56276   5     19     40  
1278.0  21:18:04 42.45145 -72.56276   5     14     52  
1278.0  21:18:14 42.45145 -72.56276   3     18     58  
1278.0  21:18:23 42.45145 -72.56276   4     19     45  
1278.0  21:18:34 42.45145 -72.56276   5     15     43  
1278.0  21:18:42 42.45145 -72.56276   3     11     41  
1278.0  21:18:51 42.45145 -72.56276   5     11     54  
1279.0  21:19:00 42.45145 -72.56276   5     15     56  
1279.0  21:19:09 42.45145 -72.56276   4     14     52  
1279.0  21:19:18 42.45145 -72.56276   3     11     46  
1279.0  21:19:28 42.45145 -72.56276   4     10     43  
1279.0  21:19:37 42.45145 -72.56276   3     18     58  
1279.0  21:19:45 42.45145 -72.56276   3     16     42  
1279.0  21:19:54 42.45145 -72.56276   5     13     49  
1280.0  21:20:03 42.45145 -72.56276   4     13     40  
1280.0  21:20:12 42.45145 -72.56276   3     13     49  
1280.0  21:20:23 42.45145 -72.56276   5     11     51  
1280.0  21:20:31 42.45145 -72.56276   5     11     51  
1280.0  21:20:40 42.45145 -72.56276   5     12     47  
1280.0  21:20:49 42.45145 -72.56276   5     19     45  
1280.0  21:20:57 42.45145 -72.56276   4     18     53  
1281.0  21:21:06 42.45145 -72.56276   4     12     59  
1281.0  21:21:16 42.45145 -72.56276   5     11     40  
1281.0  21:21:24 42.45145 -72.56276   4     10     46  
1281.0  21:21:32 42.45145 -72.56276   5     17     54  
1281.0  21:21:41 42.45145 -72.56276   5     19     57  
1281.0  21:21:49 42.45145 -72.56276   3     13     41  
1281.0  21:21:58 42.45145 -72.56276   4     17     59  
1282.0  21:22:09 42.45145 -72.56276   5     12     45  
1282.0  21:22:18 42.45145 -72.56276   4     11     56  
1282.0  21:22:26 42.45145 -72.56276   4     12     42  
1282.0  21:22:35 42.45145 -72.56276   5     15     40  
1282.0  21:22:43 42.45145 -72.56276   5     19     42  
1282.0  21:22:51 42.45145 -72.56276   4     15     41  
1283.0  21:23:01 42.45145 -72.56276   5     18     57  
1283.0  21:23:09 42.45145 -72.56276   5     15     47  
1283.0  21:23:18 42.45145 -72.56276   3     18     41  
1283.0  21:23:27 42.45145 -72.56276   5     12     42  
1283.0  21:23:35 42.45145 -72.56276   3     14     47  
1283.0  21:23:44 42.45145 -72.56276   3     16     52  
1283.0  21:23:54 42.45145 -72.56276   5     11     43  
1284.0  21:24:03 42.45145 -72.56276   3     16     45  
1284.0  21:24:12 42.45145 -72.56276   5     18     40  
1284.0  21:24:20 42.45145 -72.56276   5     11     57  
1284.0  21:24:28 42.45145 -72.56276   3     10     41  
1284.0  21:24:36 42.45145 -72.56276   4     17     48  
1284.0  21:24:48 42.45145 -72.56276   4     15     46  
1284.0  21:24:56 42.45145 -72.56276   5     11     51  
1285.0  21:25:04 42.45145 -72.56276   5     19     51  
1285.0  21:25:12 42.45145 -72.56276   4     15     44  
1285.0  21:25:22 42.45145 -72.56276   3     10     54  
1285.0  21:25:30 42.45145 -72.56276   5     14     41  
1285.0  21:25:41 42.45145 -72.56276   4     11     57  
1285.0  21:25:49 42.45145 -72.56276   3     15     45  
1285.0  21:25:58 42.45145 -72.56276   3     13     53  
1286.0  21:26:07 42.45145 -72.56276   5     18     53  
1286.0  21:26:15 42.45145 -72.56276   5     15     50  
1286.0  21:26:24 42.45145 -72.56276   5     10     47  
1286.0  21:26:34 42.45145 -72.56276   3     11     43  
1286.0  21:26:43 42.45145 -72.56276   3     16     52  
1286.0  21:26:52 42.45145 -72.56276   5     10     40  
1287.0  21:27:00 42.45145 -72.56276   4     12     49  
1287.0  21:27:08 42.45145 -72.56276   5     17     54  
1287.0  21:27:17 42.45145 -72.56276   4     11     45  
1287.0  21:27:27 42.45145 -72.56276   3     15     45  
1287.0  21:27:36 42.45145 -72.56276   4     10     57  
1287.0  21:27:44 42.45145 -72.56276   5     19     52  
1287.0  21:27:52 42.45145 -72.56276   5     12     54  
1288.0  21:28:01 42.45145 -72.56276   5     13     49  
1288.0  21:28:09 42.45145 -72.56276   4     14     45  
1288.0  21:28:19 42.45145 -72.56276   3     18     40  
1288.0  21:28:28 42.45145 -72.56276   4     18     48  
1288.0  21:28:36 42.45145 -72.56276   4     16     54  
1288.0  21:28:45 42.45145 -72.56276   3     15     48  
1288.0  21:28:53 42.45145 -72.56276   5     19     57  
1289.0  21:29:02 42.45145 -72.56276   4     15     56  
1289.0  21:29:13 42.45145 -72.56276   4     12     57  
1289.0  21:29:22 42.45145 -72.56276   3     17     44  
1289.0  21:29:30 42.45145 -72.56276   5     10     52  
1289.0  21:29:38 42.45145 -72.56276   5     18     57  
1289.0  21:29:47 42.45145 -72.56276   5     12     57  
1289.0  21:29:56 42.45145 -72.56276   3     13     40  
1290.0  21:30:07 42.45145 -72.56276   3     19     42  
1290.0  21:30:16 42.45145 -72.56276   3     13     46  
1290.0  21:30:25 42.45145 -72.56276   3     15     46  
1290.0  21:30:33 42.45145 -72.56276   3     12     55  
1290.0  21:30:42 42.45145 -72.56276   5     18     41  
1290.0  21:30:49 42.45145 -72.56276   4     13     54  
1291.0  21:31:00 42.45145 -72.56276   5     18     43  
1291.0  21:31:08 42.45145 -72.56276   5     17     48  
1291.0  21:31:17 42.45145 -72.56276   3     10     59  
1291.0  21:31:25 42.45145 -72.56276   4     18     50  
1291.0  21:31:33 42.45145 -72.56276   5     14     40  
1291.0  21:31:43 42.45145 -72.56276   4     10     42  
1291.0  21:31:55 42.45145 -72.56276   4     15     43  
1292.0  21:32:16 42.45145 -72.56276   5     13     56  
1292.0  21:32:20 42.45145 -72.56276   5     11     51  
1292.0  21:32:29 42.45145 -72.56276   3     15     54  
1292.0  21:32:38 42.45145 -72.56276   3     18     54  
1292.0  21:32:49 42.45145 -72.56276   3     12     43  
1293.0  21:33:09 42.45145 -72.56276   4     17     58  
1293.0  21:33:11 42.45145 -72.56276   4     19     44  
1293.0  21:33:18 42.45145 -72.56276   3     11     47  
1293.0  21:33:27 42.45145 -72.56276   3     10     55  
1293.0  21:33:35 42.45145 -72.56276   5     10     56  
1293.0  21:33:46 42.45145 -72.56276   4     12     53  
1293.0  21:33:55 42.45145 -72.56276   5     13     45  
1294.0  21:34:03 42.45145 -72.56276   5     13     41  
1294.0  21:34:12 42.45145 -72.56276   3     13     52  
1294.0  21:34:20 42.45145 -72.56276   3     19     57  
1294.0  21:34:29 42.45145 -72.56276   5     19     54  
1294.0  21:34:40 42.45145 -72.56276   3     19     46  
1294.0  21:34:48 42.45145 -72.56276   3     12     57  
1294.0  21:34:57 42.45145 -72.56276   3     15     40  
1295.0  21:35:05 42.45145 -72.56276   4     18     44  
1295.0  21:35:14 42.45145 -72.56276   3     17     40  
1295.0  21:35:22 42.45145 -72.56276   4     17     47  
1295.0  21:35:33 42.45145 -72.56276   3     15     47  
1295.0  21:35:42 42.45145 -72.56276   4     16     55  
1295.0  21:35:51 42.45145 -72.56276   5     19     55  
1295.0  21:35:59 42.45145 -72.56276   3     13     48  
1296.0  21:36:08 42.45145 -72.56276   4     18     45  
1296.0  21:36:16 42.45145 -72.56276   4     15     44  
1296.0  21:36:27 42.45145 -72.56276   4     10     43  
1296.0  21:36:35 42.45145 -72.56276   3     14     58  
1296.0  21:36:44 42.45145 -72.56276   4     13     47  
1296.0  21:36:53 42.45145 -72.56276   4     10     57  
1297.0  21:37:01 42.45145 -72.56276   3     10     51  
1297.0  21:37:10 42.45145 -72.56276   4     19     40  
1297.0  21:37:20 42.45145 -72.56276   5     10     40  
1297.0  21:37:29 42.45145 -72.56276   3     11     45  
1297.0  21:37:37 42.45145 -72.56276   3     15     51  
1297.0  21:37:46 42.45145 -72.56276   4     10     55  
1297.0  21:37:55 42.45145 -72.56276   4     13     44  
1298.0  21:38:04 42.45145 -72.56276   5     13     43  
1298.0  21:38:20 42.45145 -72.56276   4     12     55  
1298.0  21:38:28 42.45145 -72.56276   4     19     54  
1298.0  21:38:37 42.45145 -72.56276   5     16     56  
1298.0  21:38:46 42.45145 -72.56276   5     10     53  
1298.0  21:38:54 42.45145 -72.56276   4     15     50  
1299.0  21:39:05 42.45145 -72.56276   3     10     55  
1299.0  21:39:14 42.45145 -72.56276   4     14     49  
1299.0  21:39:23 42.45145 -72.56276   4     18     47  
1299.0  21:39:31 42.45145 -72.56276   5     19     51  
1299.0  21:39:40 42.45145 -72.56276   5     12     48  
1299.0  21:39:49 42.45145 -72.56276   5     12     59  
1300.0  21:40:00 42.45145 -72.56276   5     14     44  
1300.0  21:40:08 42.45145 -72.56276   4     15     52  
1300.0  21:40:17 42.45145 -72.56276   5     12     54  
1300.0  21:40:26 42.45145 -72.56276   5     13     54  
1300.0  21:40:34 42.45145 -72.56276   5     15     58  
1300.0  21:40:43 42.45145 -72.56276   5     10     59  
1300.0  21:40:53 42.45145 -72.56276   4     15     45  
1301.0  21:41:02 42.45145 -72.56276   4     11     58  
1301.0  21:41:10 42.45145 -72.56276   3     16     51  
1301.0  21:41:19 42.45145 -72.56276   4     11     53  
1301.0  21:41:27 42.45145 -72.56276   5     11     42  
1301.0  21:41:36 42.45145 -72.56276   4     14     45  
1301.0  21:41:46 42.45145 -72.56276   4     18     56  
1301.0  21:41:55 42.45145 -72.56276   5     11     44  
1302.0  21:42:03 42.45145 -72.56276   5     13     58  
1302.0  21:42:12 42.45145 -72.56276   3     18     55  
1302.0  21:42:20 42.45145 -72.56276   3     18     56  
1302.0  21:42:29 42.45145 -72.56276   5     10     59  
1302.0  21:42:39 42.45145 -72.56276   4     12     44  
1302.0  21:42:48 42.45145 -72.56276   4     12     55  
1302.0  21:42:57 42.45145 -72.56276   4     13     52  
1303.0  21:43:06 42.45145 -72.56276   4     10     55  
1303.0  21:43:15 42.45145 -72.56276   5     15     41  
1303.0  21:43:24 42.45145 -72.56276   4     18     51  
1303.0  21:43:35 42.45145 -72.56276   3     19     47  
1303.0  21:43:43 42.45145 -72.56276   3     14     42  
1303.0  21:43:52 42.45145 -72.56276   3     11     57  
1304.0  21:44:01 42.45145 -72.56276   5     11     54  
1304.0  21:44:10 42.45145 -72.56276   4     15     52  
1304.0  21:44:19 42.45145 -72.56276   3     14     52  
1304.0  21:44:30 42.45145 -72.56276   5     15     51  
1304.0  21:44:38 42.45145 -72.56276   5     14     44  
1304.0  21:44:47 42.45145 -72.56276   5     19     40  
1304.0  21:44:55 42.45145 -72.56276   4     15     54  
1305.0  21:45:03 42.45145 -72.56276   3     14     53  
1305.0  21:45:12 42.45145 -72.56276   3     19     57  
1305.0  21:45:21 42.45145 -72.56276   5     17     50  
1305.0  21:45:30 42.45145 -72.56276   5     10     44  
1305.0  21:45:38 42.45145 -72.56276   3     17     55  
1305.0  21:45:47 42.45145 -72.56276   5     16     57  
1305.0  21:45:56 42.45145 -72.56276   3     16     57  
1306.0  21:46:04 42.45145 -72.56276   3     12     55  
1306.0  21:46:15 42.45145 -72.56276   5     10     44  
1306.0  21:46:23 42.45145 -72.56276   4     17     58  
1306.0  21:46:32 42.45145 -72.56276   5     14     51  
1306.0  21:46:41 42.45145 -72.56276   4     19     48  
1306.0  21:46:49 42.45145 -72.56276   3     19     47  
1306.0  21:46:58 42.45145 -72.56276   3     14     44  
1307.0  21:47:08 42.45145 -72.56276   4     12     58  
1307.0  21:47:17 42.45145 -72.56276   5     16     53  
1307.0  21:47:26 42.45145 -72.56276   5     19     57  
1307.0  21:47:34 42.45145 -72.56276   5     18     57  
1307.0  21:47:43 42.45145 -72.56276   4     11     43  
1307.0  21:47:51 42.45145 -72.56276   5     13     43  
1308.0  21:48:02 42.45145 -72.56276   4     17     52  
1308.0  21:48:10 42.45145 -72.56276   4     10     43  
1308.0  21:48:19 42.45145 -72.56276   3     12     54  
1308.0  21:48:27 42.45145 -72.56276   4     11     55  
1308.0  21:48:36 42.45145 -72.56276   4     15     44  
1308.0  21:48:45 42.45145 -72.56276   5     12     55  
1308.0  21:48:56 42.45145 -72.56276   4     17     50  
1309.0  21:49:04 42.45145 -72.56276   5     19     43  
1309.0  21:49:13 42.45145 -72.56276   5     16     40  
1309.0  21:49:21 42.45145 -72.56276   4     12     55  
1309.0  21:49:30 42.45145 -72.56276   4     11     54  
1309.0  21:49:39 42.45145 -72.56276   5     18     45  
1309.0  21:49:49 42.45145 -72.56276   4     19     41  
1309.0  21:49:58 42.45145 -72.56276   5     10     56  
1310.0  21:50:06 42.45145 -72.56276   5     10     50  
1310.0  21:50:15 42.45145 -72.56276   5     10     57  
1310.0  21:50:23 42.45145 -72.56276   3     18     49  
1310.0  21:50:32 42.45145 -72.56276   3     15     47  
1310.0  21:50:43 42.45145 -72.56276   3     19     51  
1310.0  21:50:51 42.45145 -72.56276   3     10     55  
1311.0  21:51:00 42.45145 -72.56276   3     18     56  
1311.0  21:51:08 42.45145 -72.56276   3     19     43  
1311.0  21:51:17 42.45145 -72.56276   4     14     46  
1311.0  21:51:26 42.45145 -72.56276   3     11     41  
1311.0  21:51:39 42.45145 -72.56276   3     13     43  
1311.0  21:51:51 42.45145 -72.56276   5     13     40  
1311.0  21:51:58 42.45145 -72.56276   3     10     57  
1312.0  21:52:07 42.45145 -72.56276   5     16     42  
1312.0  21:52:15 42.45145 -72.56276   5     17     57  
1312.0  21:52:24 42.45145 -72.56276   3     13     52  
1312.0  21:52:33 42.45145 -72.56276   3     19     59  
1312.0  21:52:43 42.45145 -72.56276   5     16     59  
1312.0  21:52:51 42.45145 -72.56276   5     14     45  
1313.0  21:53:00 42.45145 -72.56276   5     18     51  
1313.0  21:53:08 42.45145 -72.56276   3     12     48  
1313.0  21:53:17 42.45145 -72.56276   4     11     43  
1313.0  21:53:26 42.45145 -72.56276   3     19     43  
1313.0  21:53:36 42.45145 -72.56276   4     13     47  
1313.0  21:53:47 42.45145 -72.56276   3     13     45  
1313.0  21:53:55 42.45145 -72.56276   3     18     55  
1314.0  21:54:06 42.45145 -72.56276   4     16     58  
1314.0  21:54:14 42.45145 -72.56276   4     11     59  
1314.0  21:54:23 42.45145 -72.56276   3     17     49  
1314.0  21:54:33 42.45145 -72.56276   3     12     52  
1314.0  21:54:42 42.45145 -72.56276   3     12     43  
1314.0  21:54:51 42.45145 -72.56276   3     12     44  
1314.0  21:54:59 42.45145 -72.56276   3     19     51  
1315.0  21:55:08 42.45145 -72.56276   3     10     46  
1315.0  21:55:17 42.45145 -72.56276   5     15     58  
1315.0  21:55:29 42.45145 -72.56276   3     14     47  
1315.0  21:55:38 42.45145 -72.56276   4     11     50  
1315.0  21:55:46 42.45145 -72.56276   5     14     41  
1315.0  21:55:55 42.45145 -72.56276   4     14     55  
1316.0  21:56:03 42.45145 -72.56276   4     14     45  
1316.0  21:56:12 42.45145 -72.56276   4     12     40  
1316.0  21:56:22 42.45145 -72.56276   4     19     49  
1316.0  21:56:30 42.45145 -72.56276   3     14     55  
1316.0  21:56:41 42.45145 -72.56276   3     12     48  
1316.0  21:56:49 42.45145 -72.56276   4     16     52  
1316.0  21:56:58 42.45145 -72.56276   3     12     48  
1317.0  21:57:06 42.45145 -72.56276   5     12     57  
1317.0  21:57:16 42.45145 -72.56276   3     12     40  
1317.0  21:57:25 42.45145 -72.56276   3     13     56  
1317.0  21:57:34 42.45145 -72.56276   5     17     42  
1317.0  21:57:42 42.45145 -72.56276   3     15     48  
1317.0  21:57:50 42.45145 -72.56276   4     17     57  
1317.0  21:57:59 42.45145 -72.56276   3     11     50  
1318.0  21:58:10 42.45145 -72.56276   5     12     53  
1318.0  21:58:19 42.45145 -72.56276   5     19     53  
1318.0  21:58:27 42.45145 -72.56276   5     12     51  
1318.0  21:58:36 42.45145 -72.56276   3     14     45  
1318.0  21:58:44 42.45145 -72.56276   5     17     51  
1318.0  21:58:53 42.45145 -72.56276   4     14     51  
1319.0  21:59:03 42.45145 -72.56276   5     18     50  
1319.0  21:59:12 42.45145 -72.56276   5     17     59  
1319.0  21:59:20 42.45145 -72.56276   5     19     57  
1319.0  21:59:29 42.45145 -72.56276   5     14     51  
1319.0  21:59:38 42.45145 -72.56276   4     14     59  
1319.0  21:59:47 42.45145 -72.56276   5     12     51  
1319.0  21:59:57 42.45145 -72.56276   5     10     58  
1320.0  22:00:06 42.45145 -72.56276   5     12     40  
1320.0  22:00:15 42.45145 -72.56276   5     13     57  
1320.0  22:00:24 42.45145 -72.56276   5     19     48  
1320.0  22:00:33 42.45145 -72.56276   3     11     58  
1320.0  22:00:42 42.45145 -72.56276   5     17     42  
1320.0  22:00:54 42.45145 -72.56276   5     18     48  
1321.0  22:01:02 42.45145 -72.56276   5     17     54  
1321.0  22:01:12 42.45145 -72.56276   3     10     42  
1321.0  22:01:21 42.45145 -72.56276   5     17     40  
1321.0  22:01:30 42.45145 -72.56276   3     10     55  
1321.0  22:01:38 42.45145 -72.56276   3     15     42  
1321.0  22:01:49 42.45145 -72.56276   3     19     47  
1321.0  22:01:57 42.45145 -72.56276   4     16     40  
1322.0  22:02:07 42.45145 -72.56276   4     13     56  
1322.0  22:02:15 42.45145 -72.56276   4     11     44  
1322.0  22:02:24 42.45145 -72.56276   3     13     44  
1322.0  22:02:33 42.45145 -72.56276   4     14     41  
1322.0  22:02:43 42.45145 -72.56276   3     10     55  
1322.0  22:02:52 42.45145 -72.56276   4     16     48  
1323.0  22:03:00 42.45145 -72.56276   5     12     42  
1323.0  22:03:09 42.45145 -72.56276   5     15     51  
1323.0  22:03:17 42.45145 -72.56276   5     12     45  
1323.0  22:03:26 42.45145 -72.56276   4     16     40  
1323.0  22:03:36 42.45145 -72.56276   3     11     47  
1323.0  22:03:44 42.45145 -72.56276   3     15     45  
1323.0  22:03:53 42.45145 -72.56276   5     13     48  
1324.0  22:04:01 42.45145 -72.56276   3     11     40  
1324.0  22:04:10 42.45145 -72.56276   3     15     45  
1324.0  22:04:19 42.45145 -72.56276   3     18     40  
1324.0  22:04:29 42.45145 -72.56276   4     10     48  
1324.0  22:04:38 42.45145 -72.56276   3     11     43  
1324.0  22:04:46 42.45145 -72.56276   4     11     56  
1324.0  22:04:54 42.45145 -72.56276   3     11     53  
1325.0  22:05:03 42.45145 -72.56276   4     10     45  
1325.0  22:05:13 42.45145 -72.56276   5     16     50  
1325.0  22:05:23 42.45145 -72.56276   5     12     41  
1325.0  22:05:32 42.45145 -72.56276   3     15     53  
1325.0  22:05:40 42.45145 -72.56276   5     13     50  
1325.0  22:05:49 42.45145 -72.56276   5     11     44  
1325.0  22:05:58 42.45145 -72.56276   4     15     47  
1326.0  22:06:06 42.45145 -72.56276   5     17     57  
1326.0  22:06:17 42.45145 -72.56276   4     14     46  
1326.0  22:06:25 42.45145 -72.56276   4     16     40  
1326.0  22:06:34 42.45145 -72.56276   3     16     50  
1326.0  22:06:43 42.45145 -72.56276   3     15     48  
1326.0  22:06:52 42.45145 -72.56276   5     11     46  
1327.0  22:07:00 42.45145 -72.56276   5     13     54  
1327.0  22:07:11 42.45145 -72.56276   3     11     41  
1327.0  22:07:19 42.45145 -72.56276   4     19     55  
1327.0  22:07:28 42.45145 -72.56276   3     18     55  
1327.0  22:07:37 42.45145 -72.56276   4     16     51  
1327.0  22:07:48 42.45145 -72.56276   5     17     41  
1327.0  22:07:57 42.45145 -72.56276   3     15     47  
1328.0  22:08:08 42.45145 -72.56276   5     14     41  
1328.0  22:08:17 42.45145 -72.56276   3     15     56  
1328.0  22:08:25 42.45145 -72.56276   5     15     44  
1328.0  22:08:33 42.45145 -72.56276   3     11     51  
1328.0  22:08:42 42.45145 -72.56276   5     11     52  
1328.0  22:08:50 42.45145 -72.56276   3     19     55  
1329.0  22:09:00 42.45145 -72.56276   5     14     44  
1329.0  22:09:08 42.45145 -72.56276   4     11     55  
1329.0  22:09:17 42.45145 -72.56276   3     16     47  
1329.0  22:09:25 42.45145 -72.56276   4     15     44  
1329.0  22:09:35 42.45145 -72.56276   5     16     47  
1329.0  22:09:44 42.45145 -72.56276   4     13     48  
1329.0  22:09:57 42.45145 -72.56276   3     13     51  
1330.0  22:10:06 42.45145 -72.56276   4     16     44  
1330.0  22:10:22 42.45145 -72.56276   5     16     58  
1330.0  22:10:32 42.45145 -72.56276   3     10     40  
1330.0  22:10:42 42.45145 -72.56276   5     12     58  
1330.0  22:10:52 42.45145 -72.56276   3     14     44  
1331.0  22:11:01 42.45145 -72.56276   4     14     52  
1331.0  22:11:10 42.45145 -72.56276   4     11     59  
1331.0  22:11:18 42.45145 -72.56276   3     14     44  
1331.0  22:11:28 42.45145 -72.56276   3     12     57  
1332.0  22:12:12 42.45145 -72.56276   5     18     59  
1332.0  22:12:23 42.45145 -72.56276   3     16     49  
1332.0  22:12:40 42.45145 -72.56276   4     18     42  
1332.0  22:12:54 42.45145 -72.56276   3     17     51  
1333.0  22:13:04 42.45145 -72.56276   5     14     48  
1333.0  22:13:18 42.45145 -72.56276   3     11     46  
1333.0  22:13:27 42.45145 -72.56276   5     14     54  
1333.0  22:13:36 42.45145 -72.56276   5     14     57  
1333.0  22:13:46 42.45145 -72.56276   4     11     41  
1334.0  22:14:06 42.45145 -72.56276   3     14     52  
1334.0  22:14:24 42.45145 -72.56276   5     18     49  
1334.0  22:14:33 42.45145 -72.56276   4     19     46  
1335.0  22:15:01 42.45145 -72.56276   3     19     42  
1335.0  22:15:04 42.45145 -72.56276   4     16     43  
1335.0  22:15:26 42.45145 -72.56276   4     13     42  
1335.0  22:15:37 42.45145 -72.56276   3     17     57  
1335.0  22:15:49 42.45145 -72.56276   3     19     47  
1336.0  22:16:20 42.45145 -72.56276   5     11     48  
1336.0  22:16:56 42.45145 -72.56276   5     10     53  
1336.0  22:16:58 42.45145 -72.56276   4     19     50  
1337.0  22:17:15 42.45145 -72.56276   3     15     52  
1337.0  22:17:26 42.45145 -72.56276   5     12     48  
1337.0  22:17:36 42.45145 -72.56276   3     11     51  
1337.0  22:17:46 42.45145 -72.56276   4     15     49  
1337.0  22:17:55 42.45145 -72.56276   5     17     41  
1338.0  22:18:05 42.45145 -72.56276   5     13     52  
1338.0  22:18:16 42.45145 -72.56276   4     19     58  
1338.0  22:18:25 42.45145 -72.56276   4     15     57  
1338.0  22:18:33 42.45145 -72.56276   4     10     54  
1338.0  22:18:45 42.45145 -72.56276   3     16     58  
1338.0  22:18:54 42.45145 -72.56276   3     11     57  
1339.0  22:19:03 42.45145 -72.56276   4     14     54  
1339.0  22:19:14 42.45145 -72.56276   5     18     48  
1339.0  22:19:24 42.45145 -72.56276   5     18     49  
1339.0  22:19:32 42.45145 -72.56276   3     14     44  
1339.0  22:19:41 42.45145 -72.56276   4     14     42  
1339.0  22:19:49 42.45145 -72.56276   3     18     43  
1339.0  22:19:58 42.45145 -72.56276   4     15     56  
1340.0  22:20:09 42.45145 -72.56276   4     19     54  
1340.0  22:20:17 42.45145 -72.56276   4     16     41  
1340.0  22:20:27 42.45145 -72.56276   4     10     58  
1340.0  22:20:36 42.45145 -72.56276   5     19     41  
1340.0  22:20:44 42.45145 -72.56276   3     19     49  
1340.0  22:20:54 42.45145 -72.56276   4     12     50  
1341.0  22:21:05 42.45145 -72.56276   4     13     58  
1341.0  22:21:14 42.45145 -72.56276   3     14     45  
1341.0  22:21:23 42.45145 -72.56276   4     19     48  
1341.0  22:21:31 42.45145 -72.56276   5     16     51  
1341.0  22:21:40 42.45145 -72.56276   4     14     43  
1341.0  22:21:48 42.45145 -72.56276   3     12     45  
1341.0  22:21:59 42.45145 -72.56276   4     13     56  
1342.0  22:22:07 42.45145 -72.56276   5     11     58  
1342.0  22:22:16 42.45145 -72.56276   5     19     52  
1342.0  22:22:24 42.45145 -72.56276   4     12     42  
1342.0  22:22:33 42.45145 -72.56276   5     16     41  
1342.0  22:22:42 42.45145 -72.56276   4     10     51  
1342.0  22:22:53 42.45145 -72.56276   3     19     49  
1343.0  22:23:01 42.45145 -72.56276   4     14     53  
1343.0  22:23:10 42.45145 -72.56276   4     15     43  
1343.0  22:23:19 42.45145 -72.56276   3     10     55  
1343.0  22:23:27 42.45145 -72.56276   5     14     57  
1343.0  22:23:36 42.45145 -72.56276   5     17     40  
1343.0  22:23:48 42.45145 -72.56276   3     11     42  
1343.0  22:23:56 42.45145 -72.56276   5     12     49  
1344.0  22:24:04 42.45145 -72.56276   3     12     58  
1344.0  22:24:13 42.45145 -72.56276   3     16     45  
1344.0  22:24:21 42.45145 -72.56276   3     16     58  
1344.0  22:24:30 42.45145 -72.56276   5     18     41  
1344.0  22:24:40 42.45145 -72.56276   3     17     44  
1344.0  22:24:49 42.45145 -72.56276   4     12     57  
1344.0  22:24:57 42.45145 -72.56276   5     16     42  
1345.0  22:25:05 42.45145 -72.56276   5     13     49  
1345.0  22:25:13 42.45145 -72.56276   3     11     47  
1345.0  22:25:22 42.45145 -72.56276   4     16     43  
1345.0  22:25:32 42.45145 -72.56276   5     16     44  
1345.0  22:25:41 42.45145 -72.56276   4     14     49  
1345.0  22:25:50 42.45145 -72.56276   3     12     51  
1345.0  22:25:58 42.45145 -72.56276   4     17     48  
1346.0  22:26:07 42.45145 -72.56276   4     17     45  
1346.0  22:26:15 42.45145 -72.56276   5     13     50  
1346.0  22:26:26 42.45145 -72.56276   3     11     40  
1346.0  22:26:34 42.45145 -72.56276   3     17     56  
1346.0  22:26:43 42.45145 -72.56276   5     16     56  
1346.0  22:26:51 42.45145 -72.56276   3     16     51  
1347.0  22:27:00 42.45145 -72.56276   4     15     50  
1347.0  22:27:08 42.45145 -72.56276   3     13     54  
1347.0  22:27:21 42.45145 -72.56276   3     13     53  
1347.0  22:27:32 42.45145 -72.56276   3     15     48  
1347.0  22:27:40 42.45145 -72.56276   4     19     42  
1347.0  22:27:48 42.45145 -72.56276   4     12     54  
1347.0  22:27:57 42.45145 -72.56276   4     13     44  
1348.0  22:28:05 42.45145 -72.56276   5     17     54  
1348.0  22:28:16 42.45145 -72.56276   5     17     50  
1348.0  22:28:25 42.45145 -72.56276   3     15     58  
1348.0  22:28:34 42.45145 -72.56276   4     19     45  
1348.0  22:28:42 42.45145 -72.56276   3     18     52  
1348.0  22:28:50 42.45145 -72.56276   3     17     47  
1349.0  22:29:00 42.45145 -72.56276   5     18     40  
1349.0  22:29:10 42.45145 -72.56276   5     14     47  
1349.0  22:29:19 42.45145 -72.56276   4     15     43  
1349.0  22:29:29 42.45145 -72.56276   4     15     51  
1349.0  22:29:38 42.45145 -72.56276   3     19     46  
1349.0  22:29:47 42.45145 -72.56276   4     11     42  
1349.0  22:29:56 42.45145 -72.56276   3     19     44  
1350.0  22:30:05 42.45145 -72.56276   4     11     57  
1350.0  22:30:14 42.45145 -72.56276   3     19     50  
1350.0  22:30:23 42.45145 -72.56276   5     13     44  
1350.0  22:30:32 42.45145 -72.56276   3     11     50  
1350.0  22:30:40 42.45145 -72.56276   3     18     52  
1350.0  22:30:52 42.45145 -72.56276   3     19     40  
1351.0  22:31:03 42.45145 -72.56276   3     12     48  
1351.0  22:31:11 42.45145 -72.56276   3     14     48  
1351.0  22:31:20 42.45145 -72.56276   5     11     54  
1351.0  22:31:28 42.45145 -72.56276   4     12     49  
1351.0  22:31:37 42.45145 -72.56276   3     18     50  
1351.0  22:31:46 42.45145 -72.56276   5     18     58  
1351.0  22:31:56 42.45145 -72.56276   3     15     52  
1352.0  22:32:05 42.45145 -72.56276   3     15     56  
1352.0  22:32:14 42.45145 -72.56276   5     11     57  
1352.0  22:32:22 42.45145 -72.56276   3     18     54  
1352.0  22:32:30 42.45145 -72.56276   5     16     57  
1352.0  22:32:39 42.45145 -72.56276   5     17     42  
1352.0  22:32:50 42.45145 -72.56276   4     17     53  
1352.0  22:32:59 42.45145 -72.56276   4     19     53  
1353.0  22:33:07 42.45145 -72.56276   4     13     42  
1353.0  22:33:16 42.45145 -72.56276   4     12     52  
1353.0  22:33:24 42.45145 -72.56276   5     13     56  
1353.0  22:33:32 42.45145 -72.56276   4     16     42  
1353.0  22:33:43 42.45145 -72.56276   3     17     56  
1353.0  22:33:52 42.45145 -72.56276   5     16     42  
1354.0  22:34:00 42.45145 -72.56276   4     18     45  
1354.0  22:34:10 42.45145 -72.56276   4     10     58  
1354.0  22:34:18 42.45145 -72.56276   3     17     48  
1354.0  22:34:26 42.45145 -72.56276   4     17     58  
1354.0  22:34:40 42.45145 -72.56276   4     11     46  
1354.0  22:34:48 42.45145 -72.56276   4     17     59  
1354.0  22:34:56 42.45145 -72.56276   5     15     59  
1355.0  22:35:05 42.45145 -72.56276   5     14     46  
1355.0  22:35:13 42.45145 -72.56276   4     16     54  
1355.0  22:35:21 42.45145 -72.56276   5     14     54  
1355.0  22:35:36 42.45145 -72.56276   3     16     42  
1355.0  22:35:45 42.45145 -72.56276   3     11     51  
1355.0  22:35:53 42.45145 -72.56276   4     19     40  
1356.0  22:36:01 42.45145 -72.56276   3     14     42  
1356.0  22:36:09 42.45145 -72.56276   5     11     47  
1356.0  22:36:17 42.45145 -72.56276   4     16     40  
1356.0  22:36:28 42.45145 -72.56276   3     19     47  
1356.0  22:36:36 42.45145 -72.56276   4     14     53  
1356.0  22:36:45 42.45145 -72.56276   4     11     54  
1356.0  22:36:54 42.45145 -72.56276   3     19     55  
1357.0  22:37:02 42.45145 -72.56276   3     17     47  
1357.0  22:37:11 42.45145 -72.56276   3     13     47  
1357.0  22:37:22 42.45145 -72.56276   5     16     55  
1357.0  22:37:30 42.45145 -72.56276   3     11     47  
1357.0  22:37:39 42.45145 -72.56276   3     14     56  
1357.0  22:37:48 42.45145 -72.56276   4     12     48  
1357.0  22:37:57 42.45145 -72.56276   3     18     40  
1358.0  22:38:05 42.45145 -72.56276   5     18     52  
1358.0  22:38:16 42.45145 -72.56276   3     18     49  
1358.0  22:38:25 42.45145 -72.56276   4     10     46  
1358.0  22:38:34 42.45145 -72.56276   4     10     44  
1358.0  22:38:42 42.45145 -72.56276   4     11     56  
1358.0  22:38:50 42.45145 -72.56276   4     17     40  
1358.0  22:38:58 42.45145 -72.56276   5     15     57  
1359.0  22:39:08 42.45145 -72.56276   3     12     52  
1359.0  22:39:17 42.45145 -72.56276   3     18     56  
1359.0  22:39:25 42.45145 -72.56276   4     13     50  
1359.0  22:39:34 42.45145 -72.56276   3     12     48  
1359.0  22:39:43 42.45145 -72.56276   5     11     48  
1359.0  22:39:51 42.45145 -72.56276   3     18     49  
1360.0  22:40:02 42.45145 -72.56276   4     11     55  
1360.0  22:40:12 42.45145 -72.56276   5     19     43  
1360.0  22:40:20 42.45145 -72.56276   4     11     48  
1360.0  22:40:28 42.45145 -72.56276   4     17     55  
1360.0  22:40:36 42.45145 -72.56276   5     17     47  
1360.0  22:40:44 42.45145 -72.56276   5     16     46  
1360.0  22:40:55 42.45145 -72.56276   3     19     49  
1361.0  22:41:04 42.45145 -72.56276   5     16     47  
1361.0  22:41:20 42.45145 -72.56276   4     16     47  
1361.0  22:41:29 42.45145 -72.56276   4     11     50  
1361.0  22:41:41 42.45145 -72.56276   5     19     58  
1361.0  22:41:52 42.45145 -72.56276   3     13     42  
1362.0  22:42:00 42.45145 -72.56276   3     18     45  
1362.0  22:42:09 42.45145 -72.56276   4     16     44  
1362.0  22:42:18 42.45145 -72.56276   4     10     46  
1362.0  22:42:26 42.45145 -72.56276   4     19     42  
1362.0  22:42:35 42.45145 -72.56276   4     14     59  
1362.0  22:42:46 42.45145 -72.56276   5     15     48  
1362.0  22:42:55 42.45145 -72.56276   3     12     53  
1363.0  22:43:03 42.45145 -72.56276   5     15     56  
1363.0  22:43:12 42.45145 -72.56276   5     12     50  
1363.0  22:43:21 42.45145 -72.56276   4     15     50  
1363.0  22:43:30 42.45145 -72.56276   5     18     45  
1363.0  22:43:41 42.45145 -72.56276   4     13     46  
1363.0  22:43:49 42.45145 -72.56276   3     17     48  
1363.0  22:43:58 42.45145 -72.56276   5     17     55  
1364.0  22:44:06 42.45145 -72.56276   3     13     53  
1364.0  22:44:15 42.45145 -72.56276   4     17     44  
1364.0  22:44:23 42.45145 -72.56276   5     19     43  
1364.0  22:44:33 42.45145 -72.56276   3     11     53  
1364.0  22:44:42 42.45145 -72.56276   3     16     55  
1364.0  22:44:51 42.45145 -72.56276   4     13     50  
1364.0  22:44:59 42.45145 -72.56276   5     15     50  
1365.0  22:45:08 42.45145 -72.56276   4     11     55  
1365.0  22:45:17 42.45145 -72.56276   4     17     59  
1365.0  22:45:28 42.45145 -72.56276   3     17     58  
1365.0  22:45:36 42.45145 -72.56276   5     17     48  
1365.0  22:45:44 42.45145 -72.56276   4     13     45  
1365.0  22:45:54 42.45145 -72.56276   4     18     57  
1366.0  22:46:04 42.45145 -72.56276   3     16     47  
1366.0  22:46:12 42.45145 -72.56276   3     16     57  
1366.0  22:46:25 42.45145 -72.56276   5     10     45  
1366.0  22:46:40 42.45145 -72.56276   3     17     51  
1366.0  22:46:49 42.45145 -72.56276   3     14     40  
1366.0  22:46:58 42.45145 -72.56276   5     11     49  
1367.0  22:47:07 42.45145 -72.56276   4     19     51  
1367.0  22:47:17 42.45145 -72.56276   3     15     44  
1367.0  22:47:26 42.45145 -72.56276   5     14     41  
1367.0  22:47:35 42.45145 -72.56276   4     13     44  
1367.0  22:47:43 42.45145 -72.56276   3     17     52  
1367.0  22:47:53 42.45145 -72.56276   4     13     46  
1368.0  22:48:02 42.45145 -72.56276   5     17     40  
1368.0  22:48:12 42.45145 -72.56276   4     15     51  
1368.0  22:48:20 42.45145 -72.56276   3     17     51  
1368.0  22:48:29 42.45145 -72.56276   5     11     48  
1368.0  22:48:38 42.45145 -72.56276   5     17     56  
1368.0  22:48:47 42.45145 -72.56276   3     15     43  
1368.0  22:48:56 42.45145 -72.56276   3     11     43  
1369.0  22:49:06 42.45145 -72.56276   5     16     52  
1369.0  22:49:19 42.45145 -72.56276   4     15     49  
1369.0  22:49:27 42.45145 -72.56276   3     13     52  
1369.0  22:49:35 42.45145 -72.56276   5     18     47  
1369.0  22:49:44 42.45145 -72.56276   3     10     57  
1369.0  22:49:53 42.45145 -72.56276   4     16     47  
1370.0  22:50:04 42.45145 -72.56276   4     14     43  
1370.0  22:50:16 42.45145 -72.56276   3     12     51  
1370.0  22:50:24 42.45145 -72.56276   4     18     42  
1370.0  22:50:33 42.45145 -72.56276   5     13     49  
1370.0  22:50:42 42.45145 -72.56276   4     10     55  
1370.0  22:50:51 42.45145 -72.56276   4     15     55  
1371.0  22:51:02 42.45145 -72.56276   4     13     43  
1371.0  22:51:11 42.45145 -72.56276   5     10     47  
1371.0  22:51:20 42.45145 -72.56276   3     15     57  
1371.0  22:51:29 42.45145 -72.56276   3     11     51  
1371.0  22:51:37 42.45145 -72.56276   5     11     42  
1371.0  22:51:46 42.45145 -72.56276   3     19     55  
1371.0  22:51:56 42.45145 -72.56276   5     15     55  
1372.0  22:52:05 42.45145 -72.56276   5     13     44  
1372.0  22:52:13 42.45145 -72.56276   3     19     50  
1372.0  22:52:22 42.45145 -72.56276   4     17     56  
1372.0  22:52:30 42.45145 -72.56276   4     14     51  
1372.0  22:52:39 42.45145 -72.56276   3     12     43  
1372.0  22:52:50 42.45145 -72.56276   4     15     57  
1372.0  22:52:59 42.45145 -72.56276   5     14     42  
1373.0  22:53:07 42.45145 -72.56276   5     13     48  
1373.0  22:53:16 42.45145 -72.56276   5     16     45  
1373.0  22:53:24 42.45145 -72.56276   5     11     57  
1373.0  22:53:32 42.45145 -72.56276   4     15     53  
1373.0  22:53:43 42.45145 -72.56276   4     18     43  
1373.0  22:53:51 42.45145 -72.56276   5     18     59  
1374.0  22:54:00 42.45145 -72.56276   4     12     55  
1374.0  22:54:09 42.45145 -72.56276   3     16     53  
1374.0  22:54:17 42.45145 -72.56276   3     17     50  
1374.0  22:54:27 42.45145 -72.56276   3     14     49  
1374.0  22:54:39 42.45145 -72.56276   5     12     50  
1374.0  22:54:47 42.45145 -72.56276   3     13     59  
1374.0  22:54:56 42.45145 -72.56276   3     16     54  
1375.0  22:55:04 42.45145 -72.56276   5     13     44  
1375.0  22:55:12 42.45145 -72.56276   5     15     53  
1375.0  22:55:20 42.45145 -72.56276   5     19     54  
1375.0  22:55:30 42.45145 -72.56276   3     12     44  
1375.0  22:55:39 42.45145 -72.56276   3     15     59  
1375.0  22:55:48 42.45145 -72.56276   3     14     58  
1375.0  22:55:56 42.45145 -72.56276   5     18     45  
1376.0  22:56:05 42.45145 -72.56276   5     19     46  
1376.0  22:56:14 42.45145 -72.56276   5     12     40  
1376.0  22:56:25 42.45145 -72.56276   5     11     53  
1376.0  22:56:33 42.45145 -72.56276   3     12     57  
1376.0  22:56:42 42.45145 -72.56276   3     15     55  
1376.0  22:56:53 42.45145 -72.56276   3     15     53  
1377.0  22:57:02 42.45145 -72.56276   5     19     40  
1377.0  22:57:15 42.45145 -72.56276   4     16     57  
1377.0  22:57:28 42.45145 -72.56276   5     17     55  
1377.0  22:57:57 42.45145 -72.56276   4     16     52  
1378.0  22:58:08 42.45145 -72.56276   5     14     58  
1378.0  22:58:20 42.45145 -72.56276   5     12     59  
1378.0  22:58:29 42.45145 -72.56276   5     12     40  
1378.0  22:58:38 42.45145 -72.56276   3     10     59  
1378.0  22:58:46 42.45145 -72.56276   5     18     52  
1378.0  22:58:55 42.45145 -72.56276   5     10     58  
1379.0  22:59:05 42.45145 -72.56276   3     14     58  
1379.0  22:59:34 42.45145 -72.56276   4     14     42  
1379.0  22:59:35 42.45145 -72.56276   5     14     40  
1379.0  22:59:43 42.45145 -72.56276   5     16     46  
1379.0  22:59:52 42.45145 -72.56276   3     10     49  
1380.0  23:00:01 42.45145 -72.56276   5     16     50  
1380.0  23:00:11 42.45145 -72.56276   3     15     58  
1380.0  23:00:20 42.45145 -72.56276   4     13     50  
1380.0  23:00:28 42.45145 -72.56276   3     15     41  
1380.0  23:00:37 42.45145 -72.56276   4     16     44  
1380.0  23:00:46 42.45145 -72.56276   4     10     41  
1380.0  23:00:55 42.45145 -72.56276   3     10     45  
1381.0  23:01:05 42.45145 -72.56276   4     19     53  
1381.0  23:01:13 42.45145 -72.56276   3     17     50  
1381.0  23:01:21 42.45145 -72.56276   5     10     50  
1381.0  23:01:29 42.45145 -72.56276   5     16     56  
1381.0  23:01:38 42.45145 -72.56276   5     15     41  
1381.0  23:01:46 42.45145 -72.56276   4     11     45  
1381.0  23:01:56 42.45145 -72.56276   5     14     42  
1382.0  23:02:04 42.45145 -72.56276   3     14     53  
1382.0  23:02:13 42.45145 -72.56276   5     17     52  
1382.0  23:02:21 42.45145 -72.56276   3     17     55  
1382.0  23:02:29 42.45145 -72.56276   5     13     48  
1382.0  23:02:37 42.45145 -72.56276   5     18     49  
1382.0  23:02:47 42.45145 -72.56276   4     19     54  
1382.0  23:02:56 42.45145 -72.56276   5     18     42  
1383.0  23:03:05 42.45145 -72.56276   3     10     55  
1383.0  23:03:13 42.45145 -72.56276   5     15     40  
1383.0  23:03:22 42.45145 -72.56276   5     16     42  
1383.0  23:03:30 42.45145 -72.56276   4     18     41  
1383.0  23:03:41 42.45145 -72.56276   3     12     59  
1383.0  23:03:50 42.45145 -72.56276   3     11     52  
1383.0  23:03:59 42.45145 -72.56276   4     18     41  
1384.0  23:04:08 42.45145 -72.56276   3     14     52  
1384.0  23:04:17 42.45145 -72.56276   4     15     50  
1384.0  23:04:25 42.45145 -72.56276   3     18     55  
1384.0  23:04:35 42.45145 -72.56276   5     19     54  
1384.0  23:04:44 42.45145 -72.56276   4     15     51  
1384.0  23:04:53 42.45145 -72.56276   5     13     49  
1385.0  23:05:02 42.45145 -72.56276   4     10     51  
1385.0  23:05:10 42.45145 -72.56276   3     13     54  
1385.0  23:05:19 42.45145 -72.56276   4     18     52  
1385.0  23:05:29 42.45145 -72.56276   3     14     55  
1385.0  23:05:38 42.45145 -72.56276   5     10     58  
1385.0  23:05:46 42.45145 -72.56276   4     11     44  
1385.0  23:05:55 42.45145 -72.56276   3     10     43  
1386.0  23:06:04 42.45145 -72.56276   4     15     43  
1386.0  23:06:13 42.45145 -72.56276   5     18     47  
1386.0  23:06:23 42.45145 -72.56276   5     13     56  
1386.0  23:06:32 42.45145 -72.56276   3     18     55  
1386.0  23:06:41 42.45145 -72.56276   3     11     52  
1386.0  23:06:49 42.45145 -72.56276   5     19     48  
1386.0  23:06:57 42.45145 -72.56276   5     14     48  
1387.0  23:07:06 42.45145 -72.56276   3     19     57  
1387.0  23:07:17 42.45145 -72.56276   3     15     58  
1387.0  23:07:27 42.45145 -72.56276   4     18     49  
1387.0  23:07:35 42.45145 -72.56276   4     19     55  
1387.0  23:07:44 42.45145 -72.56276   4     16     51  
1387.0  23:07:52 42.45145 -72.56276   4     13     41  
1388.0  23:08:01 42.45145 -72.56276   3     18     48  
1388.0  23:08:12 42.45145 -72.56276   3     17     47  
1388.0  23:08:20 42.45145 -72.56276   5     10     57  
1388.0  23:08:29 42.45145 -72.56276   3     14     58  
1388.0  23:08:37 42.45145 -72.56276   4     17     45  
1388.0  23:08:46 42.45145 -72.56276   4     13     50  
1388.0  23:08:55 42.45145 -72.56276   5     10     56  
1389.0  23:09:05 42.45145 -72.56276   3     16     51  
1389.0  23:09:13 42.45145 -72.56276   3     17     49  
1389.0  23:09:22 42.45145 -72.56276   5     17     42  
1389.0  23:09:30 42.45145 -72.56276   5     18     51  
1389.0  23:09:39 42.45145 -72.56276   4     18     53  
1389.0  23:09:47 42.45145 -72.56276   3     13     59  
1389.0  23:09:58 42.45145 -72.56276   4     12     50  
1390.0  23:10:06 42.45145 -72.56276   4     16     45  
1390.0  23:10:15 42.45145 -72.56276   5     18     57  
1390.0  23:10:23 42.45145 -72.56276   4     12     53  
1390.0  23:10:32 42.45145 -72.56276   5     14     43  
1390.0  23:10:44 42.45145 -72.56276   4     18     54  
1390.0  23:10:55 42.45145 -72.56276   3     10     57  
1391.0  23:11:03 42.45145 -72.56276   3     10     58  
1391.0  23:11:12 42.45145 -72.56276   5     16     43  
1391.0  23:11:21 42.45145 -72.56276   5     17     53  
1391.0  23:11:30 42.45145 -72.56276   4     16     49  
1391.0  23:11:39 42.45145 -72.56276   3     11     58  
1391.0  23:11:49 42.45145 -72.56276   5     16     52  
1391.0  23:11:57 42.45145 -72.56276   4     18     44  
1392.0  23:12:06 42.45145 -72.56276   3     17     55  
1392.0  23:12:15 42.45145 -72.56276   4     15     51  
1392.0  23:12:24 42.45145 -72.56276   5     13     45  
1392.0  23:12:33 42.45145 -72.56276   3     16     53  
1392.0  23:12:43 42.45145 -72.56276   3     16     53  
1392.0  23:12:52 42.45145 -72.56276   3     14     56  
1393.0  23:13:01 42.45145 -72.56276   5     11     49  
1393.0  23:13:09 42.45145 -72.56276   5     13     50  
1393.0  23:13:19 42.45145 -72.56276   3     16     43  
1393.0  23:13:27 42.45145 -72.56276   3     15     53  
1393.0  23:13:38 42.45145 -72.56276   4     17     42  
1393.0  23:13:47 42.45145 -72.56276   5     19     48  
1393.0  23:13:56 42.45145 -72.56276   4     14     57  
1394.0  23:14:05 42.45145 -72.56276   5     19     41  
1394.0  23:14:14 42.45145 -72.56276   5     17     53  
1394.0  23:14:23 42.45145 -72.56276   4     11     54  
1394.0  23:14:33 42.45145 -72.56276   4     11     59  
1394.0  23:14:42 42.45145 -72.56276   4     11     44  
1394.0  23:14:50 42.45145 -72.56276   5     11     44  
1394.0  23:14:58 42.45145 -72.56276   4     12     51  
1395.0  23:15:07 42.45145 -72.56276   4     19     48  
1395.0  23:15:15 42.45145 -72.56276   4     16     43  
1395.0  23:15:26 42.45145 -72.56276   3     13     53  
1395.0  23:15:34 42.45145 -72.56276   5     13     54  
1395.0  23:15:43 42.45145 -72.56276   5     11     48  
1395.0  23:15:51 42.45145 -72.56276   5     11     50  
1396.0  23:16:00 42.45145 -72.56276   3     15     42  
1396.0  23:16:08 42.45145 -72.56276   5     18     44  
1396.0  23:16:19 42.45145 -72.56276   5     17     43  
1396.0  23:16:27 42.45145 -72.56276   4     16     45  
1396.0  23:16:36 42.45145 -72.56276   4     11     52  
1396.0  23:16:44 42.45145 -72.56276   4     11     53  
1396.0  23:16:52 42.45145 -72.56276   5     18     48  
1397.0  23:17:01 42.45145 -72.56276   4     15     58  
1397.0  23:17:11 42.45145 -72.56276   3     12     47  
1397.0  23:17:20 42.45145 -72.56276   4     10     49  
1397.0  23:17:28 42.45145 -72.56276   3     16     49  
1397.0  23:17:37 42.45145 -72.56276   4     15     56  
1397.0  23:17:47 42.45145 -72.56276   5     13     58  
1397.0  23:17:58 42.45145 -72.56276   5     13     41  
1398.0  23:18:10 42.45145 -72.56276   3     13     47  
1398.0  23:18:19 42.45145 -72.56276   3     17     52  
1398.0  23:18:27 42.45145 -72.56276   5     13     52  
1398.0  23:18:36 42.45145 -72.56276   5     19     45  
1398.0  23:18:44 42.45145 -72.56276   4     12     55  
1398.0  23:18:53 42.45145 -72.56276   4     11     43  
1399.0  23:19:03 42.45145 -72.56276   5     11     41  
1399.0  23:19:11 42.45145 -72.56276   4     14     46  
1399.0  23:19:20 42.45145 -72.56276   4     13     47  
1399.0  23:19:29 42.45145 -72.56276   4     13     42  
1399.0  23:19:37 42.45145 -72.56276   4     17     56  
1399.0  23:19:47 42.45145 -72.56276   4     15     46  
1399.0  23:19:59 42.45145 -72.56276   4     12     58  
1400.0  23:20:07 42.45145 -72.56276   3     13     52  
1400.0  23:20:17 42.45145 -72.56276   4     13     48  
1400.0  23:20:26 42.45145 -72.56276   4     18     46  
1400.0  23:20:35 42.45145 -72.56276   4     16     56  
1400.0  23:20:43 42.45145 -72.56276   5     18     46  
1400.0  23:20:53 42.45145 -72.56276   4     16     58  
1401.0  23:21:02 42.45145 -72.56276   4     11     42  
1401.0  23:21:10 42.45145 -72.56276   3     12     57  
1401.0  23:21:19 42.45145 -72.56276   5     11     57  
1401.0  23:21:28 42.45145 -72.56276   4     15     51  
1401.0  23:21:36 42.45145 -72.56276   3     17     44  
1401.0  23:21:46 42.45145 -72.56276   4     15     57  
1401.0  23:21:55 42.45145 -72.56276   4     19     44  
1402.0  23:22:04 42.45145 -72.56276   5     15     43  
1402.0  23:22:12 42.45145 -72.56276   5     11     52  
1402.0  23:22:21 42.45145 -72.56276   3     11     54  
1402.0  23:22:30 42.45145 -72.56276   4     18     50  
1402.0  23:22:40 42.45145 -72.56276   5     12     57  
1402.0  23:22:49 42.45145 -72.56276   4     14     59  
