419.0  06:59:00 42.39503 -72.53387   3     19     49  
420.0  07:00:00 42.393833 -72.5327   5     18     59  
421.0  07:01:00 42.39386 -72.5327   3     18     45  
422.0  07:02:00 42.393898 -72.53263   4     14     53  
423.0  07:03:00 42.394 -72.53253   5     10     56  
424.0  07:04:00 42.39387 -72.53266   3     14     59  
425.0  07:05:00 42.393814 -72.532684   5     14     52  
426.0  07:06:00 42.393795 -72.53269   4     17     58  
427.0  07:07:00 42.393837 -72.53273   5     17     41  
428.0  07:08:00 42.393326 -72.5325   5     11     58  
429.0  07:09:00 42.390324 -72.53292   5     17     43  
430.0  07:10:00 42.385143 -72.530975   4     14     43  
431.0  07:11:00 42.385693 -72.52398   4     14     42  
432.0  07:12:00 42.3817 -72.51962   4     16     50  
433.0  07:13:00 42.377632 -72.5199   5     15     41  
434.0  07:14:00 42.37599 -72.51978   4     12     44  
435.0  07:15:00 42.372673 -72.51978   5     12     46  
436.0  07:16:00 42.362926 -72.52077   4     17     57  
437.0  07:17:00 42.354954 -72.5215   3     13     53  
438.0  07:18:00 42.351254 -72.52747   3     19     44  
439.0  07:19:00 42.34895 -72.528915   4     10     49  
440.0  07:20:00 42.3489 -72.5289   5     11     40  
441.0  07:21:00 42.348904 -72.52889   5     14     54  
442.0  07:22:00 42.348892 -72.52888   5     14     51  
443.0  07:23:00 42.348885 -72.52888   5     15     47  
444.0  07:24:00 42.348907 -72.52884   3     18     59  
445.0  07:25:00 42.348846 -72.5289   3     14     51  
446.0  07:26:00 42.34924 -72.530426   5     13     49  
447.0  07:27:00 42.351337 -72.5303   4     19     59  
448.0  07:28:00 42.351517 -72.5265   4     18     46  
449.0  07:29:00 42.35413 -72.522125   3     14     49  
450.0  07:30:00 42.35709 -72.520966   4     10     43  
451.0  07:31:00 42.36267 -72.52071   5     13     41  
452.0  07:32:00 42.36883 -72.520004   5     10     52  
453.0  07:33:00 42.374718 -72.5198   5     14     44  
454.0  07:34:00 42.377415 -72.51988   4     12     59  
455.0  07:35:00 42.379807 -72.519485   3     15     42  
456.0  07:36:00 42.383255 -72.520645   5     18     55  
457.0  07:37:00 42.38763 -72.52343   5     17     51  
458.0  07:38:00 42.388992 -72.52464   5     11     44  
459.0  07:39:00 42.39154 -72.52533   4     10     54  
460.0  07:40:00 42.393917 -72.52622   3     13     40  
461.0  07:41:00 42.395943 -72.52733   3     13     47  
462.0  07:42:00 42.40344 -72.52923   3     10     47  
463.0  07:43:00 42.409264 -72.53073   3     12     43  
464.0  07:44:00 42.40994 -72.53093   4     15     41  
465.0  07:45:00 42.40947 -72.53527   3     13     46  
466.0  07:46:00 42.411514 -72.53758   5     19     40  
467.0  07:47:00 42.422974 -72.537605   4     18     51  
468.0  07:48:00 42.4329 -72.544815   5     16     41  
469.0  07:49:00 42.442986 -72.55223   5     18     45  
470.0  07:50:00 42.450897 -72.56169   3     12     52  
471.0  07:51:00 42.453033 -72.564766   5     15     59  
472.0  07:52:00 42.462162 -72.57295   3     15     49  
473.0  07:53:00 42.465828 -72.5769   5     16     54  
474.0  07:54:00 42.466457 -72.5795   3     11     44  
475.0  07:55:00 42.45924 -72.58221   4     11     49  
476.0  07:56:00 42.457695 -72.581474   5     12     43  
477.0  07:57:00 42.45776 -72.58145   5     14     43  
478.0  07:58:00 42.45775 -72.58145   3     17     48  
479.0  07:59:00 42.457733 -72.58146   4     19     43  
480.0  08:00:00 42.45771 -72.581566   5     12     42  
481.0  08:01:00 42.457703 -72.581535   3     17     48  
482.0  08:02:00 42.457687 -72.58156   4     19     42  
483.0  08:03:00 42.459953 -72.581825   3     14     59  
484.0  08:04:00 42.459106 -72.576706   3     16     53  
485.0  08:05:00 42.458183 -72.57171   5     10     46  
486.0  08:06:00 42.454765 -72.56764   5     14     41  
487.0  08:07:00 42.451603 -72.56286   3     12     48  
488.0  08:08:00 42.449665 -72.55991   3     14     52  
489.0  08:09:00 42.441463 -72.55064   5     18     59  
490.0  08:10:00 42.4309 -72.543236   4     17     50  
491.0  08:11:00 42.419785 -72.53687   4     19     58  
492.0  08:12:00 42.40933 -72.53788   3     15     44  
493.0  08:13:00 42.409447 -72.53483   3     18     58  
494.0  08:14:00 42.409912 -72.53118   5     17     45  
495.0  08:15:00 42.409206 -72.53073   3     11     41  
496.0  08:16:00 42.405483 -72.52976   4     16     43  
497.0  08:17:00 42.403103 -72.52906   4     17     55  
498.0  08:18:00 42.3981 -72.528076   4     19     59  
499.0  08:19:00 42.395252 -72.527   5     18     40  
500.0  08:20:00 42.393356 -72.525986   4     18     50  
501.0  08:21:00 42.391354 -72.525345   3     11     45  
502.0  08:22:00 42.38895 -72.5246   5     14     40  
503.0  08:23:00 42.386898 -72.522675   4     12     40  
504.0  08:24:00 42.38537 -72.52189   5     17     47  
505.0  08:25:00 42.382595 -72.52029   3     13     51  
506.0  08:26:00 42.37826 -72.51994   4     13     50  
507.0  08:27:00 42.376617 -72.51993   5     13     59  
508.0  08:28:00 42.3759 -72.52   5     16     40  
509.0  08:29:00 42.374355 -72.519905   5     15     43  
510.0  08:30:00 42.366833 -72.52025   4     14     49  
511.0  08:31:00 42.357697 -72.52099   5     11     52  
512.0  08:32:00 42.35224 -72.52359   4     19     58  
513.0  08:33:00 42.349915 -72.52755   4     14     46  
514.0  08:34:00 42.34887 -72.52891   3     18     59  
515.0  08:35:00 42.3489 -72.528915   3     14     48  
516.0  08:36:00 42.348885 -72.52892   5     19     49  
517.0  08:37:00 42.348892 -72.52895   4     10     52  
518.0  08:38:00 42.348846 -72.528946   5     12     51  
519.0  08:39:00 42.348877 -72.52895   5     12     43  
520.0  08:40:00 42.34887 -72.52893   4     13     44  
521.0  08:41:00 42.348625 -72.53059   4     12     41  
522.0  08:42:00 42.350567 -72.53026   3     13     51  
523.0  08:43:00 42.35156 -72.52645   5     10     40  
524.0  08:44:00 42.35232 -72.52343   3     15     45  
525.0  08:45:00 42.355698 -72.52107   5     14     51  
526.0  08:46:00 42.362614 -72.52069   5     15     52  
527.0  08:47:00 42.367523 -72.52013   4     16     49  
528.0  08:48:00 42.37271 -72.519775   5     12     51  
529.0  08:49:00 42.374603 -72.51979   5     13     59  
530.0  08:50:00 42.375237 -72.519905   4     18     46  
531.0  08:51:00 42.375187 -72.52   3     19     59  
532.0  08:52:00 42.37726 -72.51992   4     18     56  
533.0  08:53:00 42.37748 -72.51981   3     17     59  
534.0  08:54:00 42.380264 -72.51942   3     15     59  
535.0  08:55:00 42.383263 -72.52076   5     17     59  
536.0  08:56:00 42.387672 -72.52355   4     13     56  
537.0  08:57:00 42.38858 -72.5245   4     18     43  
538.0  08:58:00 42.39076 -72.525246   5     16     47  
539.0  08:59:00 42.391945 -72.52547   5     17     45  
540.0  09:00:00 42.39387 -72.526245   3     14     49  
541.0  09:01:00 42.394497 -72.52663   3     13     51  
542.0  09:02:00 42.3946 -72.52667   4     11     47  
543.0  09:03:00 42.397896 -72.52805   5     14     41  
544.0  09:04:00 42.403717 -72.52937   5     13     58  
545.0  09:05:00 42.40941 -72.53082   4     12     55  
546.0  09:06:00 42.409847 -72.53219   3     11     41  
547.0  09:07:00 42.40903 -72.5376   4     17     50  
548.0  09:08:00 42.418297 -72.536835   4     17     54  
549.0  09:09:00 42.429848 -72.54232   3     15     48  
550.0  09:10:00 42.44041 -72.5495   3     15     49  
551.0  09:11:00 42.449543 -72.55967   3     11     49  
552.0  09:12:00 42.452377 -72.5639   5     14     56  
553.0  09:13:00 42.459354 -72.57108   3     16     52  
554.0  09:14:00 42.46636 -72.57892   4     19     47  
555.0  09:15:00 42.464615 -72.58038   5     13     45  
556.0  09:16:00 42.45786 -72.58279   5     11     58  
557.0  09:17:00 42.457832 -72.58163   5     11     49  
558.0  09:18:00 42.459625 -72.579796   3     14     41  
559.0  09:19:00 42.458706 -72.57448   5     12     51  
560.0  09:20:00 42.454838 -72.56785   4     10     46  
561.0  09:21:00 42.453182 -72.565094   3     12     42  
562.0  09:22:00 42.451344 -72.56249   3     19     41  
563.0  09:23:00 42.445152 -72.55384   4     14     46  
564.0  09:24:00 42.433853 -72.54553   4     16     42  
565.0  09:25:00 42.428307 -72.54108   5     11     49  
566.0  09:26:00 42.421925 -72.537346   4     19     46  
567.0  09:27:00 42.40941 -72.537895   4     10     58  
568.0  09:28:00 42.409702 -72.53335   3     17     41  
569.0  09:29:00 42.40999 -72.53118   3     19     49  
570.0  09:30:00 42.408375 -72.53042   3     17     55  
571.0  09:31:00 42.403286 -72.52912   3     19     54  
572.0  09:32:00 42.39753 -72.527985   3     15     51  
573.0  09:33:00 42.39524 -72.527115   4     12     53  
574.0  09:34:00 42.393394 -72.52603   3     10     51  
575.0  09:35:00 42.39098 -72.52525   4     10     47  
576.0  09:36:00 42.389122 -72.52471   4     16     40  
577.0  09:37:00 42.38778 -72.5238   5     16     47  
578.0  09:38:00 42.385624 -72.52206   3     12     49  
579.0  09:39:00 42.380226 -72.51941   3     14     48  
580.0  09:40:00 42.37788 -72.51996   5     10     55  
581.0  09:41:00 42.37598 -72.51994   5     14     46  
582.0  09:42:00 42.37561 -72.51995   4     10     45  
583.0  09:43:00 42.373493 -72.51985   4     12     49  
584.0  09:44:00 42.3679 -72.52016   3     13     54  
585.0  09:45:00 42.358463 -72.52093   4     14     52  
586.0  09:46:00 42.353798 -72.52235   4     16     42  
587.0  09:47:00 42.351406 -72.52748   3     11     58  
588.0  09:48:00 42.349277 -72.52872   5     13     52  
589.0  09:49:00 42.34889 -72.528885   3     14     48  
590.0  09:50:00 42.348896 -72.52884   3     13     43  
591.0  09:51:00 42.34892 -72.528915   4     19     53  
592.0  09:52:00 42.348923 -72.52893   5     15     46  
593.0  09:53:00 42.348904 -72.52893   3     12     47  
594.0  09:54:00 42.348923 -72.528946   5     12     41  
595.0  09:55:00 42.34876 -72.52895   4     16     46  
596.0  09:56:00 42.34996 -72.530304   3     13     40  
597.0  09:57:00 42.351585 -72.52938   5     14     58  
598.0  09:58:00 42.35171 -72.52488   3     13     59  
599.0  09:59:00 42.3559 -72.520905   3     19     57  
600.0  10:00:00 42.362644 -72.52073   3     14     59  
601.0  10:01:00 42.367035 -72.52022   5     19     52  
602.0  10:02:00 42.37295 -72.51984   4     17     44  
603.0  10:03:00 42.37517 -72.519966   4     14     51  
604.0  10:04:00 42.376007 -72.51992   5     16     53  
605.0  10:05:00 42.37846 -72.51996   3     15     49  
606.0  10:06:00 42.381744 -72.51951   5     13     54  
607.0  10:07:00 42.38682 -72.52248   3     10     40  
608.0  10:08:00 42.38783 -72.523834   5     14     41  
609.0  10:09:00 42.39054 -72.52513   3     18     55  
610.0  10:10:00 42.39107 -72.525154   4     13     56  
611.0  10:11:00 42.392612 -72.52561   5     18     46  
612.0  10:12:00 42.39282 -72.52569   4     14     52  
613.0  10:13:00 42.394386 -72.526535   5     18     57  
614.0  10:14:00 42.40116 -72.52801   3     14     53  
615.0  10:15:00 42.407608 -72.53023   3     12     50  
616.0  10:16:00 42.409904 -72.531   5     15     46  
617.0  10:17:00 42.40938 -72.53565   4     10     43  
618.0  10:18:00 42.416027 -72.53709   5     14     40  
619.0  10:19:00 42.427723 -72.54055   5     14     53  
620.0  10:20:00 42.43814 -72.547745   3     16     50  
621.0  10:21:00 42.44767 -72.55612   5     10     48  
622.0  10:22:00 42.4523 -72.56365   3     15     43  
623.0  10:23:00 42.455048 -72.566956   4     19     54  
624.0  10:24:00 42.464622 -72.5748   3     16     43  
625.0  10:25:00 42.46505 -72.58026   4     19     42  
626.0  10:26:00 42.459194 -72.582214   5     13     55  
627.0  10:27:00 42.4577 -72.58146   3     10     44  
628.0  10:28:00 42.457718 -72.58145   5     11     45  
629.0  10:29:00 42.45772 -72.581406   4     16     52  
630.0  10:30:00 42.457737 -72.581474   3     15     59  
631.0  10:31:00 42.457706 -72.581474   4     12     54  
632.0  10:32:00 42.457718 -72.58146   4     13     54  
633.0  10:33:00 42.458633 -72.58239   3     14     44  
634.0  10:34:00 42.45934 -72.578415   4     14     40  
635.0  10:35:00 42.457706 -72.57091   5     12     58  
636.0  10:36:00 42.454567 -72.56672   4     11     40  
637.0  10:37:00 42.45153 -72.56276   5     16     40  
638.0  10:38:00 42.44758 -72.556076   3     16     57  
639.0  10:39:00 42.437817 -72.54754   3     13     51  
640.0  10:40:00 42.427094 -72.54014   3     13     48  
641.0  10:41:00 42.420124 -72.53697   5     16     52  
642.0  10:42:00 42.40895 -72.53792   3     16     49  
643.0  10:43:00 42.409664 -72.53341   3     17     59  
644.0  10:44:00 42.409164 -72.53071   3     18     48  
645.0  10:45:00 42.404243 -72.52969   3     14     40  
646.0  10:46:00 42.401974 -72.52836   5     11     53  
647.0  10:47:00 42.397125 -72.527855   4     11     53  
648.0  10:48:00 42.393394 -72.526024   4     15     40  
649.0  10:49:00 42.391357 -72.52534   3     11     51  
650.0  10:50:00 42.38916 -72.52476   3     11     48  
651.0  10:51:00 42.387814 -72.52387   3     12     46  
652.0  10:52:00 42.3878 -72.52385   5     19     52  
653.0  10:53:00 42.385845 -72.522446   4     14     57  
654.0  10:54:00 42.381535 -72.519325   3     19     48  
655.0  10:55:00 42.378464 -72.51998   3     15     56  
656.0  10:56:00 42.37717 -72.519905   5     12     51  
657.0  10:57:00 42.376026 -72.51998   5     17     58  
658.0  10:58:00 42.373882 -72.519844   5     15     57  
659.0  10:59:00 42.370796 -72.5199   5     18     55  
660.0  11:00:00 42.361847 -72.520744   3     12     58  
661.0  11:01:00 42.354084 -72.52207   5     15     52  
662.0  11:02:00 42.35158 -72.52729   4     15     41  
663.0  11:03:00 42.34925 -72.528755   5     13     41  
671.0  11:11:00 42.351517 -72.530174   3     10     58  
672.0  11:12:00 42.35171 -72.52472   4     14     54  
673.0  11:13:00 42.355362 -72.521126   3     18     43  
674.0  11:14:00 42.359867 -72.520775   3     19     58  
675.0  11:15:00 42.364758 -72.52058   5     10     59  
676.0  11:16:00 42.373306 -72.519775   5     14     45  
677.0  11:17:00 42.375153 -72.51985   3     17     50  
678.0  11:18:00 42.377396 -72.519875   3     18     51  
679.0  11:19:00 42.37865 -72.519966   3     14     53  
680.0  11:20:00 42.38171 -72.51945   5     18     55  
681.0  11:21:00 42.386417 -72.52239   3     18     51  
682.0  11:22:00 42.38766 -72.52349   5     17     58  
683.0  11:23:00 42.39024 -72.525116   5     10     51  
684.0  11:24:00 42.39127 -72.52529   5     12     53  
685.0  11:25:00 42.3939 -72.52618   3     19     42  
686.0  11:26:00 42.397007 -72.52781   5     18     55  
687.0  11:27:00 42.403965 -72.529564   4     14     47  
688.0  11:28:00 42.409046 -72.53065   4     19     47  
689.0  11:29:00 42.409843 -72.53089   4     19     48  
690.0  11:30:00 42.40961 -72.533646   4     13     40  
691.0  11:31:00 42.41195 -72.537575   3     17     45  
692.0  11:32:00 42.424576 -72.53844   4     13     55  
693.0  11:33:00 42.435295 -72.546295   3     10     52  
694.0  11:34:00 42.44586 -72.55434   5     11     57  
695.0  11:35:00 42.452248 -72.5636   3     17     49  
696.0  11:36:00 42.45481 -72.56671   3     10     54  
697.0  11:37:00 42.464535 -72.57467   4     12     40  
698.0  11:38:00 42.464893 -72.58027   4     13     50  
699.0  11:39:00 42.457653 -72.58254   3     13     43  
700.0  11:40:00 42.457703 -72.58138   3     19     40  
708.0  11:48:00 42.45912 -72.57655   4     13     49  
709.0  11:49:00 42.45743 -72.57029   4     16     51  
710.0  11:50:00 42.452847 -72.5644   5     16     57  
711.0  11:51:00 42.449863 -72.56011   4     15     53  
712.0  11:52:00 42.441437 -72.55041   5     17     44  
713.0  11:53:00 42.432903 -72.54479   4     16     48  
714.0  11:54:00 42.42614 -72.539345   4     10     52  
715.0  11:55:00 42.41465 -72.53706   4     16     43  
716.0  11:56:00 42.409157 -72.537834   3     12     47  
717.0  11:57:00 42.40974 -72.533264   4     15     54  
718.0  11:58:00 42.409164 -72.53056   4     11     47  
719.0  11:59:00 42.405315 -72.529755   5     16     58  
720.0  12:00:00 42.40321 -72.52905   3     13     51  
721.0  12:01:00 42.397785 -72.52809   3     16     49  
722.0  12:02:00 42.393375 -72.52599   3     16     44  
723.0  12:03:00 42.393394 -72.525856   5     15     57  
724.0  12:04:00 42.39181 -72.5252   3     15     40  
725.0  12:05:00 42.39081 -72.525276   3     12     58  
726.0  12:06:00 42.390774 -72.525215   4     15     55  
727.0  12:07:00 42.388035 -72.52404   4     13     56  
728.0  12:08:00 42.387745 -72.523834   5     18     49  
729.0  12:09:00 42.385845 -72.522514   5     16     44  
730.0  12:10:00 42.382362 -72.520195   3     14     49  
731.0  12:11:00 42.3795 -72.519684   5     17     41  
732.0  12:12:00 42.377853 -72.51997   3     11     51  
733.0  12:13:00 42.376003 -72.51991   4     19     44  
734.0  12:14:00 42.374363 -72.51984   3     17     59  
735.0  12:15:00 42.372963 -72.51973   3     11     45  
736.0  12:16:00 42.363953 -72.520676   5     15     45  
737.0  12:17:00 42.355297 -72.52132   4     17     55  
738.0  12:18:00 42.351616 -72.526146   4     11     49  
739.0  12:19:00 42.34964 -72.52808   3     18     45  
740.0  12:20:00 42.34888 -72.52887   3     11     50  
741.0  12:21:00 42.34885 -72.528854   4     14     50  
742.0  12:22:00 42.34887 -72.52886   3     19     46  
743.0  12:23:00 42.348846 -72.52889   5     19     40  
744.0  12:24:00 42.348885 -72.52885   4     18     56  
745.0  12:25:00 42.34866 -72.53057   3     19     47  
746.0  12:26:00 42.35153 -72.5303   3     13     48  
747.0  12:27:00 42.351555 -72.526474   5     14     55  
748.0  12:28:00 42.35427 -72.522095   4     14     43  
749.0  12:29:00 42.357685 -72.52087   4     11     58  
750.0  12:30:00 42.368046 -72.520065   3     16     58  
751.0  12:31:00 42.37284 -72.51977   4     16     43  
752.0  12:32:00 42.374702 -72.51976   5     15     45  
753.0  12:33:00 42.375393 -72.51979   4     14     53  
754.0  12:34:00 42.37737 -72.51986   5     10     55  
755.0  12:35:00 42.37734 -72.51994   3     15     47  
756.0  12:36:00 42.379757 -72.519485   5     19     53  
757.0  12:37:00 42.381348 -72.51922   4     12     53  
758.0  12:38:00 42.38446 -72.52137   5     11     41  
759.0  12:39:00 42.387714 -72.5236   3     11     47  
760.0  12:40:00 42.389572 -72.5249   5     10     47  
761.0  12:41:00 42.392628 -72.525604   4     18     57  
762.0  12:42:00 42.394012 -72.526085   3     13     47  
763.0  12:43:00 42.39982 -72.52801   4     10     58  
764.0  12:44:00 42.403976 -72.52949   4     17     41  
765.0  12:45:00 42.408485 -72.53048   5     15     46  
766.0  12:46:00 42.409626 -72.533295   4     13     47  
767.0  12:47:00 42.409103 -72.53786   4     13     51  
768.0  12:48:00 42.42049 -72.53701   5     14     43  
769.0  12:49:00 42.431343 -72.54356   5     12     56  
770.0  12:50:00 42.441338 -72.55054   4     16     40  
771.0  12:51:00 42.449837 -72.56015   3     15     56  
772.0  12:52:00 42.452267 -72.563644   4     17     40  
773.0  12:53:00 42.459717 -72.571304   3     13     52  
774.0  12:54:00 42.466362 -72.57908   4     17     45  
775.0  12:55:00 42.461285 -72.58155   3     16     52  
776.0  12:56:00 42.457687 -72.58141   4     19     46  
784.0  13:04:00 42.458015 -72.571236   5     15     45  
785.0  13:05:00 42.45369 -72.56562   3     18     56  
786.0  13:06:00 42.451527 -72.56276   3     19     55  
787.0  13:07:00 42.4459 -72.55431   4     15     47  
788.0  13:08:00 42.435993 -72.54657   3     11     44  
789.0  13:09:00 42.42627 -72.53957   3     17     43  
790.0  13:10:00 42.41526 -72.53711   5     11     46  
791.0  13:11:00 42.408924 -72.53769   5     10     44  
792.0  13:12:00 42.40959 -72.53334   5     17     51  
793.0  13:13:00 42.409077 -72.53069   5     16     45  
794.0  13:14:00 42.403088 -72.52907   5     15     52  
795.0  13:15:00 42.400433 -72.527885   4     15     44  
796.0  13:16:00 42.39607 -72.5274   5     16     40  
797.0  13:17:00 42.39423 -72.52641   5     19     48  
798.0  13:18:00 42.393814 -72.52616   5     14     40  
799.0  13:19:00 42.393578 -72.526115   4     10     56  
800.0  13:20:00 42.39329 -72.52597   3     19     43  
801.0  13:21:00 42.39334 -72.52593   4     17     46  
802.0  13:22:00 42.390827 -72.5252   3     11     52  
803.0  13:23:00 42.389626 -72.52489   4     17     51  
804.0  13:24:00 42.387756 -72.52384   3     17     50  
805.0  13:25:00 42.387466 -72.52333   3     13     41  
806.0  13:26:00 42.385704 -72.52232   4     14     45  
807.0  13:27:00 42.382782 -72.520454   4     14     42  
808.0  13:28:00 42.379524 -72.51965   4     14     59  
809.0  13:29:00 42.377865 -72.51995   4     17     45  
810.0  13:30:00 42.377712 -72.51989   4     10     40  
811.0  13:31:00 42.376076 -72.519905   4     11     42  
812.0  13:32:00 42.3759 -72.51994   3     11     40  
813.0  13:33:00 42.374474 -72.5199   3     15     59  
814.0  13:34:00 42.373455 -72.51992   5     13     45  
815.0  13:35:00 42.36674 -72.52028   4     12     52  
816.0  13:36:00 42.356564 -72.52096   4     14     57  
817.0  13:37:00 42.35398 -72.522194   5     12     54  
818.0  13:38:00 42.35153 -72.52626   5     11     51  
819.0  13:39:00 42.349976 -72.52753   3     10     50  
820.0  13:40:00 42.348915 -72.528885   4     15     44  
821.0  13:41:00 42.350063 -72.53031   4     12     48  
822.0  13:42:00 42.351524 -72.52652   3     19     48  
823.0  13:43:00 42.354145 -72.52211   5     10     43  
824.0  13:44:00 42.360153 -72.52079   5     15     49  
825.0  13:45:00 42.37101 -72.519745   3     19     44  
826.0  13:46:00 42.372986 -72.51976   4     15     50  
827.0  13:47:00 42.374744 -72.5198   3     12     59  
828.0  13:48:00 42.37475 -72.51991   3     15     43  
829.0  13:49:00 42.376774 -72.51987   3     19     44  
830.0  13:50:00 42.377644 -72.51991   4     17     58  
831.0  13:51:00 42.381397 -72.519295   3     14     47  
832.0  13:52:00 42.38171 -72.51948   3     14     44  
833.0  13:53:00 42.386986 -72.52268   3     16     58  
834.0  13:54:00 42.38779 -72.523605   4     16     51  
835.0  13:55:00 42.38771 -72.523575   4     16     52  
836.0  13:56:00 42.38847 -72.52438   4     17     47  
837.0  13:57:00 42.39114 -72.52522   4     16     41  
838.0  13:58:00 42.393963 -72.526215   3     19     53  
839.0  13:59:00 42.395077 -72.52695   4     13     57  
840.0  14:00:00 42.39819 -72.52803   4     17     49  
841.0  14:01:00 42.40395 -72.52948   5     18     47  
842.0  14:02:00 42.409237 -72.53072   5     18     49  
843.0  14:03:00 42.409924 -72.53164   4     13     57  
844.0  14:04:00 42.409412 -72.53621   3     11     40  
845.0  14:05:00 42.416904 -72.53695   4     16     48  
846.0  14:06:00 42.42776 -72.54057   3     15     46  
847.0  14:07:00 42.43815 -72.54771   5     15     41  
848.0  14:08:00 42.447742 -72.55609   3     19     51  
849.0  14:09:00 42.45349 -72.5654   4     15     48  
850.0  14:10:00 42.456554 -72.56835   3     19     52  
851.0  14:11:00 42.464985 -72.575325   3     17     58  
852.0  14:12:00 42.464214 -72.580505   5     11     59  
853.0  14:13:00 42.457634 -72.582466   4     13     56  
854.0  14:14:00 42.458076 -72.581985   5     10     55  
855.0  14:15:00 42.45765 -72.581505   4     17     41  
856.0  14:16:00 42.457706 -72.58157   4     17     57  
857.0  14:17:00 42.4575 -72.58137   3     13     56  
858.0  14:18:00 42.45769 -72.58143   5     10     40  
859.0  14:19:00 42.45781 -72.58154   3     12     54  
860.0  14:20:00 42.457924 -72.58259   3     10     55  
861.0  14:21:00 42.459484 -72.57848   4     14     56  
862.0  14:22:00 42.45858 -72.573166   5     12     45  
863.0  14:23:00 42.454723 -72.566635   5     16     41  
864.0  14:24:00 42.451565 -72.562836   4     12     57  
865.0  14:25:00 42.447536 -72.555824   4     13     43  
866.0  14:26:00 42.437843 -72.54755   5     14     54  
867.0  14:27:00 42.426956 -72.53996   5     13     57  
868.0  14:28:00 42.41547 -72.537125   5     11     46  
869.0  14:29:00 42.40899 -72.537834   4     11     50  
870.0  14:30:00 42.4101 -72.53225   3     11     53  
871.0  14:31:00 42.409023 -72.53058   3     16     49  
872.0  14:32:00 42.406612 -72.529945   4     17     51  
873.0  14:33:00 42.40336 -72.52915   3     18     59  
874.0  14:34:00 42.397984 -72.528114   3     15     54  
875.0  14:35:00 42.395844 -72.52722   5     16     55  
876.0  14:36:00 42.395546 -72.52706   3     10     40  
877.0  14:37:00 42.393425 -72.526024   4     15     57  
878.0  14:38:00 42.39087 -72.52523   4     17     53  
879.0  14:39:00 42.388577 -72.52443   3     10     40  
880.0  14:40:00 42.387592 -72.52357   3     10     42  
881.0  14:41:00 42.385696 -72.522194   3     17     52  
882.0  14:42:00 42.382584 -72.52031   4     18     41  
883.0  14:43:00 42.379738 -72.519646   3     11     48  
884.0  14:44:00 42.37807 -72.519936   5     10     49  
885.0  14:45:00 42.37796 -72.51994   5     15     41  
886.0  14:46:00 42.375793 -72.51989   4     18     55  
887.0  14:47:00 42.373333 -72.51984   3     19     57  
888.0  14:48:00 42.366276 -72.52032   5     18     56  
889.0  14:49:00 42.356937 -72.52098   3     18     59  
890.0  14:50:00 42.353855 -72.52225   5     12     51  
891.0  14:51:00 42.351555 -72.527435   4     19     46  
892.0  14:52:00 42.349186 -72.52885   4     16     58  
893.0  14:53:00 42.348766 -72.528755   4     11     49  
894.0  14:54:00 42.34856 -72.5286   4     14     40  
895.0  14:55:00 42.348316 -72.530045   5     14     45  
896.0  14:56:00 42.350945 -72.53035   5     11     59  
897.0  14:57:00 42.35167 -72.52663   5     15     42  
898.0  14:58:00 42.35514 -72.52148   4     15     46  
899.0  14:59:00 42.35676 -72.52096   5     19     53  
900.0  15:00:00 42.361893 -72.52081   5     15     40  
901.0  15:01:00 42.370495 -72.5198   5     12     42  
902.0  15:02:00 42.374775 -72.51981   5     14     44  
903.0  15:03:00 42.37657 -72.51988   3     16     43  
904.0  15:04:00 42.37759 -72.519775   4     14     52  
905.0  15:05:00 42.379868 -72.51956   5     19     59  
906.0  15:06:00 42.382603 -72.520294   4     13     47  
907.0  15:07:00 42.386208 -72.52255   5     14     42  
908.0  15:08:00 42.38853 -72.52443   5     13     58  
909.0  15:09:00 42.391224 -72.52535   3     19     59  
910.0  15:10:00 42.39393 -72.52618   3     19     50  
911.0  15:11:00 42.39682 -72.52771   5     16     42  
912.0  15:12:00 42.40153 -72.52813   4     15     44  
913.0  15:13:00 42.40893 -72.53058   5     17     44  
914.0  15:14:00 42.409756 -72.53083   4     14     47  
915.0  15:15:00 42.409443 -72.53529   3     16     59  
916.0  15:16:00 42.41594 -72.537056   3     19     57  
917.0  15:17:00 42.427193 -72.54021   5     13     55  
918.0  15:18:00 42.43132 -72.54348   5     19     58  
919.0  15:19:00 42.43939 -72.54867   4     19     45  
920.0  15:20:00 42.44827 -72.55726   4     17     41  
921.0  15:21:00 42.452305 -72.563705   4     13     43  
922.0  15:22:00 42.459007 -72.570694   4     13     40  
923.0  15:23:00 42.466133 -72.57796   5     14     51  
924.0  15:24:00 42.46437 -72.58045   5     16     44  
925.0  15:25:00 42.457672 -72.58265   3     13     44  
935.0  15:35:00 42.456783 -72.56971   5     14     52  
936.0  15:36:00 42.456783 -72.56971   5     10     41  
937.0  15:37:00 42.456783 -72.56971   3     13     57  
938.0  15:38:00 42.456783 -72.56971   4     12     47  
939.0  15:39:00 42.456783 -72.56971   3     11     53  
940.0  15:40:00 42.456783 -72.56971   4     16     58  
941.0  15:41:00 42.456783 -72.56971   5     13     57  
942.0  15:42:00 42.456783 -72.56971   4     17     41  
943.0  15:43:00 42.40981 -72.531746   5     10     41  
944.0  15:44:00 42.408207 -72.530396   4     11     49  
945.0  15:45:00 42.40062 -72.52794   4     16     43  
946.0  15:46:00 42.395687 -72.527275   5     10     48  
947.0  15:47:00 42.393463 -72.52606   5     14     53  
948.0  15:48:00 42.39102 -72.525215   3     13     47  
949.0  15:49:00 42.388798 -72.52457   4     10     41  
950.0  15:50:00 42.387848 -72.523895   4     16     56  
951.0  15:51:00 42.3861 -72.52241   5     14     52  
952.0  15:52:00 42.38299 -72.52068   3     12     51  
953.0  15:53:00 42.3801 -72.51944   4     13     59  
954.0  15:54:00 42.378635 -72.51993   5     10     51  
955.0  15:55:00 42.37775 -72.52   4     19     49  
956.0  15:56:00 42.377712 -72.519966   4     10     59  
957.0  15:57:00 42.37598 -72.51994   3     18     56  
958.0  15:58:00 42.375874 -72.51992   5     13     51  
959.0  15:59:00 42.373363 -72.51982   4     13     43  
960.0  16:00:00 42.369457 -72.51986   5     11     46  
961.0  16:01:00 42.360615 -72.52077   4     13     43  
962.0  16:02:00 42.35397 -72.52221   3     13     58  
963.0  16:03:00 42.35164 -72.52605   5     10     52  
964.0  16:04:00 42.349888 -72.52757   5     12     46  
965.0  16:05:00 42.348896 -72.52888   4     17     48  
966.0  16:06:00 42.348934 -72.52885   4     10     50  
967.0  16:07:00 42.348923 -72.52885   3     15     45  
968.0  16:08:00 42.348885 -72.52883   4     16     59  
969.0  16:09:00 42.348957 -72.528885   4     14     53  
970.0  16:10:00 42.348305 -72.52935   3     15     42  
971.0  16:11:00 42.35042 -72.53031   5     19     54  
972.0  16:12:00 42.351604 -72.528885   4     18     42  
973.0  16:13:00 42.355537 -72.52126   3     19     54  
974.0  16:14:00 42.355797 -72.52097   3     17     50  
975.0  16:15:00 42.36457 -72.52065   3     19     59  
976.0  16:16:00 42.372646 -72.51976   5     10     51  
977.0  16:17:00 42.374577 -72.51977   5     11     49  
978.0  16:18:00 42.37708 -72.519875   5     13     58  
979.0  16:19:00 42.379536 -72.519615   4     16     41  
980.0  16:20:00 42.382763 -72.52043   5     19     53  
981.0  16:21:00 42.38655 -72.52239   4     10     45  
982.0  16:22:00 42.38781 -72.52367   5     12     41  
983.0  16:23:00 42.39059 -72.52516   3     17     54  
984.0  16:24:00 42.39351 -72.52602   5     18     44  
985.0  16:25:00 42.39461 -72.52661   3     13     44  
986.0  16:26:00 42.39507 -72.52684   5     14     46  
987.0  16:27:00 42.398922 -72.528076   4     10     46  
988.0  16:28:00 42.406857 -72.53   5     13     57  
989.0  16:29:00 42.409878 -72.53182   5     16     57  
990.0  16:30:00 42.40922 -72.53699   3     15     43  
991.0  16:31:00 42.41779 -72.5368   5     14     56  
992.0  16:32:00 42.4286 -72.54121   3     15     41  
993.0  16:33:00 42.438477 -72.547966   3     15     56  
994.0  16:34:00 42.44769 -72.556175   4     14     53  
995.0  16:35:00 42.45228 -72.563644   3     15     44  
996.0  16:36:00 42.452267 -72.563644   5     10     57  
997.0  16:37:00 42.458485 -72.570274   3     15     49  
998.0  16:38:00 42.465378 -72.57588   5     15     49  
999.0  16:39:00 42.4655 -72.58   3     18     56  
1000.0  16:40:00 42.457985 -72.5827   3     14     57  
1001.0  16:41:00 42.45771 -72.5815   5     12     59  
1002.0  16:42:00 42.457733 -72.58148   5     13     42  
1003.0  16:43:00 42.457733 -72.58146   3     17     45  
1004.0  16:44:00 42.457752 -72.58142   5     19     48  
1005.0  16:45:00 42.457733 -72.581436   5     17     49  
1006.0  16:46:00 42.457787 -72.58145   3     12     54  
1007.0  16:47:00 42.457813 -72.581474   3     16     59  
1008.0  16:48:00 42.459793 -72.580826   3     11     57  
1009.0  16:49:00 42.458664 -72.57441   4     17     45  
1010.0  16:50:00 42.454563 -72.56671   4     14     59  
1011.0  16:51:00 42.451553 -72.56284   4     18     51  
1019.0  16:59:00 42.4351 -72.54607   4     10     59  
1020.0  17:00:00 42.425705 -72.53917   5     15     58  
1021.0  17:01:00 42.415115 -72.53715   3     18     50  
1022.0  17:02:00 42.409214 -72.53696   5     12     46  
1023.0  17:03:00 42.409554 -72.53084   5     18     43  
1024.0  17:04:00 42.402607 -72.528694   4     10     43  
1025.0  17:05:00 42.395657 -72.527176   4     12     52  
1026.0  17:06:00 42.394325 -72.52649   3     18     51  
1027.0  17:07:00 42.3927 -72.525635   5     19     46  
1028.0  17:08:00 42.390903 -72.525116   5     11     45  
1029.0  17:09:00 42.387836 -72.52391   5     18     49  
1030.0  17:10:00 42.385857 -72.52251   3     12     47  
1031.0  17:11:00 42.381794 -72.51967   5     10     52  
1032.0  17:12:00 42.3785 -72.51994   4     12     48  
1033.0  17:13:00 42.377865 -72.519966   4     19     55  
1034.0  17:14:00 42.37654 -72.51993   4     15     54  
1035.0  17:15:00 42.375813 -72.51988   3     10     57  
1036.0  17:16:00 42.373535 -72.51986   5     19     46  
1037.0  17:17:00 42.3662 -72.520355   5     13     59  
1038.0  17:18:00 42.357597 -72.52095   5     17     57  
1039.0  17:19:00 42.351906 -72.52403   3     17     40  
1040.0  17:20:00 42.350864 -72.52744   3     11     57  
1041.0  17:21:00 42.34891 -72.528885   5     16     50  
1042.0  17:22:00 42.34888 -72.52887   3     16     48  
1043.0  17:23:00 42.348892 -72.52885   3     19     55  
1044.0  17:24:00 42.348816 -72.52881   3     10     55  
1045.0  17:25:00 42.348854 -72.52889   4     16     55  
1046.0  17:26:00 42.349648 -72.53034   5     13     54  
1047.0  17:27:00 42.351578 -72.52975   5     18     49  
1048.0  17:28:00 42.351906 -72.52423   4     18     54  
1049.0  17:29:00 42.355656 -72.52106   5     17     49  
1050.0  17:30:00 42.358345 -72.52085   4     14     47  
1051.0  17:31:00 42.36626 -72.52026   3     13     51  
1052.0  17:32:00 42.37303 -72.51981   5     19     59  
1053.0  17:33:00 42.373077 -72.519775   5     12     56  
1054.0  17:34:00 42.374664 -72.51974   4     16     58  
1055.0  17:35:00 42.376102 -72.519905   4     19     51  
1056.0  17:36:00 42.377975 -72.51992   3     12     58  
1057.0  17:37:00 42.38121 -72.519325   5     16     47  
1058.0  17:38:00 42.384117 -72.52129   5     19     47  
1059.0  17:39:00 42.387623 -72.52363   3     13     56  
1060.0  17:40:00 42.389935 -72.52504   4     15     49  
1061.0  17:41:00 42.392338 -72.525604   5     12     52  
1062.0  17:42:00 42.393856 -72.52626   4     12     41  
1063.0  17:43:00 42.395027 -72.52717   3     18     48  
1064.0  17:44:00 42.402473 -72.528595   5     17     58  
1065.0  17:45:00 42.409027 -72.53068   5     13     58  
1066.0  17:46:00 42.409634 -72.53292   3     19     50  
1067.0  17:47:00 42.409416 -72.53611   4     14     41  
1068.0  17:48:00 42.413914 -72.537315   3     11     51  
1069.0  17:49:00 42.424736 -72.53857   5     19     40  
1070.0  17:50:00 42.433464 -72.5453   5     10     42  
1071.0  17:51:00 42.44308 -72.55237   5     14     51  
1072.0  17:52:00 42.450497 -72.56115   4     10     50  
1073.0  17:53:00 42.45223 -72.563774   5     11     46  
1074.0  17:54:00 42.458817 -72.57062   5     10     44  
1075.0  17:55:00 42.465393 -72.57591   5     18     46  
1076.0  17:56:00 42.465214 -72.58018   3     14     47  
1077.0  17:57:00 42.457783 -72.58278   4     13     46  
1078.0  17:58:00 42.457745 -72.58145   3     11     47  
1079.0  17:59:00 42.457775 -72.58148   3     18     55  
1080.0  18:00:00 42.457764 -72.5815   5     11     55  
1081.0  18:01:00 42.457794 -72.581505   5     13     42  
1082.0  18:02:00 42.459187 -72.58222   5     11     43  
1083.0  18:03:00 42.45883 -72.57507   4     12     44  
1084.0  18:04:00 42.456306 -72.56936   5     15     49  
1085.0  18:05:00 42.451893 -72.563225   4     15     43  
1086.0  18:06:00 42.448368 -72.557526   4     15     49  
1087.0  18:07:00 42.439957 -72.5491   4     16     56  
1088.0  18:08:00 42.430134 -72.542564   4     17     45  
1089.0  18:09:00 42.420605 -72.53701   5     13     55  
1090.0  18:10:00 42.40984 -72.53783   4     14     48  
1091.0  18:11:00 42.40941 -72.53508   3     16     51  
1092.0  18:12:00 42.409126 -72.530685   3     15     42  
1093.0  18:13:00 42.402576 -72.52866   5     14     49  
1094.0  18:14:00 42.39596 -72.52736   5     10     57  
1095.0  18:15:00 42.393337 -72.52603   4     15     43  
1096.0  18:16:00 42.393387 -72.526054   3     14     47  
1097.0  18:17:00 42.391926 -72.525444   4     13     45  
1098.0  18:18:00 42.38841 -72.52438   5     16     59  
1099.0  18:19:00 42.38711 -72.52285   3     17     51  
1100.0  18:20:00 42.382336 -72.520134   5     12     40  
1101.0  18:21:00 42.379116 -72.51986   5     13     58  
1102.0  18:22:00 42.376404 -72.51992   5     15     46  
1103.0  18:23:00 42.374393 -72.51984   3     17     44  
1104.0  18:24:00 42.369255 -72.51997   3     14     48  
1105.0  18:25:00 42.36208 -72.5208   3     19     44  
1106.0  18:26:00 42.355453 -72.521255   3     10     44  
1107.0  18:27:00 42.351543 -72.52718   3     14     40  
1108.0  18:28:00 42.34945 -72.52856   5     13     40  
1109.0  18:29:00 42.348896 -72.5289   3     19     40  
1110.0  18:30:00 42.348892 -72.52892   4     17     48  
1111.0  18:31:00 42.348873 -72.5289   3     13     41  
1112.0  18:32:00 42.34885 -72.528854   5     19     50  
1113.0  18:33:00 42.348843 -72.52887   3     18     51  
1114.0  18:34:00 42.348835 -72.52887   5     17     59  
1115.0  18:35:00 42.348877 -72.528915   3     15     51  
1116.0  18:36:00 42.34886 -72.528915   4     18     55  
1117.0  18:37:00 42.348846 -72.5289   4     15     45  
1118.0  18:38:00 42.348843 -72.5289   3     10     42  
1119.0  18:39:00 42.34882 -72.52895   4     15     42  
1120.0  18:40:00 42.34888 -72.5289   4     17     49  
1121.0  18:41:00 42.348946 -72.53053   4     13     59  
1122.0  18:42:00 42.35153 -72.530334   4     11     52  
1123.0  18:43:00 42.35159 -72.52613   3     14     48  
1124.0  18:44:00 42.355698 -72.52104   5     12     41  
1125.0  18:45:00 42.360703 -72.5208   3     14     55  
1126.0  18:46:00 42.369003 -72.519966   3     10     55  
1127.0  18:47:00 42.373123 -72.5198   5     10     43  
1128.0  18:48:00 42.375732 -72.51982   3     15     44  
1129.0  18:49:00 42.377068 -72.5199   3     18     42  
1130.0  18:50:00 42.377373 -72.51991   4     10     54  
1131.0  18:51:00 42.378315 -72.51996   4     13     57  
1132.0  18:52:00 42.379776 -72.51949   3     18     44  
1133.0  18:53:00 42.381542 -72.51929   5     17     49  
1134.0  18:54:00 42.38595 -72.5224   3     13     40  
1135.0  18:55:00 42.38777 -72.52364   3     12     51  
1136.0  18:56:00 42.389603 -72.52493   3     17     44  
1137.0  18:57:00 42.391247 -72.52524   5     19     40  
1138.0  18:58:00 42.391483 -72.52526   5     12     52  
1139.0  18:59:00 42.391327 -72.52529   3     12     46  
1140.0  19:00:00 42.391247 -72.52519   3     11     57  
1141.0  19:01:00 42.391163 -72.52518   4     15     54  
1142.0  19:02:00 42.39105 -72.525154   3     19     44  
1143.0  19:03:00 42.393673 -72.52607   4     18     50  
1144.0  19:04:00 42.39393 -72.526085   5     11     46  
1145.0  19:05:00 42.396557 -72.5276   3     13     57  
1146.0  19:06:00 42.399734 -72.52799   5     12     54  
1147.0  19:07:00 42.403957 -72.529564   5     11     58  
1148.0  19:08:00 42.406174 -72.52983   5     15     52  
1149.0  19:09:00 42.40973 -72.53086   5     19     57  
1150.0  19:10:00 42.40961 -72.53358   3     12     40  
1151.0  19:11:00 42.40917 -72.53788   4     13     40  
1152.0  19:12:00 42.419888 -72.536896   4     15     41  
1153.0  19:13:00 42.429897 -72.54229   3     12     53  
1154.0  19:14:00 42.43145 -72.54364   4     17     53  
1155.0  19:15:00 42.44013 -72.54929   5     16     46  
1156.0  19:16:00 42.448734 -72.55821   5     11     50  
1157.0  19:17:00 42.45228 -72.56364   4     19     49  
1158.0  19:18:00 42.457447 -72.56923   4     14     48  
1159.0  19:19:00 42.46534 -72.57591   3     13     41  
1160.0  19:20:00 42.464783 -72.58024   3     19     51  
1161.0  19:21:00 42.45781 -72.58271   4     18     41  
1162.0  19:22:00 42.45775 -72.58145   3     19     57  
1163.0  19:23:00 42.459408 -72.58215   5     12     47  
1164.0  19:24:00 42.458706 -72.57433   5     13     44  
1165.0  19:25:00 42.456158 -72.56921   3     19     47  
1166.0  19:26:00 42.45207 -72.56348   5     15     53  
1167.0  19:27:00 42.44592 -72.55431   3     12     42  
1168.0  19:28:00 42.43644 -72.546814   4     14     56  
1169.0  19:29:00 42.42686 -72.53995   4     16     59  
1170.0  19:30:00 42.415813 -72.537094   4     10     50  
1171.0  19:31:00 42.408913 -72.53788   5     17     51  
1172.0  19:32:00 42.409893 -72.53096   3     18     42  
1173.0  19:33:00 42.40437 -72.52972   3     12     42  
1174.0  19:34:00 42.396717 -72.52768   5     14     53  
1175.0  19:35:00 42.393486 -72.52604   3     16     54  
1176.0  19:36:00 42.39161 -72.525345   5     14     45  
1177.0  19:37:00 42.389874 -72.52499   3     17     53  
1178.0  19:38:00 42.387703 -72.52384   5     11     44  
1179.0  19:39:00 42.384155 -72.52118   4     17     46  
1180.0  19:40:00 42.379585 -72.51969   4     15     43  
1181.0  19:41:00 42.378082 -72.52001   3     14     51  
1182.0  19:42:00 42.375587 -72.51988   5     18     59  
1183.0  19:43:00 42.370674 -72.519844   3     16     47  
1184.0  19:44:00 42.362553 -72.52083   3     14     52  
1185.0  19:45:00 42.361687 -72.520805   3     10     53  
1186.0  19:46:00 42.354824 -72.52154   5     18     41  
1187.0  19:47:00 42.35164 -72.525665   5     18     54  
1188.0  19:48:00 42.350937 -72.52744   3     12     57  
1189.0  19:49:00 42.349037 -72.52885   3     16     40  
1190.0  19:50:00 42.34898 -72.52889   4     10     47  
1191.0  19:51:00 42.34835 -72.52986   3     17     52  
1192.0  19:52:00 42.35052 -72.53029   3     10     48  
1193.0  19:53:00 42.35153 -72.52644   4     14     55  
1194.0  19:54:00 42.35569 -72.52126   4     19     54  
1195.0  19:55:00 42.36067 -72.52077   5     16     43  
1196.0  19:56:00 42.369102 -72.51997   5     11     48  
1197.0  19:57:00 42.37472 -72.519806   3     19     46  
1198.0  19:58:00 42.37748 -72.51987   5     11     58  
1199.0  19:59:00 42.378365 -72.519875   3     17     46  
1200.0  20:00:00 42.380283 -72.51938   3     16     52  
1201.0  20:01:00 42.381275 -72.5192   4     19     59  
1202.0  20:02:00 42.38528 -72.52184   5     19     52  
1203.0  20:03:00 42.38769 -72.523605   4     16     46  
1204.0  20:04:00 42.39107 -72.52527   3     17     55  
1205.0  20:05:00 42.393593 -72.52602   5     11     49  
1206.0  20:06:00 42.395164 -72.527   4     10     55  
1207.0  20:07:00 42.39702 -72.527794   3     19     51  
1208.0  20:08:00 42.40403 -72.52953   3     16     52  
1209.0  20:09:00 42.40755 -72.53014   4     19     56  
1210.0  20:10:00 42.410038 -72.53092   4     19     53  
1211.0  20:11:00 42.40954 -72.535126   3     10     42  
1212.0  20:12:00 42.415176 -72.53709   4     12     46  
1213.0  20:13:00 42.426487 -72.53958   5     12     47  
1214.0  20:14:00 42.436764 -72.546936   3     10     52  
1215.0  20:15:00 42.44643 -72.5547   4     17     51  
1216.0  20:16:00 42.452286 -72.56367   4     16     42  
1217.0  20:17:00 42.455708 -72.56756   5     19     43  
1218.0  20:18:00 42.464714 -72.574905   3     13     47  
1219.0  20:19:00 42.463825 -72.58072   3     16     47  
1220.0  20:20:00 42.457657 -72.58244   3     16     49  
1221.0  20:21:00 42.45779 -72.58155   4     16     55  
1222.0  20:22:00 42.457767 -72.58151   4     17     50  
1223.0  20:23:00 42.457787 -72.581474   3     10     55  
1224.0  20:24:00 42.457767 -72.581474   5     10     45  
1225.0  20:25:00 42.457764 -72.581505   3     13     47  
1226.0  20:26:00 42.45779 -72.581474   5     10     59  
1227.0  20:27:00 42.457783 -72.58152   4     15     46  
1228.0  20:28:00 42.45774 -72.5815   5     15     59  
1229.0  20:29:00 42.457996 -72.58261   3     13     46  
1230.0  20:30:00 42.459354 -72.57835   5     14     47  
1231.0  20:31:00 42.458263 -72.57211   4     11     43  
1232.0  20:32:00 42.45402 -72.565956   3     19     57  
1233.0  20:33:00 42.447968 -72.556984   4     16     51  
1234.0  20:34:00 42.438805 -72.54819   5     19     53  
1235.0  20:35:00 42.428356 -72.54104   5     14     53  
1236.0  20:36:00 42.417015 -72.5369   4     14     46  
1237.0  20:37:00 42.409054 -72.53725   5     14     45  
1238.0  20:38:00 42.40999 -72.531136   5     12     52  
1239.0  20:39:00 42.40473 -72.529785   3     17     50  
1240.0  20:40:00 42.401077 -72.528015   3     19     47  
1241.0  20:41:00 42.394497 -72.5266   4     19     56  
1242.0  20:42:00 42.39197 -72.525475   4     17     52  
1243.0  20:43:00 42.390507 -72.525185   3     10     42  
1244.0  20:44:00 42.387444 -72.52327   3     13     56  
1245.0  20:45:00 42.385708 -72.5224   3     14     48  
1246.0  20:46:00 42.380722 -72.51939   4     16     51  
1247.0  20:47:00 42.377827 -72.519966   3     17     52  
1248.0  20:48:00 42.374382 -72.519905   5     13     52  
1249.0  20:49:00 42.37217 -72.519585   5     10     40  
1250.0  20:50:00 42.373245 -72.51979   3     11     47  
1251.0  20:51:00 42.36728 -72.52023   4     15     43  
1252.0  20:52:00 42.360985 -72.52079   5     12     56  
1253.0  20:53:00 42.353844 -72.52233   3     10     58  
1254.0  20:54:00 42.35153 -72.52732   5     19     42  
1255.0  20:55:00 42.349167 -72.528786   4     16     41  
1256.0  20:56:00 42.348843 -72.528915   4     16     56  
1257.0  20:57:00 42.34883 -72.52894   3     16     58  
1258.0  20:58:00 42.348873 -72.528915   3     12     59  
1259.0  20:59:00 42.348858 -72.52886   3     15     41  
1260.0  21:00:00 42.348316 -72.529884   3     16     41  
1261.0  21:01:00 42.350445 -72.53036   4     10     41  
1262.0  21:02:00 42.35149 -72.52652   4     12     52  
1263.0  21:03:00 42.35535 -72.52132   4     11     42  
1265.0  21:05:00 42.370068 -72.51986   4     10     45  
1266.0  21:06:00 42.374683 -72.5198   5     15     56  
1267.0  21:07:00 42.375435 -72.519806   4     16     54  
1268.0  21:08:00 42.376934 -72.51992   4     11     59  
1269.0  21:09:00 42.379597 -72.51961   3     16     43  
1270.0  21:10:00 42.38139 -72.51928   4     10     54  
1271.0  21:11:00 42.386143 -72.52245   5     15     46  
1272.0  21:12:00 42.387783 -72.52367   5     16     58  
1273.0  21:13:00 42.39206 -72.52552   4     16     56  
1274.0  21:14:00 42.39407 -72.52635   4     14     50  
1275.0  21:15:00 42.395367 -72.52712   5     10     48  
1276.0  21:16:00 42.40304 -72.52895   4     13     40  
1277.0  21:17:00 42.406464 -72.52988   4     12     57  
1278.0  21:18:00 42.40983 -72.53097   3     13     44  
1279.0  21:19:00 42.409462 -72.53522   4     14     40  
1280.0  21:20:00 42.415863 -72.53706   4     14     54  
1281.0  21:21:00 42.42764 -72.540504   3     17     59  
1282.0  21:22:00 42.438385 -72.54799   4     17     59  
1283.0  21:23:00 42.447598 -72.55608   4     11     43  
1284.0  21:24:00 42.452248 -72.56372   5     12     57  
1285.0  21:25:00 42.45624 -72.56807   4     18     47  
1286.0  21:26:00 42.4651 -72.57549   5     19     46  
1287.0  21:27:00 42.465363 -72.58012   4     16     58  
1288.0  21:28:00 42.46303 -72.5809   5     10     55  
1289.0  21:29:00 42.45757 -72.58206   4     12     44  
1290.0  21:30:00 42.457752 -72.58157   3     13     59  
1291.0  21:31:00 42.457676 -72.5815   5     16     42  
1292.0  21:32:00 42.457718 -72.5815   3     11     53  
1293.0  21:33:00 42.457657 -72.58146   4     19     47  
1294.0  21:34:00 42.457672 -72.58138   5     14     56  
1295.0  21:35:00 42.457726 -72.58145   4     11     56  
1296.0  21:36:00 42.457695 -72.58146   5     14     46  
1297.0  21:37:00 42.45771 -72.58148   4     11     49  
1298.0  21:38:00 42.45797 -72.582634   3     13     58  
1299.0  21:39:00 42.459126 -72.57697   5     15     40  
1300.0  21:40:00 42.455166 -72.56819   3     18     48  
1301.0  21:41:00 42.4516 -72.56288   5     17     40  
1302.0  21:42:00 42.45 -72.56058   5     12     47  
1303.0  21:43:00 42.442017 -72.55136   4     14     40  
1304.0  21:44:00 42.431572 -72.54389   4     19     45  
1305.0  21:45:00 42.421345 -72.5372   3     15     49  
1306.0  21:46:00 42.409657 -72.53781   3     18     43  
1307.0  21:47:00 42.409615 -72.53347   3     15     40  
1308.0  21:48:00 42.40906 -72.530716   3     17     40  
1309.0  21:49:00 42.405685 -72.52979   4     18     41  
1310.0  21:50:00 42.39813 -72.52809   3     17     49  
1311.0  21:51:00 42.393406 -72.526   4     18     53  
1312.0  21:52:00 42.39131 -72.52532   4     15     50  
1313.0  21:53:00 42.388718 -72.52451   5     13     54  
1314.0  21:54:00 42.38738 -72.52317   5     19     42  
1315.0  21:55:00 42.384262 -72.52128   3     14     48  
1316.0  21:56:00 42.381573 -72.51943   4     15     43  
1317.0  21:57:00 42.379604 -72.519646   5     13     52  
1318.0  21:58:00 42.37781 -72.52   4     18     42  
1319.0  21:59:00 42.37597 -72.51989   3     14     54  
1320.0  22:00:00 42.374435 -72.51985   3     14     51  
1321.0  22:01:00 42.369717 -72.51992   3     16     50  
1322.0  22:02:00 42.362495 -72.52083   5     19     51  
1323.0  22:03:00 42.35541 -72.52129   3     16     40  
1324.0  22:04:00 42.351597 -72.526024   5     10     43  
1325.0  22:05:00 42.349735 -72.52782   4     19     49  
1326.0  22:06:00 42.348896 -72.52887   4     14     41  
1327.0  22:07:00 42.34885 -72.52888   5     14     53  
1328.0  22:08:00 42.34885 -72.52888   5     13     47  
1329.0  22:09:00 42.348835 -72.528885   3     17     45  
1330.0  22:10:00 42.348812 -72.52888   3     14     49  
1331.0  22:11:00 42.348824 -72.5289   4     14     52  
1341.0  22:21:00 42.3504 -72.53027   5     10     42  
1342.0  22:22:00 42.351414 -72.52657   3     17     58  
1343.0  22:23:00 42.354095 -72.522064   4     13     41  
1344.0  22:24:00 42.35818 -72.520905   5     12     53  
1345.0  22:25:00 42.367348 -72.5202   3     12     59  
1346.0  22:26:00 42.37365 -72.51983   3     16     51  
1347.0  22:27:00 42.375458 -72.519936   5     15     57  
1348.0  22:28:00 42.377594 -72.51992   4     13     40  
1349.0  22:29:00 42.37968 -72.519424   4     17     46  
1350.0  22:30:00 42.37972 -72.519455   4     15     43  
1351.0  22:31:00 42.381157 -72.5192   5     16     48  
1352.0  22:32:00 42.385975 -72.52232   3     17     55  
1353.0  22:33:00 42.38793 -72.52387   4     18     59  
1354.0  22:34:00 42.391064 -72.52522   3     19     55  
1355.0  22:35:00 42.39393 -72.52615   4     14     57  
1356.0  22:36:00 42.39854 -72.52811   3     12     49  
1357.0  22:37:00 42.404125 -72.529594   4     12     57  
1358.0  22:38:00 42.408 -72.53033   5     13     49  
1359.0  22:39:00 42.409645 -72.53297   3     14     58  
1360.0  22:40:00 42.410007 -72.5378   4     17     48  
1361.0  22:41:00 42.421722 -72.53721   4     13     46  
1362.0  22:42:00 42.43226 -72.54435   4     10     56  
1363.0  22:43:00 42.442535 -72.55177   3     11     59  
1364.0  22:44:00 42.45007 -72.56057   5     12     42  
1365.0  22:45:00 42.453262 -72.565094   5     11     58  
1366.0  22:46:00 42.462105 -72.573   3     12     59  
1367.0  22:47:00 42.466103 -72.57977   3     16     52  
1368.0  22:48:00 42.45907 -72.58231   3     14     41  
1369.0  22:49:00 42.45767 -72.58141   4     13     53  
1370.0  22:50:00 42.45769 -72.5814   5     12     42  
1371.0  22:51:00 42.457657 -72.581375   4     13     54  
1372.0  22:52:00 42.45769 -72.581436   4     17     58  
1373.0  22:53:00 42.45777 -72.58156   5     13     59  
1374.0  22:54:00 42.457718 -72.58145   4     12     43  
1375.0  22:55:00 42.457726 -72.581436   3     16     44  
1376.0  22:56:00 42.457706 -72.58146   5     16     50  
1377.0  22:57:00 42.457726 -72.581474   3     10     58  
1378.0  22:58:00 42.45785 -72.581665   3     17     58  
1379.0  22:59:00 42.459694 -72.58028   5     17     43  
1380.0  23:00:00 42.45721 -72.5703   4     15     50  
1381.0  23:01:00 42.452564 -72.5642   3     17     53  
1382.0  23:02:00 42.44913 -72.558975   4     10     50  
1383.0  23:03:00 42.440845 -72.54993   3     14     54  
1384.0  23:04:00 42.43062 -72.54296   5     13     56  
1385.0  23:05:00 42.41997 -72.536934   4     13     40  
1386.0  23:06:00 42.409008 -72.537926   5     18     48  
1387.0  23:07:00 42.409935 -72.53095   5     15     54  
1388.0  23:08:00 42.405647 -72.529755   3     11     54  
1389.0  23:09:00 42.39838 -72.52808   3     16     57  
1390.0  23:10:00 42.393387 -72.52601   3     14     45  
1391.0  23:11:00 42.390846 -72.52525   5     11     57  
1392.0  23:12:00 42.387997 -72.524055   5     12     44  
1393.0  23:13:00 42.3856 -72.52207   5     12     55  
1394.0  23:14:00 42.381783 -72.51965   4     16     47  
1395.0  23:15:00 42.378647 -72.51998   4     10     43  
1396.0  23:16:00 42.374947 -72.51983   4     16     42  
1397.0  23:17:00 42.373394 -72.519936   3     10     55  
1398.0  23:18:00 42.36709 -72.520256   3     12     54  
1399.0  23:19:00 42.357723 -72.520966   4     13     59  
1400.0  23:20:00 42.351658 -72.52506   4     13     42  
1401.0  23:21:00 42.350765 -72.52746   4     14     57  
1402.0  23:22:00 42.348892 -72.5289   4     18     51  
1403.0  23:23:00 42.348946 -72.52891   4     11     52  
1404.0  23:24:00 42.348923 -72.528854   3     14     41  
1405.0  23:25:00 42.348907 -72.528915   4     12     46  
1412.0  23:32:00 42.352074 -72.52376   5     10     50  
1413.0  23:33:00 42.35744 -72.52094   4     12     55  
1414.0  23:34:00 42.36708 -72.52017   3     15     57  
1415.0  23:35:00 42.373596 -72.51976   3     17     51  
1416.0  23:36:00 42.377193 -72.51983   4     16     58  
1417.0  23:37:00 42.381485 -72.519196   3     18     47  
1418.0  23:38:00 42.386562 -72.522385   3     12     49  
1419.0  23:39:00 42.390297 -72.52511   5     15     54  
1420.0  23:40:00 42.393852 -72.52611   4     11     49  
1421.0  23:41:00 42.397934 -72.52806   5     17     44  
1422.0  23:42:00 42.40388 -72.52948   3     15     48  
1423.0  23:43:00 42.409874 -72.53093   5     10     54  
1424.0  23:44:00 42.409702 -72.53376   4     13     41  
1425.0  23:45:00 42.41376 -72.537315   3     14     44  
1426.0  23:46:00 42.425686 -72.539116   3     11     54  
1427.0  23:47:00 42.431892 -72.54406   3     13     44  
1428.0  23:48:00 42.441887 -72.55107   4     16     42  
1429.0  23:49:00 42.449944 -72.56044   3     12     45  
1430.0  23:50:00 42.45231 -72.563675   4     18     43  
1431.0  23:51:00 42.452312 -72.56374   5     17     47  
1432.0  23:52:00 42.45224 -72.56368   4     12     43  
1433.0  23:53:00 42.457523 -72.569336   4     12     44  
1434.0  23:54:00 42.465797 -72.57679   3     12     54  
1435.0  23:55:00 42.461815 -72.58133   4     14     52  
1436.0  23:56:00 42.45773 -72.58143   4     12     44  
1437.0  23:57:00 42.45772 -72.581436   5     13     57  
1438.0  23:58:00 42.457745 -72.58148   3     14     43  
1439.0  23:59:00 42.45765 -72.58151   4     16     55  
