664.0  11:04:40 0.0 -0.0   3     19     47  
664.0  11:04:53 0.0 -1.1095744E27   3     19     54  
665.0  11:05:05 0.0 -1.8111362E22   4     13     53  
665.0  11:05:18 0.0 -1.8111362E22   3     11     56  
666.0  11:06:23 0.0 -0.0   3     14     58  
666.0  11:06:34 0.0 -0.0   4     19     47  
666.0  11:06:42 0.0 -0.0   4     18     42  
666.0  11:06:50 0.0 -0.0   4     14     49  
666.0  11:06:59 0.0 -0.0   5     19     47  
667.0  11:07:00 0.0 -0.0   4     17     51  
667.0  11:07:07 0.0 -0.0   4     16     41  
667.0  11:07:17 0.0 -0.0   4     10     50  
667.0  11:07:29 0.0 -0.0   3     10     44  
667.0  11:07:38 0.0 -0.0   5     12     54  
667.0  11:07:46 0.0 -0.0   3     18     59  
667.0  11:07:55 0.0 -0.0   4     18     48  
668.0  11:08:00 0.0 -0.0   5     16     57  
668.0  11:08:03 0.0 -0.0   3     11     47  
668.0  11:08:12 0.0 -0.0   5     11     43  
668.0  11:08:22 0.0 -0.0   5     19     48  
668.0  11:08:31 0.0 -0.0   4     10     55  
668.0  11:08:39 0.0 -0.0   4     13     54  
668.0  11:08:48 0.0 -0.0   4     14     53  
668.0  11:08:56 0.0 -0.0   4     17     47  
669.0  11:09:00 0.0 -0.0   5     17     42  
669.0  11:09:05 0.0 -0.0   3     10     43  
669.0  11:09:15 0.0 -0.0   4     18     53  
669.0  11:09:24 0.0 -0.0   5     17     49  
669.0  11:09:34 0.0 -0.0   5     15     46  
669.0  11:09:43 0.0 -0.0   3     17     56  
669.0  11:09:51 0.0 -0.0   3     11     47  
670.0  11:10:00 0.0 -0.0   5     16     48  
670.0  11:10:00 0.0 -0.0   4     18     40  
670.0  11:10:12 0.0 -0.0   4     17     44  
670.0  11:10:22 0.0 -0.0   3     10     42  
670.0  11:10:33 0.0 -0.0   4     13     44  
670.0  11:10:45 0.0 -0.0   3     11     55  
670.0  11:10:54 0.0 -0.0   5     16     53  
671.0  11:11:00 0.0 -0.0   3     17     50  
671.0  11:11:05 0.0 -0.0   4     18     47  
671.0  11:11:14 0.0 -0.0   3     10     52  
671.0  11:11:22 0.0 -0.0   3     14     49  
671.0  11:11:32 0.0 -0.0   3     17     48  
671.0  11:11:40 42.3814 -72.53187   5     12     44  
671.0  11:11:57 42.38181 -72.53159   4     14     45  
672.0  11:12:00 42.381874 -72.53202   4     11     52  
672.0  11:12:08 42.38183 -72.532074   4     16     42  
672.0  11:12:17 42.38182 -72.53201   5     10     48  
672.0  11:12:26 42.38224 -72.53181   3     16     45  
672.0  11:12:35 42.382824 -72.53183   5     13     55  
672.0  11:12:43 42.383007 -72.53162   3     15     55  
672.0  11:12:51 42.382797 -72.53217   5     14     47  
673.0  11:13:00 42.38296 -72.53185   5     18     49  
673.0  11:13:02 42.382935 -72.53185   3     19     44  
673.0  11:13:10 42.383156 -72.53189   3     15     44  
673.0  11:13:19 42.3833 -72.53192   3     19     49  
673.0  11:13:27 42.38347 -72.53197   5     12     59  
673.0  11:13:36 42.38358 -72.532   4     16     54  
673.0  11:13:44 42.383835 -72.53208   3     16     48  
673.0  11:13:55 42.383987 -72.532135   5     10     54  
674.0  11:14:00 42.383995 -72.53214   4     19     55  
674.0  11:14:04 42.383995 -72.53214   4     14     44  
674.0  11:14:12 42.383984 -72.532074   3     18     51  
674.0  11:14:21 42.383965 -72.53206   5     12     44  
674.0  11:14:29 42.384003 -72.53211   4     14     53  
674.0  11:14:38 42.383984 -72.53212   5     18     59  
674.0  11:14:49 42.384136 -72.53217   4     11     49  
674.0  11:14:58 42.38437 -72.53225   5     13     46  
675.0  11:15:00 42.384636 -72.53236   4     19     44  
675.0  11:15:06 42.384727 -72.5324   4     10     48  
675.0  11:15:15 42.384922 -72.53194   4     19     44  
675.0  11:15:23 42.385 -72.531265   5     11     44  
675.0  11:15:31 42.384945 -72.53028   3     13     43  
675.0  11:15:42 42.38471 -72.52927   3     13     52  
675.0  11:15:50 42.38453 -72.52846   5     12     47  
675.0  11:15:59 42.38447 -72.52826   5     12     41  
676.0  11:16:00 42.384403 -72.52829   4     11     53  
676.0  11:16:08 42.384594 -72.528305   4     17     41  
676.0  11:16:17 42.38468 -72.52832   4     13     51  
676.0  11:16:25 42.38473 -72.528275   4     17     58  
676.0  11:16:36 42.38477 -72.52753   3     12     45  
676.0  11:16:44 42.38496 -72.526855   4     16     42  
676.0  11:16:53 42.38512 -72.52619   4     11     45  
677.0  11:17:00 42.385357 -72.52532   3     15     50  
677.0  11:17:02 42.38532 -72.52543   3     11     54  
677.0  11:17:10 42.385468 -72.52503   4     17     59  
677.0  11:17:19 42.38571 -72.52517   3     10     48  
677.0  11:17:30 42.386345 -72.525406   4     19     59  
677.0  11:17:38 42.3868 -72.52559   5     12     41  
677.0  11:17:47 42.38725 -72.52587   3     15     42  
677.0  11:17:56 42.387257 -72.52624   5     18     56  
678.0  11:18:00 42.38725 -72.52632   3     11     56  
678.0  11:18:07 42.387253 -72.52632   3     18     54  
678.0  11:18:15 42.38725 -72.52635   4     19     44  
678.0  11:18:26 42.387253 -72.52634   5     12     43  
678.0  11:18:35 42.386986 -72.5264   4     18     52  
678.0  11:18:44 42.386517 -72.52626   4     13     45  
678.0  11:18:54 42.385986 -72.52606   4     16     48  
679.0  11:19:00 42.38561 -72.52587   3     13     40  
679.0  11:19:02 42.38562 -72.52589   5     17     48  
679.0  11:19:10 42.385563 -72.52585   3     11     44  
679.0  11:19:20 42.385323 -72.52571   3     17     40  
679.0  11:19:29 42.385475 -72.52503   3     13     49  
679.0  11:19:37 42.38566 -72.524445   4     17     44  
679.0  11:19:46 42.385906 -72.523506   3     15     40  
679.0  11:19:56 42.38602 -72.52289   3     10     48  
680.0  11:20:00 42.385956 -72.52279   5     13     55  
680.0  11:20:05 42.385956 -72.52279   4     18     55  
680.0  11:20:17 42.385952 -72.52277   5     10     58  
680.0  11:20:25 42.385895 -72.52272   4     16     57  
680.0  11:20:34 42.38591 -72.52242   3     19     47  
680.0  11:20:42 42.386463 -72.522285   3     10     59  
680.0  11:20:50 42.387062 -72.52275   4     11     59  
680.0  11:20:58 42.38751 -72.52327   3     12     45  
681.0  11:21:00 42.387672 -72.52341   3     17     54  
681.0  11:21:08 42.38768 -72.5234   4     16     48  
681.0  11:21:16 42.387665 -72.52339   3     19     53  
681.0  11:21:25 42.387985 -72.52378   3     15     42  
681.0  11:21:34 42.3883 -72.52406   3     10     59  
681.0  11:21:42 42.388363 -72.524216   3     19     51  
681.0  11:21:51 42.388702 -72.52444   3     19     59  
682.0  11:22:00 42.389603 -72.52485   4     13     41  
682.0  11:22:02 42.389435 -72.52479   3     19     57  
682.0  11:22:10 42.39013 -72.52502   4     13     47  
682.0  11:22:18 42.39068 -72.525116   5     18     41  
682.0  11:22:27 42.39131 -72.52523   4     18     40  
682.0  11:22:36 42.391533 -72.52522   5     17     59  
682.0  11:22:45 42.391556 -72.52527   4     15     44  
682.0  11:22:55 42.391743 -72.525345   5     13     45  
683.0  11:23:00 42.39234 -72.525475   5     12     53  
683.0  11:23:03 42.39234 -72.525475   4     16     47  
683.0  11:23:12 42.392998 -72.5257   5     19     43  
683.0  11:23:20 42.393436 -72.5259   3     18     53  
683.0  11:23:29 42.393833 -72.52608   5     12     49  
683.0  11:23:37 42.393898 -72.52612   5     16     55  
683.0  11:23:48 42.3939 -72.52615   4     19     43  
683.0  11:23:56 42.39422 -72.52638   4     13     49  
684.0  11:24:00 42.39462 -72.52661   5     17     40  
684.0  11:24:05 42.39466 -72.526634   4     16     51  
684.0  11:24:13 42.394905 -72.52677   4     10     55  
684.0  11:24:22 42.39491 -72.52679   4     11     54  
684.0  11:24:30 42.39493 -72.526764   3     17     41  
684.0  11:24:40 42.394913 -72.52676   3     10     41  
684.0  11:24:49 42.394947 -72.52679   5     13     57  
684.0  11:24:57 42.395267 -72.52682   5     12     41  
685.0  11:25:00 42.39544 -72.52629   3     14     47  
685.0  11:25:06 42.39551 -72.52607   4     15     48  
685.0  11:25:15 42.395878 -72.52491   4     13     59  
685.0  11:25:23 42.39622 -72.523964   5     18     50  
685.0  11:25:34 42.39684 -72.52307   3     16     50  
685.0  11:25:43 42.397144 -72.52196   3     10     47  
685.0  11:25:58 42.397327 -72.51968   4     19     49  
686.0  11:26:00 42.397434 -72.51893   5     13     56  
686.0  11:26:06 42.39758 -72.51849   4     18     55  
686.0  11:26:14 42.39779 -72.517525   3     19     50  
686.0  11:26:25 42.398228 -72.51647   3     14     57  
686.0  11:26:33 42.39848 -72.51578   4     12     42  
686.0  11:26:41 42.39843 -72.51568   5     17     46  
686.0  11:26:50 42.39777 -72.51565   3     15     46  
686.0  11:26:59 42.39672 -72.515434   5     11     41  
687.0  11:27:00 42.39623 -72.51549   3     19     51  
687.0  11:27:07 42.395924 -72.51559   4     18     43  
687.0  11:27:18 42.395603 -72.51516   5     14     40  
687.0  11:27:27 42.39546 -72.51444   5     15     49  
687.0  11:27:35 42.395203 -72.51361   5     16     51  
687.0  11:27:49 42.395184 -72.51245   3     10     51  
687.0  11:27:57 42.3949 -72.511955   4     14     54  
688.0  11:28:00 42.394783 -72.51155   4     10     57  
688.0  11:28:08 42.39477 -72.51128   4     10     42  
688.0  11:28:17 42.394825 -72.51106   4     19     56  
688.0  11:28:26 42.39494 -72.51109   3     11     53  
688.0  11:28:35 42.394978 -72.51109   3     12     47  
688.0  11:28:43 42.395214 -72.51091   5     13     59  
688.0  11:28:51 42.39555 -72.51116   5     10     52  
689.0  11:29:00 42.395832 -72.511116   4     18     53  
689.0  11:29:04 42.39577 -72.51118   3     17     48  
689.0  11:29:32 42.39596 -72.511086   4     12     57  
689.0  11:29:40 42.3965 -72.51201   3     15     54  
689.0  11:29:48 42.3961 -72.51285   3     18     47  
689.0  11:29:59 42.395573 -72.51333   4     13     44  
690.0  11:30:00 42.395504 -72.51339   5     11     59  
690.0  11:30:07 42.395443 -72.51337   4     16     56  
690.0  11:30:16 42.395336 -72.51375   5     16     48  
690.0  11:30:24 42.395576 -72.5145   4     13     48  
690.0  11:30:32 42.395714 -72.51511   3     14     47  
690.0  11:30:42 42.395752 -72.515274   5     11     57  
690.0  11:30:53 42.39572 -72.51532   3     10     50  
691.0  11:31:00 42.395702 -72.51535   3     17     53  
691.0  11:31:02 42.395706 -72.51535   5     17     49  
691.0  11:31:10 42.39569 -72.51534   3     16     54  
691.0  11:31:19 42.395695 -72.51531   4     17     50  
691.0  11:31:28 42.395714 -72.51533   4     18     57  
691.0  11:31:36 42.39517 -72.51561   5     15     52  
691.0  11:31:47 42.394047 -72.516   5     12     45  
691.0  11:31:56 42.393322 -72.51626   5     10     41  
692.0  11:32:00 42.392826 -72.51646   3     18     54  
692.0  11:32:04 42.392826 -72.51646   3     19     42  
692.0  11:32:13 42.392773 -72.517044   4     16     48  
692.0  11:32:22 42.39282 -72.51805   4     14     44  
692.0  11:32:31 42.392727 -72.518776   5     17     44  
692.0  11:32:41 42.392654 -72.51933   5     15     51  
692.0  11:32:49 42.392666 -72.519325   3     17     47  
692.0  11:32:58 42.392654 -72.51924   3     10     59  
693.0  11:33:00 42.392616 -72.51935   3     10     52  
693.0  11:33:06 42.392555 -72.51946   5     12     46  
693.0  11:33:14 42.392403 -72.52011   5     16     40  
693.0  11:33:22 42.391983 -72.52022   3     16     57  
693.0  11:33:35 42.391182 -72.5197   3     11     53  
693.0  11:33:43 42.390648 -72.5196   4     17     43  
693.0  11:33:51 42.39066 -72.519714   3     13     41  
693.0  11:33:59 42.39065 -72.519554   3     17     55  
694.0  11:34:00 42.39045 -72.51931   4     18     58  
694.0  11:34:07 42.39019 -72.51917   5     16     45  
694.0  11:34:15 42.389725 -72.51908   5     17     40  
694.0  11:34:25 42.3894 -72.51895   5     13     54  
694.0  11:34:34 42.38923 -72.51886   3     11     50  
694.0  11:34:42 42.389214 -72.5189   3     12     47  
694.0  11:34:51 42.389168 -72.51858   3     13     42  
695.0  11:35:00 42.38907 -72.517975   5     13     42  
695.0  11:35:00 42.388916 -72.51775   3     16     48  
695.0  11:35:08 42.388817 -72.517395   3     10     43  
695.0  11:35:19 42.388752 -72.51695   5     13     49  
695.0  11:35:27 42.38874 -72.516884   3     11     56  
695.0  11:35:36 42.38855 -72.51689   5     12     46  
695.0  11:35:45 42.38765 -72.51712   5     12     54  
695.0  11:35:54 42.386463 -72.517365   3     13     43  
696.0  11:36:00 42.38522 -72.517815   3     14     54  
696.0  11:36:52 42.38197 -72.5199   5     19     42  
697.0  11:37:00 42.38285 -72.52047   5     14     40  
697.0  11:37:02 42.38278 -72.520454   3     15     55  
697.0  11:37:10 42.383102 -72.52056   4     19     59  
697.0  11:37:17 42.38309 -72.52055   4     18     49  
697.0  11:37:26 42.38329 -72.52068   4     10     48  
697.0  11:37:41 42.383995 -72.521065   4     14     56  
697.0  11:37:50 42.385357 -72.521736   3     19     46  
698.0  11:38:00 42.386112 -72.52243   5     13     43  
698.0  11:38:01 42.38596 -72.52235   3     14     53  
698.0  11:38:09 42.386517 -72.52235   4     13     51  
698.0  11:38:23 42.387085 -72.52266   4     14     59  
698.0  11:38:31 42.387703 -72.52336   5     10     56  
698.0  11:38:40 42.38769 -72.52333   3     16     59  
698.0  11:38:48 42.387684 -72.523285   3     14     41  
698.0  11:38:59 42.38776 -72.52355   3     14     57  
699.0  11:39:00 42.388027 -72.52397   4     15     42  
699.0  11:39:07 42.388313 -72.52424   4     12     49  
699.0  11:39:15 42.38869 -72.52445   5     14     41  
699.0  11:39:24 42.38928 -72.524734   5     16     44  
699.0  11:39:32 42.390045 -72.52501   3     14     41  
699.0  11:39:40 42.390667 -72.525116   3     18     42  
699.0  11:39:51 42.391335 -72.52524   3     15     55  
699.0  11:39:59 42.39154 -72.525246   3     14     46  
700.0  11:40:00 42.391537 -72.52525   4     12     40  
700.0  11:40:08 42.391533 -72.52526   3     16     51  
700.0  11:40:16 42.391525 -72.52526   3     14     49  
700.0  11:40:25 42.3917 -72.525345   5     12     55  
700.0  11:40:32 42.392395 -72.52551   4     12     45  
700.0  11:40:43 42.392998 -72.5257   3     18     45  
700.0  11:40:51 42.39358 -72.52599   4     12     48  
701.0  11:41:00 42.39388 -72.526115   3     14     48  
701.0  11:41:00 42.39389 -72.52613   4     11     41  
701.0  11:41:08 42.393887 -72.52614   4     10     52  
701.0  11:41:17 42.39389 -72.526146   3     19     46  
701.0  11:41:25 42.39387 -72.52612   4     11     53  
701.0  11:41:35 42.393875 -72.52613   3     11     53  
701.0  11:41:44 42.393894 -72.52619   5     19     52  
701.0  11:41:53 42.394203 -72.526405   3     12     55  
702.0  11:42:00 42.394684 -72.52668   5     19     47  
702.0  11:42:02 42.39462 -72.52664   3     17     50  
702.0  11:42:10 42.394787 -72.526726   4     19     45  
702.0  11:42:19 42.394836 -72.52672   5     10     49  
702.0  11:42:29 42.394924 -72.526764   5     12     46  
702.0  11:42:38 42.394993 -72.52681   3     10     44  
702.0  11:42:47 42.395203 -72.52706   3     18     58  
702.0  11:42:56 42.39496 -72.52783   5     16     40  
703.0  11:43:00 42.39495 -72.52883   4     15     46  
703.0  11:43:04 42.39495 -72.52883   4     16     44  
703.0  11:43:12 42.395485 -72.529854   5     17     54  
703.0  11:43:23 42.395897 -72.530846   3     16     45  
703.0  11:43:32 42.395664 -72.53181   3     10     51  
703.0  11:43:42 42.39541 -72.53316   5     13     57  
703.0  11:43:50 42.395145 -72.53414   5     16     48  
703.0  11:43:59 42.394352 -72.53449   5     17     45  
704.0  11:44:00 42.393852 -72.53437   5     19     50  
704.0  11:44:07 42.39345 -72.534294   5     15     40  
704.0  11:44:17 42.392715 -72.534   5     15     52  
704.0  11:44:26 42.39257 -72.53447   4     15     40  
704.0  11:44:34 42.39242 -72.53522   4     12     47  
704.0  11:44:43 42.39245 -72.53585   5     18     51  
704.0  11:44:51 42.392452 -72.53658   5     11     40  
704.0  11:44:59 42.39268 -72.53701   4     10     41  
705.0  11:45:00 42.392612 -72.53715   4     11     45  
705.0  11:45:10 42.39244 -72.53681   3     19     50  
705.0  11:45:19 42.3924 -72.5362   5     10     40  
705.0  11:45:27 42.3924 -72.53604   4     16     47  
705.0  11:45:35 42.392414 -72.53544   4     11     54  
705.0  11:45:44 42.39247 -72.53466   3     17     41  
705.0  11:45:52 42.39254 -72.53415   4     16     53  
706.0  11:46:00 42.392582 -72.53395   4     16     43  
706.0  11:46:03 42.39259 -72.53399   5     19     55  
706.0  11:46:12 42.392227 -72.53377   5     10     49  
706.0  11:46:20 42.391365 -72.5334   3     16     42  
706.0  11:46:28 42.39043 -72.533066   5     16     59  
706.0  11:46:36 42.38962 -72.5327   3     14     56  
706.0  11:46:44 42.388916 -72.53237   4     13     45  
706.0  11:46:55 42.387833 -72.53193   3     19     59  
707.0  11:47:00 42.3869 -72.53155   4     17     47  
707.0  11:47:04 42.3869 -72.53155   5     16     53  
707.0  11:47:12 42.38608 -72.531204   4     13     51  
707.0  11:47:20 42.385345 -72.53104   5     10     54  
707.0  11:47:28 42.385143 -72.53167   3     13     54  
707.0  11:47:37 42.38495 -72.53239   5     15     56  
707.0  11:47:49 42.384857 -72.53267   5     15     49  
707.0  11:47:57 42.384613 -72.532646   5     17     59  
708.0  11:48:00 42.38406 -72.53228   5     17     56  
708.0  11:48:06 42.383854 -72.53217   3     14     43  
708.0  11:48:15 42.38305 -72.53192   4     11     53  
708.0  11:48:23 42.382347 -72.53165   4     12     57  
708.0  11:48:31 42.381985 -72.53162   3     17     48  
708.0  11:48:41 42.382027 -72.53281   4     14     56  
708.0  11:48:50 42.382133 -72.53355   3     10     55  
708.0  11:48:58 42.382133 -72.53384   4     14     40  
709.0  11:49:00 42.381893 -72.53392   5     13     52  
709.0  11:49:07 42.381718 -72.53394   5     13     40  
709.0  11:49:16 42.381245 -72.53394   3     14     47  
709.0  11:49:24 42.380707 -72.53398   3     14     42  
709.0  11:49:35 42.380108 -72.534065   3     17     48  
709.0  11:49:44 42.379864 -72.53409   5     18     58  
709.0  11:49:52 42.379826 -72.5341   5     15     53  
710.0  11:50:00 42.379814 -72.53409   4     14     45  
710.0  11:50:00 42.379803 -72.53408   4     14     52  
710.0  11:50:09 42.379807 -72.53406   3     13     53  
710.0  11:50:18 42.37983 -72.53405   3     13     44  
710.0  11:50:28 42.379555 -72.53415   3     19     59  
710.0  11:50:37 42.379032 -72.53416   5     10     52  
710.0  11:50:45 42.378372 -72.53423   3     12     52  
710.0  11:50:54 42.377724 -72.53431   3     10     48  
711.0  11:51:00 42.377567 -72.533615   4     13     52  
711.0  11:51:03 42.377563 -72.53369   3     10     59  
711.0  11:51:12 42.377544 -72.532845   4     18     46  
711.0  11:51:25 42.377544 -72.532455   3     12     57  
711.0  11:51:33 42.378147 -72.532196   3     11     44  
711.0  11:51:42 42.379173 -72.53208   5     19     59  
711.0  11:51:50 42.380085 -72.53196   4     10     56  
711.0  11:51:59 42.380936 -72.53185   4     13     40  
712.0  11:52:00 42.381447 -72.531784   5     19     45  
712.0  11:52:07 42.381855 -72.531746   3     10     47  
712.0  11:52:18 42.382896 -72.53179   5     11     43  
712.0  11:52:26 42.38381 -72.532   5     15     54  
712.0  11:52:35 42.38453 -72.53224   4     19     46  
712.0  11:52:43 42.384804 -72.53239   3     17     48  
712.0  11:52:52 42.384975 -72.53197   3     16     40  
713.0  11:53:00 42.385056 -72.531395   4     12     52  
713.0  11:53:00 42.385067 -72.53131   5     11     50  
713.0  11:53:11 42.38508 -72.53121   4     12     45  
713.0  11:53:20 42.385075 -72.53112   3     15     57  
713.0  11:53:28 42.384995 -72.53036   3     15     48  
713.0  11:53:36 42.384796 -72.52949   3     12     50  
713.0  11:53:45 42.384693 -72.52867   4     11     59  
713.0  11:53:53 42.38468 -72.5282   4     14     44  
714.0  11:54:00 42.384758 -72.52822   4     15     47  
714.0  11:54:04 42.384758 -72.52822   5     16     43  
714.0  11:54:12 42.384846 -72.52797   5     18     57  
714.0  11:54:21 42.38496 -72.52714   4     12     50  
714.0  11:54:29 42.38516 -72.526184   5     17     54  
714.0  11:54:38 42.385357 -72.52576   5     17     43  
714.0  11:54:47 42.38549 -72.52521   5     18     48  
714.0  11:54:57 42.38571 -72.52511   5     14     56  
715.0  11:55:00 42.386032 -72.52527   3     12     51  
715.0  11:55:07 42.38611 -72.525314   4     19     41  
715.0  11:55:15 42.38627 -72.52536   3     17     55  
715.0  11:55:24 42.386623 -72.525505   5     13     51  
715.0  11:55:32 42.387096 -72.52576   4     15     51  
715.0  11:55:41 42.387314 -72.52611   3     14     57  
715.0  11:55:51 42.387165 -72.52641   3     10     48  
716.0  11:56:00 42.387177 -72.52638   3     18     55  
716.0  11:56:00 42.38719 -72.52636   5     14     46  
716.0  11:56:09 42.38719 -72.52636   4     16     48  
716.0  11:56:18 42.386986 -72.52636   5     18     45  
716.0  11:56:28 42.38655 -72.52625   4     18     58  
716.0  11:56:36 42.38616 -72.526115   4     11     53  
716.0  11:56:46 42.386017 -72.52605   3     12     48  
716.0  11:56:55 42.385963 -72.52602   5     15     48  
717.0  11:57:00 42.385983 -72.52602   5     17     52  
717.0  11:57:03 42.385983 -72.52602   5     11     45  
717.0  11:57:11 42.385807 -72.52598   3     14     53  
717.0  11:57:19 42.385605 -72.5259   5     12     57  
717.0  11:57:28 42.38533 -72.52579   5     19     47  
717.0  11:57:49 42.3853 -72.52568   3     11     46  
717.0  11:57:58 42.385834 -72.52343   4     18     46  
718.0  11:58:00 42.385983 -72.52293   4     15     50  
718.0  11:58:07 42.385975 -72.52277   4     18     56  
718.0  11:58:15 42.386044 -72.52272   3     17     47  
718.0  11:58:24 42.386044 -72.522705   3     11     47  
718.0  11:58:34 42.386063 -72.5227   4     12     48  
718.0  11:58:43 42.38601 -72.52249   4     15     54  
718.0  11:58:51 42.386375 -72.522255   4     10     44  
718.0  11:58:59 42.386986 -72.52233   3     19     43  
719.0  11:59:00 42.38724 -72.52265   4     13     47  
719.0  11:59:09 42.38745 -72.52299   4     12     42  
719.0  11:59:17 42.3877 -72.52343   3     10     53  
719.0  11:59:28 42.38769 -72.523415   3     17     47  
719.0  11:59:36 42.387688 -72.52348   4     16     44  
719.0  11:59:45 42.387882 -72.52379   4     19     46  
719.0  11:59:53 42.388405 -72.52421   4     16     48  
720.0  12:00:00 42.388786 -72.52444   4     15     51  
720.0  12:00:02 42.388744 -72.524414   4     16     53  
720.0  12:00:11 42.38921 -72.52464   5     10     58  
720.0  12:00:21 42.389996 -72.52493   4     19     59  
720.0  12:00:29 42.390583 -72.52505   5     15     59  
720.0  12:00:38 42.391068 -72.52515   4     12     48  
720.0  12:00:46 42.391483 -72.525215   5     14     44  
720.0  12:00:54 42.39153 -72.52522   5     17     52  
