580.0  09:40:00 42.394688 -72.53351   3     11     50  
580.0  09:40:17 42.394665 -72.53356   5     13     58  
580.0  09:40:27 42.394657 -72.53357   4     19     47  
580.0  09:40:36 42.39464 -72.53357   3     17     40  
580.0  09:40:44 42.394638 -72.53356   5     12     50  
580.0  09:40:52 42.39463 -72.53357   4     19     40  
581.0  09:41:00 42.394627 -72.53356   3     17     50  
581.0  09:41:00 42.394627 -72.53356   5     12     55  
581.0  09:41:07 42.394627 -72.53358   5     13     49  
581.0  09:41:17 42.394627 -72.53359   4     15     48  
581.0  09:41:26 42.39462 -72.5336   3     10     50  
581.0  09:41:34 42.394608 -72.5336   3     15     49  
581.0  09:41:43 42.394596 -72.53359   4     17     48  
581.0  09:41:51 42.394592 -72.5336   3     19     56  
581.0  09:41:59 42.394608 -72.53361   4     13     47  
582.0  09:42:00 42.394615 -72.53361   3     13     51  
582.0  09:42:09 42.39462 -72.53359   3     19     59  
582.0  09:42:17 42.394623 -72.53359   4     10     43  
582.0  09:42:25 42.394615 -72.533585   4     12     43  
582.0  09:42:34 42.394615 -72.53358   4     16     55  
582.0  09:42:43 42.39461 -72.53357   4     11     50  
582.0  09:42:51 42.394608 -72.53358   3     11     43  
583.0  09:43:00 42.394657 -72.53364   3     17     41  
583.0  09:43:01 42.394653 -72.53363   3     12     53  
583.0  09:43:09 42.394726 -72.53365   3     17     45  
583.0  09:43:17 42.394676 -72.53356   3     15     50  
583.0  09:43:25 42.394585 -72.533516   4     17     59  
583.0  09:43:33 42.394566 -72.533455   4     17     50  
790.0  13:10:17 42.394657 -72.533394   3     11     40  
790.0  13:10:29 42.3948 -72.53344   4     10     54  
790.0  13:10:41 42.39493 -72.533356   4     18     40  
790.0  13:10:54 42.394894 -72.53381   5     19     48  
957.0  15:57:08 42.394665 -72.53376   4     14     56  
957.0  15:57:20 42.394665 -72.53376   5     15     53  
957.0  15:57:33 42.394665 -72.53376   4     18     53  
