0.0  00:00:07 42.25794 -72.57255   24     20     22  
0.0  00:00:16 42.257767 -72.57191   21     20     22  
0.0  00:00:24 42.25726 -72.571976   22     20     21  
0.0  00:00:36 42.256927 -72.57211   22     24     21  
0.0  00:00:45 42.256973 -72.57213   24     24     22  
0.0  00:00:55 42.256924 -72.57211   24     24     21  
1.0  00:01:04 42.256546 -72.57213   22     23     22  
1.0  00:01:13 42.256233 -72.572174   22     24     23  
1.0  00:01:21 42.255753 -72.57242   23     22     24  
1.0  00:01:30 42.25518 -72.57277   24     20     22  
1.0  00:01:38 42.25466 -72.573235   20     21     24  
1.0  00:01:48 42.254272 -72.57387   23     22     22  
1.0  00:01:57 42.254208 -72.57419   22     22     24  
2.0  00:02:05 42.2542 -72.57417   21     23     22  
2.0  00:02:13 42.254196 -72.57422   24     20     22  
2.0  00:02:21 42.254192 -72.57425   22     24     20  
2.0  00:02:29 42.254208 -72.57424   21     23     23  
2.0  00:02:40 42.254276 -72.57425   20     22     21  
2.0  00:02:48 42.254314 -72.57426   20     20     24  
2.0  00:02:57 42.254314 -72.57424   20     23     24  
3.0  00:03:05 42.25425 -72.5742   21     20     23  
3.0  00:03:14 42.254242 -72.574196   23     23     21  
10.0  00:10:18 42.253613 -72.57504   21     23     24  
10.0  00:10:33 42.253906 -72.57605   22     23     22  
10.0  00:10:47 42.254066 -72.5765   23     21     20  
11.0  00:11:00 42.254204 -72.57712   23     21     22  
11.0  00:11:57 42.257645 -72.57594   20     21     24  
12.0  00:12:07 42.257664 -72.576004   20     20     21  
12.0  00:12:15 42.257915 -72.575966   21     23     22  
12.0  00:12:23 42.258392 -72.57562   24     21     24  
12.0  00:12:31 42.259007 -72.575   21     21     22  
12.0  00:12:39 42.25974 -72.57415   21     20     20  
12.0  00:12:47 42.260452 -72.57317   22     22     23  
12.0  00:12:57 42.261536 -72.57271   21     20     23  
0.0  00:00:00 42.257973 -72.57271   20     23     23  
1.0  00:01:00 42.256546 -72.57213   24     20     22  
2.0  00:02:00 42.254192 -72.57418   22     22     22  
3.0  00:03:00 42.254257 -72.57421   23     20     24  
13.0  00:13:06 42.262608 -72.57248   22     23     20  
13.0  00:13:15 42.26371 -72.57218   21     24     22  
13.0  00:13:23 42.265236 -72.571785   24     24     21  
13.0  00:13:31 42.266285 -72.571526   23     21     22  
13.0  00:13:40 42.26675 -72.570854   23     21     24  
13.0  00:13:50 42.266525 -72.569336   20     20     22  
13.0  00:13:59 42.266506 -72.56813   20     21     20  
14.0  00:14:06 42.267254 -72.56732   20     23     23  
14.0  00:14:15 42.26823 -72.56661   20     24     21  
14.0  00:14:23 42.26934 -72.566   24     22     20  
14.0  00:14:31 42.27059 -72.56583   24     21     21  
14.0  00:14:46 42.273087 -72.56527   20     23     24  
14.0  00:14:57 42.274937 -72.56493   21     20     22  
15.0  00:15:06 42.27631 -72.5645   23     24     20  
15.0  00:15:14 42.277355 -72.56301   23     20     22  
15.0  00:15:23 42.278133 -72.56124   23     24     24  
15.0  00:15:31 42.27889 -72.55991   24     24     24  
15.0  00:15:39 42.279926 -72.559135   21     24     23  
15.0  00:15:49 42.2808 -72.5578   24     24     24  
15.0  00:15:58 42.281258 -72.55657   21     24     22  
16.0  00:16:06 42.281906 -72.55497   22     24     21  
16.0  00:16:15 42.28249 -72.55348   24     20     21  
16.0  00:16:23 42.28311 -72.5518   23     21     21  
16.0  00:16:32 42.283794 -72.55006   22     23     24  
16.0  00:16:42 42.284615 -72.54802   24     24     23  
16.0  00:16:51 42.285213 -72.54637   21     20     22  
16.0  00:16:59 42.285572 -72.54423   20     23     23  
17.0  00:17:07 42.286034 -72.54237   20     22     20  
17.0  00:17:16 42.286827 -72.54046   24     21     22  
17.0  00:17:24 42.28751 -72.53882   22     23     22  
17.0  00:17:35 42.28852 -72.53733   23     24     21  
17.0  00:17:43 42.289074 -72.53567   20     20     23  
17.0  00:17:52 42.289783 -72.533806   20     22     24  
18.0  00:18:01 42.2913 -72.53276   22     21     24  
18.0  00:18:09 42.292686 -72.53193   23     22     24  
18.0  00:18:18 42.294083 -72.53125   21     22     20  
18.0  00:18:28 42.296253 -72.53116   20     22     24  
18.0  00:18:37 42.297985 -72.53061   23     21     23  
18.0  00:18:46 42.299286 -72.52962   24     22     22  
18.0  00:18:54 42.30051 -72.528656   20     24     23  
19.0  00:19:03 42.3015 -72.52796   24     20     20  
19.0  00:19:11 42.302937 -72.5276   22     21     21  
19.0  00:19:25 42.30435 -72.52796   24     20     24  
19.0  00:19:33 42.305393 -72.52887   20     24     20  
19.0  00:19:42 42.306026 -72.52976   21     20     20  
19.0  00:19:51 42.306713 -72.53067   24     22     21  
19.0  00:19:59 42.307743 -72.53074   23     20     21  
20.0  00:20:08 42.308685 -72.52979   23     24     23  
20.0  00:20:19 42.309944 -72.52971   21     24     22  
20.0  00:20:30 42.31119 -72.53006   24     22     23  
20.0  00:20:39 42.31288 -72.53068   21     21     21  
20.0  00:20:48 42.314304 -72.53087   21     24     20  
20.0  00:20:59 42.31563 -72.53046   22     21     23  
21.0  00:21:11 42.31771 -72.529724   21     20     22  
21.0  00:21:19 42.318634 -72.528755   20     24     23  
21.0  00:21:28 42.319176 -72.52812   21     20     22  
21.0  00:21:37 42.31929 -72.52797   20     20     21  
21.0  00:21:45 42.319416 -72.52831   23     21     22  
21.0  00:21:54 42.319767 -72.52925   24     21     22  
22.0  00:22:05 42.32013 -72.53055   21     21     24  
22.0  00:22:13 42.3202 -72.531906   22     20     23  
22.0  00:22:22 42.320225 -72.53306   23     20     23  
22.0  00:22:30 42.320244 -72.53409   21     23     22  
22.0  00:22:39 42.3204 -72.534424   23     24     21  
22.0  00:22:47 42.32068 -72.53437   24     23     24  
22.0  00:22:58 42.320736 -72.53438   20     21     21  
23.0  00:23:06 42.320812 -72.53433   24     23     22  
23.0  00:23:16 42.320786 -72.53428   22     22     23  
23.0  00:23:24 42.32083 -72.53398   22     23     23  
23.0  00:23:33 42.320866 -72.533676   24     22     22  
23.0  00:23:41 42.321117 -72.53372   21     22     24  
23.0  00:23:53 42.321182 -72.53412   21     21     21  
24.0  00:24:01 42.321163 -72.53425   20     20     24  
24.0  00:24:09 42.32107 -72.53431   23     21     21  
24.0  00:24:18 42.32099 -72.5343   21     20     24  
24.0  00:24:26 42.32091 -72.53429   22     21     24  
24.0  00:24:34 42.320827 -72.534294   22     22     22  
24.0  00:24:45 42.320763 -72.5343   23     24     24  
24.0  00:24:56 42.320774 -72.5343   23     24     23  
25.0  00:25:05 42.320755 -72.53428   20     24     24  
25.0  00:25:14 42.320835 -72.53431   23     20     23  
25.0  00:25:22 42.3208 -72.53426   20     21     21  
25.0  00:25:31 42.320835 -72.5343   22     21     23  
25.0  00:25:41 42.320873 -72.53434   20     22     20  
25.0  00:25:50 42.320847 -72.53431   21     20     23  
25.0  00:25:58 42.32081 -72.53427   23     21     23  
26.0  00:26:06 42.32077 -72.53423   24     23     22  
26.0  00:26:15 42.320774 -72.53425   20     23     22  
26.0  00:26:23 42.32078 -72.53427   23     20     23  
26.0  00:26:34 42.320778 -72.53429   23     24     24  
26.0  00:26:42 42.320786 -72.53432   21     21     22  
26.0  00:26:51 42.32079 -72.53433   20     21     20  
27.0  00:27:00 42.320816 -72.534355   21     22     20  
27.0  00:27:08 42.320717 -72.53434   23     21     24  
27.0  00:27:18 42.320457 -72.53431   24     21     22  
27.0  00:27:28 42.32033 -72.534424   23     24     22  
27.0  00:27:37 42.320385 -72.534935   21     24     24  
27.0  00:27:52 42.320454 -72.53604   20     21     23  
28.0  00:28:02 42.32016 -72.53834   23     23     22  
28.0  00:28:11 42.319714 -72.540306   23     24     22  
28.0  00:28:22 42.3195 -72.54224   24     21     23  
28.0  00:28:31 42.31991 -72.54425   20     22     21  
28.0  00:28:41 42.320415 -72.54602   20     24     22  
28.0  00:28:49 42.320873 -72.54763   22     23     24  
28.0  00:28:58 42.321274 -72.54931   22     21     23  
29.0  00:29:07 42.32166 -72.550995   21     24     22  
29.0  00:29:18 42.32251 -72.552734   20     21     20  
29.0  00:29:27 42.32343 -72.55397   21     21     22  
29.0  00:29:36 42.324425 -72.55512   21     24     24  
29.0  00:29:45 42.32538 -72.55627   20     23     24  
29.0  00:29:54 42.326447 -72.55753   22     21     21  
30.0  00:30:10 42.32752 -72.558815   21     23     20  
30.0  00:30:28 42.3298 -72.561676   21     21     22  
30.0  00:30:42 42.3298 -72.561676   20     23     20  
30.0  00:30:51 42.32934 -72.56668   23     24     21  
31.0  00:31:00 42.329212 -72.568146   20     21     20  
31.0  00:31:08 42.329613 -72.570114   20     21     23  
31.0  00:31:19 42.330215 -72.57218   21     21     23  
31.0  00:31:28 42.3309 -72.57407   23     24     21  
31.0  00:31:36 42.33142 -72.57545   20     21     22  
31.0  00:31:45 42.33172 -72.576454   22     22     20  
31.0  00:31:54 42.331806 -72.57748   22     24     21  
32.0  00:32:02 42.331734 -72.57773   22     22     24  
32.0  00:32:12 42.33182 -72.57784   20     24     21  
32.0  00:32:21 42.33227 -72.57822   20     24     21  
32.0  00:32:30 42.333122 -72.57921   23     22     21  
32.0  00:32:38 42.3337 -72.580635   20     24     22  
32.0  00:32:47 42.333923 -72.581985   23     24     21  
32.0  00:32:55 42.334164 -72.58344   24     22     21  
33.0  00:33:05 42.334282 -72.58568   20     21     23  
33.0  00:33:14 42.334366 -72.58713   21     23     21  
33.0  00:33:22 42.334442 -72.58855   23     21     20  
33.0  00:33:30 42.334442 -72.58983   22     23     22  
33.0  00:33:38 42.334362 -72.59152   21     24     20  
33.0  00:33:47 42.334446 -72.59336   24     23     20  
33.0  00:33:58 42.3352 -72.59522   22     20     24  
34.0  00:34:06 42.33591 -72.59644   23     21     22  
34.0  00:34:15 42.33622 -72.59821   22     23     21  
34.0  00:34:23 42.336517 -72.60031   23     24     22  
34.0  00:34:32 42.33683 -72.60222   20     24     21  
34.0  00:34:41 42.337208 -72.604294   24     20     23  
34.0  00:34:53 42.33769 -72.60691   24     21     20  
35.0  00:35:01 42.33822 -72.60792   23     20     22  
35.0  00:35:10 42.33914 -72.60836   24     22     21  
35.0  00:35:18 42.339634 -72.608505   21     21     20  
35.0  00:35:28 42.33949 -72.60911   23     20     24  
35.0  00:35:36 42.339127 -72.61074   21     22     23  
35.0  00:35:47 42.33884 -72.61284   21     23     21  
35.0  00:35:55 42.338726 -72.61449   24     20     22  
36.0  00:36:03 42.33808 -72.61606   24     21     20  
36.0  00:36:12 42.337093 -72.61712   23     23     21  
36.0  00:36:20 42.336014 -72.61828   20     22     22  
36.0  00:36:28 42.33519 -72.6193   24     23     24  
36.0  00:36:39 42.33422 -72.620384   20     24     21  
36.0  00:36:48 42.333706 -72.620895   24     23     21  
36.0  00:36:57 42.332756 -72.62155   23     24     22  
37.0  00:37:06 42.3319 -72.62222   24     24     22  
37.0  00:37:14 42.33102 -72.62293   21     24     22  
37.0  00:37:23 42.330276 -72.62343   23     23     24  
37.0  00:37:33 42.32932 -72.62401   22     24     23  
37.0  00:37:42 42.328346 -72.62451   23     22     24  
37.0  00:37:50 42.32738 -72.625015   20     21     20  
37.0  00:37:59 42.326237 -72.6253   21     21     20  
38.0  00:38:07 42.32516 -72.62535   20     24     23  
38.0  00:38:16 42.3241 -72.62532   22     24     23  
38.0  00:38:26 42.32381 -72.62541   23     20     23  
38.0  00:38:35 42.323708 -72.62528   20     20     22  
38.0  00:38:44 42.323715 -72.62525   20     20     22  
38.0  00:38:52 42.32375 -72.625275   22     22     21  
39.0  00:39:01 42.32337 -72.62521   24     23     22  
39.0  00:39:09 42.322727 -72.6255   23     22     24  
39.0  00:39:20 42.32199 -72.626656   22     20     23  
39.0  00:39:28 42.32141 -72.62748   24     24     22  
39.0  00:39:36 42.32065 -72.62832   21     24     23  
39.0  00:39:45 42.32003 -72.62886   23     22     23  
39.0  00:39:54 42.319653 -72.6293   20     23     21  
40.0  00:40:02 42.31942 -72.629684   23     20     22  
40.0  00:40:12 42.319263 -72.63022   21     23     20  
40.0  00:40:21 42.31918 -72.63041   20     22     20  
40.0  00:40:30 42.319214 -72.6304   24     23     24  
40.0  00:40:38 42.319225 -72.6304   20     23     20  
40.0  00:40:46 42.319183 -72.63036   22     22     21  
40.0  00:40:54 42.318954 -72.63074   23     24     24  
41.0  00:41:04 42.318455 -72.631386   22     21     20  
41.0  00:41:13 42.31797 -72.63201   21     22     22  
41.0  00:41:21 42.31781 -72.63285   20     23     21  
41.0  00:41:29 42.317776 -72.63362   20     24     20  
41.0  00:41:38 42.317757 -72.6338   21     21     24  
41.0  00:41:46 42.317684 -72.633835   20     20     21  
41.0  00:41:57 42.317657 -72.633835   22     21     21  
42.0  00:42:06 42.317688 -72.63373   20     20     24  
42.0  00:42:15 42.317665 -72.633835   21     20     22  
42.0  00:42:23 42.317642 -72.63398   21     21     22  
42.0  00:42:32 42.317623 -72.63408   24     21     22  
42.0  00:42:40 42.317623 -72.63405   21     23     24  
42.0  00:42:51 42.31767 -72.634094   23     21     23  
43.0  00:43:00 42.317627 -72.63404   21     21     23  
43.0  00:43:08 42.317635 -72.63397   24     23     21  
43.0  00:43:17 42.31769 -72.63446   23     22     22  
43.0  00:43:25 42.318073 -72.635315   23     22     23  
43.0  00:43:34 42.31875 -72.63598   21     22     22  
43.0  00:43:44 42.319386 -72.6371   21     22     20  
43.0  00:43:52 42.319748 -72.63772   20     24     22  
44.0  00:44:01 42.319706 -72.63775   24     24     23  
44.0  00:44:09 42.319695 -72.63774   24     23     24  
44.0  00:44:17 42.3197 -72.6377   21     23     21  
44.0  00:44:25 42.319687 -72.63767   23     21     23  
44.0  00:44:36 42.319748 -72.637634   24     24     24  
44.0  00:44:44 42.31983 -72.63766   20     20     21  
44.0  00:44:53 42.319878 -72.63765   22     23     21  
45.0  00:45:02 42.319897 -72.637665   24     22     21  
45.0  00:45:10 42.31986 -72.63765   24     21     23  
45.0  00:45:19 42.31984 -72.63764   21     24     22  
45.0  00:45:30 42.31996 -72.63782   21     24     23  
45.0  00:45:39 42.320057 -72.63791   21     23     24  
45.0  00:45:47 42.32002 -72.638   20     24     22  
45.0  00:45:55 42.319763 -72.63779   21     20     20  
46.0  00:46:03 42.31967 -72.63755   24     22     20  
46.0  00:46:11 42.31967 -72.63758   21     22     22  
46.0  00:46:22 42.31965 -72.6376   22     24     22  
46.0  00:46:31 42.319645 -72.63759   22     20     20  
46.0  00:46:40 42.31966 -72.63758   23     24     21  
46.0  00:46:48 42.319622 -72.63757   20     20     22  
46.0  00:46:57 42.319633 -72.63759   20     21     22  
47.0  00:47:05 42.319588 -72.63745   21     22     22  
47.0  00:47:16 42.319122 -72.63641   21     24     24  
47.0  00:47:24 42.31863 -72.63569   22     24     22  
47.0  00:47:33 42.318012 -72.63504   20     22     21  
47.0  00:47:42 42.31773 -72.63449   24     22     21  
47.0  00:47:51 42.31768 -72.63441   21     21     21  
48.0  00:48:00 42.31769 -72.63442   20     21     24  
48.0  00:48:10 42.31768 -72.633675   24     21     20  
48.0  00:48:19 42.31772 -72.63317   22     22     22  
48.0  00:48:28 42.31777 -72.633095   23     20     24  
48.0  00:48:36 42.31781 -72.63222   24     20     20  
48.0  00:48:45 42.31818 -72.63139   22     20     20  
48.0  00:48:53 42.31876 -72.630844   23     24     24  
49.0  00:49:04 42.319305 -72.630005   23     21     23  
49.0  00:49:12 42.319363 -72.629875   22     24     24  
49.0  00:49:21 42.31945 -72.629944   21     23     24  
49.0  00:49:30 42.319443 -72.62994   21     20     23  
49.0  00:49:38 42.319515 -72.629684   23     22     23  
49.0  00:49:46 42.31999 -72.62902   21     20     23  
49.0  00:49:57 42.32071 -72.62825   23     23     22  
50.0  00:50:05 42.32139 -72.62744   20     22     23  
50.0  00:50:14 42.321613 -72.62718   22     22     24  
50.0  00:50:24 42.321564 -72.62717   22     24     24  
50.0  00:50:32 42.3216 -72.6271   21     22     20  
50.0  00:50:41 42.321983 -72.62652   20     22     20  
50.0  00:50:51 42.322754 -72.6253   23     20     20  
51.0  00:51:00 42.323673 -72.62521   21     20     24  
51.0  00:51:12 42.323673 -72.62521   20     21     21  
51.0  00:51:20 42.326324 -72.62525   23     22     22  
51.0  00:51:30 42.327473 -72.62505   22     23     23  
51.0  00:51:38 42.32852 -72.62451   22     24     21  
51.0  00:51:48 42.329556 -72.62388   22     22     20  
51.0  00:51:57 42.33065 -72.623215   20     23     21  
52.0  00:52:06 42.331627 -72.62245   20     22     24  
52.0  00:52:14 42.33268 -72.62151   21     20     23  
52.0  00:52:23 42.333794 -72.62063   21     23     24  
52.0  00:52:31 42.33495 -72.61949   24     20     21  
52.0  00:52:42 42.3363 -72.61794   23     22     20  
52.0  00:52:51 42.33754 -72.61651   22     24     23  
52.0  00:52:59 42.338493 -72.61494   20     23     21  
53.0  00:53:07 42.33881 -72.61351   24     22     24  
53.0  00:53:16 42.33889 -72.61201   22     24     21  
53.0  00:53:24 42.338543 -72.61065   23     23     21  
53.0  00:53:35 42.33809 -72.608765   23     21     20  
53.0  00:53:43 42.33804 -72.6079   23     20     21  
53.0  00:53:52 42.33811 -72.60775   24     23     23  
54.0  00:54:01 42.337727 -72.606926   24     21     21  
54.0  00:54:09 42.33736 -72.604866   21     21     23  
54.0  00:54:18 42.337067 -72.60307   21     21     21  
54.0  00:54:28 42.33668 -72.60082   24     23     20  
54.0  00:54:36 42.33642 -72.59906   24     23     24  
54.0  00:54:45 42.336067 -72.59705   24     23     24  
54.0  00:54:54 42.335285 -72.59519   24     24     21  
55.0  00:55:02 42.334538 -72.59365   24     24     23  
55.0  00:55:11 42.334393 -72.59159   24     20     23  
55.0  00:55:21 42.334435 -72.589455   20     22     24  
55.0  00:55:29 42.33441 -72.58809   20     23     22  
55.0  00:55:38 42.334293 -72.5864   22     21     20  
55.0  00:55:47 42.33423 -72.58461   23     23     24  
56.0  00:56:00 42.334053 -72.58295   21     20     21  
56.0  00:56:12 42.33345 -72.57954   24     21     21  
56.0  00:56:21 42.332485 -72.57826   20     21     24  
56.0  00:56:29 42.331375 -72.57748   24     20     20  
56.0  00:56:37 42.330093 -72.57726   23     23     20  
56.0  00:56:46 42.328514 -72.57703   24     23     23  
56.0  00:56:54 42.327328 -72.57637   21     22     20  
57.0  00:57:05 42.325466 -72.5758   23     21     23  
57.0  00:57:14 42.324028 -72.57552   23     21     24  
57.0  00:57:30 42.3225 -72.57535   20     20     20  
57.0  00:57:38 42.31987 -72.57561   23     22     22  
57.0  00:57:55 42.31827 -72.575645   22     21     24  
58.0  00:58:07 42.314796 -72.57617   23     20     24  
58.0  00:58:17 42.313297 -72.57718   21     24     21  
58.0  00:58:26 42.31168 -72.57851   20     21     20  
58.0  00:58:35 42.31083 -72.58016   24     22     21  
58.0  00:58:44 42.310455 -72.58234   24     22     23  
58.0  00:58:52 42.30998 -72.584526   23     23     20  
59.0  00:59:03 42.309475 -72.58728   22     22     22  
59.0  00:59:12 42.309105 -72.58895   20     23     23  
59.0  00:59:25 42.307858 -72.59106   21     21     24  
59.0  00:59:35 42.306587 -72.593094   23     24     22  
59.0  00:59:51 42.3058 -72.59521   21     21     22  
60.0  01:00:01 42.30463 -72.5983   22     22     22  
60.0  01:00:09 42.30365 -72.5996   20     22     24  
60.0  01:00:18 42.302567 -72.60054   21     23     24  
60.0  01:00:26 42.301098 -72.60142   20     24     21  
60.0  01:00:35 42.29981 -72.602196   21     23     24  
60.0  01:00:44 42.298454 -72.602585   23     22     24  
60.0  01:00:54 42.296333 -72.60224   21     24     21  
61.0  01:01:03 42.29505 -72.60256   23     23     24  
61.0  01:01:11 42.293526 -72.60287   21     20     24  
61.0  01:01:22 42.29224 -72.60317   23     24     23  
61.0  01:01:30 42.290504 -72.60262   24     22     24  
61.0  01:01:39 42.28928 -72.602196   20     24     22  
61.0  01:01:51 42.287663 -72.60192   24     22     24  
62.0  01:02:00 42.286568 -72.601524   23     23     24  
62.0  01:02:09 42.285397 -72.601456   20     20     24  
62.0  01:02:21 42.284206 -72.60085   21     21     21  
62.0  01:02:30 42.284206 -72.60085   24     22     23  
62.0  01:02:40 42.283943 -72.595985   20     22     23  
62.0  01:02:48 42.28389 -72.59435   20     22     23  
62.0  01:02:56 42.283627 -72.59267   22     20     21  
63.0  01:03:04 42.28269 -72.59161   23     20     20  
63.0  01:03:13 42.281433 -72.59067   24     21     22  
63.0  01:03:21 42.280293 -72.58973   20     24     22  
63.0  01:03:32 42.278538 -72.588524   21     23     22  
63.0  01:03:40 42.277153 -72.58809   23     20     21  
63.0  01:03:49 42.275417 -72.588356   21     24     21  
63.0  01:03:57 42.273792 -72.58873   22     23     23  
64.0  01:04:06 42.27247 -72.58848   23     21     23  
64.0  01:04:15 42.271076 -72.58789   20     21     22  
64.0  01:04:26 42.269203 -72.58622   23     22     23  
64.0  01:04:34 42.268074 -72.58509   22     23     23  
64.0  01:04:43 42.26661 -72.584785   24     23     22  
64.0  01:04:51 42.265347 -72.584206   21     22     24  
65.0  01:05:00 42.26411 -72.58325   24     22     23  
65.0  01:05:08 42.263107 -72.5823   23     21     23  
65.0  01:05:19 42.26192 -72.580986   23     21     22  
65.0  01:05:27 42.261124 -72.58004   24     20     21  
65.0  01:05:35 42.260723 -72.57879   23     22     23  
65.0  01:05:43 42.260483 -72.577415   21     20     22  
65.0  01:05:52 42.260082 -72.57606   21     21     24  
66.0  01:06:01 42.25947 -72.57539   21     20     20  
66.0  01:06:11 42.259155 -72.57482   23     22     22  
66.0  01:06:20 42.25894 -72.57473   21     22     22  
66.0  01:06:28 42.258495 -72.5743   22     21     23  
66.0  01:06:37 42.25814 -72.57354   21     21     23  
66.0  01:06:46 42.258034 -72.57294   23     21     21  
66.0  01:06:54 42.257977 -72.57264   21     21     20  
67.0  01:07:04 42.25789 -72.57209   21     22     20  
67.0  01:07:12 42.257618 -72.571915   23     23     24  
67.0  01:07:22 42.257076 -72.57207   22     22     20  
67.0  01:07:31 42.256516 -72.572174   21     23     20  
67.0  01:07:40 42.256287 -72.5722   21     24     20  
67.0  01:07:48 42.25575 -72.57242   22     20     24  
67.0  01:07:59 42.255043 -72.572876   23     20     23  
68.0  01:08:07 42.254436 -72.57342   22     20     24  
68.0  01:08:16 42.254227 -72.57404   22     20     22  
68.0  01:08:25 42.254208 -72.57417   22     24     22  
68.0  01:08:34 42.25421 -72.57419   21     24     21  
68.0  01:08:41 42.2542 -72.57421   23     23     23  
68.0  01:08:51 42.254215 -72.574196   20     22     20  
69.0  01:09:00 42.254215 -72.574234   21     20     20  
69.0  01:09:08 42.254143 -72.574295   21     23     23  
69.0  01:09:17 42.2538 -72.57457   21     21     21  
69.0  01:09:25 42.253494 -72.57469   23     21     20  
69.0  01:09:34 42.253616 -72.5752   22     24     20  
69.0  01:09:45 42.25383 -72.57588   22     21     22  
69.0  01:09:53 42.253914 -72.57625   22     23     22  
70.0  01:10:02 42.253857 -72.57626   21     21     20  
70.0  01:10:10 42.253883 -72.576324   23     22     22  
70.0  01:10:19 42.25412 -72.57681   20     23     22  
70.0  01:10:27 42.254234 -72.57712   22     23     24  
70.0  01:10:39 42.25508 -72.57685   20     21     23  
70.0  01:10:47 42.25595 -72.57653   21     22     22  
70.0  01:10:56 42.256813 -72.57624   22     21     20  
71.0  01:11:04 42.25733 -72.57604   20     20     20  
71.0  01:11:13 42.257553 -72.57595   23     24     21  
71.0  01:11:23 42.258137 -72.5757   21     20     23  
71.0  01:11:34 42.25853 -72.57538   21     22     20  
71.0  01:11:43 42.259087 -72.57497   24     20     22  
71.0  01:11:51 42.259556 -72.5755   24     21     21  
72.0  01:12:00 42.26013 -72.576126   22     22     23  
72.0  01:12:08 42.260544 -72.577194   22     22     24  
72.0  01:12:17 42.260696 -72.57844   23     24     24  
72.0  01:12:28 42.26107 -72.57996   21     22     22  
72.0  01:12:37 42.26208 -72.581345   20     22     21  
72.0  01:12:45 42.26305 -72.582306   20     23     22  
72.0  01:12:53 42.26409 -72.583244   21     22     20  
73.0  01:13:01 42.265106 -72.58413   20     21     23  
73.0  01:13:11 42.266323 -72.58478   21     23     23  
73.0  01:13:21 42.268227 -72.58544   24     23     22  
73.0  01:13:29 42.269386 -72.58613   20     21     20  
73.0  01:13:38 42.270554 -72.587364   20     22     22  
73.0  01:13:47 42.27171 -72.5881   23     22     22  
73.0  01:13:55 42.273067 -72.5886   24     23     21  
74.0  01:14:04 42.27436 -72.58871   24     24     24  
74.0  01:14:14 42.276043 -72.58829   20     24     24  
74.0  01:14:23 42.27747 -72.58812   24     22     21  
74.0  01:14:36 42.27874 -72.58847   23     21     22  
74.0  01:14:44 42.280453 -72.589745   22     21     23  
74.0  01:14:52 42.28146 -72.59066   23     21     23  
75.0  01:15:01 42.282642 -72.591675   20     24     20  
75.0  01:15:11 42.28381 -72.59318   24     22     21  
75.0  01:15:19 42.28392 -72.59473   21     22     23  
75.0  01:15:36 42.283985 -72.596634   23     24     23  
75.0  01:15:45 42.284153 -72.60045   23     21     23  
75.0  01:15:53 42.28497 -72.60157   21     21     22  
76.0  01:16:05 42.286755 -72.60168   21     23     24  
76.0  01:16:17 42.286755 -72.60168   21     20     22  
76.0  01:16:25 42.290077 -72.60245   22     20     20  
76.0  01:16:33 42.29147 -72.60311   21     20     23  
76.0  01:16:42 42.29316 -72.60302   21     20     21  
76.0  01:16:51 42.2947 -72.60271   23     20     22  
77.0  01:17:01 42.296875 -72.60217   22     23     20  
77.0  01:17:10 42.29854 -72.602455   22     22     24  
77.0  01:17:19 42.299995 -72.60213   24     23     23  
77.0  01:17:41 42.301804 -72.60096   21     20     23  
77.0  01:17:51 42.305103 -72.5975   24     21     22  
78.0  01:18:00 42.30592 -72.595345   24     20     22  
78.0  01:18:08 42.30657 -72.59339   24     23     24  
78.0  01:18:17 42.307163 -72.59191   22     21     20  
78.0  01:18:25 42.308235 -72.59032   21     20     21  
78.0  01:18:34 42.309063 -72.588844   24     21     23  
78.0  01:18:49 42.309967 -72.585175   24     22     21  
79.0  01:19:02 42.31054 -72.58203   24     22     22  
79.0  01:19:16 42.31123 -72.57938   24     23     20  
79.0  01:19:25 42.312828 -72.577286   23     20     24  
79.0  01:19:34 42.314415 -72.57626   24     23     23  
79.0  01:19:42 42.31615 -72.57573   20     24     21  
79.0  01:19:50 42.317703 -72.57566   21     20     20  
80.0  01:20:00 42.31905 -72.57561   21     21     23  
80.0  01:20:11 42.32171 -72.57561   22     21     21  
80.0  01:20:20 42.32336 -72.575455   20     20     24  
80.0  01:20:28 42.32503 -72.57574   23     23     23  
80.0  01:20:38 42.326637 -72.57613   20     22     21  
80.0  01:20:46 42.328465 -72.57704   20     24     24  
80.0  01:20:55 42.32997 -72.57746   22     23     24  
81.0  01:21:05 42.331875 -72.57785   20     20     21  
81.0  01:21:13 42.333084 -72.57918   20     20     20  
81.0  01:21:22 42.33372 -72.58086   23     23     21  
81.0  01:21:31 42.333996 -72.58283   21     21     22  
81.0  01:21:39 42.334244 -72.5847   20     23     21  
81.0  01:21:47 42.33436 -72.58675   23     20     20  
81.0  01:21:58 42.334457 -72.588806   23     23     20  
82.0  01:22:08 42.334427 -72.59056   24     24     21  
82.0  01:22:16 42.334427 -72.592804   22     23     20  
82.0  01:22:25 42.335003 -72.59504   20     21     24  
82.0  01:22:33 42.335907 -72.596535   22     24     20  
82.0  01:22:42 42.336315 -72.598625   20     21     22  
82.0  01:22:55 42.336662 -72.60105   23     24     21  
83.0  01:23:05 42.337185 -72.604065   22     23     24  
83.0  01:23:13 42.337597 -72.606415   21     21     24  
83.0  01:23:21 42.338085 -72.60789   23     21     21  
83.0  01:23:30 42.339005 -72.60832   22     23     21  
83.0  01:23:38 42.3394 -72.60841   21     24     21  
83.0  01:23:52 42.3394 -72.60834   23     23     21  
84.0  01:24:03 42.339546 -72.60839   22     20     20  
84.0  01:24:11 42.339497 -72.60905   24     23     22  
84.0  01:24:20 42.339214 -72.61039   24     22     24  
84.0  01:24:28 42.338966 -72.61191   23     20     23  
84.0  01:24:37 42.338783 -72.61386   22     21     21  
84.0  01:24:45 42.338417 -72.6154   22     22     20  
84.0  01:24:55 42.337307 -72.61683   21     21     21  
85.0  01:25:03 42.33634 -72.617905   21     20     21  
85.0  01:25:12 42.33522 -72.61918   20     21     21  
85.0  01:25:20 42.334267 -72.62024   23     22     22  
85.0  01:25:32 42.333496 -72.620964   20     20     24  
85.0  01:25:41 42.332115 -72.62207   24     20     24  
85.0  01:25:52 42.33076 -72.623085   23     24     23  
86.0  01:26:00 42.329483 -72.623856   22     20     21  
86.0  01:26:09 42.328293 -72.624466   24     23     23  
86.0  01:26:17 42.327168 -72.625015   21     24     23  
86.0  01:26:26 42.325947 -72.62521   22     24     20  
86.0  01:26:34 42.324875 -72.6252   24     20     23  
86.0  01:26:44 42.32362 -72.62521   23     20     24  
86.0  01:26:53 42.32281 -72.625275   21     24     20  
87.0  01:27:01 42.322147 -72.62629   21     24     21  
87.0  01:27:10 42.32162 -72.62714   24     22     21  
87.0  01:27:21 42.320812 -72.62814   21     21     20  
87.0  01:27:29 42.31993 -72.62905   22     24     20  
87.0  01:27:41 42.319363 -72.63011   23     24     24  
87.0  01:27:49 42.319206 -72.63035   23     22     20  
87.0  01:27:58 42.31912 -72.63048   23     24     24  
88.0  01:28:07 42.318787 -72.63091   23     21     23  
88.0  01:28:15 42.318256 -72.6315   24     23     24  
88.0  01:28:24 42.317795 -72.63222   21     20     22  
88.0  01:28:35 42.317753 -72.63347   23     24     21  
88.0  01:28:43 42.317757 -72.63374   20     22     20  
88.0  01:28:52 42.317753 -72.63375   22     21     23  
89.0  01:29:00 42.317757 -72.63375   20     20     23  
89.0  01:29:09 42.317757 -72.63376   23     21     20  
89.0  01:29:17 42.317745 -72.63378   20     24     20  
89.0  01:29:28 42.317738 -72.63413   23     24     23  
89.0  01:29:36 42.317997 -72.63507   22     21     24  
89.0  01:29:45 42.318584 -72.63581   22     21     23  
89.0  01:29:54 42.318832 -72.635994   20     21     22  
90.0  01:30:03 42.31885 -72.6361   20     24     22  
90.0  01:30:11 42.319145 -72.63656   21     21     21  
90.0  01:30:22 42.319687 -72.63744   23     21     22  
90.0  01:30:30 42.32003 -72.63775   20     24     24  
90.0  01:30:39 42.319992 -72.637886   20     22     20  
90.0  01:30:47 42.31973 -72.63767   22     22     21  
90.0  01:30:55 42.31959 -72.63746   24     21     20  
91.0  01:31:04 42.319523 -72.63747   23     23     22  
91.0  01:31:15 42.319508 -72.63746   22     20     20  
91.0  01:31:23 42.319473 -72.637245   22     24     22  
91.0  01:31:32 42.319122 -72.63662   22     20     20  
91.0  01:31:40 42.318478 -72.635735   21     22     24  
91.0  01:31:49 42.317745 -72.63493   21     21     23  
91.0  01:31:57 42.31765 -72.6344   21     20     22  
92.0  01:32:08 42.317726 -72.63442   24     22     24  
92.0  01:32:16 42.317776 -72.63443   20     24     23  
92.0  01:32:25 42.317837 -72.63445   21     24     24  
92.0  01:32:33 42.31782 -72.634   23     22     22  
92.0  01:32:42 42.317783 -72.63336   24     23     24  
92.0  01:32:51 42.31774 -72.6332   24     22     22  
93.0  01:33:02 42.31773 -72.6332   20     23     20  
93.0  01:33:11 42.31772 -72.63319   23     20     21  
93.0  01:33:19 42.31778 -72.632935   22     24     22  
93.0  01:33:28 42.31787 -72.63227   22     21     24  
93.0  01:33:36 42.31826 -72.63145   21     20     22  
93.0  01:33:45 42.318783 -72.6308   24     22     23  
93.0  01:33:56 42.31933 -72.63   23     20     23  
94.0  01:34:04 42.319717 -72.62945   21     21     22  
94.0  01:34:13 42.320267 -72.62868   22     20     24  
94.0  01:34:21 42.320736 -72.628136   23     24     22  
94.0  01:34:30 42.320683 -72.628235   22     22     22  
94.0  01:34:38 42.320873 -72.628075   20     20     23  
94.0  01:34:49 42.321507 -72.627266   23     21     23  
94.0  01:34:58 42.321613 -72.62709   24     24     22  
95.0  01:35:06 42.3216 -72.62709   20     22     23  
95.0  01:35:15 42.321598 -72.62709   24     23     20  
95.0  01:35:23 42.321636 -72.62708   20     20     24  
95.0  01:35:32 42.321754 -72.626915   21     23     22  
95.0  01:35:43 42.32226 -72.62613   22     20     22  
95.0  01:35:52 42.322823 -72.625275   20     23     21  
96.0  01:36:00 42.323544 -72.62511   24     20     24  
96.0  01:36:08 42.324585 -72.625145   20     22     21  
96.0  01:36:17 42.32553 -72.625145   24     22     22  
96.0  01:36:25 42.326595 -72.62516   24     22     21  
96.0  01:36:35 42.32783 -72.624794   23     24     20  
96.0  01:36:45 42.328777 -72.62426   24     23     23  
96.0  01:36:53 42.329937 -72.62361   20     22     22  
97.0  01:37:00 42.330856 -72.62309   22     20     20  
97.0  01:37:08 42.331802 -72.62229   23     20     21  
97.0  01:37:17 42.332684 -72.62149   24     23     20  
97.0  01:37:27 42.333607 -72.6207   22     22     24  
97.0  01:37:36 42.333717 -72.62052   22     24     22  
97.0  01:37:45 42.33429 -72.62013   22     21     23  
97.0  01:37:53 42.335228 -72.619125   21     20     22  
98.0  01:38:02 42.336163 -72.61806   23     24     22  
98.0  01:38:11 42.337303 -72.61674   24     22     23  
98.0  01:38:22 42.33844 -72.61499   22     23     24  
98.0  01:38:30 42.338757 -72.61349   20     23     24  
98.0  01:38:39 42.33886 -72.61199   23     21     22  
98.0  01:38:47 42.338547 -72.61072   21     24     22  
98.0  01:38:55 42.3382 -72.609276   24     23     23  
99.0  01:39:04 42.338005 -72.60822   22     22     23  
99.0  01:39:18 42.33811 -72.607864   20     23     20  
99.0  01:39:27 42.338108 -72.607834   20     20     20  
99.0  01:39:36 42.337826 -72.6073   23     24     23  
99.0  01:39:44 42.3375 -72.60599   24     21     22  
99.0  01:39:53 42.33721 -72.604294   24     21     22  
100.0  01:40:01 42.33695 -72.60269   20     23     21  
100.0  01:40:11 42.33659 -72.60059   23     23     20  
100.0  01:40:20 42.3363 -72.59861   22     21     20  
100.0  01:40:28 42.33603 -72.59698   23     20     24  
100.0  01:40:36 42.33544 -72.59554   21     20     20  
100.0  01:40:45 42.33467 -72.594154   21     20     20  
100.0  01:40:53 42.33437 -72.592255   20     22     20  
101.0  01:41:03 42.334408 -72.59004   20     20     21  
101.0  01:41:11 42.33444 -72.58813   20     23     21  
101.0  01:41:19 42.33436 -72.586426   21     24     24  
101.0  01:41:28 42.334267 -72.58472   20     21     21  
101.0  01:41:36 42.334007 -72.58279   21     20     22  
101.0  01:41:45 42.33373 -72.58115   24     20     24  
101.0  01:41:55 42.333183 -72.57914   22     24     20  
102.0  01:42:04 42.332245 -72.57798   22     23     20  
102.0  01:42:13 42.331085 -72.577515   24     22     23  
102.0  01:42:22 42.32953 -72.57729   21     24     22  
102.0  01:42:30 42.328007 -72.57682   22     20     23  
102.0  01:42:38 42.326797 -72.57622   22     22     24  
102.0  01:42:48 42.325096 -72.575745   22     20     21  
102.0  01:42:59 42.32357 -72.57547   24     22     21  
103.0  01:43:08 42.32168 -72.57554   23     20     23  
103.0  01:43:17 42.320145 -72.57564   21     20     21  
103.0  01:43:26 42.31864 -72.57567   22     24     22  
103.0  01:43:35 42.317104 -72.57575   23     22     24  
103.0  01:43:45 42.315254 -72.576004   23     23     21  
103.0  01:43:54 42.31393 -72.5767   21     20     20  
104.0  01:44:04 42.3126 -72.57764   23     21     24  
104.0  01:44:13 42.311287 -72.57925   24     21     20  
104.0  01:44:22 42.31064 -72.58107   24     23     22  
104.0  01:44:31 42.31016 -72.58353   22     21     24  
104.0  01:44:41 42.309666 -72.58621   23     23     23  
104.0  01:44:49 42.309315 -72.58806   22     22     22  
105.0  01:45:01 42.3087 -72.589775   21     21     24  
105.0  01:45:10 42.307293 -72.59171   20     23     20  
105.0  01:45:31 42.306305 -72.59379   24     22     20  
105.0  01:45:34 42.306305 -72.59379   20     24     21  
105.0  01:45:44 42.304188 -72.59901   20     22     21  
105.0  01:45:52 42.303177 -72.60005   22     23     24  
106.0  01:46:00 42.3018 -72.60099   24     24     20  
106.0  01:46:09 42.300514 -72.60177   22     23     23  
106.0  01:46:17 42.29937 -72.602425   24     23     22  
106.0  01:46:26 42.2979 -72.60237   23     22     22  
106.0  01:46:36 42.29619 -72.60223   21     20     22  
106.0  01:46:44 42.294735 -72.60263   22     23     22  
106.0  01:46:53 42.293186 -72.602905   23     24     23  
107.0  01:47:01 42.291855 -72.603195   23     23     24  
107.0  01:47:10 42.290585 -72.60269   24     20     21  
107.0  01:47:18 42.28918 -72.60219   22     21     21  
107.0  01:47:29 42.287624 -72.602   21     20     21  
107.0  01:47:37 42.286755 -72.60156   24     22     22  
107.0  01:47:46 42.285583 -72.60138   22     24     24  
107.0  01:47:58 42.284393 -72.60098   24     21     22  
108.0  01:48:14 42.284393 -72.60098   21     20     24  
108.0  01:48:29 42.283916 -72.59498   23     21     23  
108.0  01:48:37 42.283638 -72.59262   22     20     21  
108.0  01:48:46 42.28274 -72.59163   21     24     24  
108.0  01:48:55 42.281334 -72.59057   21     20     24  
109.0  01:49:08 42.279053 -72.588875   21     22     24  
109.0  01:49:19 42.277187 -72.5882   20     20     22  
109.0  01:49:27 42.275414 -72.5884   24     24     21  
109.0  01:49:36 42.273743 -72.5888   24     23     22  
109.0  01:49:45 42.272324 -72.588356   22     23     21  
109.0  01:49:54 42.270645 -72.5876   21     20     21  
110.0  01:50:02 42.269333 -72.58634   20     21     23  
110.0  01:50:13 42.267727 -72.58499   21     20     24  
110.0  01:50:22 42.266365 -72.58465   24     24     24  
110.0  01:50:30 42.264935 -72.584015   21     22     24  
110.0  01:50:39 42.263832 -72.58306   21     24     22  
110.0  01:50:47 42.26271 -72.58185   23     22     23  
110.0  01:50:56 42.261604 -72.5806   23     23     24  
111.0  01:51:07 42.260773 -72.57911   22     21     20  
111.0  01:51:15 42.260433 -72.577354   23     23     23  
111.0  01:51:24 42.260017 -72.57584   20     21     21  
111.0  01:51:32 42.25934 -72.57508   23     22     23  
111.0  01:51:40 42.258766 -72.57452   24     21     20  
111.0  01:51:48 42.258247 -72.57377   22     22     21  
111.0  01:51:59 42.257935 -72.57244   20     21     23  
112.0  01:52:07 42.257633 -72.571884   24     24     22  
112.0  01:52:16 42.25689 -72.57213   24     21     23  
112.0  01:52:25 42.256344 -72.572205   20     20     21  
112.0  01:52:34 42.255856 -72.572296   21     21     20  
112.0  01:52:42 42.255127 -72.57278   24     21     21  
112.0  01:52:54 42.25443 -72.573425   20     21     20  
113.0  01:53:03 42.25419 -72.57414   24     20     23  
113.0  01:53:11 42.254204 -72.57413   22     22     24  
113.0  01:53:20 42.254227 -72.57411   23     23     20  
113.0  01:53:28 42.25421 -72.5741   21     23     20  
113.0  01:53:36 42.254196 -72.57409   20     22     24  
113.0  01:53:46 42.254166 -72.574104   21     22     23  
113.0  01:53:55 42.254173 -72.574135   21     24     24  
114.0  01:54:03 42.25422 -72.57419   22     23     21  
114.0  01:54:12 42.25424 -72.57418   24     22     20  
114.0  01:54:20 42.2542 -72.574196   24     21     24  
114.0  01:54:29 42.254135 -72.574265   24     20     24  
114.0  01:54:39 42.254124 -72.574356   20     22     22  
114.0  01:54:48 42.254143 -72.57437   21     24     20  
114.0  01:54:56 42.254154 -72.57436   21     22     23  
115.0  01:55:04 42.25415 -72.57434   23     21     21  
115.0  01:55:12 42.254196 -72.57433   20     22     22  
115.0  01:55:21 42.254192 -72.574326   21     22     24  
115.0  01:55:31 42.25418 -72.57432   21     23     24  
115.0  01:55:40 42.2542 -72.5743   21     24     21  
115.0  01:55:48 42.254223 -72.574295   21     24     20  
115.0  01:55:57 42.25424 -72.5743   23     21     20  
116.0  01:56:05 42.254246 -72.574295   20     20     20  
116.0  01:56:14 42.254246 -72.574295   22     22     21  
116.0  01:56:24 42.25425 -72.57429   24     20     21  
116.0  01:56:33 42.25429 -72.5743   21     22     20  
116.0  01:56:41 42.25429 -72.574265   21     23     20  
116.0  01:56:49 42.25431 -72.574265   21     24     23  
116.0  01:56:57 42.25434 -72.57426   20     23     24  
117.0  01:57:05 42.25435 -72.574234   22     20     21  
117.0  01:57:15 42.254284 -72.57418   24     21     22  
117.0  01:57:23 42.254272 -72.574165   22     23     20  
117.0  01:57:33 42.2542 -72.57415   24     24     20  
117.0  01:57:41 42.253883 -72.57445   20     24     24  
117.0  01:57:50 42.253513 -72.57465   24     21     23  
117.0  01:57:58 42.2537 -72.57528   23     22     23  
118.0  01:58:09 42.25404 -72.576324   24     21     21  
118.0  01:58:18 42.25424 -72.577   23     22     24  
118.0  01:58:27 42.254585 -72.57711   21     21     23  
118.0  01:58:35 42.25549 -72.576744   20     24     21  
118.0  01:58:44 42.25658 -72.57634   21     22     21  
118.0  01:58:53 42.257393 -72.57597   23     22     23  
119.0  01:59:03 42.257847 -72.57586   22     23     22  
119.0  01:59:14 42.25847 -72.57545   22     23     23  
119.0  01:59:22 42.259327 -72.57457   21     21     23  
119.0  01:59:31 42.260113 -72.5735   21     22     20  
119.0  01:59:39 42.260937 -72.57281   21     21     23  
119.0  01:59:48 42.26208 -72.57259   22     24     22  
119.0  01:59:58 42.263496 -72.57231   20     22     24  
120.0  02:00:07 42.264835 -72.57198   23     22     23  
120.0  02:00:15 42.266018 -72.57169   20     23     22  
120.0  02:00:23 42.26675 -72.571045   21     24     22  
120.0  02:00:32 42.266605 -72.56947   20     23     23  
120.0  02:00:41 42.266636 -72.568   23     20     20  
120.0  02:00:51 42.267918 -72.56683   23     24     24  
121.0  02:01:00 42.269245 -72.566154   22     24     24  
121.0  02:01:08 42.270473 -72.565895   20     24     22  
121.0  02:01:16 42.271755 -72.56569   20     24     21  
121.0  02:01:25 42.273045 -72.565384   24     22     21  
121.0  02:01:33 42.274555 -72.56505   22     24     22  
121.0  02:01:43 42.276253 -72.564575   22     22     24  
121.0  02:01:51 42.277252 -72.56315   22     23     23  
122.0  02:02:00 42.278194 -72.5612   24     21     24  
122.0  02:02:09 42.279102 -72.55961   20     24     21  
122.0  02:02:17 42.28017 -72.559006   21     23     23  
122.0  02:02:26 42.280933 -72.55743   22     20     20  
122.0  02:02:37 42.281803 -72.55521   20     22     23  
122.0  02:02:45 42.282417 -72.55364   22     21     23  
122.0  02:02:54 42.283123 -72.551796   20     21     20  
123.0  02:03:03 42.283764 -72.550095   21     23     22  
123.0  02:03:11 42.284554 -72.54818   23     20     23  
123.0  02:03:20 42.28524 -72.54644   23     22     23  
123.0  02:03:31 42.285698 -72.54389   23     21     22  
123.0  02:03:39 42.28632 -72.54178   23     22     20  
123.0  02:03:48 42.287155 -72.53974   20     24     20  
123.0  02:03:57 42.28812 -72.53784   23     23     21  
124.0  02:04:06 42.288944 -72.53648   24     24     22  
124.0  02:04:14 42.289513 -72.53447   24     24     23  
124.0  02:04:27 42.291386 -72.53262   22     24     20  
124.0  02:04:35 42.293438 -72.53137   23     22     22  
124.0  02:04:43 42.295315 -72.53112   22     22     21  
124.0  02:04:52 42.297085 -72.53104   23     23     22  
125.0  02:05:00 42.298744 -72.53004   21     21     21  
125.0  02:05:09 42.300034 -72.529076   21     21     23  
125.0  02:05:20 42.30148 -72.52801   22     22     24  
125.0  02:05:28 42.30303 -72.52755   21     23     24  
125.0  02:05:41 42.304256 -72.527855   24     20     21  
125.0  02:05:49 42.305565 -72.529045   20     24     24  
125.0  02:05:58 42.306316 -72.5301   23     24     20  
126.0  02:06:06 42.30719 -72.53088   23     22     21  
126.0  02:06:16 42.3084 -72.52995   23     24     20  
126.0  02:06:25 42.309387 -72.52946   24     20     22  
126.0  02:06:33 42.31075 -72.529945   22     22     22  
126.0  02:06:42 42.312183 -72.530525   23     20     20  
126.0  02:06:50 42.313717 -72.53097   23     22     22  
126.0  02:06:58 42.31516 -72.530624   24     21     20  
127.0  02:07:09 42.316658 -72.53011   22     20     23  
127.0  02:07:18 42.317917 -72.529434   21     24     20  
127.0  02:07:26 42.31901 -72.52827   22     21     20  
127.0  02:07:35 42.31939 -72.52808   23     23     20  
127.0  02:07:43 42.319736 -72.52899   20     23     24  
127.0  02:07:52 42.320152 -72.53038   21     24     22  
128.0  02:08:06 42.320263 -72.53282   23     20     20  
128.0  02:08:16 42.320286 -72.53417   22     24     24  
128.0  02:08:25 42.320454 -72.53442   20     20     22  
128.0  02:08:33 42.320843 -72.534294   21     22     23  
128.0  02:08:42 42.320843 -72.53379   21     23     20  
128.0  02:08:50 42.321136 -72.53371   22     23     20  
128.0  02:08:59 42.321186 -72.53414   20     23     20  
129.0  02:09:11 42.32087 -72.53434   23     22     24  
129.0  02:09:19 42.32081 -72.53432   21     23     24  
129.0  02:09:28 42.32081 -72.53429   20     22     21  
129.0  02:09:37 42.320816 -72.53429   20     23     21  
129.0  02:09:45 42.320835 -72.53428   21     21     21  
129.0  02:09:54 42.320873 -72.53428   22     20     24  
130.0  02:10:07 42.3209 -72.53429   24     20     22  
130.0  02:10:15 42.32089 -72.53428   20     21     22  
130.0  02:10:24 42.320873 -72.53426   21     24     24  
130.0  02:10:32 42.320877 -72.53429   21     22     24  
130.0  02:10:41 42.320744 -72.53428   24     20     22  
130.0  02:10:49 42.320465 -72.534325   23     20     22  
131.0  02:11:00 42.32032 -72.5344   23     24     21  
131.0  02:11:09 42.320377 -72.535095   20     22     20  
131.0  02:11:24 42.320274 -72.53738   23     21     20  
131.0  02:11:46 42.319748 -72.53993   20     21     24  
132.0  02:12:09 42.321354 -72.549355   20     24     21  
132.0  02:12:10 42.32146 -72.54984   21     20     22  
132.0  02:12:21 42.32219 -72.55215   23     24     22  
132.0  02:12:30 42.32321 -72.55369   24     23     24  
132.0  02:12:39 42.32449 -72.55525   23     24     20  
132.0  02:12:50 42.325665 -72.55663   22     20     20  
132.0  02:12:58 42.3273 -72.558525   23     20     23  
133.0  02:13:06 42.328377 -72.559784   20     20     21  
133.0  02:13:16 42.329662 -72.561485   24     20     23  
133.0  02:13:37 42.330204 -72.56281   21     24     20  
133.0  02:13:51 42.330204 -72.56281   21     21     24  
133.0  02:13:59 42.329857 -72.57083   20     21     23  
134.0  02:14:09 42.330597 -72.5733   24     22     24  
134.0  02:14:18 42.33135 -72.57529   21     23     24  
134.0  02:14:26 42.3318 -72.57675   22     20     20  
134.0  02:14:35 42.331783 -72.57774   22     23     24  
134.0  02:14:43 42.33218 -72.578026   23     20     20  
134.0  02:14:52 42.333157 -72.57928   21     20     24  
135.0  02:15:02 42.33379 -72.58137   20     21     20  
135.0  02:15:10 42.33406 -72.58312   20     24     23  
135.0  02:15:19 42.334267 -72.58495   24     23     23  
135.0  02:15:27 42.334373 -72.58698   23     20     24  
135.0  02:15:36 42.334457 -72.588585   23     22     21  
135.0  02:15:44 42.33444 -72.590065   20     20     21  
135.0  02:15:55 42.33442 -72.59245   20     24     23  
136.0  02:16:03 42.334694 -72.594215   23     23     24  
136.0  02:16:12 42.335682 -72.59598   23     23     24  
136.0  02:16:20 42.336197 -72.59766   22     23     20  
136.0  02:16:33 42.3365 -72.59993   23     20     22  
136.0  02:16:42 42.337006 -72.60309   22     21     23  
136.0  02:16:52 42.337437 -72.605545   24     22     24  
137.0  02:17:01 42.33774 -72.6071   23     20     21  
137.0  02:17:09 42.33852 -72.60815   21     23     21  
137.0  02:17:17 42.339302 -72.60839   21     23     22  
137.0  02:17:28 42.33942 -72.60839   20     21     20  
137.0  02:17:36 42.339405 -72.60837   23     23     22  
137.0  02:17:47 42.339577 -72.60852   22     23     23  
137.0  02:17:57 42.339348 -72.60963   24     21     21  
138.0  02:18:05 42.339043 -72.611305   20     22     21  
138.0  02:18:14 42.33885 -72.61317   21     24     24  
138.0  02:18:23 42.33864 -72.614815   22     20     20  
138.0  02:18:31 42.33779 -72.61636   20     24     24  
138.0  02:18:41 42.336452 -72.617836   22     21     20  
138.0  02:18:50 42.335224 -72.619225   24     21     21  
138.0  02:18:58 42.334152 -72.620445   22     20     23  
139.0  02:19:07 42.333134 -72.621315   20     22     23  
139.0  02:19:15 42.332108 -72.6222   24     21     24  
139.0  02:19:24 42.331017 -72.62299   24     24     23  
139.0  02:19:35 42.32964 -72.62385   20     20     22  
139.0  02:19:43 42.32844 -72.62451   24     24     23  
139.0  02:19:51 42.327274 -72.62502   22     20     23  
139.0  02:19:59 42.32607 -72.62521   24     23     22  
140.0  02:20:08 42.324863 -72.62518   23     24     20  
140.0  02:20:16 42.323566 -72.62523   24     22     22  
140.0  02:20:26 42.322433 -72.62575   21     21     21  
140.0  02:20:35 42.32165 -72.62701   20     22     24  
140.0  02:20:44 42.32094 -72.627975   21     22     21  
140.0  02:20:52 42.32011 -72.62875   23     22     21  
141.0  02:21:01 42.319614 -72.62951   24     20     20  
141.0  02:21:09 42.319008 -72.63047   22     21     21  
141.0  02:21:19 42.318253 -72.631485   23     20     21  
141.0  02:21:28 42.317783 -72.6323   22     20     22  
141.0  02:21:36 42.31775 -72.63386   22     22     24  
141.0  02:21:44 42.318027 -72.63511   20     21     20  
141.0  02:21:53 42.31872 -72.63595   20     24     23  
142.0  02:22:01 42.31941 -72.63706   21     22     21  
142.0  02:22:12 42.319878 -72.63778   21     20     23  
142.0  02:22:21 42.320004 -72.63794   22     22     20  
142.0  02:22:29 42.319775 -72.63788   21     23     20  
142.0  02:22:38 42.319645 -72.63756   24     21     21  
142.0  02:22:46 42.319645 -72.6375   23     23     21  
142.0  02:22:56 42.319664 -72.63744   21     24     21  
143.0  02:23:07 42.319633 -72.63735   24     22     22  
143.0  02:23:15 42.31941 -72.63694   22     24     22  
143.0  02:23:23 42.31885 -72.63601   21     20     24  
12.0  00:12:00 42.257656 -72.57599   20     22     21  
13.0  00:13:00 42.26231 -72.57254   22     22     21  
14.0  00:14:00 42.266922 -72.5676   24     20     24  
15.0  00:15:00 42.276146 -72.56459   24     23     24  
16.0  00:16:00 42.28169 -72.55552   24     21     21  
17.0  00:17:00 42.28577 -72.54329   24     21     22  
18.0  00:18:00 42.291656 -72.532555   21     20     23  
19.0  00:19:00 42.301632 -72.52789   23     21     23  
20.0  00:20:00 42.30827 -72.53024   23     20     21  
21.0  00:21:00 42.316692 -72.53014   22     24     24  
22.0  00:22:00 42.32013 -72.53055   22     21     23  
23.0  00:23:00 42.32082 -72.53435   22     22     21  
24.0  00:24:00 42.32115 -72.53429   24     23     22  
25.0  00:25:00 42.320766 -72.53429   23     23     24  
26.0  00:26:00 42.32077 -72.53423   23     21     22  
27.0  00:27:00 42.320786 -72.534325   20     23     22  
28.0  00:28:00 42.320007 -72.53904   20     23     22  
29.0  00:29:00 42.321484 -72.550255   24     20     22  
30.0  00:30:00 42.32764 -72.55896   20     20     20  
31.0  00:31:00 42.329323 -72.56903   23     21     23  
32.0  00:32:00 42.331726 -72.57775   23     21     21  
33.0  00:33:00 42.334274 -72.5853   23     22     23  
34.0  00:34:00 42.33578 -72.59615   23     24     24  
35.0  00:35:00 42.33856 -72.60815   21     24     22  
36.0  00:36:00 42.33808 -72.61606   22     24     20  
37.0  00:37:00 42.332 -72.62213   23     21     20  
38.0  00:38:00 42.325577 -72.62534   23     22     20  
39.0  00:39:00 42.32311 -72.625244   22     24     21  
40.0  00:40:00 42.31943 -72.629776   22     24     23  
41.0  00:41:00 42.318512 -72.631325   20     22     22  
42.0  00:42:00 42.31769 -72.63373   24     22     22  
43.0  00:43:00 42.31762 -72.63404   22     20     20  
44.0  00:44:00 42.319695 -72.63776   21     23     24  
45.0  00:45:00 42.319885 -72.63766   23     20     20  
46.0  00:46:00 42.31967 -72.63755   23     23     22  
47.0  00:47:00 42.319622 -72.63752   24     24     22  
48.0  00:48:00 42.317696 -72.63433   20     21     22  
49.0  00:49:00 42.319305 -72.630005   20     21     22  
50.0  00:50:00 42.321243 -72.627625   20     20     21  
51.0  00:51:00 42.324184 -72.62523   23     22     21  
52.0  00:52:00 42.331512 -72.62256   22     20     20  
53.0  00:53:00 42.338722 -72.614105   21     23     23  
54.0  00:54:00 42.3376 -72.60617   23     22     24  
55.0  00:55:00 42.334488 -72.59343   24     23     21  
56.0  00:56:00 42.333767 -72.58133   22     24     20  
57.0  00:57:00 42.325813 -72.5759   20     24     21  
58.0  00:58:00 42.315342 -72.57595   21     22     22  
59.0  00:59:00 42.309475 -72.58728   21     24     24  
60.0  01:00:00 42.304337 -72.59876   21     20     21  
61.0  01:01:00 42.29488 -72.60261   23     23     23  
62.0  01:02:00 42.28611 -72.60147   22     21     20  
63.0  01:03:00 42.282845 -72.59173   24     24     22  
64.0  01:04:00 42.2728 -72.5886   24     22     22  
65.0  01:05:00 42.263596 -72.58279   22     21     24  
66.0  01:06:00 42.259327 -72.57516   23     20     23  
67.0  01:07:00 42.25789 -72.57209   20     22     21  
68.0  01:08:00 42.254616 -72.57323   22     24     20  
69.0  01:09:00 42.254215 -72.57424   21     21     22  
70.0  01:10:00 42.25385 -72.57627   20     21     21  
71.0  01:11:00 42.257305 -72.57606   20     22     23  
72.0  01:12:00 42.260403 -72.576546   22     21     23  
73.0  01:13:00 42.265385 -72.58434   22     24     23  
74.0  01:14:00 42.274204 -72.58874   21     23     20  
75.0  01:15:00 42.28292 -72.59191   20     23     20  
76.0  01:16:00 42.28659 -72.60169   24     22     24  
77.0  01:17:00 42.29724 -72.6022   22     21     23  
78.0  01:18:00 42.306213 -72.594475   24     22     21  
79.0  01:19:00 42.31063 -72.58157   22     21     23  
80.0  01:20:00 42.32027 -72.575645   21     24     20  
81.0  01:21:00 42.33169 -72.577805   20     21     23  
82.0  01:22:00 42.33444 -72.58985   24     23     23  
83.0  01:23:00 42.337185 -72.604065   20     24     20  
84.0  01:24:00 42.339577 -72.60844   22     22     21  
85.0  01:25:00 42.33622 -72.61804   20     24     22  
86.0  01:26:00 42.328964 -72.62412   21     21     22  
87.0  01:27:00 42.322006 -72.62654   22     24     22  
88.0  01:28:00 42.31893 -72.6307   23     23     22  
89.0  01:29:00 42.317757 -72.63375   20     22     24  
90.0  01:30:00 42.31885 -72.6361   22     22     22  
91.0  01:31:00 42.319523 -72.63747   21     20     20  
92.0  01:32:00 42.317707 -72.63439   21     21     21  
93.0  01:33:00 42.31773 -72.6332   21     21     23  
94.0  01:34:00 42.31966 -72.62954   21     22     20  
95.0  01:35:00 42.3216 -72.62709   22     22     24  
96.0  01:36:00 42.32399 -72.62514   22     20     24  
97.0  01:37:00 42.331238 -72.62281   20     24     20  
98.0  01:38:00 42.336414 -72.61776   23     20     22  
99.0  01:39:00 42.338005 -72.60822   24     22     23  
100.0  01:40:00 42.33683 -72.60208   21     22     20  
101.0  01:41:00 42.334415 -72.58982   20     21     22  
102.0  01:42:00 42.332245 -72.57798   20     23     23  
103.0  01:43:00 42.322323 -72.5754   22     20     21  
104.0  01:44:00 42.31246 -72.57774   21     21     21  
105.0  01:45:00 42.308075 -72.59069   20     20     24  
106.0  01:46:00 42.301277 -72.6013   20     20     22  
107.0  01:47:00 42.291515 -72.60313   24     20     21  
108.0  01:48:00 42.283886 -72.59955   23     20     21  
109.0  01:49:00 42.27993 -72.58943   24     22     20  
110.0  01:50:00 42.269188 -72.5862   20     20     22  
111.0  01:51:00 42.260933 -72.57962   20     21     21  
112.0  01:52:00 42.257847 -72.57191   22     21     21  
113.0  01:53:00 42.254185 -72.57416   24     20     20  
114.0  01:54:00 42.25422 -72.57419   21     20     24  
115.0  01:55:00 42.25415 -72.57434   20     21     20  
116.0  01:56:00 42.254246 -72.5743   20     24     21  
117.0  01:57:00 42.254364 -72.57424   22     20     24  
118.0  01:58:00 42.25391 -72.57584   21     20     23  
119.0  01:59:00 42.25794 -72.57583   22     22     22  
120.0  02:00:00 42.26437 -72.57209   20     20     24  
121.0  02:01:00 42.269695 -72.56602   22     23     23  
122.0  02:02:00 42.2785 -72.56057   24     23     20  
123.0  02:03:00 42.283848 -72.54988   20     23     23  
124.0  02:04:00 42.2888 -72.53689   24     21     23  
125.0  02:05:00 42.29924 -72.52965   21     23     22  
126.0  02:06:00 42.30684 -72.53078   24     22     21  
127.0  02:07:00 42.31582 -72.530396   24     23     24  
128.0  02:08:00 42.32026 -72.53245   21     22     22  
129.0  02:09:00 42.32117 -72.53426   21     22     22  
130.0  02:10:00 42.3209 -72.53428   24     24     20  
131.0  02:11:00 42.32028 -72.53459   23     20     20  
132.0  02:12:00 42.32102 -72.547874   20     24     20  
133.0  02:13:00 42.327972 -72.55932   20     22     22  
134.0  02:14:00 42.330227 -72.572105   20     20     23  
135.0  02:15:00 42.333817 -72.58157   22     20     20  
136.0  02:16:00 42.334774 -72.59443   20     21     20  
137.0  02:17:00 42.33791 -72.60763   22     22     23  
138.0  02:18:00 42.339108 -72.6109   24     22     20  
139.0  02:19:00 42.333504 -72.62101   20     20     23  
140.0  02:20:00 42.325462 -72.6252   21     21     24  
141.0  02:21:00 42.319416 -72.629845   24     20     20  
142.0  02:22:00 42.31952 -72.63728   23     22     23  
143.0  02:23:31 42.31809 -72.63522   20     23     22  
143.0  02:23:40 42.31765 -72.63451   24     22     24  
143.0  02:23:48 42.3177 -72.63438   24     23     20  
144.0  02:24:02 42.31767 -72.634384   23     21     20  
144.0  02:24:10 42.317635 -72.6344   21     22     22  
144.0  02:24:19 42.317627 -72.63441   21     21     21  
144.0  02:24:28 42.317627 -72.63425   24     23     21  
144.0  02:24:37 42.317715 -72.63333   20     22     20  
144.0  02:24:45 42.31789 -72.63213   21     24     20  
144.0  02:24:57 42.3185 -72.63115   22     23     20  
145.0  02:25:09 42.319096 -72.63037   21     24     24  
145.0  02:25:18 42.31943 -72.629684   23     23     24  
145.0  02:25:26 42.31993 -72.62899   23     23     20  
145.0  02:25:35 42.32064 -72.62817   20     20     22  
145.0  02:25:43 42.32064 -72.62824   23     20     21  
145.0  02:25:54 42.321053 -72.62787   24     23     22  
146.0  02:26:02 42.321815 -72.626854   23     21     21  
146.0  02:26:11 42.322506 -72.625725   20     23     24  
146.0  02:26:19 42.323433 -72.625084   24     20     23  
146.0  02:26:28 42.324554 -72.62512   21     20     20  
146.0  02:26:36 42.3258 -72.62515   20     20     20  
146.0  02:26:47 42.327126 -72.625046   21     21     23  
146.0  02:26:56 42.328457 -72.62447   24     21     23  
147.0  02:27:04 42.32973 -72.62378   20     20     22  
147.0  02:27:13 42.331055 -72.622955   21     20     21  
147.0  02:27:21 42.33223 -72.62187   24     23     24  
147.0  02:27:30 42.33315 -72.621124   20     21     24  
147.0  02:27:40 42.33361 -72.62076   24     23     22  
147.0  02:27:49 42.33364 -72.62076   23     21     22  
147.0  02:27:58 42.33362 -72.620766   21     23     23  
148.0  02:28:06 42.33359 -72.62077   20     21     22  
148.0  02:28:14 42.33358 -72.62078   23     24     21  
148.0  02:28:22 42.333572 -72.62079   23     20     21  
148.0  02:28:32 42.33387 -72.62056   24     20     21  
148.0  02:28:40 42.33448 -72.62001   21     24     20  
148.0  02:28:48 42.3353 -72.61904   21     20     21  
148.0  02:28:57 42.336163 -72.61806   23     22     22  
149.0  02:29:05 42.33717 -72.61691   23     22     23  
149.0  02:29:14 42.338223 -72.61554   23     22     21  
149.0  02:29:24 42.338764 -72.613556   21     21     22  
149.0  02:29:33 42.338966 -72.61193   24     24     23  
149.0  02:29:42 42.33919 -72.61047   22     20     20  
149.0  02:29:50 42.339355 -72.60948   23     21     20  
149.0  02:29:58 42.33947 -72.608925   24     21     23  
150.0  02:30:07 42.339592 -72.60828   24     20     20  
150.0  02:30:17 42.33989 -72.60663   22     23     23  
150.0  02:30:26 42.340187 -72.60496   22     22     23  
150.0  02:30:34 42.34054 -72.602974   22     21     20  
150.0  02:30:43 42.340897 -72.60099   21     22     23  
150.0  02:30:51 42.341198 -72.59936   20     21     22  
151.0  02:31:00 42.341534 -72.59758   21     20     23  
151.0  02:31:11 42.34197 -72.59589   21     23     24  
151.0  02:31:20 42.342045 -72.5942   24     21     22  
151.0  02:31:28 42.342087 -72.59261   21     23     24  
151.0  02:31:36 42.342155 -72.591125   21     23     20  
151.0  02:31:45 42.342194 -72.58995   20     23     22  
151.0  02:31:53 42.342236 -72.58951   20     20     21  
152.0  02:32:05 42.342255 -72.58931   23     23     24  
152.0  02:32:13 42.342274 -72.58892   21     24     20  
152.0  02:32:21 42.342308 -72.58797   24     24     21  
152.0  02:32:30 42.342377 -72.58645   24     24     21  
152.0  02:32:39 42.342464 -72.584885   24     21     23  
152.0  02:32:47 42.34257 -72.583496   24     20     20  
153.0  02:33:01 42.342747 -72.58257   23     21     24  
153.0  02:33:10 42.34301 -72.58161   21     20     24  
153.0  02:33:19 42.34338 -72.58051   20     20     24  
153.0  02:33:27 42.343945 -72.57918   22     22     22  
153.0  02:33:36 42.344612 -72.57774   20     21     24  
153.0  02:33:44 42.34523 -72.57641   21     20     20  
153.0  02:33:55 42.34607 -72.57468   20     20     24  
154.0  02:34:03 42.34684 -72.57305   21     23     21  
154.0  02:34:12 42.34743 -72.5718   20     21     23  
154.0  02:34:20 42.348022 -72.57052   24     24     24  
154.0  02:34:28 42.34863 -72.56925   20     20     24  
154.0  02:34:37 42.34931 -72.567856   24     21     22  
154.0  02:34:47 42.350307 -72.56585   22     20     23  
154.0  02:34:56 42.350994 -72.56446   21     24     24  
155.0  02:35:04 42.351715 -72.56302   20     21     20  
155.0  02:35:13 42.35236 -72.56172   22     23     21  
155.0  02:35:22 42.35297 -72.56051   23     22     21  
155.0  02:35:30 42.35368 -72.55909   22     20     24  
155.0  02:35:41 42.35444 -72.55753   24     23     22  
155.0  02:35:50 42.355083 -72.55621   21     21     23  
156.0  02:36:01 42.355766 -72.55488   22     24     21  
156.0  02:36:10 42.35643 -72.553505   20     22     21  
156.0  02:36:18 42.356964 -72.55238   22     20     20  
156.0  02:36:27 42.357468 -72.55143   24     21     23  
156.0  02:36:37 42.358208 -72.54999   21     24     20  
156.0  02:36:45 42.358776 -72.548805   24     20     22  
156.0  02:36:53 42.359413 -72.54758   23     23     21  
157.0  02:37:02 42.360146 -72.54612   24     22     24  
157.0  02:37:14 42.360813 -72.544754   20     23     23  
157.0  02:37:22 42.361458 -72.54352   22     23     20  
157.0  02:37:32 42.36171 -72.54303   20     24     21  
157.0  02:37:42 42.36191 -72.542854   23     20     22  
157.0  02:37:54 42.362854 -72.54299   21     23     22  
158.0  02:38:03 42.364918 -72.54306   21     22     21  
158.0  02:38:11 42.36652 -72.542915   22     22     21  
158.0  02:38:21 42.36838 -72.54266   20     20     24  
158.0  02:38:31 42.370907 -72.542366   23     20     22  
158.0  02:38:39 42.372833 -72.54214   20     20     21  
158.0  02:38:48 42.37456 -72.541885   20     23     20  
158.0  02:38:56 42.37624 -72.541695   24     24     21  
159.0  02:39:05 42.378113 -72.54148   23     24     23  
159.0  02:39:14 42.379875 -72.54126   23     24     20  
159.0  02:39:24 42.38114 -72.54108   21     22     23  
159.0  02:39:33 42.381878 -72.54049   22     20     24  
159.0  02:39:41 42.38246 -72.53956   23     20     20  
159.0  02:39:50 42.38325 -72.53903   22     23     21  
159.0  02:39:58 42.383995 -72.53868   24     21     20  
160.0  02:40:07 42.3841 -72.53846   22     21     23  
160.0  02:40:17 42.38413 -72.537834   20     21     20  
160.0  02:40:25 42.384 -72.53681   22     23     24  
160.0  02:40:34 42.38405 -72.53555   21     24     24  
160.0  02:40:42 42.384247 -72.534485   24     20     22  
160.0  02:40:51 42.384525 -72.533516   23     22     23  
161.0  02:41:00 42.384846 -72.53246   24     24     24  
161.0  02:41:11 42.385105 -72.531425   23     22     20  
161.0  02:41:19 42.385197 -72.53083   20     23     20  
161.0  02:41:27 42.385754 -72.530945   20     23     21  
161.0  02:41:36 42.386612 -72.531334   21     21     23  
161.0  02:41:44 42.387474 -72.53168   20     20     23  
161.0  02:41:53 42.38839 -72.53206   24     24     22  
162.0  02:42:03 42.389572 -72.53258   22     22     22  
162.0  02:42:11 42.390423 -72.532974   24     24     20  
162.0  02:42:20 42.391174 -72.53323   23     24     21  
162.0  02:42:28 42.39191 -72.53355   24     21     24  
162.0  02:42:37 42.392437 -72.53376   20     22     23  
162.0  02:42:45 42.39278 -72.53328   21     24     24  
162.0  02:42:55 42.39323 -72.532455   21     23     23  
163.0  02:43:04 42.3935 -72.53253   20     23     23  
163.0  02:43:12 42.393833 -72.53269   21     20     22  
163.0  02:43:21 42.394188 -72.53288   22     24     22  
163.0  02:43:29 42.394573 -72.53309   24     24     21  
163.0  02:43:38 42.394867 -72.533485   22     21     24  
163.0  02:43:48 42.39476 -72.53402   21     21     24  
163.0  02:43:56 42.394657 -72.533936   20     24     21  
164.0  02:44:05 42.394653 -72.53399   22     22     20  
164.0  02:44:14 42.394524 -72.53421   20     21     24  
164.0  02:44:22 42.394524 -72.53421   22     22     20  
164.0  02:44:31 42.394524 -72.53421   24     20     20  
647.0  10:47:30 0.0 -0.0   21     20     22  
647.0  10:47:42 0.0 -0.0   20     24     24  
647.0  10:47:50 0.0 -0.0   24     21     21  
647.0  10:47:58 0.0 -0.0   20     23     24  
648.0  10:48:08 0.0 -0.0   24     22     20  
648.0  10:48:19 0.0 -0.0   20     20     23  
143.0  02:23:00 42.319645 -72.63739   21     23     21  
144.0  02:24:00 42.31765 -72.6344   21     20     23  
145.0  02:25:00 42.319096 -72.63037   23     22     22  
146.0  02:26:00 42.321896 -72.626724   24     20     21  
147.0  02:27:00 42.32973 -72.62378   23     24     21  
148.0  02:28:00 42.33359 -72.62077   21     20     20  
149.0  02:29:00 42.33704 -72.61706   21     22     23  
150.0  02:30:00 42.33952 -72.6086   21     20     23  
151.0  02:31:00 42.341717 -72.59689   21     24     24  
152.0  02:32:00 42.342255 -72.58931   24     24     24  
153.0  02:33:00 42.34283 -72.58226   21     20     24  
154.0  02:34:00 42.34684 -72.57305   24     22     20  
155.0  02:35:00 42.35164 -72.56317   20     23     22  
156.0  02:36:00 42.356102 -72.55422   24     24     20  
157.0  02:37:00 42.360218 -72.54598   22     22     24  
158.0  02:38:00 42.365116 -72.543045   20     20     22  
159.0  02:39:00 42.377907 -72.54151   20     24     24  
160.0  02:40:00 42.384106 -72.53845   20     23     22  
161.0  02:41:00 42.384987 -72.53195   24     22     21  
162.0  02:42:00 42.389572 -72.53258   20     21     24  
163.0  02:43:00 42.39347 -72.53251   22     24     22  
164.0  02:44:00 42.39466 -72.533966   22     23     20  
171.0  02:51:00 0.0 -0.0   21     24     22  
172.0  02:52:00 0.0 -0.0   21     20     24  
648.0  10:48:28 0.0 -0.0   23     23     23  
648.0  10:48:36 0.0 -0.0   23     24     21  
648.0  10:48:45 0.0 -0.0   23     22     22  
648.0  10:48:53 0.0 -0.0   23     21     20  
649.0  10:49:02 0.0 -0.0   20     21     20  
649.0  10:49:13 0.0 -0.0   22     21     23  
649.0  10:49:22 0.0 -0.0   20     24     22  
649.0  10:49:31 0.0 -0.0   21     23     22  
649.0  10:49:40 0.0 -0.0   23     22     22  
649.0  10:49:51 0.0 -0.0   21     24     23  
650.0  10:50:00 0.0 -0.0   20     22     23  
650.0  10:50:13 42.394238 -72.533066   20     23     24  
650.0  10:50:22 42.394104 -72.533066   24     22     23  
650.0  10:50:30 42.394234 -72.53307   20     21     22  
650.0  10:50:38 42.394238 -72.53307   21     21     22  
650.0  10:50:47 42.39421 -72.53307   20     20     22  
650.0  10:50:55 42.394207 -72.53307   21     24     24  
651.0  10:51:06 42.394344 -72.532715   21     23     21  
651.0  10:51:15 42.394363 -72.53263   21     21     22  
651.0  10:51:23 42.394077 -72.533035   20     22     20  
651.0  10:51:31 42.394295 -72.532875   21     20     20  
651.0  10:51:39 42.394337 -72.532715   20     22     22  
651.0  10:51:48 42.394547 -72.532135   21     21     24  
651.0  10:51:59 42.394337 -72.53249   24     23     23  
652.0  10:52:07 42.39433 -72.53252   21     20     23  
652.0  10:52:16 42.39459 -72.53194   20     23     22  
652.0  10:52:23 42.394253 -72.53302   23     24     20  
652.0  10:52:32 42.394253 -72.533066   23     24     24  
652.0  10:52:39 42.39427 -72.53304   21     23     21  
652.0  10:52:50 42.394203 -72.533226   24     21     20  
652.0  10:52:58 42.39437 -72.53273   22     23     23  
653.0  10:53:07 42.394783 -72.531815   22     24     21  
653.0  10:53:15 42.394783 -72.531815   24     21     20  
653.0  10:53:24 42.39466 -72.53211   23     21     23  
653.0  10:53:33 42.39427 -72.532974   23     24     24  
653.0  10:53:43 42.394257 -72.532265   21     21     23  
653.0  10:53:51 42.394245 -72.53241   20     22     22  
654.0  10:54:00 42.39426 -72.53228   24     20     23  
654.0  10:54:07 42.394268 -72.53219   21     24     21  
654.0  10:54:18 42.394276 -72.53207   23     24     20  
654.0  10:54:26 42.39426 -72.53212   21     23     21  
654.0  10:54:36 42.394257 -72.53211   23     23     22  
654.0  10:54:44 42.39427 -72.532   21     21     24  
654.0  10:54:53 42.3943 -72.531746   22     21     22  
655.0  10:55:02 42.394264 -72.53192   23     21     22  
655.0  10:55:10 42.39427 -72.531876   23     20     24  
655.0  10:55:22 42.394295 -72.53166   22     20     20  
655.0  10:55:33 42.394295 -72.53156   24     22     24  
655.0  10:55:41 42.39428 -72.53165   23     24     22  
648.0  10:48:00 0.0 -0.0   21     20     22  
648.0  10:48:00 0.0 -0.0   22     20     23  
649.0  10:49:00 0.0 -0.0   20     23     22  
650.0  10:50:00 0.0 -0.0   21     24     22  
651.0  10:51:00 42.39432 -72.53277   23     24     24  
652.0  10:52:00 42.39428 -72.532646   24     23     24  
653.0  10:53:00 42.39447 -72.53186   21     23     23  
654.0  10:54:00 42.394264 -72.532234   24     22     22  
655.0  10:55:00 42.39426 -72.531944   22     23     22  
