591.0  09:51:17 0.0 -0.0   22     24     20  
591.0  09:51:30 0.0 -1.1095744E27   24     23     22  
591.0  09:51:42 0.0 -1.8111362E22   24     22     20  
591.0  09:51:55 0.0 -1.8111362E22   22     24     22  
592.0  09:52:59 42.39393 -72.53289   23     23     21  
593.0  09:53:00 42.393917 -72.53282   20     20     21  
593.0  09:53:11 42.393898 -72.53277   24     21     24  
593.0  09:53:19 42.39388 -72.532875   23     20     21  
593.0  09:53:27 42.393883 -72.53276   22     24     24  
593.0  09:53:35 42.393898 -72.53272   24     20     22  
650.0  10:50:33 42.254208 -72.57417   23     21     23  
650.0  10:50:45 42.254227 -72.57421   22     20     20  
731.0  12:11:30 42.253654 -72.57534   21     22     21  
731.0  12:11:40 42.25402 -72.57643   23     24     24  
811.0  13:31:41 42.253597 -72.57503   21     21     24  
811.0  13:31:54 42.25405 -72.57596   24     24     24  
812.0  13:32:06 42.254242 -72.57708   23     23     21  
812.0  13:32:18 42.2542 -72.57716   20     24     21  
813.0  13:33:23 42.258163 -72.57568   21     24     21  
813.0  13:33:24 42.25816 -72.57569   23     21     21  
813.0  13:33:36 42.25852 -72.57539   21     23     24  
813.0  13:33:45 42.259174 -72.574745   23     21     21  
813.0  13:33:54 42.260105 -72.57355   21     22     23  
814.0  13:34:00 42.26128 -72.572815   23     23     21  
814.0  13:34:03 42.261017 -72.572876   22     22     20  
814.0  13:34:11 42.26241 -72.57254   22     20     20  
890.0  14:50:49 42.25421 -72.574036   22     24     24  
891.0  14:51:01 42.25415 -72.57412   22     24     20  
891.0  14:51:14 42.25382 -72.574524   23     23     21  
891.0  14:51:27 42.253544 -72.57503   23     22     21  
893.0  14:53:31 42.25763 -72.57595   21     20     20  
893.0  14:53:44 42.257744 -72.57595   20     21     21  
893.0  14:53:56 42.258358 -72.57558   22     24     21  
894.0  14:54:09 42.25885 -72.575066   21     20     20  
894.0  14:54:21 42.258896 -72.57504   21     24     21  
895.0  14:55:18 42.264297 -72.57206   21     20     23  
970.0  16:10:43 42.25411 -72.57412   20     23     23  
970.0  16:10:55 42.25409 -72.57411   20     21     24  
971.0  16:11:07 42.253986 -72.574265   20     22     23  
971.0  16:11:20 42.25364 -72.57477   23     21     20  
972.0  16:12:25 42.25431 -72.57706   22     20     24  
972.0  16:12:36 42.254826 -72.5772   24     20     22  
972.0  16:12:44 42.255737 -72.57689   23     23     21  
972.0  16:12:52 42.256844 -72.576485   22     21     23  
973.0  16:13:00 42.257603 -72.57609   23     22     21  
973.0  16:13:00 42.25762 -72.576126   22     22     22  
973.0  16:13:08 42.257664 -72.57604   20     21     21  
973.0  16:13:17 42.257713 -72.57599   23     20     21  
973.0  16:13:31 42.257668 -72.57592   20     22     21  
973.0  16:13:40 42.257687 -72.57593   23     21     21  
973.0  16:13:50 42.258106 -72.57581   20     21     22  
974.0  16:14:00 42.258835 -72.5752   24     23     24  
974.0  16:14:04 42.258873 -72.57517   24     23     21  
974.0  16:14:12 42.258926 -72.57498   22     20     24  
974.0  16:14:23 42.258846 -72.57487   20     22     23  
974.0  16:14:32 42.25892 -72.57478   23     20     24  
974.0  16:14:40 42.259537 -72.57416   20     23     21  
974.0  16:14:48 42.2603 -72.57324   24     24     22  
974.0  16:14:56 42.261375 -72.57279   23     20     24  
975.0  16:15:00 42.262222 -72.57262   24     22     20  
975.0  16:15:05 42.26237 -72.57258   21     23     24  
975.0  16:15:15 42.263954 -72.572205   20     20     24  
1049.0  17:29:25 42.25418 -72.5739   23     24     22  
1049.0  17:29:38 42.254227 -72.57404   20     21     24  
1049.0  17:29:51 42.254147 -72.57398   20     22     23  
1050.0  17:30:03 42.25418 -72.57403   20     23     23  
1051.0  17:31:00 42.254158 -72.57398   21     23     21  
1051.0  17:31:10 42.25417 -72.574005   23     22     20  
1051.0  17:31:21 42.254196 -72.57408   23     24     24  
1051.0  17:31:30 42.254227 -72.57407   22     22     20  
1051.0  17:31:38 42.25427 -72.57404   23     22     22  
1051.0  17:31:46 42.25395 -72.574425   20     20     20  
1051.0  17:31:54 42.253567 -72.57472   21     22     22  
1052.0  17:32:00 42.2539 -72.57558   20     23     24  
1052.0  17:32:03 42.25386 -72.57549   22     21     24  
1052.0  17:32:14 42.25414 -72.576225   23     24     23  
1052.0  17:32:25 42.253933 -72.57614   24     23     23  
1052.0  17:32:34 42.25405 -72.57665   21     23     23  
1052.0  17:32:43 42.254303 -72.57705   22     20     20  
1052.0  17:32:52 42.255024 -72.57677   22     20     23  
1052.0  17:32:59 42.256264 -72.57636   21     20     23  
1053.0  17:33:00 42.256725 -72.5762   20     21     24  
1053.0  17:33:10 42.257217 -72.57598   23     21     24  
1053.0  17:33:19 42.257435 -72.57586   21     22     21  
1053.0  17:33:29 42.257572 -72.575714   22     24     23  
1053.0  17:33:37 42.257507 -72.57572   20     21     24  
1053.0  17:33:46 42.257595 -72.57578   22     22     21  
1053.0  17:33:54 42.258053 -72.57558   24     24     20  
1054.0  17:34:00 42.25869 -72.575035   24     23     21  
1054.0  17:34:04 42.25874 -72.57499   21     21     22  
1054.0  17:34:13 42.258965 -72.574905   21     24     20  
1054.0  17:34:22 42.25908 -72.574936   22     20     21  
1054.0  17:34:30 42.259438 -72.57436   24     21     24  
1054.0  17:34:39 42.25996 -72.573586   20     24     20  
1054.0  17:34:47 42.260807 -72.57274   24     22     23  
1054.0  17:34:58 42.26244 -72.57232   22     20     20  
1055.0  17:35:00 42.263496 -72.57207   20     22     23  
1055.0  17:35:06 42.263855 -72.57197   24     20     24  
1055.0  17:35:15 42.265446 -72.571594   22     21     23  
1055.0  17:35:24 42.26662 -72.57121   24     21     22  
1055.0  17:35:33 42.266685 -72.5699   20     24     24  
1055.0  17:35:42 42.266586 -72.5683   22     22     24  
1055.0  17:35:52 42.267498 -72.56705   24     21     21  
1056.0  17:36:00 42.269424 -72.565895   22     21     23  
1056.0  17:36:01 42.268932 -72.56611   20     20     20  
1056.0  17:36:10 42.27027 -72.56573   21     21     24  
1056.0  17:36:19 42.271927 -72.56542   24     24     21  
1056.0  17:36:27 42.273582 -72.564926   20     20     20  
1056.0  17:36:36 42.27524 -72.56461   24     22     20  
1056.0  17:36:47 42.276897 -72.563736   23     21     21  
1056.0  17:36:55 42.277817 -72.56172   21     21     20  
1057.0  17:37:00 42.278816 -72.55981   21     20     22  
1057.0  17:37:04 42.278816 -72.55981   20     21     23  
1057.0  17:37:13 42.280014 -72.558975   24     21     24  
1057.0  17:37:22 42.28081 -72.55755   22     23     21  
1057.0  17:37:30 42.28142 -72.55587   20     22     20  
1057.0  17:37:44 42.282337 -72.55352   23     23     21  
1057.0  17:37:52 42.2833 -72.55117   21     23     21  
1058.0  17:38:00 42.283993 -72.549416   20     21     21  
1058.0  17:38:00 42.28434 -72.54855   24     20     24  
1058.0  17:38:09 42.28478 -72.547485   22     24     23  
1058.0  17:38:17 42.28532 -72.54559   20     21     20  
1058.0  17:38:26 42.28572 -72.54328   21     24     21  
1058.0  17:38:37 42.28664 -72.540665   23     20     23  
1058.0  17:38:45 42.28743 -72.5388   21     20     21  
1058.0  17:38:54 42.28845 -72.53719   23     21     21  
1059.0  17:39:00 42.289116 -72.53533   22     20     20  
1059.0  17:39:02 42.28906 -72.53556   21     20     21  
1059.0  17:39:11 42.28983 -72.53369   23     21     23  
1059.0  17:39:21 42.291187 -72.532524   20     20     24  
1059.0  17:39:35 42.291187 -72.532524   23     22     22  
1059.0  17:39:46 42.296085 -72.53111   23     20     21  
1059.0  17:39:55 42.29792 -72.53064   24     20     23  
1060.0  17:40:00 42.2993 -72.52939   24     24     23  
1060.0  17:40:03 42.2993 -72.52939   21     20     22  
1060.0  17:40:12 42.30068 -72.52838   23     21     22  
1060.0  17:40:20 42.301853 -72.52763   20     23     23  
1060.0  17:40:41 42.303417 -72.52735   24     21     23  
1060.0  17:40:51 42.306187 -72.52995   24     23     24  
1060.0  17:40:59 42.30721 -72.53079   22     21     22  
1061.0  17:41:00 42.307827 -72.5305   21     21     22  
1061.0  17:41:08 42.30829 -72.52997   21     23     21  
1061.0  17:41:17 42.30938 -72.529205   22     20     21  
1061.0  17:41:25 42.310772 -72.52962   20     24     23  
1061.0  17:41:34 42.311977 -72.53009   20     24     23  
1061.0  17:41:44 42.313618 -72.53074   24     21     21  
1061.0  17:41:53 42.314877 -72.530525   21     24     20  
1062.0  17:42:00 42.31642 -72.530045   20     20     24  
1062.0  17:42:02 42.31613 -72.530136   20     21     23  
1062.0  17:42:10 42.317364 -72.52965   24     24     20  
1062.0  17:42:19 42.31825 -72.528915   23     21     24  
1062.0  17:42:27 42.319027 -72.528   20     23     21  
1062.0  17:42:38 42.31935 -72.52799   24     23     20  
1062.0  17:42:47 42.31973 -72.52907   24     23     23  
1062.0  17:42:55 42.320183 -72.530754   23     22     22  
1063.0  17:43:00 42.32034 -72.53233   23     21     20  
1063.0  17:43:04 42.32034 -72.53233   20     22     22  
1063.0  17:43:12 42.320446 -72.53392   22     23     22  
1063.0  17:43:21 42.32055 -72.53437   22     23     24  
1063.0  17:43:31 42.320805 -72.53399   24     20     22  
1063.0  17:43:39 42.320976 -72.53347   23     20     22  
1063.0  17:43:48 42.321045 -72.53351   22     22     20  
1063.0  17:43:56 42.3211 -72.53399   22     22     24  
1064.0  17:44:00 42.321518 -72.53421   21     24     24  
1064.0  17:44:05 42.321598 -72.5342   22     21     23  
1064.0  17:44:13 42.32184 -72.534   21     21     24  
1064.0  17:44:23 42.321705 -72.53233   24     24     20  
1064.0  17:44:32 42.32187 -72.53101   22     20     21  
1064.0  17:44:41 42.32202 -72.52976   23     22     22  
1064.0  17:44:50 42.322067 -72.52968   20     21     21  
1064.0  17:44:59 42.3221 -72.52964   24     22     21  
1065.0  17:45:00 42.322166 -72.52966   22     20     23  
1065.0  17:45:07 42.322163 -72.52963   24     24     24  
1065.0  17:45:17 42.322258 -72.529305   23     21     20  
1065.0  17:45:26 42.322853 -72.52832   20     23     24  
1065.0  17:45:36 42.323822 -72.52827   21     20     21  
1065.0  17:45:45 42.32492 -72.52858   24     20     22  
1065.0  17:45:53 42.325127 -72.52891   23     22     24  
1066.0  17:46:00 42.325108 -72.53032   23     20     21  
1066.0  17:46:01 42.325096 -72.53003   20     21     22  
1066.0  17:46:12 42.32525 -72.5309   23     24     23  
1066.0  17:46:20 42.325264 -72.53092   20     24     22  
1066.0  17:46:29 42.32532 -72.53097   24     22     21  
1066.0  17:46:37 42.32541 -72.53098   23     23     20  
1066.0  17:46:46 42.325085 -72.53106   22     22     20  
1066.0  17:46:54 42.32496 -72.53104   24     21     21  
1067.0  17:47:00 42.324955 -72.53107   20     20     20  
1067.0  17:47:05 42.324955 -72.53107   23     22     21  
1067.0  17:47:14 42.32497 -72.53066   23     24     24  
1067.0  17:47:22 42.325115 -72.530205   20     20     21  
1067.0  17:47:34 42.32517 -72.52984   24     20     22  
1067.0  17:47:44 42.32517 -72.52984   20     22     21  
1067.0  17:47:55 42.32483 -72.52717   23     21     23  
1068.0  17:48:00 42.323704 -72.52651   23     22     20  
1068.0  17:48:03 42.323704 -72.52651   24     23     21  
1068.0  17:48:11 42.323254 -72.52529   22     20     21  
1068.0  17:48:20 42.32327 -72.52474   23     21     21  
1068.0  17:48:28 42.323925 -72.524635   24     24     23  
1068.0  17:48:36 42.325035 -72.52451   23     24     20  
1068.0  17:48:47 42.327007 -72.52434   20     23     22  
1068.0  17:48:55 42.32862 -72.524155   21     24     20  
1069.0  17:49:00 42.330223 -72.523926   21     20     20  
1069.0  17:49:04 42.330223 -72.523926   22     23     22  
1069.0  17:49:12 42.332 -72.52366   24     21     22  
1069.0  17:49:21 42.333076 -72.52346   23     20     21  
1069.0  17:49:29 42.33316 -72.52344   21     24     20  
1069.0  17:49:39 42.33371 -72.52342   20     22     22  
1069.0  17:49:47 42.33493 -72.52324   21     22     20  
1069.0  17:49:56 42.33657 -72.52247   21     21     20  
1070.0  17:50:00 42.337746 -72.5215   23     22     22  
1070.0  17:50:04 42.337914 -72.52137   20     23     22  
1070.0  17:50:13 42.33917 -72.52056   22     20     23  
1070.0  17:50:21 42.340427 -72.52004   24     20     24  
1070.0  17:50:31 42.342148 -72.519966   20     21     24  
1070.0  17:50:40 42.34369 -72.52038   23     24     22  
1070.0  17:50:48 42.34536 -72.52048   21     22     20  
1070.0  17:50:56 42.346798 -72.520386   22     24     22  
1071.0  17:51:00 42.34799 -72.520134   20     24     20  
1071.0  17:51:05 42.34815 -72.520096   22     23     23  
1071.0  17:51:14 42.34968 -72.51991   23     20     24  
1071.0  17:51:25 42.35132 -72.52019   24     24     24  
1071.0  17:51:34 42.352833 -72.52067   23     23     23  
1071.0  17:51:43 42.354477 -72.52064   23     21     23  
1071.0  17:51:52 42.35549 -72.52087   20     23     20  
1072.0  17:52:00 42.355595 -72.52089   21     22     22  
1072.0  17:52:00 42.355618 -72.5209   20     23     20  
1072.0  17:52:10 42.35559 -72.520874   21     21     23  
1072.0  17:52:21 42.35632 -72.52096   24     21     21  
1072.0  17:52:29 42.357563 -72.52093   24     24     24  
1072.0  17:52:38 42.358837 -72.52087   21     20     23  
1072.0  17:52:49 42.360462 -72.52079   21     20     20  
1073.0  17:53:00 42.362556 -72.52075   21     21     24  
1073.0  17:53:00 42.363655 -72.52073   22     21     22  
1073.0  17:53:13 42.36551 -72.52043   21     20     24  
1073.0  17:53:24 42.36728 -72.52002   24     21     20  
1073.0  17:53:33 42.368423 -72.51987   22     22     24  
1073.0  17:53:41 42.369213 -72.51987   22     20     21  
1073.0  17:53:50 42.37015 -72.519806   21     20     20  
1073.0  17:53:58 42.371128 -72.51975   22     20     20  
1074.0  17:54:00 42.371803 -72.51971   20     20     20  
1074.0  17:54:07 42.37204 -72.51973   21     20     24  
1074.0  17:54:18 42.37218 -72.51934   22     23     22  
1074.0  17:54:26 42.372192 -72.51874   24     22     21  
1074.0  17:54:35 42.372696 -72.518814   23     23     22  
1074.0  17:54:44 42.37306 -72.5188   22     21     22  
1074.0  17:54:52 42.37303 -72.51879   23     20     21  
1075.0  17:55:00 42.37299 -72.51879   24     24     22  
1075.0  17:55:01 42.37301 -72.51879   21     24     22  
1075.0  17:55:11 42.37299 -72.5188   24     24     21  
1211.0  20:11:18 42.25416 -72.57688   23     20     21  
1211.0  20:11:35 42.255165 -72.57689   24     20     24  
1211.0  20:11:47 42.256973 -72.5762   21     20     23  
1212.0  20:12:00 42.257618 -72.57593   21     23     20  
1213.0  20:13:00 42.262512 -72.57247   20     20     24  
1213.0  20:13:02 42.262184 -72.57255   21     23     22  
1213.0  20:13:16 42.264393 -72.572   20     20     20  
1214.0  20:14:00 42.265816 -72.57161   22     23     21  
1215.0  20:15:00 42.265816 -72.57161   22     23     24  
1216.0  20:16:00 42.265816 -72.57161   22     20     23  
1217.0  20:17:00 42.265816 -72.57161   21     21     22  
1218.0  20:18:00 42.265816 -72.57161   20     21     20  
1219.0  20:19:00 42.265816 -72.57161   20     22     22  
1220.0  20:20:00 42.265816 -72.57161   20     24     21  
1221.0  20:21:00 42.265816 -72.57161   20     20     24  
1222.0  20:22:00 42.265816 -72.57161   23     24     23  
1223.0  20:23:00 42.265816 -72.57161   21     23     23  
1224.0  20:24:00 42.265816 -72.57161   22     23     24  
1225.0  20:25:00 42.265816 -72.57161   22     22     21  
1226.0  20:26:00 42.265816 -72.57161   23     22     23  
1227.0  20:27:00 42.265816 -72.57161   21     24     24  
1228.0  20:28:00 42.265816 -72.57161   23     22     22  
1229.0  20:29:00 42.265816 -72.57161   20     20     21  
1230.0  20:30:00 42.265816 -72.57161   23     24     22  
1232.0  20:32:43 42.325165 -72.52818   20     24     23  
1232.0  20:32:55 42.32445 -72.52687   21     21     22  
1233.0  20:33:07 42.32335 -72.525406   23     21     24  
1233.0  20:33:20 42.323418 -72.52472   21     24     24  
1234.0  20:34:20 42.333553 -72.52345   20     20     23  
1234.0  20:34:30 42.334843 -72.523224   22     23     24  
1234.0  20:34:39 42.336185 -72.52272   22     24     24  
1234.0  20:34:47 42.3374 -72.52174   22     22     20  
1234.0  20:34:56 42.338497 -72.52099   23     21     20  
1235.0  20:35:00 42.339565 -72.52037   21     23     24  
1235.0  20:35:00 42.339565 -72.52037   22     20     22  
1235.0  20:35:04 42.339565 -72.52037   24     23     24  
1235.0  20:35:13 42.340733 -72.52   23     21     20  
1235.0  20:35:23 42.342194 -72.519966   22     21     22  
1235.0  20:35:31 42.34345 -72.520325   22     21     22  
1235.0  20:35:40 42.344723 -72.52049   22     20     20  
1235.0  20:35:48 42.346035 -72.52048   22     21     23  
1235.0  20:35:56 42.34718 -72.52033   24     21     24  
1236.0  20:36:00 42.348244 -72.5201   20     23     24  
1236.0  20:36:00 42.348244 -72.5201   21     20     22  
1236.0  20:36:04 42.34839 -72.52007   22     20     21  
1236.0  20:36:15 42.349857 -72.51993   22     21     24  
1236.0  20:36:23 42.351135 -72.520096   21     24     23  
1236.0  20:36:32 42.352253 -72.52064   20     23     20  
1237.0  20:37:00 42.356018 -72.52092   21     20     23  
1237.0  20:37:00 42.356018 -72.52092   23     21     24  
1238.0  20:38:00 42.36509 -72.52055   23     22     24  
1238.0  20:38:00 42.36509 -72.52055   24     24     20  
1238.0  20:38:04 42.36537 -72.5205   22     24     24  
1293.0  21:33:38 42.253666 -72.57528   24     24     24  
1293.0  21:33:53 42.254128 -72.57671   24     24     23  
1294.0  21:34:06 42.254864 -72.577   23     22     23  
1294.0  21:34:19 42.256496 -72.576385   24     22     22  
1295.0  21:35:00 42.25897 -72.57501   23     23     20  
1295.0  21:35:15 42.259953 -72.573685   21     24     22  
1295.0  21:35:25 42.261 -72.57277   21     21     24  
1295.0  21:35:33 42.262295 -72.57251   24     21     20  
1371.0  22:51:17 42.253628 -72.574646   22     22     20  
1371.0  22:51:30 42.25374 -72.57558   22     21     24  
1371.0  22:51:42 42.253986 -72.57634   23     21     22  
1371.0  22:51:55 42.254097 -72.57692   20     20     21  
1373.0  22:53:00 42.257977 -72.575836   23     23     24  
1373.0  22:53:00 42.2582 -72.575714   21     21     24  
1373.0  22:53:00 42.2582 -72.575714   24     20     20  
1373.0  22:53:11 42.258625 -72.575325   23     24     22  
1373.0  22:53:19 42.25934 -72.57458   21     20     20  
1373.0  22:53:27 42.26011 -72.57351   23     24     23  
1373.0  22:53:35 42.261086 -72.57281   21     22     24  
1373.0  22:53:43 42.26223 -72.57255   22     23     20  
