624.0  10:24:03 0.0 -0.0   3     15     54  
625.0  10:25:00 0.0 -0.0   3     13     41  
625.0  10:25:01 0.0 -0.0   3     10     54  
625.0  10:25:12 0.0 -0.0   5     14     59  
625.0  10:25:21 0.0 -0.0   5     17     41  
625.0  10:25:29 0.0 -0.0   3     17     43  
625.0  10:25:37 42.348633 -72.5306   3     12     47  
625.0  10:25:46 42.34876 -72.53117   3     18     55  
625.0  10:25:55 42.34876 -72.53117   3     12     47  
626.0  10:26:00 42.34961 -72.5295   4     16     55  
626.0  10:26:05 42.349663 -72.52978   3     14     46  
626.0  10:26:13 42.35022 -72.53016   4     10     55  
626.0  10:26:21 42.35056 -72.53037   5     15     40  
626.0  10:26:30 42.350605 -72.53037   4     17     48  
626.0  10:26:38 42.35113 -72.53034   3     17     46  
626.0  10:26:46 42.351463 -72.53028   5     18     44  
626.0  10:26:57 42.351536 -72.53007   4     14     40  
627.0  10:27:00 42.351505 -72.52926   3     13     50  
627.0  10:27:05 42.351494 -72.52893   3     10     40  
627.0  10:27:14 42.35154 -72.52766   4     17     40  
627.0  10:27:22 42.35145 -72.52672   3     15     54  
627.0  10:27:31 42.351467 -72.52645   3     16     56  
627.0  10:27:39 42.351635 -72.52659   5     11     50  
627.0  10:27:49 42.351635 -72.5265   5     17     53  
627.0  10:27:58 42.35163 -72.526436   5     12     42  
628.0  10:28:00 42.351654 -72.52613   4     11     42  
628.0  10:28:06 42.351673 -72.525955   4     10     41  
628.0  10:28:15 42.351788 -72.52475   4     14     50  
628.0  10:28:24 42.35224 -72.523605   3     12     45  
629.0  10:29:00 42.355743 -72.52111   5     16     51  
629.0  10:29:01 42.35574 -72.52108   3     14     43  
629.0  10:29:11 42.355732 -72.52114   3     17     49  
629.0  10:29:19 42.355724 -72.521126   4     16     48  
629.0  10:29:30 42.355774 -72.52109   4     14     52  
629.0  10:29:38 42.356182 -72.52092   3     13     49  
629.0  10:29:46 42.357086 -72.52097   5     13     49  
629.0  10:29:55 42.358143 -72.5209   4     13     45  
630.0  10:30:00 42.35948 -72.52081   5     15     46  
630.0  10:30:06 42.35978 -72.520805   4     15     59  
630.0  10:30:14 42.36104 -72.520775   5     17     49  
630.0  10:30:23 42.362274 -72.52074   3     13     54  
630.0  10:30:32 42.362778 -72.52071   4     12     48  
630.0  10:30:40 42.362774 -72.52074   3     16     42  
630.0  10:30:49 42.362724 -72.52074   3     15     47  
631.0  10:31:00 42.363632 -72.52075   3     18     43  
631.0  10:31:02 42.3634 -72.52077   3     16     46  
631.0  10:31:10 42.36464 -72.520615   5     17     46  
631.0  10:31:18 42.36599 -72.52037   5     17     51  
631.0  10:31:27 42.36729 -72.520164   4     19     55  
631.0  10:31:35 42.368492 -72.52002   3     12     53  
631.0  10:31:43 42.369637 -72.5199   5     18     43  
631.0  10:31:54 42.371155 -72.51979   3     19     47  
632.0  10:32:00 42.372242 -72.51972   4     18     48  
632.0  10:32:02 42.372063 -72.51973   4     12     41  
632.0  10:32:10 42.372673 -72.51973   4     15     47  
632.0  10:32:18 42.37291 -72.51976   3     15     48  
632.0  10:32:26 42.373337 -72.5198   3     13     51  
632.0  10:32:35 42.37395 -72.51982   4     15     44  
632.0  10:32:45 42.37462 -72.519775   5     12     57  
632.0  10:32:53 42.37474 -72.5198   3     17     59  
633.0  10:33:00 42.374775 -72.51984   3     17     48  
633.0  10:33:01 42.37477 -72.51982   5     18     52  
633.0  10:33:09 42.374763 -72.51985   4     12     42  
633.0  10:33:18 42.37477 -72.51984   3     18     53  
633.0  10:33:27 42.374737 -72.51981   3     17     58  
633.0  10:33:37 42.374897 -72.51984   5     13     47  
633.0  10:33:46 42.37518 -72.519844   4     16     59  
633.0  10:33:58 42.375366 -72.51983   3     11     52  
634.0  10:34:00 42.37538 -72.51984   4     11     52  
634.0  10:34:06 42.37537 -72.51984   5     11     54  
634.0  10:34:15 42.375355 -72.51984   5     13     53  
634.0  10:34:24 42.375343 -72.519844   3     17     42  
634.0  10:34:34 42.37541 -72.51983   3     15     47  
634.0  10:34:42 42.375587 -72.51982   4     13     50  
634.0  10:34:51 42.376175 -72.51987   4     15     56  
635.0  10:35:00 42.377075 -72.51989   4     17     41  
635.0  10:35:02 42.37684 -72.51989   5     14     58  
635.0  10:35:10 42.377407 -72.519875   5     14     49  
635.0  10:35:18 42.37765 -72.51983   5     17     44  
635.0  10:35:29 42.377617 -72.51985   5     13     59  
635.0  10:35:40 42.37758 -72.51985   4     13     50  
635.0  10:35:49 42.377563 -72.51985   4     18     42  
635.0  10:35:57 42.377525 -72.51985   3     13     51  
636.0  10:36:00 42.377705 -72.519875   3     19     52  
636.0  10:36:06 42.377796 -72.51989   5     16     56  
636.0  10:36:15 42.378326 -72.51992   5     16     59  
636.0  10:36:25 42.379147 -72.519806   5     18     40  
636.0  10:36:33 42.379845 -72.51952   3     15     55  
636.0  10:36:41 42.380615 -72.519356   5     18     42  
636.0  10:36:50 42.38129 -72.51931   4     10     53  
636.0  10:36:58 42.381443 -72.519295   3     16     57  
637.0  10:37:00 42.381447 -72.51929   3     15     43  
637.0  10:37:06 42.38146 -72.51929   3     17     59  
637.0  10:37:16 42.38155 -72.51927   3     18     48  
637.0  10:37:25 42.381577 -72.519264   4     10     43  
637.0  10:37:33 42.381855 -72.51957   5     17     57  
637.0  10:37:41 42.382526 -72.52024   4     10     48  
637.0  10:37:49 42.383144 -72.52061   5     10     45  
637.0  10:37:58 42.383854 -72.521   3     15     46  
638.0  10:38:00 42.384434 -72.52133   4     15     56  
638.0  10:38:08 42.3848 -72.521545   3     15     49  
638.0  10:38:16 42.385517 -72.52192   4     19     49  
638.0  10:38:24 42.385956 -72.52231   5     15     55  
638.0  10:38:33 42.38599 -72.52231   3     19     57  
638.0  10:38:42 42.38606 -72.52239   3     19     45  
638.0  10:38:50 42.386528 -72.52233   5     10     59  
639.0  10:39:00 42.387287 -72.52299   5     12     47  
639.0  10:39:01 42.38715 -72.52283   4     16     40  
639.0  10:39:10 42.387432 -72.52318   5     19     49  
639.0  10:39:19 42.38748 -72.5232   4     16     44  
639.0  10:39:28 42.38758 -72.523285   5     13     53  
639.0  10:39:37 42.387653 -72.5234   5     17     46  
639.0  10:39:46 42.38766 -72.52339   5     11     44  
639.0  10:39:57 42.38766 -72.523384   3     18     46  
640.0  10:40:00 42.38767 -72.5235   4     18     40  
640.0  10:40:06 42.387695 -72.52355   5     12     57  
640.0  10:40:14 42.3878 -72.52367   5     12     55  
640.0  10:40:23 42.387905 -72.52383   3     12     57  
640.0  10:40:31 42.388123 -72.524086   4     16     48  
640.0  10:40:40 42.38822 -72.524155   3     19     50  
640.0  10:40:50 42.38849 -72.52435   3     18     57  
640.0  10:40:59 42.38871 -72.52447   4     17     52  
641.0  10:41:00 42.389038 -72.52463   5     12     47  
641.0  10:41:07 42.389233 -72.52473   5     18     47  
641.0  10:41:15 42.389748 -72.52488   4     11     41  
641.0  10:41:23 42.389923 -72.524994   4     12     57  
641.0  10:41:31 42.390327 -72.5251   4     12     46  
641.0  10:41:42 42.390633 -72.52512   3     13     41  
641.0  10:41:50 42.390793 -72.525154   4     12     45  
641.0  10:41:59 42.39104 -72.52518   5     10     59  
642.0  10:42:00 42.391068 -72.525185   5     17     59  
642.0  10:42:07 42.39106 -72.525185   4     13     43  
642.0  10:42:16 42.391106 -72.525185   4     13     46  
642.0  10:42:25 42.391113 -72.525185   3     12     54  
642.0  10:42:36 42.391533 -72.52532   3     19     54  
642.0  10:42:44 42.392174 -72.525475   3     15     55  
642.0  10:42:53 42.392723 -72.52568   5     10     56  
643.0  10:43:00 42.393055 -72.52577   3     16     57  
643.0  10:43:01 42.392994 -72.52577   4     17     52  
643.0  10:43:11 42.393097 -72.52577   5     19     55  
643.0  10:43:20 42.393333 -72.525856   3     12     53  
643.0  10:43:31 42.393604 -72.52599   4     10     47  
643.0  10:43:40 42.393925 -72.52612   5     11     49  
643.0  10:43:49 42.393982 -72.52613   3     17     45  
643.0  10:43:58 42.39395 -72.526146   3     19     51  
644.0  10:44:00 42.393986 -72.52616   3     10     48  
644.0  10:44:07 42.393993 -72.5262   3     16     44  
644.0  10:44:16 42.39445 -72.52651   3     18     44  
644.0  10:44:28 42.39488 -72.52673   5     12     42  
644.0  10:44:37 42.394897 -72.52676   4     11     50  
644.0  10:44:45 42.394955 -72.526794   5     15     57  
644.0  10:44:54 42.39512 -72.526886   5     19     51  
645.0  10:45:00 42.395786 -72.52722   3     11     51  
645.0  10:45:02 42.39558 -72.52714   4     11     48  
645.0  10:45:11 42.39646 -72.52753   5     12     49  
645.0  10:45:21 42.397617 -72.528046   4     18     56  
645.0  10:45:30 42.398655 -72.528046   5     17     58  
645.0  10:45:39 42.400093 -72.52788   3     10     58  
645.0  10:45:49 42.40183 -72.52829   5     16     50  
645.0  10:45:58 42.402996 -72.528984   5     19     56  
646.0  10:46:00 42.403477 -72.52931   3     19     51  
646.0  10:46:06 42.403606 -72.52938   4     19     57  
646.0  10:46:18 42.40398 -72.52946   5     18     48  
646.0  10:46:26 42.40405 -72.529465   3     15     57  
646.0  10:46:34 42.404087 -72.52949   5     16     44  
646.0  10:46:42 42.40408 -72.52949   5     13     42  
646.0  10:46:50 42.40415 -72.529564   4     11     45  
646.0  10:46:58 42.40464 -72.52973   4     15     59  
647.0  10:47:00 42.40541 -72.5297   4     18     52  
647.0  10:47:09 42.406166 -72.529655   4     13     47  
647.0  10:47:18 42.40721 -72.52994   5     17     53  
647.0  10:47:27 42.40842 -72.53033   5     12     48  
647.0  10:47:36 42.40924 -72.53054   3     15     45  
647.0  10:47:44 42.40931 -72.53063   3     19     49  
647.0  10:47:52 42.409298 -72.53066   4     19     45  
648.0  10:48:00 42.409367 -72.530754   5     12     40  
648.0  10:48:03 42.40933 -72.53073   3     14     50  
648.0  10:48:12 42.409714 -72.53088   5     11     44  
648.0  10:48:20 42.409878 -72.53094   3     13     49  
648.0  10:48:29 42.40985 -72.53094   4     17     46  
648.0  10:48:37 42.40991 -72.53095   5     17     52  
648.0  10:48:45 42.409992 -72.5313   4     17     46  
648.0  10:48:56 42.409786 -72.53257   5     14     43  
649.0  10:49:00 42.40968 -72.53362   4     17     44  
649.0  10:49:04 42.40968 -72.53362   3     12     46  
649.0  10:49:13 42.409645 -72.533745   4     10     48  
649.0  10:49:21 42.40962 -72.53373   5     16     50  
649.0  10:49:30 42.409603 -72.53378   5     18     52  
649.0  10:49:38 42.4095 -72.53475   3     17     59  
649.0  10:49:48 42.409348 -72.53631   4     15     50  
649.0  10:49:57 42.409145 -72.537415   3     10     52  
650.0  10:50:00 42.40911 -72.537834   3     19     40  
650.0  10:50:06 42.409176 -72.53787   5     15     57  
650.0  10:50:14 42.409904 -72.5378   5     19     55  
650.0  10:50:23 42.411182 -72.53764   3     12     49  
650.0  10:50:33 42.413002 -72.53741   3     18     50  
650.0  10:50:48 42.41591 -72.53704   5     17     57  
651.0  10:51:00 42.418163 -72.53679   4     11     59  
651.0  10:51:00 42.418945 -72.53679   4     18     53  
651.0  10:51:08 42.419914 -72.536865   3     18     53  
651.0  10:51:17 42.421616 -72.537186   5     16     41  
651.0  10:51:26 42.42313 -72.53769   5     16     51  
651.0  10:51:37 42.424767 -72.538506   4     14     59  
651.0  10:51:46 42.426468 -72.53961   4     14     54  
651.0  10:51:56 42.42703 -72.53997   5     13     56  
652.0  10:52:00 42.427044 -72.53996   3     16     54  
652.0  10:52:05 42.42704 -72.53997   3     13     42  
652.0  10:52:14 42.427303 -72.54021   4     15     56  
652.0  10:52:22 42.42805 -72.5408   4     13     43  
652.0  10:52:31 42.429245 -72.54178   5     18     52  
652.0  10:52:39 42.430485 -72.54286   5     12     42  
652.0  10:52:51 42.432255 -72.5444   3     15     52  
652.0  10:52:59 42.433846 -72.54547   5     12     47  
653.0  10:53:00 42.434765 -72.54597   3     18     57  
653.0  10:53:07 42.435513 -72.54632   5     18     49  
653.0  10:53:16 42.43693 -72.54705   4     10     55  
654.0  10:54:00 42.444748 -72.5536   5     19     46  
655.0  10:55:00 42.452026 -72.56336   5     18     56  
656.0  10:56:00 42.455475 -72.56736   3     10     52  
657.0  10:57:00 42.465027 -72.575325   3     17     42  
658.0  10:58:00 42.46365 -72.5808   4     10     47  
659.0  10:59:00 42.457592 -72.581924   3     19     46  
660.0  11:00:00 42.457806 -72.581505   5     10     51  
661.0  11:01:00 42.457764 -72.5815   3     19     48  
662.0  11:02:00 42.458313 -72.582565   4     18     53  
663.0  11:03:00 42.45934 -72.57826   4     12     47  
664.0  11:04:00 42.4582 -72.5723   5     18     42  
665.0  11:05:00 42.454643 -72.56673   4     17     48  
666.0  11:06:00 42.4515 -72.56272   3     13     52  
667.0  11:07:00 42.447548 -72.55599   5     18     59  
668.0  11:08:00 42.437843 -72.54759   5     12     44  
669.0  11:09:00 42.427845 -72.54067   4     13     48  
670.0  11:10:00 42.416683 -72.536995   3     12     58  
671.0  11:11:00 42.409107 -72.53724   3     18     40  
672.0  11:12:00 42.409107 -72.53724   4     17     57  
673.0  11:13:00 42.409107 -72.53724   3     17     45  
674.0  11:14:00 42.409107 -72.53724   5     17     42  
675.0  11:15:00 42.409107 -72.53724   3     13     45  
676.0  11:16:00 42.409107 -72.53724   3     12     53  
677.0  11:17:00 42.409107 -72.53724   5     11     55  
678.0  11:18:00 42.409107 -72.53724   3     18     46  
679.0  11:19:00 42.409107 -72.53724   4     11     54  
680.0  11:20:00 42.409107 -72.53724   3     12     50  
681.0  11:21:00 42.409107 -72.53724   3     12     54  
682.0  11:22:00 42.409107 -72.53724   5     13     47  
683.0  11:23:00 42.409107 -72.53724   4     10     42  
684.0  11:24:00 42.409107 -72.53724   3     14     53  
685.0  11:25:00 42.409107 -72.53724   5     12     43  
686.0  11:26:00 42.409107 -72.53724   4     17     40  
687.0  11:27:00 42.409107 -72.53724   4     13     46  
688.0  11:28:00 42.409107 -72.53724   5     14     55  
689.0  11:29:00 42.409107 -72.53724   3     17     50  
690.0  11:30:00 42.409107 -72.53724   4     18     54  
691.0  11:31:00 42.409107 -72.53724   5     16     56  
692.0  11:32:00 42.409107 -72.53724   5     17     49  
693.0  11:33:00 42.409107 -72.53724   5     15     49  
694.0  11:34:00 42.409107 -72.53724   4     17     42  
695.0  11:35:00 42.409107 -72.53724   4     12     59  
696.0  11:36:00 42.409107 -72.53724   3     12     51  
697.0  11:37:00 42.409107 -72.53724   5     18     50  
698.0  11:38:00 42.409107 -72.53724   5     15     53  
699.0  11:39:00 42.409107 -72.53724   5     17     43  
700.0  11:40:00 42.409107 -72.53724   5     11     40  
701.0  11:41:00 42.409107 -72.53724   3     19     43  
702.0  11:42:00 42.409107 -72.53724   5     12     46  
703.0  11:43:00 42.409107 -72.53724   3     12     59  
704.0  11:44:00 42.409107 -72.53724   5     18     59  
705.0  11:45:00 42.409107 -72.53724   3     18     40  
706.0  11:46:00 42.409107 -72.53724   4     19     42  
707.0  11:47:00 42.409107 -72.53724   4     18     51  
708.0  11:48:00 42.409107 -72.53724   3     10     54  
709.0  11:49:00 42.409107 -72.53724   5     13     57  
710.0  11:50:00 42.409107 -72.53724   4     13     47  
711.0  11:51:00 42.409107 -72.53724   3     15     55  
712.0  11:52:00 42.409107 -72.53724   4     16     56  
713.0  11:53:00 42.409107 -72.53724   5     12     43  
714.0  11:54:00 42.409107 -72.53724   3     10     55  
716.0  11:56:00 42.409107 -72.53724   3     18     46  
717.0  11:57:00 42.409107 -72.53724   3     11     42  
718.0  11:58:00 42.409107 -72.53724   4     12     53  
719.0  11:59:00 42.409107 -72.53724   4     14     55  
720.0  12:00:00 42.409107 -72.53724   3     14     40  
