600.0  10:00:39 42.319603 -72.637566   3     14     55  
600.0  10:00:52 42.319614 -72.637566   3     12     43  
601.0  10:01:00 42.31961 -72.637566   5     13     44  
601.0  10:01:07 42.31961 -72.637566   3     11     42  
601.0  10:01:16 42.31961 -72.63756   5     14     52  
601.0  10:01:25 42.319607 -72.63756   3     17     42  
601.0  10:01:35 42.319607 -72.63756   5     10     46  
601.0  10:01:49 42.319645 -72.63755   5     19     46  
1376.0  22:56:59 0.0 -0.0   3     14     44  
1377.0  22:57:12 42.325325 -72.530945   3     19     56  
1377.0  22:57:24 42.325325 -72.530945   4     16     41  
1377.0  22:57:37 42.32531 -72.53095   4     12     49  
1378.0  22:58:31 42.32532 -72.53103   3     15     42  
1378.0  22:58:35 42.325325 -72.53104   3     12     42  
1378.0  22:58:46 42.32533 -72.53107   4     14     59  
1378.0  22:58:54 42.32532 -72.53106   4     16     49  
1379.0  22:59:00 42.325317 -72.53105   4     10     46  
1379.0  22:59:03 42.325317 -72.53105   5     15     58  
