605.0  10:05:59 42.395897 -72.510994   4     17     41  
606.0  10:06:11 42.395927 -72.511024   3     16     59  
606.0  10:06:24 42.395897 -72.51101   4     16     44  
607.0  10:07:00 42.39586 -72.51111   5     16     44  
607.0  10:07:16 42.39587 -72.5111   3     18     58  
607.0  10:07:27 42.395874 -72.51109   5     16     48  
607.0  10:07:37 42.395874 -72.511086   5     12     40  
607.0  10:07:44 42.395878 -72.511086   4     10     43  
607.0  10:07:53 42.395878 -72.51108   4     17     47  
608.0  10:08:00 42.39588 -72.51108   3     10     50  
608.0  10:08:01 42.395878 -72.51108   5     16     43  
608.0  10:08:10 42.39589 -72.51108   5     15     54  
608.0  10:08:20 42.395947 -72.51108   5     16     46  
608.0  10:08:29 42.39595 -72.51108   3     14     40  
608.0  10:08:37 42.39595 -72.51108   5     15     54  
608.0  10:08:46 42.395954 -72.51108   4     16     57  
608.0  10:08:54 42.39594 -72.51108   4     13     42  
609.0  10:09:00 42.395874 -72.51105   4     19     56  
609.0  10:09:03 42.395874 -72.51105   5     10     58  
609.0  10:09:13 42.395874 -72.51103   4     15     49  
609.0  10:09:22 42.395863 -72.511024   4     19     48  
609.0  10:09:30 42.395855 -72.51102   5     17     54  
609.0  10:09:39 42.395863 -72.51102   5     17     48  
609.0  10:09:48 42.39587 -72.51102   5     11     44  
609.0  10:09:56 42.395905 -72.51102   5     15     50  
610.0  10:10:00 42.39593 -72.511024   4     11     50  
610.0  10:10:07 42.395943 -72.51103   3     11     52  
