1203.0  20:03:00 0.0 -0.0   5     12     56  
1204.0  20:04:00 0.0 -0.0   3     14     40  
1205.0  20:05:00 0.0 -0.0   4     14     43  
1206.0  20:06:00 0.0 -0.0   3     11     43  
1207.0  20:07:00 0.0 -0.0   4     17     48  
1208.0  20:08:00 0.0 -0.0   3     19     45  
1209.0  20:09:00 0.0 -0.0   5     16     44  
1210.0  20:10:00 42.37944 -72.53396   5     16     47  
1211.0  20:11:00 42.378906 -72.536285   3     15     58  
1212.0  20:12:00 42.378727 -72.53721   3     12     57  
1213.0  20:13:00 42.378387 -72.53607   5     17     47  
