426.0  07:06:36 0.0 -0.0   3     18     50  
426.0  07:06:49 0.0 -1.1095744E27   4     14     42  
427.0  07:07:01 0.0 -1.8111362E22   3     14     41  
427.0  07:07:14 0.0 -1.8111362E22   3     11     53  
429.0  07:09:18 42.393703 -72.5327   3     14     43  
429.0  07:09:31 42.393696 -72.53265   5     17     46  
429.0  07:09:44 42.393703 -72.53264   3     10     47  
429.0  07:09:56 42.393703 -72.53265   5     10     54  
430.0  07:10:09 42.393696 -72.53265   4     14     49  
431.0  07:11:11 42.393707 -72.53268   3     10     50  
431.0  07:11:22 42.393715 -72.53267   3     15     57  
431.0  07:11:30 42.393715 -72.53267   4     18     58  
431.0  07:11:39 42.39372 -72.532684   3     18     50  
431.0  07:11:47 42.39373 -72.53267   4     19     45  
431.0  07:11:56 42.39373 -72.532684   4     15     52  
432.0  07:12:04 42.39373 -72.53269   4     15     50  
432.0  07:12:15 42.393723 -72.53269   5     17     46  
432.0  07:12:23 42.393715 -72.53267   3     12     55  
432.0  07:12:32 42.393707 -72.53263   4     19     48  
432.0  07:12:39 42.3937 -72.532616   4     18     50  
432.0  07:12:48 42.393696 -72.53261   4     15     42  
432.0  07:12:56 42.393497 -72.532555   3     18     40  
433.0  07:13:06 42.39332 -72.532455   3     17     43  
433.0  07:13:15 42.393063 -72.53271   4     13     56  
433.0  07:13:24 42.39282 -72.53331   3     16     58  
433.0  07:13:32 42.39275 -72.53365   4     16     52  
433.0  07:13:41 42.3927 -72.53383   3     11     57  
433.0  07:13:49 42.39233 -72.53374   5     17     43  
434.0  07:14:00 42.391495 -72.53337   3     11     58  
434.0  07:14:08 42.39078 -72.533066   5     16     48  
434.0  07:14:17 42.39036 -72.53291   5     19     41  
434.0  07:14:26 42.390003 -72.532776   3     18     55  
434.0  07:14:35 42.389263 -72.53244   3     13     52  
434.0  07:14:43 42.38842 -72.532074   3     13     40  
434.0  07:14:53 42.387447 -72.53166   3     17     49  
435.0  07:15:02 42.38652 -72.53127   4     16     47  
435.0  07:15:11 42.385723 -72.53097   5     14     40  
435.0  07:15:19 42.385223 -72.53095   3     17     59  
435.0  07:15:28 42.385178 -72.53094   4     14     57  
435.0  07:15:37 42.38504 -72.53043   4     12     49  
435.0  07:15:48 42.384815 -72.529305   5     14     57  
435.0  07:15:57 42.384743 -72.52825   5     11     49  
436.0  07:16:05 42.384907 -72.52722   4     10     47  
436.0  07:16:14 42.38511 -72.52629   5     11     47  
436.0  07:16:22 42.385338 -72.5253   5     11     42  
436.0  07:16:30 42.38548 -72.524704   4     13     51  
436.0  07:16:41 42.385746 -72.52366   3     16     58  
436.0  07:16:49 42.385906 -72.52278   3     18     49  
436.0  07:16:57 42.385906 -72.52258   3     16     57  
437.0  07:17:06 42.38553 -72.5219   3     13     58  
437.0  07:17:14 42.384827 -72.52155   4     11     57  
437.0  07:17:23 42.38396 -72.52111   5     15     53  
437.0  07:17:38 42.382553 -72.52036   5     17     49  
437.0  07:17:49 42.381733 -72.51962   4     11     49  
438.0  07:18:00 42.381603 -72.5194   5     12     44  
438.0  07:18:09 42.38162 -72.51941   3     14     46  
438.0  07:18:17 42.381622 -72.51941   3     18     41  
438.0  07:18:29 42.381382 -72.51931   5     12     50  
438.0  07:18:37 42.380512 -72.51941   4     16     46  
438.0  07:18:46 42.37976 -72.519585   5     15     42  
438.0  07:18:55 42.378906 -72.51991   3     10     58  
439.0  07:19:03 42.378147 -72.51994   4     10     49  
439.0  07:19:11 42.377655 -72.519936   4     19     54  
439.0  07:19:24 42.377613 -72.519905   5     17     43  
439.0  07:19:33 42.377605 -72.519875   3     14     41  
439.0  07:19:42 42.37712 -72.51988   3     13     50  
439.0  07:19:51 42.376446 -72.51989   5     11     51  
440.0  07:20:00 42.37595 -72.519936   3     19     43  
440.0  07:20:08 42.37593 -72.51997   5     10     46  
440.0  07:20:19 42.375916 -72.520004   3     17     53  
440.0  07:20:28 42.375908 -72.52003   3     18     57  
440.0  07:20:36 42.375874 -72.52004   5     16     54  
440.0  07:20:45 42.37547 -72.51997   3     15     41  
440.0  07:20:53 42.374905 -72.51991   3     13     45  
441.0  07:21:02 42.37451 -72.51989   3     10     53  
441.0  07:21:16 42.374386 -72.51989   5     18     41  
441.0  07:21:24 42.37441 -72.519875   5     17     47  
441.0  07:21:32 42.37442 -72.51985   4     18     53  
441.0  07:21:41 42.37442 -72.519844   4     18     56  
441.0  07:21:49 42.374424 -72.51984   5     17     54  
441.0  07:21:58 42.374424 -72.519844   4     10     59  
442.0  07:22:08 42.37431 -72.51985   5     16     59  
442.0  07:22:17 42.374115 -72.519875   4     14     55  
442.0  07:22:25 42.3739 -72.51987   5     16     56  
442.0  07:22:34 42.373363 -72.519844   4     18     41  
442.0  07:22:43 42.372536 -72.5198   4     11     49  
442.0  07:22:51 42.371643 -72.51979   3     10     43  
443.0  07:23:02 42.3705 -72.51983   3     12     57  
443.0  07:23:10 42.369408 -72.51992   4     12     49  
443.0  07:23:18 42.36837 -72.52006   5     10     48  
443.0  07:23:27 42.36734 -72.52018   3     11     40  
443.0  07:23:35 42.366146 -72.52034   3     19     47  
443.0  07:23:44 42.36505 -72.52054   3     18     51  
443.0  07:23:54 42.36348 -72.52075   5     15     48  
444.0  07:24:03 42.362362 -72.52076   3     17     56  
444.0  07:24:11 42.36113 -72.52077   5     19     54  
444.0  07:24:20 42.359966 -72.520805   5     13     48  
444.0  07:24:29 42.358627 -72.52083   4     15     53  
444.0  07:24:37 42.35749 -72.52088   5     19     43  
444.0  07:24:49 42.35607 -72.52097   3     10     59  
444.0  07:24:58 42.35568 -72.520966   5     18     48  
445.0  07:25:07 42.35523 -72.52137   5     17     56  
445.0  07:25:16 42.354515 -72.52174   5     14     59  
445.0  07:25:25 42.35365 -72.52246   5     15     42  
445.0  07:25:34 42.35278 -72.52312   5     14     44  
445.0  07:25:45 42.351852 -72.52418   5     19     42  
445.0  07:25:53 42.35163 -72.52567   3     18     55  
446.0  07:26:02 42.35157 -72.526825   4     16     57  
446.0  07:26:13 42.351486 -72.52747   4     12     48  
446.0  07:26:22 42.351025 -72.52743   5     14     44  
446.0  07:26:30 42.350666 -72.5274   4     17     56  
446.0  07:26:41 42.349968 -72.52752   5     11     40  
446.0  07:26:49 42.349743 -72.52785   5     13     50  
446.0  07:26:58 42.349525 -72.52847   4     17     47  
447.0  07:27:07 42.34911 -72.52887   4     13     57  
447.0  07:27:16 42.348896 -72.528915   3     11     46  
447.0  07:27:25 42.348907 -72.52892   3     13     45  
447.0  07:27:35 42.34891 -72.52893   4     17     48  
447.0  07:27:44 42.348915 -72.528946   3     19     42  
447.0  07:27:53 42.34889 -72.528946   5     18     45  
448.0  07:28:01 42.348675 -72.52896   3     14     52  
448.0  07:28:09 42.34836 -72.52927   3     13     59  
448.0  07:28:18 42.34832 -72.5298   4     18     42  
448.0  07:28:29 42.348465 -72.53052   5     15     40  
448.0  07:28:37 42.34882 -72.53062   4     10     42  
448.0  07:28:46 42.349327 -72.53037   3     10     42  
448.0  07:28:55 42.349815 -72.5303   4     17     51  
449.0  07:29:03 42.350338 -72.53032   5     14     47  
449.0  07:29:13 42.350445 -72.53032   4     14     43  
449.0  07:29:24 42.350407 -72.53033   3     17     58  
449.0  07:29:33 42.35044 -72.53033   4     12     43  
449.0  07:29:41 42.35087 -72.53034   4     14     46  
449.0  07:29:50 42.351437 -72.53032   3     14     47  
449.0  07:29:58 42.351597 -72.53017   3     12     41  
450.0  07:30:06 42.351562 -72.52927   5     16     42  
450.0  07:30:17 42.35155 -72.52763   5     10     52  
450.0  07:30:25 42.351532 -72.526566   5     19     43  
450.0  07:30:34 42.351536 -72.52648   4     14     53  
450.0  07:30:43 42.351547 -72.5265   5     11     42  
450.0  07:30:51 42.351543 -72.52648   5     13     55  
450.0  07:30:59 42.35154 -72.52648   4     19     48  
451.0  07:31:10 42.35157 -72.52636   4     12     52  
451.0  07:31:18 42.351643 -72.52552   3     19     56  
451.0  07:31:27 42.351955 -72.52404   4     15     57  
451.0  07:31:37 42.35279 -72.52309   5     17     41  
451.0  07:31:47 42.353718 -72.52242   3     13     52  
451.0  07:31:57 42.35486 -72.521545   4     10     54  
452.0  07:32:16 42.355675 -72.521126   3     19     53  
452.0  07:32:26 42.356037 -72.5209   4     18     44  
452.0  07:32:34 42.35709 -72.52095   5     11     59  
452.0  07:32:43 42.358032 -72.52091   5     11     52  
452.0  07:32:52 42.35919 -72.52084   3     17     50  
453.0  07:33:02 42.360573 -72.52082   4     16     53  
453.0  07:33:11 42.36194 -72.5208   5     17     53  
453.0  07:33:22 42.363163 -72.520805   4     18     49  
453.0  07:33:31 42.36503 -72.52056   4     12     44  
453.0  07:33:39 42.36645 -72.52032   3     12     53  
453.0  07:33:48 42.367794 -72.52016   4     18     56  
453.0  07:33:58 42.36903 -72.51998   5     10     47  
454.0  07:34:07 42.37021 -72.51984   4     19     56  
454.0  07:34:15 42.37135 -72.51975   5     18     59  
454.0  07:34:24 42.372177 -72.51973   3     15     48  
454.0  07:34:32 42.372677 -72.51977   5     13     52  
454.0  07:34:41 42.372986 -72.51981   3     14     50  
454.0  07:34:51 42.37298 -72.51984   4     13     47  
455.0  07:35:00 42.372986 -72.51984   3     11     58  
455.0  07:35:09 42.37337 -72.51984   5     14     46  
455.0  07:35:17 42.373783 -72.51985   5     19     43  
455.0  07:35:26 42.374023 -72.5199   5     12     44  
455.0  07:35:35 42.37404 -72.51989   5     12     42  
455.0  07:35:45 42.37404 -72.51989   5     18     53  
455.0  07:35:54 42.37404 -72.51989   4     11     55  
456.0  07:36:02 42.37404 -72.51989   4     15     55  
456.0  07:36:11 42.37404 -72.51989   5     11     47  
456.0  07:36:20 42.37404 -72.51989   4     10     45  
456.0  07:36:28 42.37404 -72.51989   4     13     52  
456.0  07:36:39 42.37404 -72.51989   4     11     49  
456.0  07:36:47 42.37404 -72.51989   5     17     50  
456.0  07:36:56 42.37404 -72.51989   5     12     42  
457.0  07:37:05 42.37404 -72.51989   4     12     57  
457.0  07:37:13 42.37404 -72.51989   4     17     59  
457.0  07:37:22 42.37404 -72.51989   3     12     48  
457.0  07:37:32 42.37404 -72.51989   4     11     40  
457.0  07:37:41 42.37404 -72.51989   4     11     46  
457.0  07:37:50 42.37404 -72.51989   4     19     52  
457.0  07:37:58 42.37404 -72.51989   5     18     43  
458.0  07:38:07 42.37404 -72.51989   5     17     52  
458.0  07:38:16 42.37404 -72.51989   5     18     55  
458.0  07:38:28 42.37404 -72.51989   4     13     44  
458.0  07:38:36 42.37404 -72.51989   3     10     54  
458.0  07:38:45 42.37404 -72.51989   3     11     48  
458.0  07:38:54 42.37404 -72.51989   3     18     57  
459.0  07:39:03 42.37404 -72.51989   5     18     50  
459.0  07:39:12 42.37404 -72.51989   3     17     57  
459.0  07:39:24 42.37404 -72.51989   3     16     42  
459.0  07:39:33 42.37404 -72.51989   5     10     58  
459.0  07:39:44 42.37404 -72.51989   3     10     55  
459.0  07:39:52 42.37404 -72.51989   4     18     47  
460.0  07:40:01 42.37404 -72.51989   5     14     41  
460.0  07:40:09 42.37404 -72.51989   3     16     50  
460.0  07:40:20 42.37404 -72.51989   5     12     45  
460.0  07:40:29 42.37404 -72.51989   4     14     48  
460.0  07:40:38 42.37404 -72.51989   5     18     49  
460.0  07:40:47 42.37404 -72.51989   5     18     54  
460.0  07:40:55 42.37404 -72.51989   5     12     58  
461.0  07:41:03 42.37404 -72.51989   3     12     48  
461.0  07:41:14 42.37404 -72.51989   5     13     52  
461.0  07:41:22 42.37404 -72.51989   5     18     54  
461.0  07:41:31 42.37404 -72.51989   5     18     48  
461.0  07:41:39 42.37404 -72.51989   5     19     54  
461.0  07:41:50 42.37404 -72.51989   4     11     52  
461.0  07:41:59 42.37404 -72.51989   5     19     50  
462.0  07:42:09 42.37404 -72.51989   3     15     40  
462.0  07:42:17 42.37404 -72.51989   4     10     57  
462.0  07:42:26 42.37404 -72.51989   4     10     55  
462.0  07:42:35 42.37404 -72.51989   3     12     47  
462.0  07:42:44 42.37404 -72.51989   5     19     49  
462.0  07:42:52 42.37404 -72.51989   5     13     44  
463.0  07:43:03 42.37404 -72.51989   4     13     49  
463.0  07:43:11 42.37404 -72.51989   3     12     46  
463.0  07:43:19 42.37404 -72.51989   3     15     57  
463.0  07:43:28 42.37404 -72.51989   4     10     56  
463.0  07:43:37 42.37404 -72.51989   4     11     58  
463.0  07:43:46 42.37404 -72.51989   3     19     41  
463.0  07:43:57 42.37404 -72.51989   4     16     43  
464.0  07:44:06 42.37404 -72.51989   3     10     58  
464.0  07:44:14 42.37404 -72.51989   5     13     43  
464.0  07:44:22 42.37404 -72.51989   5     13     47  
464.0  07:44:31 42.37404 -72.51989   5     12     40  
464.0  07:44:39 42.37404 -72.51989   3     12     53  
464.0  07:44:49 42.37404 -72.51989   4     10     47  
464.0  07:44:58 42.37404 -72.51989   5     16     56  
465.0  07:45:06 42.37404 -72.51989   4     16     45  
465.0  07:45:15 42.37404 -72.51989   5     13     48  
465.0  07:45:23 42.37404 -72.51989   5     15     49  
465.0  07:45:32 42.37404 -72.51989   3     10     51  
465.0  07:45:42 42.37404 -72.51989   4     13     54  
465.0  07:45:51 42.37404 -72.51989   3     12     51  
466.0  07:46:03 42.37404 -72.51989   4     19     52  
466.0  07:46:12 42.37404 -72.51989   4     18     56  
466.0  07:46:20 42.37404 -72.51989   3     10     52  
466.0  07:46:29 42.37404 -72.51989   3     10     43  
466.0  07:46:39 42.37404 -72.51989   3     17     58  
466.0  07:46:47 42.37404 -72.51989   4     19     47  
466.0  07:46:56 42.37404 -72.51989   5     16     52  
467.0  07:47:04 42.37404 -72.51989   5     17     51  
467.0  07:47:13 42.37404 -72.51989   5     10     49  
467.0  07:47:22 42.37404 -72.51989   5     16     42  
467.0  07:47:32 42.37404 -72.51989   5     15     53  
467.0  07:47:41 42.37404 -72.51989   3     16     48  
467.0  07:47:50 42.37404 -72.51989   4     12     56  
467.0  07:47:58 42.37404 -72.51989   5     13     55  
468.0  07:48:07 42.37404 -72.51989   3     11     50  
468.0  07:48:15 42.37404 -72.51989   5     13     51  
468.0  07:48:25 42.37404 -72.51989   5     11     45  
468.0  07:48:34 42.37404 -72.51989   5     19     44  
468.0  07:48:43 42.37404 -72.51989   3     16     56  
468.0  07:48:51 42.37404 -72.51989   4     13     56  
469.0  07:49:00 42.37404 -72.51989   5     12     59  
469.0  07:49:09 42.37404 -72.51989   4     17     53  
469.0  07:49:19 42.37404 -72.51989   5     10     49  
469.0  07:49:28 42.37404 -72.51989   4     17     53  
469.0  07:49:36 42.37404 -72.51989   3     12     41  
469.0  07:49:45 42.37404 -72.51989   3     14     52  
469.0  07:49:53 42.37404 -72.51989   4     18     50  
470.0  07:50:02 42.37404 -72.51989   4     10     52  
470.0  07:50:12 42.37404 -72.51989   3     16     45  
470.0  07:50:21 42.37404 -72.51989   5     15     44  
470.0  07:50:29 42.37404 -72.51989   5     13     53  
470.0  07:50:38 42.37404 -72.51989   4     15     45  
470.0  07:50:46 42.37404 -72.51989   5     16     56  
470.0  07:50:54 42.37404 -72.51989   5     12     40  
471.0  07:51:05 42.37404 -72.51989   4     11     44  
471.0  07:51:14 42.37404 -72.51989   5     18     41  
471.0  07:51:22 42.37404 -72.51989   4     11     45  
471.0  07:51:30 42.37404 -72.51989   4     13     47  
471.0  07:51:39 42.37404 -72.51989   3     10     48  
471.0  07:51:47 42.37404 -72.51989   4     11     52  
471.0  07:51:58 42.37404 -72.51989   4     12     50  
472.0  07:52:06 42.37404 -72.51989   5     12     50  
472.0  07:52:15 42.37404 -72.51989   4     15     54  
472.0  07:52:23 42.37404 -72.51989   3     11     54  
472.0  07:52:31 42.37404 -72.51989   4     14     50  
472.0  07:52:39 42.37404 -72.51989   4     19     52  
472.0  07:52:49 42.37404 -72.51989   5     12     42  
472.0  07:52:58 42.37404 -72.51989   3     17     56  
473.0  07:53:06 42.37404 -72.51989   3     12     59  
473.0  07:53:15 42.37404 -72.51989   3     17     45  
473.0  07:53:23 42.37404 -72.51989   4     10     56  
473.0  07:53:32 42.37404 -72.51989   3     12     56  
473.0  07:53:46 42.37404 -72.51989   5     18     49  
473.0  07:53:55 42.37404 -72.51989   5     10     44  
474.0  07:54:04 42.37404 -72.51989   3     13     45  
474.0  07:54:12 42.37404 -72.51989   4     13     41  
474.0  07:54:20 42.37404 -72.51989   5     13     56  
474.0  07:54:29 42.37404 -72.51989   5     10     50  
474.0  07:54:39 42.37404 -72.51989   5     11     53  
474.0  07:54:47 42.37404 -72.51989   4     17     51  
474.0  07:54:56 42.37404 -72.51989   4     12     54  
475.0  07:55:04 42.37404 -72.51989   3     13     58  
475.0  07:55:13 42.37404 -72.51989   3     18     49  
475.0  07:55:21 42.37404 -72.51989   5     16     52  
475.0  07:55:32 42.37404 -72.51989   5     18     53  
475.0  07:55:42 42.37404 -72.51989   3     13     56  
475.0  07:55:51 42.37404 -72.51989   3     13     51  
476.0  07:56:00 42.37404 -72.51989   5     13     57  
476.0  07:56:08 42.37404 -72.51989   4     10     43  
476.0  07:56:16 42.37404 -72.51989   5     10     53  
476.0  07:56:26 42.37404 -72.51989   4     19     59  
476.0  07:56:35 42.37404 -72.51989   4     10     51  
476.0  07:56:43 42.37404 -72.51989   5     11     55  
476.0  07:56:52 42.37404 -72.51989   3     10     40  
477.0  07:57:00 42.37404 -72.51989   4     14     49  
477.0  07:57:09 42.37404 -72.51989   4     13     58  
477.0  07:57:20 42.37404 -72.51989   3     19     51  
477.0  07:57:28 42.37404 -72.51989   3     16     53  
477.0  07:57:37 42.37404 -72.51989   4     19     51  
477.0  07:57:45 42.37404 -72.51989   5     12     56  
477.0  07:57:54 42.37404 -72.51989   5     14     59  
478.0  07:58:03 42.37404 -72.51989   3     11     45  
478.0  07:58:13 42.37404 -72.51989   5     12     48  
478.0  07:58:21 42.37404 -72.51989   5     17     51  
478.0  07:58:30 42.37404 -72.51989   3     19     40  
478.0  07:58:39 42.37404 -72.51989   5     11     58  
478.0  07:58:47 42.37404 -72.51989   4     13     46  
478.0  07:58:56 42.37404 -72.51989   4     15     44  
479.0  07:59:06 42.37404 -72.51989   4     19     53  
479.0  07:59:14 42.37404 -72.51989   4     14     47  
479.0  07:59:23 42.37404 -72.51989   4     11     45  
479.0  07:59:31 42.37404 -72.51989   4     17     51  
479.0  07:59:40 42.37404 -72.51989   5     17     43  
479.0  07:59:48 42.37404 -72.51989   4     10     57  
479.0  07:59:58 42.37404 -72.51989   5     17     55  
480.0  08:00:07 42.37404 -72.51989   4     14     47  
480.0  08:00:15 42.37404 -72.51989   5     11     41  
480.0  08:00:24 42.37404 -72.51989   4     11     58  
480.0  08:00:32 42.37404 -72.51989   5     18     57  
480.0  08:00:40 42.37404 -72.51989   3     10     48  
480.0  08:00:50 42.37404 -72.51989   3     16     43  
480.0  08:00:59 42.37404 -72.51989   3     18     40  
481.0  08:01:07 42.37404 -72.51989   4     17     59  
481.0  08:01:16 42.37404 -72.51989   3     15     52  
481.0  08:01:25 42.37404 -72.51989   5     18     59  
481.0  08:01:33 42.37404 -72.51989   5     10     42  
481.0  08:01:44 42.37404 -72.51989   4     19     44  
481.0  08:01:53 42.37404 -72.51989   5     13     49  
482.0  08:02:01 42.37404 -72.51989   5     16     44  
482.0  08:02:09 42.37404 -72.51989   3     19     46  
482.0  08:02:18 42.37404 -72.51989   4     17     55  
482.0  08:02:26 42.37404 -72.51989   4     12     52  
482.0  08:02:36 42.37404 -72.51989   5     18     44  
482.0  08:02:44 42.37404 -72.51989   3     18     40  
482.0  08:02:53 42.37404 -72.51989   3     11     44  
483.0  08:03:02 42.37404 -72.51989   5     13     42  
483.0  08:03:10 42.37404 -72.51989   5     17     53  
483.0  08:03:19 42.37404 -72.51989   5     19     42  
483.0  08:03:29 42.37404 -72.51989   3     10     51  
483.0  08:03:38 42.37404 -72.51989   3     12     44  
483.0  08:03:46 42.37404 -72.51989   5     12     40  
483.0  08:03:55 42.37404 -72.51989   5     16     54  
484.0  08:04:03 42.37404 -72.51989   4     18     57  
484.0  08:04:12 42.37404 -72.51989   5     16     56  
484.0  08:04:23 42.37404 -72.51989   3     13     53  
484.0  08:04:31 42.37404 -72.51989   3     18     40  
484.0  08:04:39 42.37404 -72.51989   5     12     40  
484.0  08:04:48 42.37404 -72.51989   5     18     41  
484.0  08:04:57 42.37404 -72.51989   5     18     41  
485.0  08:05:05 42.37404 -72.51989   5     12     51  
485.0  08:05:15 42.37404 -72.51989   5     17     44  
485.0  08:05:24 42.37404 -72.51989   4     12     50  
485.0  08:05:32 42.37404 -72.51989   4     16     49  
485.0  08:05:40 42.37404 -72.51989   4     14     59  
485.0  08:05:49 42.37404 -72.51989   4     11     41  
485.0  08:05:58 42.37404 -72.51989   4     12     40  
486.0  08:06:08 42.37404 -72.51989   5     13     53  
486.0  08:06:17 42.37404 -72.51989   4     11     50  
486.0  08:06:25 42.37404 -72.51989   4     14     48  
486.0  08:06:33 42.37404 -72.51989   5     16     46  
486.0  08:06:42 42.37404 -72.51989   5     10     54  
486.0  08:06:51 42.37404 -72.51989   3     10     51  
487.0  08:07:03 42.37404 -72.51989   4     13     42  
487.0  08:07:11 42.37404 -72.51989   4     18     50  
487.0  08:07:20 42.37404 -72.51989   5     11     52  
487.0  08:07:29 42.37404 -72.51989   3     12     56  
487.0  08:07:37 42.37404 -72.51989   4     15     51  
487.0  08:07:46 42.37404 -72.51989   4     11     49  
487.0  08:07:56 42.37404 -72.51989   3     14     55  
488.0  08:08:04 42.37404 -72.51989   3     11     40  
488.0  08:08:13 42.37404 -72.51989   4     18     51  
488.0  08:08:22 42.37404 -72.51989   5     19     47  
488.0  08:08:31 42.37404 -72.51989   4     13     59  
488.0  08:08:39 42.37404 -72.51989   3     15     50  
488.0  08:08:51 42.37404 -72.51989   5     16     51  
488.0  08:08:59 42.37404 -72.51989   5     16     58  
489.0  08:09:08 42.37404 -72.51989   4     17     59  
489.0  08:09:16 42.37404 -72.51989   4     13     54  
489.0  08:09:25 42.37404 -72.51989   3     13     40  
489.0  08:09:33 42.37404 -72.51989   5     12     49  
489.0  08:09:44 42.37404 -72.51989   3     14     56  
489.0  08:09:53 42.37404 -72.51989   3     15     44  
490.0  08:10:01 42.37404 -72.51989   3     18     54  
490.0  08:10:10 42.37404 -72.51989   5     17     59  
490.0  08:10:19 42.37404 -72.51989   5     19     57  
490.0  08:10:28 42.37404 -72.51989   4     19     53  
490.0  08:10:41 42.37404 -72.51989   3     16     46  
490.0  08:10:49 42.37404 -72.51989   4     12     59  
490.0  08:10:58 42.37404 -72.51989   5     18     47  
491.0  08:11:07 42.37404 -72.51989   3     19     55  
491.0  08:11:15 42.37404 -72.51989   4     18     46  
491.0  08:11:24 42.37404 -72.51989   4     17     48  
491.0  08:11:34 42.37404 -72.51989   4     12     45  
491.0  08:11:43 42.37404 -72.51989   3     17     54  
491.0  08:11:52 42.37404 -72.51989   4     17     43  
492.0  08:12:00 42.37404 -72.51989   3     10     56  
492.0  08:12:08 42.37404 -72.51989   3     19     58  
492.0  08:12:17 42.37404 -72.51989   4     16     46  
492.0  08:12:28 42.37404 -72.51989   5     14     54  
492.0  08:12:36 42.37404 -72.51989   3     17     44  
492.0  08:12:44 42.37404 -72.51989   3     12     41  
492.0  08:12:53 42.37404 -72.51989   4     14     57  
493.0  08:13:01 42.37404 -72.51989   4     19     56  
493.0  08:13:10 42.37404 -72.51989   5     14     40  
493.0  08:13:20 42.37404 -72.51989   3     10     47  
493.0  08:13:28 42.37404 -72.51989   3     14     53  
493.0  08:13:37 42.37404 -72.51989   3     10     46  
493.0  08:13:45 42.37404 -72.51989   4     17     53  
493.0  08:13:54 42.37404 -72.51989   4     17     52  
494.0  08:14:03 42.37404 -72.51989   4     16     43  
494.0  08:14:13 42.37404 -72.51989   4     13     41  
494.0  08:14:22 42.37404 -72.51989   3     16     59  
494.0  08:14:30 42.37404 -72.51989   3     11     59  
494.0  08:14:39 42.37404 -72.51989   5     19     40  
494.0  08:14:47 42.37404 -72.51989   3     18     56  
494.0  08:14:56 42.37404 -72.51989   4     17     48  
495.0  08:15:06 42.37404 -72.51989   4     16     57  
495.0  08:15:15 42.37404 -72.51989   4     19     51  
495.0  08:15:23 42.37404 -72.51989   4     11     47  
495.0  08:15:32 42.37404 -72.51989   3     13     49  
495.0  08:15:40 42.37404 -72.51989   4     19     42  
495.0  08:15:48 42.37404 -72.51989   5     19     55  
495.0  08:15:59 42.37404 -72.51989   5     12     48  
496.0  08:16:08 42.37404 -72.51989   5     18     58  
496.0  08:16:16 42.37404 -72.51989   5     15     55  
496.0  08:16:29 42.37404 -72.51989   5     12     46  
496.0  08:16:37 42.37404 -72.51989   3     14     58  
496.0  08:16:46 42.37404 -72.51989   4     12     45  
496.0  08:16:56 42.37404 -72.51989   4     12     59  
497.0  08:17:04 42.37404 -72.51989   5     11     59  
497.0  08:17:13 42.37404 -72.51989   5     19     40  
497.0  08:17:21 42.37404 -72.51989   3     16     49  
497.0  08:17:29 42.37404 -72.51989   5     15     56  
497.0  08:17:38 42.37404 -72.51989   4     13     48  
497.0  08:17:48 42.37404 -72.51989   4     13     42  
497.0  08:17:57 42.37404 -72.51989   5     18     52  
498.0  08:18:05 42.37404 -72.51989   5     12     47  
498.0  08:18:13 42.37404 -72.51989   4     12     44  
498.0  08:18:22 42.37404 -72.51989   3     16     55  
498.0  08:18:30 42.37404 -72.51989   5     12     58  
498.0  08:18:41 42.37404 -72.51989   5     12     52  
498.0  08:18:49 42.37404 -72.51989   3     15     49  
498.0  08:18:58 42.37404 -72.51989   4     19     45  
499.0  08:19:06 42.37404 -72.51989   3     15     51  
499.0  08:19:14 42.37404 -72.51989   5     18     52  
499.0  08:19:23 42.37404 -72.51989   3     10     48  
499.0  08:19:33 42.37404 -72.51989   4     19     58  
499.0  08:19:42 42.37404 -72.51989   4     15     44  
499.0  08:19:50 42.37404 -72.51989   5     14     57  
499.0  08:19:59 42.37404 -72.51989   4     16     58  
500.0  08:20:07 42.37404 -72.51989   3     18     42  
500.0  08:20:16 42.37404 -72.51989   4     14     40  
596.0  09:56:56 42.35158 -72.52982   4     14     58  
597.0  09:57:00 42.35157 -72.52945   3     12     54  
597.0  09:57:00 42.35157 -72.52886   3     11     43  
597.0  09:57:11 42.351543 -72.52779   4     10     49  
597.0  09:57:19 42.35152 -72.52679   4     19     46  
597.0  09:57:27 42.35151 -72.52648   4     15     48  
597.0  09:57:36 42.351494 -72.52651   4     12     55  
597.0  09:57:44 42.35149 -72.52651   4     18     53  
597.0  09:57:53 42.351536 -72.526306   3     10     46  
598.0  09:58:00 42.35167 -72.52501   5     14     58  
598.0  09:58:03 42.35167 -72.52501   4     17     44  
598.0  09:58:11 42.35193 -72.524   4     14     52  
598.0  09:58:19 42.352623 -72.523125   4     14     59  
598.0  09:58:38 42.353703 -72.522415   3     16     57  
598.0  09:58:43 42.353703 -72.522415   4     19     40  
598.0  09:58:53 42.35578 -72.52092   3     15     43  
599.0  09:59:00 42.35672 -72.52092   4     17     54  
599.0  09:59:02 42.35649 -72.52093   5     13     57  
599.0  09:59:10 42.357468 -72.52089   5     17     45  
599.0  09:59:18 42.358654 -72.520836   3     17     55  
599.0  09:59:27 42.359726 -72.52079   3     11     44  
599.0  09:59:35 42.3608 -72.52075   5     16     41  
599.0  09:59:45 42.362144 -72.52075   5     17     41  
599.0  09:59:59 42.363995 -72.52071   4     13     48  
632.0  10:32:38 42.458733 -72.58245   3     16     54  
632.0  10:32:51 42.459778 -72.58206   4     15     49  
634.0  10:34:00 0.0 -0.0   4     10     50  
634.0  10:34:09 0.0 -0.0   5     11     57  
634.0  10:34:22 0.0 -0.0   5     17     46  
634.0  10:34:30 0.0 -0.0   3     18     59  
634.0  10:34:39 0.0 -0.0   4     14     51  
704.0  11:44:11 42.45514 -72.56704   3     12     43  
704.0  11:44:24 42.45514 -72.56704   3     13     50  
704.0  11:44:37 42.45514 -72.56704   3     14     56  
704.0  11:44:50 42.45514 -72.56704   3     18     53  
706.0  11:46:52 42.464935 -72.58037   5     17     59  
707.0  11:47:05 42.464943 -72.58035   5     12     46  
707.0  11:47:17 42.46451 -72.58044   3     13     58  
707.0  11:47:30 42.462597 -72.58112   4     16     53  
707.0  11:47:43 42.460464 -72.581795   4     10     49  
708.0  11:48:41 42.45772 -72.58157   5     16     42  
708.0  11:48:52 42.45772 -72.5816   5     10     54  
709.0  11:49:00 42.457882 -72.58234   3     19     46  
709.0  11:49:01 42.45786 -72.58215   4     11     51  
709.0  11:49:10 42.457943 -72.58267   4     15     50  
709.0  11:49:18 42.458344 -72.58262   3     13     59  
709.0  11:49:27 42.45927 -72.582214   3     17     57  
709.0  11:49:36 42.45995 -72.58184   4     12     48  
709.0  11:49:46 42.459713 -72.58045   3     12     40  
709.0  11:49:54 42.45944 -72.578865   4     14     45  
710.0  11:50:00 42.4592 -72.57727   5     15     53  
710.0  11:50:03 42.4592 -72.57727   3     12     55  
710.0  11:50:11 42.458965 -72.57598   4     19     47  
710.0  11:50:19 42.458733 -72.57463   5     14     55  
710.0  11:50:28 42.45851 -72.57332   4     16     59  
710.0  11:50:38 42.45813 -72.57152   4     18     44  
710.0  11:50:46 42.457348 -72.570465   5     12     54  
710.0  11:50:54 42.45639 -72.56945   5     10     58  
711.0  11:51:00 42.455254 -72.56827   4     15     51  
711.0  11:51:03 42.455364 -72.56839   4     19     54  
711.0  11:51:10 42.454605 -72.56742   5     14     50  
711.0  11:51:19 42.45464 -72.56674   3     12     43  
711.0  11:51:28 42.45468 -72.56668   5     14     47  
711.0  11:51:37 42.454212 -72.56614   5     15     56  
711.0  11:51:45 42.453167 -72.56503   4     15     43  
711.0  11:51:53 42.452328 -72.56386   3     11     59  
712.0  11:52:00 42.4516 -72.56287   3     13     50  
712.0  11:52:01 42.45167 -72.56294   4     17     57  
712.0  11:52:09 42.45154 -72.56282   3     11     50  
712.0  11:52:20 42.451538 -72.56286   5     13     49  
712.0  11:52:27 42.451534 -72.56287   4     13     45  
712.0  11:52:35 42.451572 -72.562874   5     18     50  
712.0  11:52:43 42.451466 -72.56263   4     19     52  
712.0  11:52:51 42.450874 -72.56175   5     17     55  
712.0  11:52:59 42.450108 -72.560616   5     17     46  
713.0  11:53:00 42.449783 -72.56011   4     16     57  
713.0  11:53:07 42.449516 -72.55964   4     11     57  
713.0  11:53:21 42.448677 -72.558075   4     14     54  
713.0  11:53:32 42.447712 -72.5561   5     15     56  
713.0  11:53:41 42.44657 -72.55479   4     16     45  
713.0  11:53:49 42.444794 -72.55363   5     17     49  
713.0  11:53:58 42.44327 -72.552536   3     16     52  
714.0  11:54:00 42.442215 -72.55149   3     15     45  
714.0  11:54:07 42.4417 -72.5509   3     17     48  
714.0  11:54:15 42.440094 -72.54924   5     14     55  
714.0  11:54:25 42.43835 -72.547775   3     10     47  
714.0  11:54:33 42.43683 -72.54695   3     17     49  
714.0  11:54:40 42.435226 -72.546165   3     11     40  
714.0  11:54:49 42.434013 -72.545555   5     17     56  
714.0  11:54:57 42.433083 -72.54501   5     12     47  
715.0  11:55:00 42.432972 -72.54491   3     10     41  
715.0  11:55:05 42.43299 -72.54492   4     13     40  
715.0  11:55:13 42.43302 -72.54493   3     10     45  
715.0  11:55:23 42.432484 -72.5445   3     18     47  
715.0  11:55:31 42.431435 -72.54364   3     18     57  
715.0  11:55:39 42.430122 -72.54252   3     16     54  
715.0  11:55:47 42.428703 -72.54132   5     15     57  
715.0  11:55:56 42.427208 -72.540184   4     11     46  
716.0  11:56:00 42.425632 -72.53914   4     19     54  
716.0  11:56:04 42.425438 -72.53901   4     10     49  
716.0  11:56:14 42.423477 -72.53791   4     12     49  
716.0  11:56:22 42.421875 -72.537315   4     11     41  
716.0  11:56:31 42.420063 -72.5369   4     12     56  
716.0  11:56:39 42.418354 -72.53681   4     13     46  
716.0  11:56:47 42.41667 -72.53699   4     13     48  
716.0  11:56:56 42.41477 -72.537224   3     10     56  
717.0  11:57:00 42.41325 -72.537415   3     16     54  
717.0  11:57:06 42.412613 -72.53749   3     19     45  
717.0  11:57:15 42.41099 -72.53769   4     16     54  
717.0  11:57:23 42.409607 -72.53785   3     10     41  
717.0  11:57:31 42.409046 -72.53792   5     15     58  
717.0  11:57:39 42.40902 -72.53793   5     14     57  
717.0  11:57:59 42.409035 -72.537926   3     15     54  
718.0  11:58:00 42.409252 -72.537   4     16     48  
718.0  11:58:16 42.409416 -72.536125   5     17     59  
718.0  11:58:25 42.40965 -72.53383   3     16     58  
718.0  11:58:33 42.40973 -72.53344   3     19     51  
718.0  11:58:41 42.40975 -72.53343   3     17     43  
718.0  11:58:49 42.409763 -72.5333   4     16     49  
718.0  11:58:57 42.409798 -72.532585   5     10     52  
719.0  11:59:00 42.409832 -72.53212   4     17     48  
719.0  11:59:07 42.40985 -72.53199   3     19     43  
719.0  11:59:15 42.409912 -72.53159   5     16     44  
719.0  11:59:23 42.409966 -72.53103   3     12     54  
719.0  11:59:31 42.409763 -72.53088   3     15     46  
719.0  11:59:39 42.409157 -72.53073   4     11     49  
719.0  11:59:46 42.40909 -72.530716   4     15     52  
719.0  11:59:56 42.409115 -72.53073   3     15     54  
720.0  12:00:00 42.408913 -72.53064   4     17     47  
720.0  12:00:04 42.408836 -72.53061   5     12     57  
720.0  12:00:13 42.407932 -72.530334   3     19     42  
720.0  12:00:21 42.40687 -72.52998   3     17     43  
720.0  12:00:29 42.405716 -72.52973   4     15     42  
720.0  12:00:37 42.404613 -72.52968   5     17     52  
720.0  12:00:48 42.40354 -72.52932   4     19     50  
720.0  12:00:55 42.403183 -72.529144   5     15     57  
721.0  12:01:00 42.40325 -72.52915   5     18     55  
721.0  12:01:03 42.40325 -72.52915   5     10     43  
721.0  12:01:11 42.403244 -72.52914   3     19     53  
721.0  12:01:19 42.402744 -72.52877   3     12     58  
721.0  12:01:27 42.40169 -72.52821   5     17     48  
721.0  12:01:37 42.400257 -72.52794   5     13     49  
721.0  12:01:45 42.399124 -72.528015   4     10     43  
721.0  12:01:53 42.398247 -72.528046   4     14     55  
722.0  12:02:00 42.39812 -72.5281   5     14     41  
722.0  12:02:01 42.398117 -72.5281   5     11     40  
722.0  12:02:09 42.39811 -72.52812   3     15     46  
722.0  12:02:17 42.39755 -72.528015   4     10     53  
722.0  12:02:27 42.396294 -72.52749   3     19     46  
722.0  12:02:36 42.39554 -72.52714   3     12     55  
722.0  12:02:44 42.395332 -72.52703   4     10     52  
722.0  12:02:52 42.395363 -72.527054   3     12     47  
723.0  12:03:00 42.395397 -72.527054   5     15     48  
723.0  12:03:01 42.39539 -72.527054   3     16     56  
723.0  12:03:09 42.395344 -72.52703   3     13     47  
723.0  12:03:18 42.394665 -72.52663   3     12     53  
723.0  12:03:26 42.39406 -72.5263   5     15     45  
723.0  12:03:34 42.39372 -72.5261   4     15     49  
723.0  12:03:44 42.39349 -72.52601   4     11     55  
723.0  12:03:53 42.39341 -72.525986   5     14     47  
724.0  12:04:00 42.393417 -72.526024   4     18     52  
724.0  12:04:01 42.393417 -72.52601   4     18     48  
724.0  12:04:11 42.393414 -72.52601   5     19     41  
724.0  12:04:19 42.39318 -72.52584   3     11     45  
724.0  12:04:27 42.39239 -72.52556   3     19     58  
724.0  12:04:36 42.39147 -72.52532   4     16     53  
724.0  12:04:45 42.391033 -72.525276   3     12     43  
724.0  12:04:53 42.390892 -72.525276   3     13     56  
725.0  12:05:00 42.390892 -72.52524   4     19     59  
725.0  12:05:04 42.39089 -72.52524   3     18     43  
725.0  12:05:13 42.39066 -72.52518   4     11     59  
725.0  12:05:21 42.38983 -72.524994   5     19     41  
725.0  12:05:29 42.38906 -72.52468   5     18     52  
725.0  12:05:38 42.38836 -72.52432   5     13     41  
725.0  12:05:46 42.387848 -72.52395   5     11     45  
725.0  12:05:56 42.387814 -72.52389   3     17     45  
726.0  12:06:00 42.38785 -72.523895   3     17     51  
726.0  12:06:04 42.387848 -72.523895   4     16     51  
726.0  12:06:12 42.387802 -72.52383   5     13     52  
726.0  12:06:20 42.38741 -72.52319   4     14     59  
726.0  12:06:29 42.38678 -72.52252   4     13     55  
726.0  12:06:37 42.38616 -72.52245   5     10     49  
726.0  12:06:48 42.38559 -72.52204   3     12     54  
727.0  12:07:00 42.38479 -72.52153   3     13     58  
727.0  12:07:00 42.38388 -72.52102   4     10     53  
727.0  12:07:07 42.383465 -72.52082   3     16     59  
727.0  12:07:16 42.38279 -72.52043   5     12     52  
727.0  12:07:25 42.381992 -72.519844   4     12     40  
727.0  12:07:33 42.38159 -72.5194   4     11     47  
727.0  12:07:44 42.380886 -72.51935   4     13     55  
727.0  12:07:52 42.380016 -72.51949   4     11     53  
728.0  12:08:00 42.379578 -72.519684   4     18     52  
728.0  12:08:00 42.37957 -72.5197   3     11     49  
728.0  12:08:08 42.379574 -72.51972   5     11     52  
728.0  12:08:16 42.3793 -72.51981   3     16     41  
728.0  12:08:23 42.378513 -72.51998   4     18     55  
728.0  12:08:33 42.377987 -72.51998   4     19     52  
728.0  12:08:42 42.37789 -72.51998   4     17     48  
728.0  12:08:51 42.377903 -72.51999   4     14     46  
728.0  12:08:59 42.377903 -72.51998   4     10     44  
729.0  12:09:00 42.377888 -72.520004   4     15     48  
729.0  12:09:08 42.377884 -72.52001   4     11     44  
729.0  12:09:16 42.377625 -72.51997   4     17     42  
729.0  12:09:26 42.37688 -72.51995   5     11     40  
729.0  12:09:35 42.37643 -72.519936   4     15     52  
729.0  12:09:43 42.376167 -72.51993   3     11     53  
729.0  12:09:51 42.375652 -72.519936   5     15     50  
729.0  12:09:59 42.37517 -72.519905   4     15     45  
730.0  12:10:00 42.374992 -72.519905   4     15     46  
730.0  12:10:07 42.374905 -72.51991   3     19     59  
730.0  12:10:17 42.37447 -72.51993   5     18     46  
730.0  12:10:25 42.374443 -72.51994   4     17     43  
730.0  12:10:33 42.37446 -72.51996   4     19     49  
730.0  12:10:42 42.374462 -72.51996   3     18     41  
730.0  12:10:51 42.374393 -72.51995   4     18     47  
730.0  12:10:59 42.37419 -72.51992   3     10     46  
731.0  12:11:00 42.374176 -72.51992   5     15     45  
731.0  12:11:09 42.373955 -72.51992   4     14     56  
731.0  12:11:17 42.373432 -72.51985   4     10     59  
731.0  12:11:25 42.37339 -72.519844   5     14     58  
731.0  12:11:33 42.3734 -72.51985   4     14     40  
731.0  12:11:41 42.373413 -72.51987   5     10     44  
731.0  12:11:49 42.37339 -72.51987   4     12     52  
731.0  12:11:56 42.373375 -72.5199   5     10     54  
732.0  12:12:00 42.373386 -72.51989   4     19     45  
732.0  12:12:06 42.37339 -72.51989   4     12     56  
732.0  12:12:14 42.373398 -72.51989   3     17     41  
732.0  12:12:22 42.3734 -72.51988   5     10     41  
732.0  12:12:29 42.373016 -72.51987   5     18     51  
732.0  12:12:38 42.3721 -72.51978   3     18     56  
732.0  12:12:47 42.370964 -72.51984   5     15     45  
732.0  12:12:57 42.3692 -72.52002   3     15     47  
733.0  12:13:00 42.368282 -72.52013   4     12     49  
733.0  12:13:05 42.36797 -72.52016   3     13     50  
733.0  12:13:14 42.36667 -72.520325   4     12     55  
733.0  12:13:22 42.36509 -72.52056   3     18     47  
733.0  12:13:30 42.363693 -72.520805   3     19     54  
733.0  12:13:38 42.362347 -72.52083   3     11     41  
733.0  12:13:48 42.36068 -72.52084   4     10     58  
733.0  12:13:56 42.359413 -72.52085   4     12     50  
734.0  12:14:00 42.35832 -72.52093   3     10     45  
734.0  12:14:04 42.358162 -72.52095   3     18     51  
734.0  12:14:12 42.357 -72.52099   4     12     59  
734.0  12:14:20 42.356007 -72.52103   5     10     49  
734.0  12:14:28 42.355583 -72.52122   3     14     40  
734.0  12:14:39 42.354527 -72.52182   5     10     52  
734.0  12:14:47 42.353577 -72.52258   5     17     41  
734.0  12:14:56 42.35252 -72.52334   5     18     55  
735.0  12:15:00 42.351765 -72.52434   4     14     45  
735.0  12:15:04 42.35172 -72.52449   4     18     48  
735.0  12:15:13 42.351578 -72.525734   5     13     57  
735.0  12:15:21 42.351585 -72.52604   3     14     49  
735.0  12:15:31 42.35161 -72.52603   3     15     43  
735.0  12:15:39 42.35157 -72.52666   5     15     58  
735.0  12:15:47 42.351524 -72.52741   4     15     49  
735.0  12:15:55 42.351032 -72.52745   5     18     42  
736.0  12:16:00 42.350803 -72.52741   4     15     46  
736.0  12:16:04 42.350803 -72.52741   3     15     51  
736.0  12:16:11 42.35032 -72.527405   4     19     56  
736.0  12:16:22 42.349903 -72.52764   4     17     47  
736.0  12:16:30 42.349686 -72.52816   3     18     58  
736.0  12:16:39 42.349518 -72.52852   3     11     46  
736.0  12:16:47 42.349197 -72.52885   3     18     44  
736.0  12:16:55 42.34893 -72.52894   4     13     45  
737.0  12:17:00 42.348896 -72.52893   3     19     44  
737.0  12:17:04 42.348896 -72.52893   4     14     56  
745.0  12:25:20 42.348335 -72.53045   3     13     58  
745.0  12:25:32 42.34877 -72.53046   4     17     42  
745.0  12:25:46 42.349545 -72.53021   4     14     44  
745.0  12:25:58 42.350327 -72.53018   5     16     48  
746.0  12:26:58 42.351574 -72.52904   3     14     52  
747.0  12:27:00 42.35157 -72.527985   5     13     45  
747.0  12:27:08 42.351574 -72.527374   4     11     45  
747.0  12:27:17 42.351543 -72.52657   4     13     53  
747.0  12:27:25 42.351562 -72.526505   4     18     42  
747.0  12:27:33 42.35157 -72.526505   3     19     55  
747.0  12:27:41 42.351643 -72.52601   5     17     58  
747.0  12:27:49 42.351776 -72.5248   3     15     51  
748.0  12:28:00 42.3524 -72.5234   5     18     49  
748.0  12:28:00 42.352734 -72.52314   4     12     44  
748.0  12:28:10 42.353344 -72.52273   5     11     56  
748.0  12:28:19 42.354496 -72.52186   3     12     51  
748.0  12:28:28 42.355427 -72.521355   5     13     53  
748.0  12:28:36 42.35573 -72.52108   3     16     45  
748.0  12:28:46 42.355717 -72.521065   5     14     58  
783.0  13:03:58 42.458145 -72.58264   5     19     44  
784.0  13:04:12 42.45933 -72.582184   4     18     43  
784.0  13:04:25 42.459877 -72.58148   3     11     49  
784.0  13:04:38 42.45961 -72.57992   4     13     47  
785.0  13:05:42 42.459316 -72.57872   5     17     51  
785.0  13:05:54 42.45933 -72.57868   3     13     43  
786.0  13:06:00 42.459274 -72.57817   4     12     54  
786.0  13:06:02 42.459286 -72.57828   3     11     47  
786.0  13:06:10 42.459114 -72.57713   4     19     57  
786.0  13:06:19 42.458935 -72.575935   3     17     43  
786.0  13:06:28 42.458664 -72.574295   5     12     44  
786.0  13:06:36 42.458397 -72.57269   5     16     41  
786.0  13:06:47 42.457985 -72.57111   4     15     47  
786.0  13:06:55 42.457058 -72.57011   5     12     46  
787.0  13:07:00 42.456112 -72.569115   3     14     42  
787.0  13:07:04 42.455994 -72.56899   4     16     46  
787.0  13:07:15 42.455097 -72.568054   3     11     54  
787.0  13:07:23 42.45459 -72.56689   4     16     45  
787.0  13:07:32 42.45459 -72.566536   3     11     48  
787.0  13:07:42 42.453712 -72.565636   4     16     50  
787.0  13:07:51 42.45286 -72.5646   3     15     45  
787.0  13:07:59 42.452045 -72.56343   3     18     44  
788.0  13:08:00 42.451736 -72.562996   3     12     40  
788.0  13:08:08 42.451546 -72.56279   4     12     59  
788.0  13:08:17 42.451527 -72.56274   5     18     51  
788.0  13:08:26 42.451546 -72.56275   3     16     41  
788.0  13:08:36 42.45154 -72.56276   4     15     54  
788.0  13:08:45 42.45138 -72.562485   3     15     57  
788.0  13:08:53 42.450676 -72.561424   3     14     55  
789.0  13:09:00 42.449844 -72.56013   4     18     48  
789.0  13:09:02 42.44999 -72.560356   5     10     41  
789.0  13:09:10 42.449326 -72.55927   4     15     47  
789.0  13:09:19 42.44861 -72.55802   3     15     51  
789.0  13:09:30 42.447548 -72.556015   3     17     59  
789.0  13:09:39 42.446278 -72.554596   3     10     47  
789.0  13:09:47 42.44468 -72.553535   3     19     56  
789.0  13:09:56 42.443268 -72.55249   4     10     53  
790.0  13:10:00 42.441925 -72.551125   3     10     41  
790.0  13:10:04 42.441765 -72.55094   5     10     51  
790.0  13:10:13 42.440468 -72.54953   3     10     53  
790.0  13:10:25 42.43809 -72.54766   5     13     48  
790.0  13:10:34 42.436375 -72.54674   3     14     41  
790.0  13:10:43 42.434746 -72.54593   5     11     51  
1046.0  17:26:07 42.35053 -72.530266   3     18     56  
1047.0  17:27:00 42.35154 -72.52657   5     12     54  
1047.0  17:27:14 42.351498 -72.526474   4     14     51  
1047.0  17:27:24 42.35146 -72.52646   5     19     54  
1047.0  17:27:32 42.351463 -72.52646   4     15     44  
1047.0  17:27:40 42.351486 -72.52644   5     13     48  
1047.0  17:27:49 42.351612 -72.52555   3     16     57  
1047.0  17:27:57 42.351974 -72.52392   3     17     59  
1048.0  17:28:00 42.35266 -72.523125   4     19     55  
1048.0  17:28:06 42.352955 -72.52294   3     11     51  
1118.0  18:38:59 42.348896 -72.528854   5     16     51  
1119.0  18:39:11 42.34879 -72.52888   3     18     40  
1120.0  18:40:56 42.35161 -72.52906   5     19     58  
1121.0  18:41:00 42.351585 -72.527756   3     12     58  
1121.0  18:41:06 42.351578 -72.52741   4     13     52  
1121.0  18:41:14 42.35157 -72.52649   3     10     59  
1121.0  18:41:23 42.35154 -72.52655   5     12     40  
1121.0  18:41:31 42.35153 -72.52656   5     12     41  
1121.0  18:41:40 42.351536 -72.52655   3     18     42  
1121.0  18:41:49 42.351524 -72.52651   5     19     45  
1121.0  18:41:59 42.35162 -72.52564   5     18     46  
1122.0  18:42:00 42.351715 -72.52496   3     14     54  
1122.0  18:42:07 42.351875 -72.524216   3     11     47  
1122.0  18:42:17 42.352917 -72.52296   3     14     54  
1122.0  18:42:33 42.354237 -72.522   3     11     54  
1122.0  18:42:42 42.355713 -72.521095   5     10     46  
1122.0  18:42:54 42.356556 -72.520805   4     18     41  
1123.0  18:43:00 42.357952 -72.52081   5     16     56  
1123.0  18:43:03 42.357803 -72.52081   5     11     48  
1123.0  18:43:11 42.359188 -72.52077   3     17     56  
1123.0  18:43:20 42.360455 -72.52076   3     15     59  
1123.0  18:43:30 42.361965 -72.520744   5     12     46  
1123.0  18:43:39 42.362823 -72.52072   4     14     56  
1123.0  18:43:50 42.36283 -72.52075   3     11     55  
1123.0  18:43:58 42.36317 -72.520615   5     19     58  
1124.0  18:44:00 42.36392 -72.52065   4     12     48  
1124.0  18:44:07 42.36458 -72.520584   4     17     40  
1338.0  22:18:33 42.348907 -72.528824   4     14     59  
1338.0  22:18:46 42.34889 -72.52882   3     15     41  
1338.0  22:18:59 42.348763 -72.52885   4     10     59  
1339.0  22:19:16 42.34837 -72.529305   4     18     47  
1340.0  22:20:00 42.350292 -72.530334   3     19     44  
1340.0  22:20:15 42.350735 -72.53032   4     16     42  
1340.0  22:20:26 42.35148 -72.5303   3     16     59  
1340.0  22:20:34 42.351646 -72.53021   5     18     56  
1340.0  22:20:42 42.351635 -72.52936   4     16     49  
1340.0  22:20:51 42.351562 -72.52806   5     10     54  
1340.0  22:20:59 42.35158 -72.526665   4     19     59  
1341.0  22:21:00 42.35161 -72.52641   4     14     55  
1341.0  22:21:15 42.35161 -72.526436   5     12     42  
1376.0  22:56:57 42.457825 -72.58163   3     13     51  
1377.0  22:57:10 42.457912 -72.5824   4     13     56  
1377.0  22:57:22 42.457943 -72.58262   5     10     45  
1377.0  22:57:35 42.458126 -72.58267   4     13     46  
1379.0  22:59:30 42.455055 -72.56809   3     14     54  
1379.0  22:59:42 42.454605 -72.56687   4     16     41  
1379.0  22:59:55 42.45443 -72.56639   3     16     57  
1380.0  23:00:07 42.45316 -72.56505   3     15     49  
1380.0  23:00:20 42.452053 -72.56347   4     18     48  
1381.0  23:01:17 42.445904 -72.55429   4     18     41  
1381.0  23:01:27 42.44432 -72.55328   3     10     54  
1381.0  23:01:42 42.442863 -72.55213   3     18     52  
1381.0  23:01:51 42.4405 -72.54964   3     11     49  
1382.0  23:02:00 42.439156 -72.54846   3     17     49  
1382.0  23:02:00 42.438286 -72.54782   4     12     48  
1382.0  23:02:08 42.437572 -72.54736   4     10     55  
1382.0  23:02:20 42.435535 -72.546364   5     19     43  
1382.0  23:02:29 42.433754 -72.54549   4     15     58  
1382.0  23:02:38 42.43225 -72.544365   3     16     55  
1382.0  23:02:47 42.430862 -72.54314   4     16     56  
1382.0  23:02:56 42.429382 -72.5418   4     19     56  
1383.0  23:03:00 42.428074 -72.54079   3     18     53  
1383.0  23:03:04 42.427914 -72.54066   3     17     48  
1383.0  23:03:14 42.42624 -72.539505   3     18     58  
1383.0  23:03:23 42.4249 -72.53864   3     15     51  
1383.0  23:03:31 42.423252 -72.537796   5     11     54  
1383.0  23:03:43 42.42158 -72.537254   3     11     40  
1383.0  23:03:51 42.419544 -72.53684   3     16     49  
1384.0  23:04:00 42.417957 -72.5368   5     11     44  
1384.0  23:04:00 42.41716 -72.53686   5     13     57  
1384.0  23:04:10 42.415836 -72.537025   5     18     48  
