1350.0  22:30:38 0.0 -0.0   22     22     22  
1350.0  22:30:51 0.0 -1.1095744E27   20     21     20  
1351.0  22:31:04 0.0 -1.8111362E22   23     24     21  
1351.0  22:31:17 0.0 -1.8111362E22   24     24     22  
1352.0  22:32:18 0.0 -0.0   23     24     23  
1352.0  22:32:21 0.0 -0.0   22     24     21  
1352.0  22:32:32 0.0 -0.0   24     20     21  
1352.0  22:32:40 0.0 -0.0   20     21     21  
1352.0  22:32:49 0.0 -0.0   24     24     20  
1352.0  22:32:57 0.0 -0.0   21     24     21  
1353.0  22:33:00 0.0 -0.0   24     21     23  
1353.0  22:33:05 0.0 -0.0   21     20     22  
1353.0  22:33:13 0.0 -0.0   23     20     22  
1353.0  22:33:23 0.0 -0.0   24     21     23  
1353.0  22:33:31 0.0 -0.0   24     21     22  
1353.0  22:33:39 0.0 -0.0   22     20     24  
1353.0  22:33:47 0.0 -0.0   24     24     20  
1353.0  22:33:55 0.0 -0.0   24     20     22  
1354.0  22:34:00 0.0 -0.0   23     24     24  
1354.0  22:34:03 0.0 -0.0   22     24     24  
1354.0  22:34:12 0.0 -0.0   21     20     21  
1354.0  22:34:20 0.0 -0.0   21     22     22  
1354.0  22:34:28 0.0 -0.0   23     21     21  
1354.0  22:34:36 0.0 -0.0   23     22     20  
1354.0  22:34:44 0.0 -0.0   24     22     20  
1354.0  22:34:52 0.0 -0.0   21     20     22  
1355.0  22:35:00 0.0 -0.0   21     21     20  
1355.0  22:35:00 0.0 -0.0   23     20     21  
1355.0  22:35:10 0.0 -0.0   20     22     22  
1355.0  22:35:18 0.0 -0.0   20     21     22  
1355.0  22:35:26 0.0 -0.0   22     23     21  
1355.0  22:35:34 0.0 -0.0   20     20     20  
1355.0  22:35:42 0.0 -0.0   23     22     22  
1355.0  22:35:49 0.0 -0.0   21     24     24  
1355.0  22:35:59 0.0 -0.0   21     24     24  
1356.0  22:36:00 0.0 -0.0   22     22     21  
1356.0  22:36:07 0.0 -0.0   21     24     21  
1356.0  22:36:15 0.0 -0.0   24     21     23  
1356.0  22:36:23 0.0 -0.0   20     23     21  
1356.0  22:36:31 0.0 -0.0   22     23     22  
1356.0  22:36:39 0.0 -0.0   23     20     21  
1356.0  22:36:47 0.0 -0.0   24     24     22  
1356.0  22:36:57 0.0 -0.0   20     21     23  
1357.0  22:37:00 0.0 -0.0   22     20     24  
1357.0  22:37:05 0.0 -0.0   23     20     20  
1357.0  22:37:13 0.0 -0.0   22     21     20  
1357.0  22:37:22 0.0 -0.0   22     24     20  
1357.0  22:37:30 0.0 -0.0   21     20     20  
1357.0  22:37:38 0.0 -0.0   22     21     21  
1357.0  22:37:47 0.0 -0.0   22     22     20  
1357.0  22:37:55 0.0 -0.0   21     22     20  
1358.0  22:38:00 0.0 -0.0   21     24     20  
1358.0  22:38:03 0.0 -0.0   22     24     23  
1358.0  22:38:11 0.0 -0.0   23     23     23  
1358.0  22:38:19 0.0 -0.0   22     22     20  
1358.0  22:38:27 0.0 -0.0   24     20     20  
1358.0  22:38:35 0.0 -0.0   23     22     21  
1358.0  22:38:45 0.0 -0.0   23     23     24  
1358.0  22:38:53 0.0 -0.0   22     23     20  
1359.0  22:39:00 0.0 -0.0   22     24     20  
1359.0  22:39:01 0.0 -0.0   20     20     20  
1359.0  22:39:10 0.0 -0.0   21     23     20  
1359.0  22:39:19 0.0 -0.0   22     21     23  
1359.0  22:39:27 0.0 -0.0   22     21     22  
1359.0  22:39:37 0.0 -0.0   23     24     22  
1359.0  22:39:47 0.0 -0.0   21     21     22  
1359.0  22:39:55 0.0 -0.0   20     22     22  
1360.0  22:40:00 0.0 -0.0   21     22     22  
1360.0  22:40:03 0.0 -0.0   22     24     20  
1360.0  22:40:11 0.0 -0.0   24     22     23  
1360.0  22:40:19 0.0 -0.0   21     24     20  
1360.0  22:40:29 0.0 -0.0   21     23     20  
1360.0  22:40:37 0.0 -0.0   22     21     22  
1360.0  22:40:45 0.0 -0.0   22     24     20  
1360.0  22:40:53 0.0 -0.0   21     21     22  
1361.0  22:41:00 0.0 -0.0   24     24     22  
1361.0  22:41:01 0.0 -0.0   22     23     20  
1361.0  22:41:08 0.0 -0.0   23     20     20  
1361.0  22:41:16 0.0 -0.0   20     23     23  
1361.0  22:41:26 0.0 -0.0   22     22     22  
1361.0  22:41:34 0.0 -0.0   22     20     22  
1361.0  22:41:42 0.0 -0.0   22     23     22  
1361.0  22:41:50 0.0 -0.0   23     21     22  
1361.0  22:41:58 0.0 -0.0   21     22     21  
1362.0  22:42:00 0.0 -0.0   22     24     20  
1362.0  22:42:07 0.0 -0.0   23     22     21  
1362.0  22:42:17 0.0 -0.0   23     21     22  
1362.0  22:42:25 0.0 -0.0   23     22     22  
1362.0  22:42:32 0.0 -0.0   21     24     20  
1362.0  22:42:41 0.0 -0.0   20     22     20  
1362.0  22:42:49 0.0 -0.0   21     20     23  
1362.0  22:42:57 0.0 -0.0   22     22     20  
1363.0  22:43:00 0.0 -0.0   23     20     21  
1363.0  22:43:07 0.0 -0.0   20     21     21  
1363.0  22:43:15 0.0 -0.0   23     20     21  
1363.0  22:43:23 0.0 -0.0   21     23     21  
1363.0  22:43:31 0.0 -0.0   20     24     21  
1363.0  22:43:39 0.0 -0.0   23     21     20  
1363.0  22:43:48 0.0 -0.0   24     20     22  
1363.0  22:43:57 0.0 -0.0   24     21     20  
1364.0  22:44:00 0.0 -0.0   21     24     20  
1364.0  22:44:05 0.0 -0.0   24     23     24  
1364.0  22:44:13 0.0 -0.0   21     22     23  
1364.0  22:44:21 0.0 -0.0   23     22     20  
1364.0  22:44:29 0.0 -0.0   23     22     22  
1364.0  22:44:36 0.0 -0.0   21     22     20  
1364.0  22:44:45 0.0 -0.0   22     20     22  
1364.0  22:44:55 0.0 -0.0   22     22     20  
1365.0  22:45:00 0.0 -0.0   24     20     21  
1365.0  22:45:04 0.0 -0.0   22     24     20  
1365.0  22:45:13 0.0 -0.0   23     20     20  
1365.0  22:45:21 0.0 -0.0   20     20     23  
1365.0  22:45:30 0.0 -0.0   24     21     20  
1365.0  22:45:39 0.0 -0.0   22     21     24  
1365.0  22:45:49 0.0 -0.0   20     24     24  
1365.0  22:45:58 0.0 -0.0   20     20     23  
1366.0  22:46:00 0.0 -0.0   23     23     24  
1366.0  22:46:07 0.0 -0.0   24     20     22  
1366.0  22:46:15 0.0 -0.0   20     24     20  
1366.0  22:46:24 0.0 -0.0   20     22     23  
1366.0  22:46:32 0.0 -0.0   22     22     24  
1366.0  22:46:43 0.0 -0.0   24     24     23  
1366.0  22:46:52 0.0 -0.0   24     22     23  
1367.0  22:47:00 0.0 -0.0   21     23     23  
1367.0  22:47:00 0.0 -0.0   22     21     20  
1367.0  22:47:09 0.0 -0.0   22     21     21  
1367.0  22:47:18 0.0 -0.0   20     23     20  
1367.0  22:47:26 0.0 -0.0   24     24     20  
1367.0  22:47:37 0.0 -0.0   21     23     21  
1367.0  22:47:45 0.0 -0.0   20     22     20  
1367.0  22:47:54 0.0 -0.0   23     20     23  
1368.0  22:48:00 0.0 -0.0   22     24     21  
1368.0  22:48:03 0.0 -0.0   20     23     21  
1368.0  22:48:11 0.0 -0.0   20     20     24  
1368.0  22:48:19 0.0 -0.0   20     21     23  
1368.0  22:48:30 0.0 -0.0   21     21     22  
1368.0  22:48:38 0.0 -0.0   21     21     20  
1368.0  22:48:47 0.0 -0.0   21     23     22  
1368.0  22:48:56 0.0 -0.0   20     22     24  
1369.0  22:49:00 0.0 -0.0   20     22     24  
1369.0  22:49:04 0.0 -0.0   20     23     23  
1369.0  22:49:13 0.0 -0.0   24     21     21  
1369.0  22:49:23 0.0 -0.0   20     22     23  
1369.0  22:49:31 0.0 -0.0   24     24     23  
1369.0  22:49:40 0.0 -0.0   22     22     20  
1369.0  22:49:48 0.0 -0.0   20     23     22  
1369.0  22:49:57 0.0 -0.0   23     23     21  
1370.0  22:50:00 0.0 -0.0   23     23     20  
1370.0  22:50:05 0.0 -0.0   20     22     23  
1370.0  22:50:16 0.0 -0.0   21     21     20  
1370.0  22:50:27 0.0 -0.0   23     20     23  
1370.0  22:50:36 0.0 -0.0   20     23     21  
1370.0  22:50:44 0.0 -0.0   20     23     23  
1370.0  22:50:53 0.0 -0.0   22     22     23  
1371.0  22:51:00 0.0 -0.0   22     21     24  
1371.0  22:51:01 0.0 -0.0   20     22     20  
1371.0  22:51:11 0.0 -0.0   22     23     23  
1371.0  22:51:20 0.0 -0.0   23     23     24  
1371.0  22:51:28 0.0 -0.0   22     22     22  
1371.0  22:51:37 0.0 -0.0   23     24     24  
1371.0  22:51:46 0.0 -0.0   24     20     23  
1371.0  22:51:54 0.0 -0.0   21     24     22  
1372.0  22:52:00 0.0 -0.0   20     24     21  
1372.0  22:52:05 0.0 -0.0   22     24     22  
1372.0  22:52:13 0.0 -0.0   21     21     24  
1372.0  22:52:22 0.0 -0.0   20     23     21  
1372.0  22:52:30 0.0 -0.0   24     21     21  
1372.0  22:52:39 0.0 -0.0   23     23     22  
1372.0  22:52:48 0.0 -0.0   20     23     20  
1372.0  22:52:58 0.0 -0.0   22     20     23  
1373.0  22:53:00 0.0 -0.0   23     21     20  
1373.0  22:53:07 0.0 -0.0   23     23     24  
1373.0  22:53:16 0.0 -0.0   20     20     22  
1373.0  22:53:24 0.0 -0.0   20     23     21  
1373.0  22:53:33 0.0 -0.0   23     23     24  
1373.0  22:53:42 0.0 -0.0   21     20     21  
1373.0  22:53:52 0.0 -0.0   23     21     23  
1374.0  22:54:00 0.0 -0.0   22     22     23  
1374.0  22:54:00 0.0 -0.0   23     24     20  
1374.0  22:54:08 0.0 -0.0   21     20     23  
1374.0  22:54:17 0.0 -0.0   20     20     23  
1374.0  22:54:25 0.0 -0.0   24     24     21  
1374.0  22:54:34 0.0 -0.0   21     23     23  
1374.0  22:54:44 0.0 -0.0   20     20     20  
1374.0  22:54:52 0.0 -0.0   20     21     23  
1375.0  22:55:00 0.0 -0.0   20     21     21  
1375.0  22:55:00 0.0 -0.0   20     22     23  
1375.0  22:55:08 0.0 -0.0   22     23     21  
1375.0  22:55:16 0.0 -0.0   23     24     22  
1375.0  22:55:25 0.0 -0.0   21     21     23  
1375.0  22:55:35 0.0 -0.0   21     22     24  
1375.0  22:55:43 0.0 -0.0   20     20     24  
1375.0  22:55:51 0.0 -0.0   20     21     23  
1375.0  22:55:59 0.0 -0.0   24     21     24  
1376.0  22:56:00 0.0 -0.0   22     21     20  
1376.0  22:56:07 0.0 -0.0   24     24     22  
1376.0  22:56:15 0.0 -0.0   21     20     23  
1376.0  22:56:25 0.0 -0.0   22     21     21  
