1399.0  23:19:58 42.39243 -72.536316   22     20     22  
1400.0  23:20:00 42.392742 -72.536896   22     23     20  
1400.0  23:20:12 42.39245 -72.53689   23     24     24  
1400.0  23:20:21 42.392403 -72.53622   22     22     20  
1400.0  23:20:29 42.39242 -72.53604   21     20     24  
1400.0  23:20:38 42.39242 -72.536   23     22     21  
1400.0  23:20:47 42.39244 -72.535995   22     23     21  
1400.0  23:20:56 42.392414 -72.53555   22     23     24  
1401.0  23:21:00 42.392433 -72.53484   21     24     24  
1401.0  23:21:07 42.392517 -72.53449   24     20     23  
1401.0  23:21:15 42.39261 -72.53398   23     20     20  
1401.0  23:21:23 42.392693 -72.53387   20     23     21  
1401.0  23:21:32 42.393375 -72.53411   23     23     21  
1401.0  23:21:40 42.39428 -72.5343   20     20     22  
1401.0  23:21:48 42.395077 -72.534096   20     20     24  
1401.0  23:21:58 42.3954 -72.53282   24     22     20  
1402.0  23:22:00 42.395493 -72.532166   21     22     23  
1402.0  23:22:06 42.39556 -72.53181   21     20     23  
1402.0  23:22:15 42.39576 -72.53123   20     22     20  
1402.0  23:22:23 42.395824 -72.53067   20     22     23  
1402.0  23:22:30 42.395584 -72.53011   22     24     21  
1402.0  23:22:39 42.395157 -72.52944   22     20     24  
1402.0  23:22:49 42.394753 -72.52814   24     23     20  
1402.0  23:22:57 42.39501 -72.52727   22     24     20  
1403.0  23:23:00 42.39508 -72.52707   23     21     21  
1403.0  23:23:07 42.395084 -72.52706   22     20     21  
1403.0  23:23:15 42.39512 -72.52708   24     20     21  
1403.0  23:23:24 42.395115 -72.52706   21     22     22  
1403.0  23:23:32 42.395115 -72.52701   21     20     22  
1403.0  23:23:41 42.395126 -72.52706   22     20     21  
1403.0  23:23:49 42.394985 -72.52687   24     22     23  
1403.0  23:23:57 42.39431 -72.5265   22     22     24  
1404.0  23:24:00 42.39376 -72.52618   21     23     21  
1404.0  23:24:06 42.393597 -72.52609   21     24     21  
1404.0  23:24:14 42.39335 -72.52602   22     23     22  
1404.0  23:24:23 42.393303 -72.52602   22     24     23  
1404.0  23:24:33 42.393272 -72.52595   20     20     22  
1404.0  23:24:41 42.392796 -72.52559   24     20     22  
1404.0  23:24:49 42.3918 -72.52532   24     23     24  
1404.0  23:24:57 42.391006 -72.52526   22     21     24  
1405.0  23:25:00 42.390835 -72.52527   20     21     23  
1405.0  23:25:05 42.39084 -72.52527   21     20     20  
1405.0  23:25:13 42.39085 -72.52524   23     20     20  
1405.0  23:25:23 42.390774 -72.52516   23     20     22  
1405.0  23:25:31 42.39014 -72.525055   22     23     23  
1405.0  23:25:39 42.38936 -72.5249   23     21     21  
1405.0  23:25:48 42.388535 -72.52449   23     22     22  
1405.0  23:25:56 42.38788 -72.524   21     22     20  
1406.0  23:26:00 42.387768 -72.5239   22     23     24  
1406.0  23:26:05 42.387764 -72.52391   22     20     22  
1406.0  23:26:15 42.387787 -72.52381   20     20     23  
1406.0  23:26:25 42.38773 -72.52355   24     20     23  
1406.0  23:26:33 42.3872 -72.522766   20     22     21  
1406.0  23:26:41 42.386566 -72.52233   24     21     23  
1406.0  23:26:49 42.386185 -72.522415   20     23     20  
1406.0  23:26:57 42.386078 -72.52249   21     22     21  
1407.0  23:27:00 42.38583 -72.52251   20     21     20  
1407.0  23:27:07 42.385685 -72.52223   21     22     21  
1407.0  23:27:15 42.38501 -72.52167   24     21     21  
1407.0  23:27:25 42.38421 -72.52135   21     22     22  
1407.0  23:27:33 42.383255 -72.520744   24     20     23  
1407.0  23:27:50 42.38248 -72.520195   22     20     20  
1408.0  23:28:00 42.38208 -72.519135   24     21     22  
1408.0  23:28:01 42.381893 -72.519135   21     21     21  
1408.0  23:28:10 42.38265 -72.51905   24     22     23  
1408.0  23:28:18 42.383656 -72.51847   22     22     24  
1408.0  23:28:27 42.38453 -72.517975   22     20     20  
1408.0  23:28:34 42.385582 -72.51766   21     23     20  
1408.0  23:28:43 42.3861 -72.517456   21     21     22  
1408.0  23:28:53 42.38688 -72.51711   21     21     20  
1409.0  23:29:00 42.38844 -72.516945   20     21     22  
1409.0  23:29:01 42.388203 -72.51698   24     24     22  
1409.0  23:29:09 42.38887 -72.51694   23     20     24  
1409.0  23:29:18 42.388924 -72.51754   23     21     21  
1409.0  23:29:25 42.38915 -72.51808   23     21     20  
1409.0  23:29:34 42.38924 -72.51845   20     20     21  
1409.0  23:29:43 42.389202 -72.51894   20     24     24  
1409.0  23:29:52 42.38936 -72.51891   24     24     23  
1410.0  23:30:00 42.389866 -72.519   23     22     23  
1410.0  23:30:00 42.390053 -72.51904   24     20     20  
1410.0  23:30:08 42.390335 -72.519135   21     21     21  
1410.0  23:30:17 42.390594 -72.519585   22     22     23  
1410.0  23:30:25 42.39094 -72.5197   23     21     23  
1410.0  23:30:36 42.39159 -72.52003   24     22     24  
1410.0  23:30:44 42.391884 -72.52007   20     20     21  
1410.0  23:30:51 42.392017 -72.520065   24     21     24  
1411.0  23:31:00 42.39209 -72.52006   23     20     23  
1411.0  23:31:00 42.392097 -72.52006   24     23     22  
1411.0  23:31:07 42.392105 -72.52016   24     20     23  
1411.0  23:31:15 42.392323 -72.52031   20     23     23  
1411.0  23:31:25 42.39248 -72.5193   21     20     24  
1411.0  23:31:33 42.39265 -72.518486   21     23     22  
1411.0  23:31:41 42.39271 -72.51771   21     22     21  
1411.0  23:31:49 42.392624 -72.516716   24     20     23  
1411.0  23:31:57 42.392586 -72.516365   24     24     20  
1412.0  23:32:00 42.39298 -72.51619   24     24     21  
1412.0  23:32:05 42.393147 -72.516106   21     20     22  
1412.0  23:32:15 42.394386 -72.51569   24     23     21  
1412.0  23:32:23 42.39542 -72.51551   20     24     21  
1412.0  23:32:31 42.39579 -72.51537   24     21     21  
1412.0  23:32:39 42.395657 -72.51515   24     21     20  
1412.0  23:32:47 42.395527 -72.51463   20     20     20  
1412.0  23:32:55 42.395317 -72.51404   22     20     20  
1413.0  23:33:00 42.39514 -72.51308   23     22     20  
1413.0  23:33:05 42.39513 -72.51281   22     23     21  
1413.0  23:33:13 42.395065 -72.512085   24     24     22  
1413.0  23:33:21 42.394802 -72.51181   21     21     20  
1413.0  23:33:30 42.394775 -72.51106   22     20     23  
1413.0  23:33:38 42.39507 -72.51086   22     23     24  
1413.0  23:33:47 42.39548 -72.51123   24     24     24  
1413.0  23:33:58 42.39587 -72.51106   21     23     20  
1414.0  23:34:00 42.396145 -72.51103   23     21     21  
1414.0  23:34:07 42.39627 -72.511154   20     21     20  
1414.0  23:34:15 42.39639 -72.51217   22     23     23  
1414.0  23:34:24 42.396088 -72.51291   22     20     23  
1414.0  23:34:32 42.395462 -72.513214   22     24     20  
1414.0  23:34:40 42.395214 -72.51324   24     24     21  
1414.0  23:34:50 42.395287 -72.513885   21     23     22  
1414.0  23:34:58 42.395515 -72.51458   21     24     23  
1415.0  23:35:00 42.395634 -72.51502   20     21     20  
1415.0  23:35:06 42.39569 -72.51526   20     20     21  
1415.0  23:35:14 42.395786 -72.51548   23     23     24  
1415.0  23:35:22 42.39625 -72.515396   22     20     21  
1415.0  23:35:30 42.39743 -72.515434   21     20     22  
1415.0  23:35:41 42.398483 -72.51565   20     20     22  
1415.0  23:35:48 42.398327 -72.51636   22     22     20  
1415.0  23:35:57 42.397945 -72.51736   23     22     21  
1416.0  23:36:00 42.39764 -72.51831   22     23     22  
1416.0  23:36:04 42.39757 -72.518555   21     20     22  
1416.0  23:36:12 42.39737 -72.51957   21     22     21  
1416.0  23:36:20 42.39726 -72.520805   23     22     20  
1416.0  23:36:30 42.397236 -72.52171   22     22     23  
1416.0  23:36:38 42.397236 -72.52177   20     23     23  
1416.0  23:36:47 42.39725 -72.52179   23     22     24  
1416.0  23:36:55 42.397182 -72.521904   23     22     20  
1417.0  23:37:00 42.397053 -72.522415   21     24     21  
1417.0  23:37:03 42.397053 -72.522415   23     21     22  
1417.0  23:37:14 42.396645 -72.52339   22     23     21  
1417.0  23:37:24 42.395943 -72.52479   21     22     22  
1417.0  23:37:32 42.395767 -72.52538   24     20     20  
1417.0  23:37:41 42.39577 -72.52548   24     20     20  
1417.0  23:37:49 42.39574 -72.525505   23     24     21  
1417.0  23:37:58 42.39555 -72.52606   21     20     22  
1418.0  23:38:00 42.395332 -72.52664   21     22     21  
1418.0  23:38:06 42.39529 -72.5268   23     23     23  
1418.0  23:38:18 42.395294 -72.52689   23     22     21  
1418.0  23:38:27 42.395306 -72.52695   20     20     23  
1418.0  23:38:35 42.395298 -72.52698   23     23     20  
1418.0  23:38:44 42.39524 -72.527115   23     20     23  
1418.0  23:38:55 42.39472 -72.52682   20     24     22  
1419.0  23:39:00 42.393723 -72.52625   21     23     23  
1419.0  23:39:03 42.393723 -72.52625   20     24     24  
1419.0  23:39:13 42.393368 -72.52607   20     20     23  
1419.0  23:39:22 42.39342 -72.52597   20     20     23  
1419.0  23:39:31 42.393414 -72.52594   24     23     24  
1419.0  23:39:39 42.392963 -72.52576   23     22     24  
1419.0  23:39:48 42.392155 -72.52554   24     20     24  
1419.0  23:39:56 42.39118 -72.52537   24     22     20  
1420.0  23:40:00 42.39086 -72.52534   24     24     21  
1420.0  23:40:07 42.390858 -72.52529   24     23     21  
1420.0  23:40:15 42.390854 -72.52526   24     23     23  
1420.0  23:40:23 42.390533 -72.52512   22     21     20  
1420.0  23:40:31 42.389698 -72.524994   24     23     20  
1420.0  23:40:39 42.388847 -72.52466   21     22     23  
1420.0  23:40:48 42.388126 -72.5242   24     21     20  
1420.0  23:40:58 42.387768 -72.52391   21     22     23  
1421.0  23:41:00 42.38776 -72.5239   20     20     20  
1421.0  23:41:06 42.387756 -72.52392   23     21     23  
1421.0  23:41:15 42.387753 -72.523895   22     20     20  
1421.0  23:41:23 42.387703 -72.52374   24     20     21  
1421.0  23:41:31 42.38726 -72.52313   24     21     23  
1421.0  23:41:39 42.386684 -72.52256   24     22     24  
1421.0  23:41:50 42.386005 -72.522606   22     22     23  
1421.0  23:41:58 42.38608 -72.52322   20     24     20  
1422.0  23:42:00 42.386 -72.52371   21     20     21  
1422.0  23:42:06 42.38589 -72.52417   24     20     20  
1422.0  23:42:14 42.3857 -72.52502   23     22     24  
1422.0  23:42:31 42.386 -72.52527   22     24     23  
1422.0  23:42:43 42.38732 -72.52599   21     23     20  
1422.0  23:42:52 42.38714 -72.52645   20     21     22  
1423.0  23:43:00 42.387062 -72.52647   20     22     23  
1423.0  23:43:00 42.386906 -72.52637   23     24     24  
1423.0  23:43:09 42.386467 -72.5262   22     20     21  
1423.0  23:43:17 42.385727 -72.52601   21     21     24  
1423.0  23:43:26 42.385475 -72.52592   24     22     24  
1423.0  23:43:37 42.385284 -72.526794   23     20     24  
1423.0  23:43:47 42.38505 -72.527794   23     20     24  
1423.0  23:43:55 42.384968 -72.52833   24     24     23  
1424.0  23:44:00 42.384983 -72.52836   20     20     21  
1424.0  23:44:04 42.384983 -72.52836   23     22     21  
1424.0  23:44:12 42.38499 -72.52836   23     23     20  
1424.0  23:44:21 42.38494 -72.52843   24     21     20  
1424.0  23:44:31 42.384956 -72.52845   24     20     20  
1424.0  23:44:39 42.38493 -72.52851   20     22     24  
1424.0  23:44:48 42.384903 -72.52909   22     23     21  
1424.0  23:44:56 42.385067 -72.53002   23     23     24  
1425.0  23:45:00 42.385212 -72.5308   20     24     20  
1425.0  23:45:08 42.385216 -72.53107   21     22     23  
1425.0  23:45:17 42.384945 -72.53241   23     23     20  
1425.0  23:45:27 42.384617 -72.5326   22     24     22  
1425.0  23:45:36 42.383762 -72.53217   20     22     21  
1425.0  23:45:44 42.382793 -72.53192   24     23     24  
1425.0  23:45:53 42.381844 -72.53188   22     21     23  
1426.0  23:46:00 42.381584 -72.53192   23     24     22  
1426.0  23:46:01 42.38159 -72.53192   22     24     23  
1426.0  23:46:10 42.38145 -72.5319   21     22     23  
1426.0  23:46:20 42.380558 -72.53196   21     20     22  
1426.0  23:46:29 42.37945 -72.53207   21     22     20  
1426.0  23:46:37 42.37842 -72.532196   22     24     21  
1426.0  23:46:47 42.377556 -72.5323   20     23     22  
1426.0  23:46:59 42.37757 -72.53317   21     20     20  
1427.0  23:47:00 42.377575 -72.53393   21     22     24  
1427.0  23:47:08 42.377575 -72.534134   24     24     20  
1427.0  23:47:21 42.378017 -72.53423   21     23     20  
1427.0  23:47:29 42.378654 -72.53414   24     20     22  
1427.0  23:47:38 42.37912 -72.53408   21     20     23  
1427.0  23:47:46 42.379242 -72.53401   20     23     20  
1427.0  23:47:55 42.37945 -72.533966   20     24     20  
1428.0  23:48:00 42.379627 -72.53397   20     21     24  
1428.0  23:48:03 42.379627 -72.53397   24     22     23  
1428.0  23:48:14 42.38031 -72.53396   20     20     24  
1428.0  23:48:22 42.38075 -72.533905   21     24     22  
1428.0  23:48:31 42.38126 -72.533844   20     21     22  
1428.0  23:48:40 42.381893 -72.53378   22     24     20  
1428.0  23:48:48 42.38216 -72.53375   24     21     23  
1428.0  23:48:57 42.382183 -72.53311   23     22     21  
1429.0  23:49:00 42.382275 -72.53232   20     21     22  
1429.0  23:49:08 42.38233 -72.531975   22     20     21  
1429.0  23:49:17 42.382378 -72.53171   21     20     23  
1429.0  23:49:25 42.38243 -72.53089   20     21     21  
1429.0  23:49:34 42.382458 -72.530235   23     24     20  
1429.0  23:49:43 42.382843 -72.530136   21     20     22  
1429.0  23:49:52 42.38323 -72.530426   20     23     21  
1430.0  23:50:00 42.38309 -72.53158   21     21     24  
1430.0  23:50:03 42.383095 -72.5315   23     22     20  
1430.0  23:50:15 42.383102 -72.53191   22     23     23  
1430.0  23:50:23 42.38413 -72.532166   21     21     20  
1430.0  23:50:31 42.38477 -72.53241   23     21     21  
1430.0  23:50:40 42.38491 -72.53231   24     22     22  
1430.0  23:50:48 42.38509 -72.53154   23     22     23  
1431.0  23:51:00 42.38516 -72.53082   20     22     20  
1431.0  23:51:00 42.38553 -72.53082   21     24     21  
1431.0  23:51:09 42.386246 -72.53107   24     24     24  
1431.0  23:51:17 42.387222 -72.53147   23     23     22  
1431.0  23:51:26 42.388187 -72.53186   20     22     22  
1431.0  23:51:34 42.389233 -72.532295   23     24     24  
1431.0  23:51:42 42.390163 -72.532684   23     24     20  
1431.0  23:51:56 42.39121 -72.53313   21     21     24  
1432.0  23:52:00 42.39226 -72.53359   22     24     20  
1432.0  23:52:06 42.392426 -72.53366   22     23     24  
1432.0  23:52:15 42.392677 -72.53417   21     22     21  
1432.0  23:52:28 42.392426 -72.53518   22     24     20  
1432.0  23:52:37 42.392452 -72.53595   21     22     20  
1432.0  23:52:47 42.39273 -72.536575   23     24     20  
1432.0  23:52:56 42.392456 -72.53669   22     22     20  
1433.0  23:53:00 42.392357 -72.53615   20     24     20  
1433.0  23:53:04 42.392357 -72.536095   23     21     23  
1433.0  23:53:13 42.39233 -72.53598   21     21     21  
1433.0  23:53:22 42.392323 -72.5359   24     24     23  
1433.0  23:53:31 42.392326 -72.53534   20     22     24  
1433.0  23:53:41 42.39251 -72.53431   22     20     21  
1433.0  23:53:50 42.392582 -72.53396   24     23     22  
1433.0  23:53:58 42.392643 -72.533676   22     22     21  
1434.0  23:54:00 42.392776 -72.533165   23     23     22  
1434.0  23:54:07 42.39297 -72.53281   23     22     23  
1434.0  23:54:15 42.393353 -72.53248   22     24     23  
1434.0  23:54:24 42.393505 -72.53271   21     24     22  
1434.0  23:54:35 42.393436 -72.53276   23     20     21  
1434.0  23:54:44 42.393425 -72.53278   20     22     21  
1434.0  23:54:52 42.393436 -72.53278   24     22     20  
1435.0  23:55:00 42.393463 -72.53281   21     24     23  
1435.0  23:55:01 42.39347 -72.53277   20     23     23  
1435.0  23:55:11 42.393394 -72.53304   21     21     24  
1435.0  23:55:19 42.39362 -72.53329   21     23     24  
1435.0  23:55:30 42.393723 -72.53291   20     21     20  
1435.0  23:55:38 42.39371 -72.532875   24     20     23  
1435.0  23:55:46 42.393723 -72.53285   20     21     22  
1435.0  23:55:54 42.393734 -72.53285   20     21     23  
1436.0  23:56:00 42.393753 -72.53285   22     21     20  
1436.0  23:56:02 42.393753 -72.53285   24     24     20  
1436.0  23:56:10 42.39374 -72.53287   21     21     22  
1436.0  23:56:21 42.393715 -72.5329   20     21     24  
1436.0  23:56:37 42.39371 -72.53288   20     24     24  
1436.0  23:56:48 42.39373 -72.53287   21     22     21  
1436.0  23:56:57 42.393707 -72.5329   23     23     24  
1437.0  23:57:00 42.393715 -72.53289   22     23     24  
1437.0  23:57:07 42.39372 -72.53288   22     22     20  
1437.0  23:57:18 42.393745 -72.53285   23     21     20  
1437.0  23:57:26 42.39377 -72.53282   22     22     24  
1437.0  23:57:34 42.393795 -72.5328   22     23     21  
1437.0  23:57:49 42.39382 -72.53281   23     22     20  
1437.0  23:57:58 42.393814 -72.53282   21     21     21  
1438.0  23:58:00 42.393818 -72.53283   24     21     24  
1438.0  23:58:10 42.39382 -72.53284   22     24     22  
1438.0  23:58:18 42.393806 -72.53285   24     24     23  
1438.0  23:58:27 42.393757 -72.5329   24     21     23  
1438.0  23:58:35 42.393757 -72.53289   24     22     22  
1438.0  23:58:44 42.393784 -72.532875   24     23     22  
1438.0  23:58:52 42.393757 -72.5329   23     20     24  
1439.0  23:59:00 42.3938 -72.53293   24     20     23  
1439.0  23:59:02 42.3938 -72.53293   21     24     23  
1439.0  23:59:11 42.39383 -72.5329   21     22     20  
1439.0  23:59:19 42.393837 -72.53289   24     24     24  
1439.0  23:59:29 42.393814 -72.53284   23     22     21  
1439.0  23:59:38 42.393784 -72.532845   20     22     24  
1439.0  23:59:46 42.393784 -72.5329   20     22     24  
1439.0  23:59:56 42.393726 -72.532906   23     24     24  
