415.0  06:55:30 0.0 -0.0   5     17     46  
415.0  06:55:42 0.0 -1.1095744E27   3     13     56  
415.0  06:55:54 0.0 -1.8111362E22   5     17     50  
416.0  06:56:07 0.0 -1.8111362E22   4     18     52  
418.0  06:58:00 42.393864 -72.532776   3     12     40  
418.0  06:58:05 42.393864 -72.53277   5     10     55  
670.0  11:10:00 42.350494 -72.53037   4     17     53  
670.0  11:10:04 42.3505 -72.530365   5     12     57  
670.0  11:10:14 42.35046 -72.53037   5     13     52  
670.0  11:10:22 42.350708 -72.5304   4     18     49  
670.0  11:10:30 42.351444 -72.530426   3     16     44  
670.0  11:10:38 42.35164 -72.53033   4     13     42  
670.0  11:10:46 42.351593 -72.52931   3     15     53  
670.0  11:10:55 42.35156 -72.5277   3     13     45  
671.0  11:11:00 42.35153 -72.52658   4     12     47  
671.0  11:11:07 42.35152 -72.5265   4     11     44  
671.0  11:11:16 42.3515 -72.52648   3     10     55  
671.0  11:11:25 42.35159 -72.52585   5     11     53  
671.0  11:11:33 42.35187 -72.52417   5     16     50  
707.0  11:47:02 42.45789 -72.58206   3     18     58  
707.0  11:47:20 42.458202 -72.58264   5     18     59  
707.0  11:47:32 42.45948 -72.58218   3     19     50  
707.0  11:47:45 42.459908 -72.58172   5     15     52  
745.0  12:25:00 42.350433 -72.5303   3     17     54  
745.0  12:25:02 42.350433 -72.53029   4     12     41  
745.0  12:25:12 42.350426 -72.53032   5     12     43  
745.0  12:25:20 42.35049 -72.530334   5     18     59  
745.0  12:25:29 42.350914 -72.53033   4     15     54  
745.0  12:25:37 42.35142 -72.53031   5     16     44  
745.0  12:25:45 42.351604 -72.529976   4     13     41  
745.0  12:25:53 42.351547 -72.52867   5     14     44  
746.0  12:26:00 42.351517 -72.52681   4     12     49  
746.0  12:26:04 42.351517 -72.526634   5     13     52  
746.0  12:26:12 42.351627 -72.52536   5     19     54  
746.0  12:26:21 42.351967 -72.52391   5     16     52  
746.0  12:26:38 42.35287 -72.523   4     18     45  
779.0  12:59:13 42.45772 -72.5813   5     10     52  
779.0  12:59:25 42.457684 -72.58145   4     18     51  
779.0  12:59:38 42.457684 -72.58145   3     15     49  
779.0  12:59:50 42.457684 -72.58145   3     12     56  
780.0  13:00:55 42.458393 -72.582565   4     15     57  
781.0  13:01:00 42.459377 -72.58218   5     19     48  
781.0  13:01:05 42.459465 -72.582146   3     13     54  
781.0  13:01:13 42.459938 -72.58187   4     19     49  
781.0  13:01:21 42.459827 -72.58083   3     13     58  
781.0  13:01:29 42.459568 -72.579384   4     11     47  
781.0  13:01:38 42.459328 -72.577934   4     18     56  
781.0  13:01:46 42.459106 -72.57663   4     12     58  
781.0  13:01:56 42.45891 -72.575584   4     17     58  
782.0  13:02:00 42.45878 -72.57484   3     11     53  
782.0  13:02:05 42.45876 -72.57472   5     10     53  
782.0  13:02:13 42.45859 -72.573746   4     18     53  
782.0  13:02:22 42.458416 -72.57279   3     12     45  
782.0  13:02:30 42.45822 -72.571754   5     17     44  
782.0  13:02:39 42.45782 -72.57096   4     11     47  
782.0  13:02:49 42.45675 -72.56985   4     14     47  
782.0  13:02:58 42.455696 -72.56873   5     13     42  
783.0  13:03:00 42.45513 -72.56814   5     19     59  
783.0  13:03:07 42.45476 -72.56769   3     17     59  
783.0  13:03:15 42.45461 -72.566925   3     11     47  
783.0  13:03:24 42.45464 -72.56655   3     11     47  
783.0  13:03:33 42.453926 -72.5659   3     11     41  
783.0  13:03:44 42.45304 -72.5649   4     12     42  
783.0  13:03:52 42.452404 -72.56403   4     10     48  
784.0  13:04:00 42.45173 -72.56303   5     15     48  
784.0  13:04:00 42.451557 -72.56284   4     17     43  
784.0  13:04:09 42.45149 -72.56273   4     11     42  
784.0  13:04:18 42.451504 -72.56276   4     18     58  
784.0  13:04:27 42.451508 -72.56277   4     17     56  
784.0  13:04:38 42.45094 -72.5619   4     16     53  
784.0  13:04:46 42.45019 -72.56078   5     15     48  
784.0  13:04:55 42.44928 -72.55932   3     11     44  
785.0  13:05:00 42.448402 -72.557594   5     13     50  
785.0  13:05:03 42.448402 -72.557594   4     18     46  
785.0  13:05:12 42.447563 -72.556015   5     11     49  
785.0  13:05:21 42.446293 -72.55461   3     14     47  
785.0  13:05:33 42.444218 -72.55327   5     14     54  
785.0  13:05:42 42.442577 -72.551865   3     16     43  
785.0  13:05:51 42.441193 -72.550316   5     16     45  
785.0  13:05:59 42.439728 -72.54886   5     10     56  
786.0  13:06:00 42.439022 -72.54831   3     10     42  
786.0  13:06:08 42.4383 -72.547775   3     11     50  
786.0  13:06:16 42.436577 -72.5468   5     13     59  
786.0  13:06:27 42.4346 -72.545784   3     15     41  
786.0  13:06:36 42.432938 -72.54488   3     11     55  
786.0  13:06:45 42.43135 -72.543625   3     13     46  
786.0  13:06:54 42.429764 -72.54223   3     19     55  
787.0  13:07:00 42.428 -72.5408   5     19     48  
787.0  13:07:03 42.428177 -72.54094   5     11     48  
787.0  13:07:11 42.426746 -72.53991   4     16     56  
787.0  13:07:22 42.42476 -72.53858   3     16     47  
787.0  13:07:30 42.423237 -72.53782   4     13     53  
787.0  13:07:38 42.421413 -72.53721   4     12     54  
787.0  13:07:47 42.419804 -72.53686   3     10     46  
787.0  13:07:55 42.41801 -72.53678   5     15     44  
788.0  13:08:00 42.416447 -72.53695   3     12     44  
788.0  13:08:04 42.416447 -72.53695   5     15     59  
789.0  13:09:00 42.415867 -72.537025   3     17     48  
790.0  13:10:00 42.415867 -72.537025   5     17     41  
791.0  13:11:00 42.415867 -72.537025   3     11     53  
792.0  13:12:00 42.415867 -72.537025   3     19     56  
793.0  13:13:00 42.415867 -72.537025   4     17     43  
794.0  13:14:00 42.415867 -72.537025   4     12     59  
795.0  13:15:00 42.415867 -72.537025   3     13     45  
796.0  13:16:00 42.415867 -72.537025   4     18     59  
797.0  13:17:00 42.415867 -72.537025   5     17     58  
798.0  13:18:00 42.415867 -72.537025   3     12     48  
799.0  13:19:00 42.415867 -72.537025   4     17     42  
800.0  13:20:00 42.415867 -72.537025   4     16     57  
801.0  13:21:00 42.415867 -72.537025   4     16     54  
802.0  13:22:00 42.415867 -72.537025   4     11     54  
803.0  13:23:00 42.415867 -72.537025   4     10     56  
804.0  13:24:00 42.415867 -72.537025   5     14     45  
805.0  13:25:00 42.415867 -72.537025   4     19     47  
806.0  13:26:00 42.415867 -72.537025   5     16     50  
807.0  13:27:00 42.415867 -72.537025   5     11     41  
808.0  13:28:00 42.415867 -72.537025   5     10     44  
809.0  13:29:00 42.415867 -72.537025   5     19     42  
810.0  13:30:00 42.415867 -72.537025   4     15     40  
811.0  13:31:00 42.415867 -72.537025   3     11     45  
812.0  13:32:00 42.415867 -72.537025   3     13     45  
813.0  13:33:00 42.415867 -72.537025   5     17     50  
819.0  13:39:55 42.350418 -72.5303   4     17     50  
820.0  13:40:00 42.350452 -72.53029   3     16     40  
820.0  13:40:07 42.350456 -72.53029   4     13     55  
820.0  13:40:15 42.350723 -72.530304   5     14     44  
820.0  13:40:23 42.35137 -72.530304   4     11     59  
820.0  13:40:31 42.35159 -72.53015   3     16     44  
820.0  13:40:39 42.35156 -72.52903   3     14     54  
820.0  13:40:47 42.351555 -72.527435   5     11     47  
820.0  13:40:57 42.351513 -72.52651   5     12     43  
821.0  13:41:00 42.35151 -72.52649   5     11     49  
821.0  13:41:05 42.351517 -72.52648   5     19     42  
821.0  13:41:13 42.351517 -72.52649   4     11     49  
821.0  13:41:21 42.35156 -72.52603   5     19     50  
821.0  13:41:30 42.351753 -72.52455   3     13     55  
822.0  13:42:00 42.35557 -72.521255   5     18     45  
822.0  13:42:34 42.355618 -72.52108   3     19     59  
822.0  13:42:44 42.3556 -72.521095   3     13     45  
822.0  13:42:52 42.355625 -72.521034   3     13     47  
823.0  13:43:00 42.356377 -72.52092   5     18     52  
823.0  13:43:01 42.356045 -72.520874   5     14     58  
823.0  13:43:09 42.357166 -72.520905   5     13     54  
823.0  13:43:17 42.35841 -72.52087   5     18     53  
823.0  13:43:25 42.35981 -72.520805   5     18     41  
823.0  13:43:36 42.361565 -72.52075   5     11     45  
823.0  13:43:43 42.362923 -72.52069   3     18     58  
823.0  13:43:51 42.364353 -72.520615   4     13     57  
824.0  13:44:00 42.36653 -72.52023   5     11     47  
1015.0  16:55:37 42.448845 -72.55844   4     10     57  
1015.0  16:55:50 42.44727 -72.55558   5     17     53  
1016.0  16:56:02 42.44536 -72.55396   3     13     41  
1016.0  16:56:15 42.443085 -72.55234   5     19     57  
1017.0  16:57:22 42.431667 -72.54383   3     14     47  
1017.0  16:57:33 42.42978 -72.54223   3     19     40  
1017.0  16:57:41 42.428226 -72.54095   4     19     44  
1017.0  16:57:50 42.426823 -72.539925   3     18     55  
1017.0  16:57:58 42.42541 -72.53898   5     14     45  
1018.0  16:58:00 42.42436 -72.53833   3     15     53  
1018.0  16:58:06 42.42418 -72.53823   5     11     41  
1018.0  16:58:13 42.422535 -72.537506   5     14     57  
1018.0  16:58:24 42.42087 -72.53703   3     13     49  
1018.0  16:58:38 42.41791 -72.53683   5     18     57  
1018.0  16:58:47 42.416355 -72.537   3     15     41  
1018.0  16:58:56 42.41448 -72.53726   3     14     47  
1019.0  16:59:00 42.413185 -72.53742   5     13     48  
1019.0  16:59:04 42.412994 -72.53744   4     17     50  
1019.0  16:59:14 42.411217 -72.53768   4     12     42  
1019.0  16:59:22 42.40996 -72.53784   5     11     41  
1019.0  16:59:30 42.409176 -72.53793   5     15     49  
1019.0  16:59:38 42.409115 -72.5379   5     19     53  
1019.0  16:59:47 42.409115 -72.53787   5     10     55  
1019.0  16:59:58 42.40906 -72.53784   5     12     48  
1020.0  17:00:00 42.409077 -72.53736   3     12     45  
1020.0  17:00:08 42.40926 -72.536705   4     19     41  
1020.0  17:00:17 42.409435 -72.53539   5     19     48  
1020.0  17:00:25 42.40957 -72.53403   5     13     59  
1020.0  17:00:33 42.409615 -72.533516   3     10     43  
1020.0  17:00:41 42.40961 -72.53313   3     15     48  
1020.0  17:00:49 42.40961 -72.5329   5     12     53  
1021.0  17:01:00 42.40967 -72.53262   5     18     44  
1021.0  17:01:00 42.40968 -72.53262   3     14     58  
1021.0  17:01:09 42.409687 -72.53264   3     10     50  
1021.0  17:01:17 42.409687 -72.532646   3     13     47  
1021.0  17:01:26 42.409706 -72.53265   4     13     45  
1021.0  17:01:34 42.409744 -72.53236   5     18     45  
1021.0  17:01:43 42.409813 -72.53199   4     16     50  
1021.0  17:01:53 42.409847 -72.53166   5     14     59  
1022.0  17:02:00 42.409855 -72.53168   4     11     42  
1022.0  17:02:02 42.409855 -72.53168   3     16     59  
1022.0  17:02:10 42.40986 -72.53168   4     10     41  
1022.0  17:02:19 42.40987 -72.53168   5     18     47  
1022.0  17:02:27 42.409885 -72.53156   3     13     43  
1022.0  17:02:35 42.409916 -72.5312   3     10     51  
1022.0  17:02:45 42.409924 -72.53109   3     17     54  
1022.0  17:02:53 42.409706 -72.53084   5     18     45  
1023.0  17:03:00 42.409023 -72.5306   4     15     56  
1023.0  17:03:02 42.4091 -72.53063   4     12     54  
1023.0  17:03:10 42.40907 -72.530655   3     10     48  
1023.0  17:03:18 42.408882 -72.53059   5     10     40  
1023.0  17:03:27 42.40786 -72.53028   3     16     59  
1023.0  17:03:37 42.406338 -72.52983   4     16     41  
1023.0  17:03:46 42.405037 -72.52966   4     10     48  
1023.0  17:03:54 42.403767 -72.52952   5     10     50  
1024.0  17:04:00 42.40269 -72.52876   4     15     46  
1024.0  17:04:03 42.402805 -72.52885   5     12     52  
1024.0  17:04:11 42.401577 -72.52815   3     19     51  
1024.0  17:04:19 42.40027 -72.527885   3     10     54  
1024.0  17:04:31 42.398743 -72.52804   5     12     48  
1024.0  17:04:38 42.39808 -72.52808   4     10     52  
1024.0  17:04:46 42.39814 -72.52808   5     13     40  
1024.0  17:04:54 42.397926 -72.52803   4     15     59  
1025.0  17:05:00 42.397034 -72.52771   3     11     58  
1025.0  17:05:02 42.39712 -72.527756   4     16     41  
1025.0  17:05:11 42.39653 -72.52751   3     11     58  
1025.0  17:05:25 42.395733 -72.52719   4     13     47  
1025.0  17:05:35 42.395535 -72.52709   5     19     46  
1025.0  17:05:43 42.395485 -72.52703   5     11     50  
1025.0  17:05:52 42.39547 -72.52701   5     17     54  
1026.0  17:06:00 42.39549 -72.52705   5     19     44  
1026.0  17:06:00 42.3955 -72.527054   4     16     46  
1026.0  17:06:09 42.39551 -72.52707   4     11     55  
1026.0  17:06:17 42.395527 -72.5271   3     18     51  
1026.0  17:06:28 42.395447 -72.52706   3     15     41  
1026.0  17:06:36 42.39534 -72.52701   4     17     58  
1026.0  17:06:45 42.395107 -72.526886   4     16     40  
1026.0  17:06:53 42.394375 -72.52649   4     12     48  
1027.0  17:07:00 42.39353 -72.52605   3     14     47  
1027.0  17:07:04 42.393684 -72.526085   5     13     45  
1027.0  17:07:13 42.39339 -72.52597   4     11     43  
1027.0  17:07:23 42.39345 -72.52599   4     19     59  
1027.0  17:07:32 42.393467 -72.526   4     11     57  
1027.0  17:07:41 42.393337 -72.52587   5     15     57  
1027.0  17:07:49 42.392654 -72.525635   3     14     47  
1027.0  17:07:58 42.391705 -72.52531   4     15     51  
1028.0  17:08:00 42.39129 -72.52523   3     12     46  
1028.0  17:08:07 42.3911 -72.5252   5     11     43  
1028.0  17:08:17 42.390884 -72.5252   4     15     59  
1028.0  17:08:26 42.39091 -72.52522   4     10     57  
1028.0  17:08:34 42.390564 -72.52509   3     17     40  
1028.0  17:08:43 42.38962 -72.524864   4     13     53  
1028.0  17:08:52 42.388844 -72.52453   4     18     46  
1029.0  17:09:00 42.388313 -72.52428   5     10     45  
1029.0  17:09:00 42.38813 -72.52415   3     10     49  
1029.0  17:09:11 42.387806 -72.5239   4     18     44  
1029.0  17:09:20 42.38785 -72.52392   5     10     45  
1029.0  17:09:28 42.387856 -72.5239   5     15     45  
1029.0  17:09:38 42.387856 -72.52391   5     10     41  
1029.0  17:09:47 42.38751 -72.52338   4     18     54  
1029.0  17:09:56 42.387028 -72.52275   4     17     56  
1030.0  17:10:00 42.38653 -72.52239   3     17     56  
1030.0  17:10:07 42.38641 -72.522385   4     10     52  
1030.0  17:10:18 42.385986 -72.52249   4     18     44  
1030.0  17:10:26 42.38542 -72.52184   5     15     57  
1030.0  17:10:35 42.3846 -72.52142   4     16     58  
1030.0  17:10:44 42.38366 -72.5209   5     14     42  
1030.0  17:10:52 42.382885 -72.52046   5     19     50  
1031.0  17:11:00 42.382183 -72.52001   5     10     56  
1031.0  17:11:03 42.382183 -72.52001   3     17     43  
1031.0  17:11:24 42.381634 -72.51948   5     15     53  
1031.0  17:11:32 42.38154 -72.51934   3     14     40  
1031.0  17:11:41 42.38095 -72.519295   3     10     47  
1031.0  17:11:49 42.38003 -72.51945   3     17     40  
1032.0  17:12:00 42.379578 -72.51966   5     14     47  
1032.0  17:12:00 42.379593 -72.51965   5     15     54  
1032.0  17:12:08 42.379604 -72.51962   3     17     45  
1032.0  17:12:17 42.37958 -72.51963   4     14     44  
1032.0  17:12:25 42.379417 -72.51965   4     18     54  
1032.0  17:12:34 42.37937 -72.5197   5     12     49  
1032.0  17:12:42 42.3793 -72.519745   5     12     50  
1032.0  17:12:52 42.378685 -72.51992   4     17     40  
1033.0  17:13:00 42.3783 -72.51993   5     12     55  
1033.0  17:13:00 42.37816 -72.51992   5     12     45  
1033.0  17:13:08 42.377983 -72.51996   3     16     42  
1033.0  17:13:16 42.377903 -72.51991   4     18     45  
1033.0  17:13:24 42.377888 -72.51989   5     16     45  
1033.0  17:13:33 42.377407 -72.519875   3     13     50  
1033.0  17:13:44 42.376835 -72.51987   5     18     41  
1033.0  17:13:52 42.3764 -72.51986   3     11     51  
1034.0  17:14:00 42.37621 -72.519775   3     17     44  
1034.0  17:14:01 42.376225 -72.5198   4     16     52  
1034.0  17:14:09 42.376194 -72.51976   5     16     46  
1034.0  17:14:18 42.37622 -72.51976   4     15     51  
1034.0  17:14:27 42.37612 -72.519745   3     13     54  
1034.0  17:14:37 42.375397 -72.519775   4     18     43  
1034.0  17:14:46 42.374813 -72.51983   4     11     53  
1034.0  17:14:54 42.374428 -72.51985   5     18     55  
1035.0  17:15:00 42.374447 -72.51982   4     19     44  
1035.0  17:15:07 42.37446 -72.51982   3     15     46  
1035.0  17:15:16 42.374317 -72.51981   5     18     43  
1036.0  17:16:00 42.368053 -72.52013   4     12     40  
1036.0  17:16:15 42.366215 -72.52036   5     16     56  
1036.0  17:16:59 42.36256 -72.52072   3     18     50  
1037.0  17:17:00 42.362534 -72.52071   3     14     54  
1037.0  17:17:58 42.355762 -72.52094   4     18     57  
1038.0  17:18:00 42.355583 -72.52112   3     17     46  
1038.0  17:18:10 42.355316 -72.521416   4     13     48  
1038.0  17:18:19 42.354145 -72.52208   3     13     53  
1038.0  17:18:27 42.353134 -72.52291   3     14     45  
1038.0  17:18:35 42.352013 -72.52392   4     19     50  
1038.0  17:18:43 42.351665 -72.52504   4     16     54  
1038.0  17:18:51 42.35161 -72.525955   3     17     49  
1039.0  17:19:00 42.35161 -72.52601   3     13     53  
1039.0  17:19:01 42.35161 -72.52602   4     12     54  
1039.0  17:19:09 42.35161 -72.52601   4     17     55  
1039.0  17:19:17 42.351562 -72.52675   5     10     56  
1039.0  17:19:25 42.351524 -72.52741   4     16     51  
1039.0  17:19:33 42.35099 -72.52744   3     18     59  
1039.0  17:19:42 42.35058 -72.52742   4     18     54  
1039.0  17:19:53 42.349915 -72.52758   5     10     47  
1040.0  17:20:00 42.34964 -72.528175   3     16     57  
1040.0  17:20:02 42.349716 -72.52792   3     11     51  
1040.0  17:20:11 42.349483 -72.52845   5     18     55  
1040.0  17:20:19 42.34905 -72.528854   3     10     53  
1040.0  17:20:27 42.34894 -72.52891   5     19     43  
1040.0  17:20:35 42.34894 -72.528885   3     15     54  
1040.0  17:20:46 42.34896 -72.52891   4     16     59  
1040.0  17:20:55 42.34894 -72.52889   4     15     53  
1041.0  17:21:00 42.348934 -72.52886   3     15     54  
1041.0  17:21:04 42.348934 -72.52886   5     12     52  
1041.0  17:21:12 42.348904 -72.52884   4     12     42  
1041.0  17:21:28 42.34891 -72.52886   3     19     42  
1042.0  17:22:00 42.34894 -72.528885   4     11     51  
1043.0  17:23:00 42.348946 -72.52883   5     15     42  
1044.0  17:24:00 42.348698 -72.5287   5     19     41  
1044.0  17:24:32 42.348755 -72.52875   3     12     54  
1044.0  17:24:42 42.34874 -72.52873   5     19     51  
1044.0  17:24:51 42.348724 -72.528725   5     18     55  
1045.0  17:25:00 42.348774 -72.52876   3     18     49  
1045.0  17:25:00 42.348797 -72.52878   4     13     52  
1045.0  17:25:09 42.348797 -72.52878   4     11     47  
1045.0  17:25:18 42.348774 -72.52876   4     14     52  
1045.0  17:25:26 42.348694 -72.52879   4     14     41  
1045.0  17:25:37 42.348312 -72.529274   3     13     51  
1045.0  17:25:46 42.3483 -72.52974   4     15     40  
1045.0  17:25:54 42.348457 -72.53043   4     17     47  
1046.0  17:26:00 42.348835 -72.530594   5     18     40  
1046.0  17:26:03 42.34879 -72.530594   4     15     57  
1046.0  17:26:11 42.349167 -72.53044   3     17     59  
1046.0  17:26:20 42.34965 -72.53029   3     18     41  
1046.0  17:26:30 42.350376 -72.53029   5     13     42  
1046.0  17:26:39 42.350483 -72.5303   5     16     47  
1046.0  17:26:47 42.350513 -72.53032   3     14     49  
1046.0  17:26:56 42.351025 -72.53033   3     19     45  
1047.0  17:27:00 42.351532 -72.53034   5     13     53  
1047.0  17:27:05 42.35153 -72.530334   4     18     47  
1047.0  17:27:13 42.351456 -72.5303   4     17     45  
1047.0  17:27:23 42.35154 -72.52915   4     15     53  
1047.0  17:27:32 42.351562 -72.52786   4     12     53  
1047.0  17:27:40 42.35158 -72.52696   4     17     48  
1047.0  17:27:49 42.35157 -72.52649   5     19     56  
1047.0  17:27:57 42.35155 -72.52645   3     18     58  
1048.0  17:28:00 42.351532 -72.52644   5     13     42  
1048.0  17:28:06 42.351536 -72.526436   5     15     53  
1048.0  17:28:17 42.351685 -72.525185   3     15     59  
1048.0  17:28:25 42.35204 -72.5238   3     13     41  
1048.0  17:28:34 42.353073 -72.5228   3     17     49  
1049.0  17:29:00 42.355637 -72.52118   4     14     40  
1049.0  17:29:19 42.35677 -72.52094   4     16     44  
1049.0  17:29:29 42.35825 -72.52086   3     13     52  
1049.0  17:29:38 42.35969 -72.5208   5     10     47  
1050.0  17:30:00 42.3638 -72.52071   4     12     40  
1051.0  17:31:00 42.372902 -72.519745   4     14     40  
1052.0  17:32:00 42.373005 -72.51979   5     11     45  
1053.0  17:33:00 42.374733 -72.51978   5     17     40  
1053.0  17:33:26 42.3763 -72.51987   4     12     44  
1053.0  17:33:36 42.37676 -72.519905   3     14     48  
1053.0  17:33:44 42.376766 -72.51989   5     19     42  
1053.0  17:33:53 42.376835 -72.51987   3     14     44  
1054.0  17:34:00 42.377247 -72.519875   5     12     46  
1054.0  17:34:01 42.37718 -72.51988   4     19     53  
1054.0  17:34:10 42.37736 -72.519875   4     11     58  
1054.0  17:34:18 42.37736 -72.51991   3     16     48  
1054.0  17:34:28 42.377373 -72.51992   3     12     44  
1054.0  17:34:37 42.377388 -72.519905   5     16     49  
1054.0  17:34:46 42.377407 -72.519936   3     10     47  
1054.0  17:34:54 42.3774 -72.51994   4     15     49  
1055.0  17:35:00 42.377457 -72.51995   5     16     40  
1055.0  17:35:03 42.377422 -72.51995   4     15     51  
1055.0  17:35:12 42.37789 -72.51994   4     10     53  
1055.0  17:35:23 42.37882 -72.51995   4     17     53  
1055.0  17:35:32 42.379528 -72.51969   5     11     53  
1055.0  17:35:40 42.379738 -72.519554   5     10     56  
1055.0  17:35:49 42.379803 -72.5195   5     15     49  
1055.0  17:35:57 42.37981 -72.51948   4     10     44  
1056.0  17:36:00 42.379852 -72.51945   5     16     41  
1056.0  17:36:06 42.37993 -72.519424   5     19     41  
1056.0  17:36:17 42.38091 -72.51925   5     10     52  
1056.0  17:36:26 42.38146 -72.51923   3     11     55  
1056.0  17:36:35 42.38167 -72.51936   4     18     41  
1056.0  17:36:43 42.382053 -72.519806   4     11     49  
1056.0  17:36:52 42.382336 -72.520035   4     18     54  
1057.0  17:37:00 42.382954 -72.52043   3     14     42  
1057.0  17:37:00 42.383137 -72.52054   5     16     48  
1057.0  17:37:18 42.383137 -72.520485   5     10     47  
1057.0  17:37:27 42.383293 -72.520546   5     17     42  
1057.0  17:37:36 42.384174 -72.52112   3     15     57  
1057.0  17:37:44 42.38498 -72.52158   3     19     43  
1057.0  17:37:53 42.385807 -72.52206   4     15     53  
1058.0  17:38:00 42.385967 -72.5223   3     17     45  
1058.0  17:38:03 42.38596 -72.52228   4     17     58  
1058.0  17:38:11 42.386307 -72.52231   4     15     55  
1058.0  17:38:20 42.386997 -72.52267   4     11     43  
1058.0  17:38:29 42.387527 -72.52332   5     14     58  
1058.0  17:38:37 42.387653 -72.52355   4     11     57  
1058.0  17:38:46 42.387703 -72.52355   4     11     52  
1058.0  17:38:56 42.387745 -72.52361   5     10     40  
1059.0  17:39:00 42.387737 -72.523636   4     12     54  
1059.0  17:39:05 42.38775 -72.52366   5     17     46  
1059.0  17:39:13 42.38812 -72.52407   5     15     44  
1059.0  17:39:22 42.3888 -72.52453   3     15     43  
1059.0  17:39:30 42.38957 -72.52487   3     19     54  
1059.0  17:39:41 42.390823 -72.52519   3     19     53  
1059.0  17:39:52 42.39112 -72.52518   3     10     49  
1060.0  17:40:00 42.39112 -72.52518   4     14     40  
1060.0  17:40:00 42.391125 -72.52518   5     12     42  
1060.0  17:40:09 42.391205 -72.52517   4     10     41  
1060.0  17:40:17 42.392036 -72.52537   5     10     53  
1060.0  17:40:26 42.39303 -72.5257   4     11     52  
1060.0  17:40:34 42.39364 -72.52597   4     11     59  
1060.0  17:40:46 42.39387 -72.52603   3     11     52  
1060.0  17:40:54 42.393833 -72.525986   4     10     50  
1061.0  17:41:00 42.393833 -72.52602   4     15     58  
1061.0  17:41:03 42.393833 -72.52602   3     19     49  
1061.0  17:41:11 42.393867 -72.52611   3     10     52  
1061.0  17:41:20 42.39439 -72.52643   4     15     52  
1061.0  17:41:29 42.394928 -72.52674   4     19     53  
1061.0  17:41:39 42.39522 -72.52693   4     12     44  
1061.0  17:41:47 42.39592 -72.52725   5     17     44  
1061.0  17:41:56 42.396984 -72.52772   3     10     55  
1062.0  17:42:00 42.397614 -72.52798   5     19     55  
1062.0  17:42:04 42.397663 -72.52799   4     16     48  
1062.0  17:42:13 42.397644 -72.527855   5     17     45  
1062.0  17:42:22 42.39773 -72.5279   5     17     41  
1062.0  17:42:32 42.398876 -72.52797   5     13     58  
1062.0  17:42:41 42.400055 -72.52788   5     17     51  
1062.0  17:42:50 42.40147 -72.52806   4     12     57  
1063.0  17:43:00 42.403435 -72.529205   3     19     47  
1063.0  17:43:03 42.40275 -72.528725   5     17     40  
1063.0  17:43:11 42.40454 -72.5297   5     15     40  
1063.0  17:43:22 42.406094 -72.52978   3     11     41  
1063.0  17:43:30 42.407425 -72.53009   4     12     41  
1063.0  17:43:39 42.408546 -72.53045   4     15     58  
1063.0  17:43:47 42.409306 -72.53067   4     13     47  
1063.0  17:43:57 42.40931 -72.530716   5     12     47  
1064.0  17:44:00 42.409332 -72.53069   3     14     52  
1064.0  17:44:06 42.409367 -72.53069   5     15     46  
1064.0  17:44:17 42.40979 -72.53086   3     10     47  
1064.0  17:44:25 42.409874 -72.5309   3     12     59  
1064.0  17:44:34 42.409847 -72.53169   3     15     54  
1064.0  17:44:43 42.409668 -72.533066   4     11     56  
1064.0  17:44:52 42.40966 -72.53369   5     12     46  
1065.0  17:45:00 42.409607 -72.53364   3     10     56  
1065.0  17:45:01 42.40962 -72.533646   4     15     59  
1065.0  17:45:10 42.409607 -72.53363   4     13     50  
1065.0  17:45:19 42.409554 -72.53413   4     18     48  
1065.0  17:45:28 42.40941 -72.53546   4     10     56  
1065.0  17:45:36 42.40925 -72.53673   5     14     50  
1065.0  17:45:45 42.409027 -72.53773   4     10     50  
1065.0  17:45:54 42.409317 -72.53786   3     13     44  
1066.0  17:46:00 42.410793 -72.53764   4     11     51  
1066.0  17:46:06 42.411137 -72.5376   4     15     58  
1066.0  17:46:15 42.4128 -72.53741   3     11     42  
1066.0  17:46:25 42.414505 -72.53721   4     10     41  
1066.0  17:46:34 42.416466 -72.53695   3     18     43  
1066.0  17:46:43 42.41826 -72.53677   5     17     50  
1066.0  17:46:51 42.419884 -72.536835   3     15     48  
1067.0  17:47:00 42.42244 -72.53742   3     12     40  
1067.0  17:47:02 42.421864 -72.53723   3     19     48  
1067.0  17:47:11 42.423576 -72.5379   3     12     42  
1067.0  17:47:19 42.42526 -72.538826   4     16     44  
1067.0  17:47:28 42.426876 -72.53992   3     18     41  
1067.0  17:47:36 42.42823 -72.54089   5     12     42  
1067.0  17:47:46 42.42975 -72.54216   5     19     54  
1067.0  17:47:59 42.4317 -72.54386   5     19     42  
1068.0  17:48:00 42.432625 -72.54464   4     13     59  
1068.0  17:48:07 42.433285 -72.54511   4     13     47  
1068.0  17:48:16 42.43472 -72.54596   4     19     55  
1068.0  17:48:24 42.43636 -72.546745   3     14     49  
1068.0  17:48:32 42.437855 -72.54754   3     17     58  
1068.0  17:48:42 42.439106 -72.5484   3     19     42  
1068.0  17:48:52 42.440643 -72.54977   5     15     48  
1069.0  17:49:00 42.442078 -72.551315   4     17     53  
1069.0  17:49:01 42.441807 -72.551   5     16     59  
1069.0  17:49:09 42.442932 -72.55223   3     15     51  
1069.0  17:49:18 42.44444 -72.553444   5     14     46  
1069.0  17:49:26 42.445736 -72.55424   4     14     44  
1069.0  17:49:35 42.44697 -72.55524   4     11     58  
1069.0  17:49:45 42.448257 -72.55718   4     16     51  
1069.0  17:49:54 42.44914 -72.55904   3     17     47  
1070.0  17:50:00 42.450092 -72.56056   3     13     42  
1070.0  17:50:02 42.449978 -72.56041   5     16     48  
1070.0  17:50:11 42.45098 -72.561775   3     17     51  
1070.0  17:50:19 42.451775 -72.56292   4     13     44  
1070.0  17:50:28 42.452293 -72.563614   5     13     41  
1070.0  17:50:39 42.452305 -72.56369   5     13     50  
1070.0  17:50:47 42.452282 -72.56371   3     10     45  
1070.0  17:50:56 42.45228 -72.56374   4     12     54  
1071.0  17:51:00 42.45261 -72.56422   4     19     41  
1071.0  17:51:04 42.45269 -72.564316   3     12     47  
1071.0  17:51:13 42.453575 -72.56543   3     12     51  
1071.0  17:51:22 42.454594 -72.56649   5     12     47  
1071.0  17:51:32 42.456146 -72.56799   5     16     41  
1071.0  17:51:40 42.457367 -72.569145   4     12     58  
1071.0  17:51:49 42.458805 -72.57052   5     14     55  
1071.0  17:51:58 42.460075 -72.57167   3     11     56  
1072.0  17:52:00 42.461067 -72.5724   4     15     47  
1072.0  17:52:07 42.46161 -72.57271   4     11     43  
1072.0  17:52:16 42.463097 -72.57353   4     15     41  
1072.0  17:52:27 42.464603 -72.574776   5     13     50  
1072.0  17:52:36 42.465435 -72.57601   3     17     45  
1072.0  17:52:45 42.465946 -72.577286   4     11     47  
1072.0  17:52:53 42.46629 -72.578545   3     15     49  
1073.0  17:53:00 42.466396 -72.579285   4     13     47  
1073.0  17:53:02 42.466385 -72.579216   3     14     54  
1073.0  17:53:11 42.46642 -72.57947   5     10     50  
1073.0  17:53:22 42.46628 -72.57959   3     15     57  
1073.0  17:53:31 42.46528 -72.58005   4     12     55  
1073.0  17:53:40 42.46427 -72.58051   5     11     57  
1073.0  17:53:49 42.463074 -72.58094   3     18     56  
1073.0  17:53:57 42.46196 -72.58132   3     11     46  
1074.0  17:54:00 42.4612 -72.58157   5     11     47  
1074.0  17:54:06 42.460808 -72.5817   4     10     57  
1074.0  17:54:16 42.459377 -72.58217   4     14     55  
1074.0  17:54:25 42.458324 -72.58255   3     19     44  
1074.0  17:54:33 42.457718 -72.58276   3     13     57  
1074.0  17:54:41 42.457596 -72.5822   5     12     45  
1074.0  17:54:50 42.45755 -72.581566   4     13     58  
1074.0  17:54:58 42.45773 -72.58142   3     15     40  
1075.0  17:55:00 42.457745 -72.58142   3     16     56  
1075.0  17:55:09 42.457756 -72.58144   5     11     50  
1075.0  17:55:18 42.45777 -72.58147   4     12     41  
1075.0  17:55:27 42.457775 -72.581474   4     17     44  
1075.0  17:55:35 42.457775 -72.58147   4     18     51  
1075.0  17:55:44 42.45777 -72.58146   5     14     54  
1075.0  17:55:53 42.457767 -72.58146   3     19     48  
1076.0  17:56:00 42.457764 -72.58147   5     14     56  
1076.0  17:56:03 42.457764 -72.58147   4     12     43  
1076.0  17:56:12 42.457764 -72.58147   5     12     40  
1076.0  17:56:20 42.45777 -72.581474   4     13     45  
1076.0  17:56:29 42.457783 -72.58149   3     11     45  
1076.0  17:56:38 42.45779 -72.58151   3     13     48  
1076.0  17:56:46 42.457794 -72.58152   3     18     50  
1076.0  17:56:58 42.457798 -72.58151   4     10     40  
1077.0  17:57:00 42.457783 -72.581505   4     17     59  
1077.0  17:57:06 42.45777 -72.58149   4     16     48  
1077.0  17:57:15 42.457726 -72.58143   5     17     57  
1077.0  17:57:24 42.457706 -72.581406   4     15     47  
1077.0  17:57:33 42.45767 -72.58137   4     15     59  
1077.0  17:57:41 42.45764 -72.58134   4     13     46  
1077.0  17:57:52 42.457634 -72.581314   5     13     41  
1078.0  17:58:00 42.457634 -72.581314   3     10     41  
1078.0  17:58:01 42.457634 -72.581314   3     13     52  
1078.0  17:58:09 42.45764 -72.581314   5     15     52  
1078.0  17:58:18 42.45764 -72.58131   3     16     48  
1078.0  17:58:26 42.45765 -72.58131   4     12     58  
1078.0  17:58:35 42.457657 -72.58132   5     17     53  
1078.0  17:58:46 42.45767 -72.58133   4     15     50  
1078.0  17:58:55 42.457684 -72.58135   5     15     46  
1079.0  17:59:00 42.457733 -72.58138   4     15     59  
1079.0  17:59:03 42.457733 -72.58138   4     11     44  
1079.0  17:59:12 42.45772 -72.581375   5     11     53  
1079.0  17:59:20 42.457718 -72.58137   4     19     59  
1079.0  17:59:29 42.457706 -72.58137   4     11     52  
1079.0  17:59:40 42.4577 -72.58135   4     13     41  
1079.0  17:59:48 42.457706 -72.58136   3     19     52  
1079.0  17:59:57 42.45772 -72.581375   5     15     45  
1080.0  18:00:00 42.457733 -72.581375   4     18     44  
1080.0  18:00:06 42.45774 -72.58138   5     11     47  
1080.0  18:00:14 42.457783 -72.58142   5     16     59  
1080.0  18:00:23 42.457817 -72.58147   3     14     56  
1080.0  18:00:33 42.457855 -72.5815   4     17     41  
1080.0  18:00:43 42.45781 -72.58147   4     14     41  
1080.0  18:00:51 42.45775 -72.5814   3     13     57  
1081.0  18:01:00 42.457687 -72.58135   5     10     58  
1081.0  18:01:00 42.45773 -72.581375   4     11     51  
1081.0  18:01:09 42.457836 -72.581604   3     12     48  
1081.0  18:01:17 42.45793 -72.58244   5     15     58  
1081.0  18:01:28 42.458202 -72.58257   3     17     44  
1081.0  18:01:36 42.459057 -72.58222   4     18     41  
1081.0  18:01:45 42.4599 -72.58193   4     12     48  
1081.0  18:01:54 42.459892 -72.58119   4     12     51  
1082.0  18:02:00 42.459595 -72.57967   4     12     55  
1082.0  18:02:02 42.459625 -72.579834   4     16     54  
1082.0  18:02:10 42.459427 -72.578606   3     17     47  
1082.0  18:02:21 42.45917 -72.57704   4     10     59  
1082.0  18:02:30 42.45891 -72.575455   5     17     58  
1082.0  18:02:38 42.45858 -72.5737   5     16     52  
1082.0  18:02:47 42.4583 -72.57216   4     16     44  
1082.0  18:02:56 42.457718 -72.57079   5     18     50  
1083.0  18:03:00 42.45681 -72.56983   3     12     46  
1083.0  18:03:04 42.45669 -72.5697   5     12     47  
1083.0  18:03:15 42.45541 -72.56837   4     16     51  
1083.0  18:03:24 42.45456 -72.567276   3     19     45  
1083.0  18:03:32 42.454605 -72.56669   4     11     59  
1083.0  18:03:40 42.45428 -72.56623   5     11     55  
1083.0  18:03:49 42.45345 -72.56535   3     16     41  
1083.0  18:03:58 42.452545 -72.56417   4     12     41  
1084.0  18:04:00 42.452026 -72.563416   4     15     59  
1084.0  18:04:08 42.451725 -72.56299   5     18     56  
1084.0  18:04:16 42.451527 -72.56275   3     11     59  
1084.0  18:04:25 42.45151 -72.56274   3     10     52  
1084.0  18:04:33 42.451176 -72.56217   4     10     50  
1084.0  18:04:41 42.450207 -72.56075   4     16     58  
1084.0  18:04:50 42.449345 -72.559364   5     10     44  
1085.0  18:05:00 42.448223 -72.55728   3     13     42  
1085.0  18:05:00 42.447918 -72.55672   4     10     57  
1085.0  18:05:09 42.447388 -72.55581   3     12     51  
1085.0  18:05:18 42.44626 -72.55457   5     19     54  
1085.0  18:05:27 42.444725 -72.55357   5     12     48  
1085.0  18:05:35 42.4431 -72.552345   5     12     51  
1085.0  18:05:44 42.441917 -72.55112   5     15     51  
1085.0  18:05:54 42.440464 -72.549545   4     19     41  
1086.0  18:06:00 42.439007 -72.548294   3     17     53  
1086.0  18:06:03 42.439163 -72.548416   3     11     45  
1086.0  18:06:12 42.43783 -72.547485   5     16     54  
1086.0  18:06:21 42.436146 -72.54662   5     13     52  
1086.0  18:06:29 42.434406 -72.54574   4     19     46  
1086.0  18:06:37 42.43304 -72.54495   5     19     41  
1086.0  18:06:47 42.431614 -72.54384   4     13     58  
1086.0  18:06:56 42.430607 -72.54292   5     18     53  
1087.0  18:07:00 42.429695 -72.5421   5     19     48  
1087.0  18:07:04 42.429695 -72.5421   4     18     58  
1087.0  18:07:13 42.428444 -72.54108   3     17     52  
1087.0  18:07:21 42.427402 -72.54031   5     17     58  
1087.0  18:07:30 42.42687 -72.539986   5     16     48  
1087.0  18:07:41 42.426804 -72.53995   3     14     45  
1087.0  18:07:49 42.42591 -72.53933   3     18     43  
1088.0  18:08:00 42.424667 -72.53852   5     14     48  
1088.0  18:08:00 42.423397 -72.53785   5     12     58  
1088.0  18:08:09 42.42249 -72.53752   4     17     49  
1088.0  18:08:17 42.42099 -72.53708   5     16     47  
1088.0  18:08:26 42.4192 -72.53683   4     13     49  
1088.0  18:08:36 42.417118 -72.53691   4     16     58  
1088.0  18:08:45 42.415337 -72.53713   3     16     42  
1088.0  18:08:54 42.41357 -72.53734   3     14     43  
1089.0  18:09:00 42.411793 -72.53756   5     11     46  
1089.0  18:09:02 42.41198 -72.53754   5     11     44  
1089.0  18:09:13 42.41031 -72.53774   5     19     42  
1089.0  18:09:22 42.409176 -72.53788   4     19     46  
1089.0  18:09:33 42.40912 -72.53788   4     13     49  
1089.0  18:09:41 42.409134 -72.53788   5     16     43  
1089.0  18:09:53 42.409126 -72.53789   3     19     41  
1090.0  18:10:00 42.408962 -72.53767   5     13     40  
1090.0  18:10:02 42.40895 -72.53781   3     16     50  
1090.0  18:10:12 42.40922 -72.53685   3     12     48  
1090.0  18:10:22 42.409473 -72.53496   3     13     55  
1090.0  18:10:31 42.409615 -72.53362   4     16     46  
1090.0  18:10:40 42.409626 -72.53331   3     19     42  
1090.0  18:10:48 42.40962 -72.53331   3     17     41  
1090.0  18:10:57 42.40966 -72.53314   3     19     40  
1091.0  18:11:00 42.409782 -72.53221   3     16     41  
1091.0  18:11:05 42.409824 -72.53191   4     19     52  
1091.0  18:11:17 42.4099 -72.53091   5     10     43  
1091.0  18:11:25 42.409157 -72.53066   4     14     40  
1091.0  18:11:34 42.40829 -72.53038   4     10     48  
1091.0  18:11:42 42.40715 -72.530045   5     18     49  
1091.0  18:11:52 42.406143 -72.529816   5     12     56  
1092.0  18:12:00 42.40453 -72.52972   4     18     40  
1092.0  18:12:02 42.40489 -72.52973   5     19     49  
1092.0  18:12:12 42.40353 -72.52935   5     17     57  
1092.0  18:12:21 42.402763 -72.52881   4     17     41  
1092.0  18:12:30 42.40161 -72.52819   3     19     49  
1092.0  18:12:39 42.40028 -72.52792   3     13     43  
1092.0  18:12:48 42.39896 -72.52808   5     16     45  
1092.0  18:12:57 42.39787 -72.52813   5     19     50  
1093.0  18:13:00 42.397182 -72.52792   4     19     48  
1093.0  18:13:07 42.39691 -72.527794   5     13     51  
1093.0  18:13:16 42.396 -72.52736   4     13     46  
1093.0  18:13:24 42.39545 -72.52712   4     15     44  
1093.0  18:13:33 42.39537 -72.527084   3     19     40  
1093.0  18:13:42 42.395374 -72.52707   3     10     49  
1093.0  18:13:50 42.395367 -72.527054   5     18     46  
1094.0  18:14:00 42.39528 -72.52701   3     17     52  
1094.0  18:14:00 42.39528 -72.52701   4     14     45  
1094.0  18:14:13 42.39528 -72.52701   4     14     53  
1094.0  18:14:21 42.394615 -72.526665   3     14     52  
1094.0  18:14:30 42.393906 -72.526245   5     18     48  
1094.0  18:14:43 42.393524 -72.52608   3     19     44  
1094.0  18:14:54 42.393517 -72.52608   5     12     57  
1095.0  18:15:00 42.39353 -72.52609   3     18     51  
1095.0  18:15:03 42.393528 -72.52609   4     18     46  
1095.0  18:15:11 42.393524 -72.526115   3     19     51  
1095.0  18:15:19 42.393414 -72.52608   3     17     40  
1095.0  18:15:28 42.39339 -72.52603   3     13     41  
1095.0  18:15:36 42.39334 -72.526   4     16     55  
1095.0  18:15:47 42.39333 -72.52597   3     18     59  
1095.0  18:15:55 42.393326 -72.52598   4     18     58  
1096.0  18:16:00 42.393177 -72.525856   4     17     56  
1096.0  18:16:04 42.393177 -72.525856   5     19     49  
1096.0  18:16:13 42.39255 -72.52562   4     11     42  
1096.0  18:16:21 42.39183 -72.52538   4     17     44  
1096.0  18:16:30 42.391182 -72.52524   3     11     44  
1096.0  18:16:40 42.390835 -72.52522   4     19     53  
1096.0  18:16:48 42.39083 -72.525215   3     12     44  
1096.0  18:16:57 42.39082 -72.52521   5     14     49  
1097.0  18:17:00 42.390823 -72.52519   5     18     44  
1097.0  18:17:05 42.390823 -72.52519   5     18     58  
1097.0  18:17:14 42.390835 -72.52518   3     14     51  
1097.0  18:17:22 42.390366 -72.52505   5     15     44  
1097.0  18:17:33 42.389294 -72.524734   3     15     54  
1097.0  18:17:42 42.388515 -72.52441   3     11     40  
1097.0  18:17:51 42.387985 -72.524055   4     19     40  
1098.0  18:18:00 42.387836 -72.52392   4     19     54  
1098.0  18:18:00 42.387836 -72.523926   3     17     40  
1098.0  18:18:09 42.38783 -72.52393   3     18     49  
1098.0  18:18:17 42.387794 -72.52396   4     12     47  
1098.0  18:18:28 42.3876 -72.523605   3     10     54  
1098.0  18:18:36 42.38712 -72.52291   3     19     42  
1098.0  18:18:45 42.38649 -72.52241   5     18     53  
1098.0  18:18:53 42.386173 -72.52245   4     17     52  
1099.0  18:19:00 42.386208 -72.52251   3     10     55  
1099.0  18:19:02 42.3862 -72.5225   5     15     45  
1099.0  18:19:11 42.386196 -72.52251   4     15     44  
1099.0  18:19:21 42.38618 -72.52247   3     14     51  
1099.0  18:19:30 42.385914 -72.52251   5     16     46  
1099.0  18:19:39 42.385345 -72.52181   5     16     56  
1099.0  18:19:48 42.38452 -72.521385   4     15     55  
1099.0  18:19:57 42.3836 -72.5209   3     10     54  
1100.0  18:20:00 42.382908 -72.52054   4     16     40  
1100.0  18:20:06 42.382698 -72.52041   5     11     57  
1100.0  18:20:18 42.381683 -72.51956   5     14     55  
1100.0  18:20:26 42.381565 -72.5194   3     13     51  
1100.0  18:20:35 42.38144 -72.519295   5     19     54  
1100.0  18:20:44 42.380444 -72.519424   4     14     58  
1100.0  18:20:53 42.379635 -72.51967   4     10     51  
1101.0  18:21:00 42.37958 -72.51969   3     12     53  
1101.0  18:21:02 42.37958 -72.51969   4     13     47  
1101.0  18:21:12 42.379566 -72.51969   5     14     54  
1101.0  18:21:21 42.379086 -72.51987   4     18     55  
1101.0  18:21:29 42.378304 -72.519966   4     15     50  
1101.0  18:21:37 42.37787 -72.52   3     15     55  
1101.0  18:21:46 42.377846 -72.51998   4     17     44  
1101.0  18:21:55 42.377846 -72.51997   5     19     53  
1102.0  18:22:00 42.377785 -72.519936   5     14     47  
1102.0  18:22:05 42.37772 -72.51993   5     15     54  
1102.0  18:22:13 42.377155 -72.51992   3     14     54  
1102.0  18:22:22 42.37655 -72.51991   4     16     44  
1102.0  18:22:30 42.375954 -72.51991   5     19     40  
1102.0  18:22:39 42.37599 -72.51987   5     16     51  
1102.0  18:22:48 42.37601 -72.519844   3     15     41  
1102.0  18:22:59 42.376022 -72.51982   4     19     56  
1103.0  18:23:00 42.376026 -72.519806   4     14     55  
1103.0  18:23:07 42.37603 -72.519806   5     16     40  
1103.0  18:23:16 42.375954 -72.5198   4     17     49  
1103.0  18:23:24 42.37535 -72.5198   3     16     42  
1103.0  18:23:33 42.37469 -72.51979   3     10     51  
1103.0  18:23:42 42.374443 -72.51982   4     11     59  
1103.0  18:23:56 42.3744 -72.51983   3     12     51  
1104.0  18:24:00 42.37439 -72.51983   3     12     53  
1104.0  18:24:20 42.37439 -72.51982   3     12     45  
1104.0  18:24:52 42.372543 -72.51978   4     10     50  
1105.0  18:25:00 42.367935 -72.520134   5     12     51  
1105.0  18:25:48 42.361973 -72.520775   4     18     51  
1106.0  18:26:00 42.359585 -72.52085   5     19     56  
1107.0  18:27:00 42.35412 -72.52219   4     13     59  
1107.0  18:27:10 42.354153 -72.52221   4     11     57  
1107.0  18:27:22 42.35397 -72.522385   4     12     41  
1107.0  18:27:30 42.352966 -72.52306   5     16     47  
1107.0  18:27:38 42.352036 -72.52391   3     11     40  
1107.0  18:27:46 42.35167 -72.52517   5     11     56  
1107.0  18:27:54 42.351597 -72.52603   4     18     45  
1108.0  18:28:00 42.351627 -72.52605   3     18     55  
1108.0  18:28:02 42.351627 -72.52605   4     14     42  
1108.0  18:28:12 42.35163 -72.52613   3     18     41  
1108.0  18:28:21 42.351593 -72.52702   3     15     55  
1108.0  18:28:29 42.35145 -72.52748   3     11     56  
1108.0  18:28:36 42.3509 -72.52744   3     15     42  
1108.0  18:28:44 42.350525 -72.527435   3     19     59  
1108.0  18:28:53 42.35 -72.527534   3     15     46  
1109.0  18:29:00 42.349697 -72.52805   4     11     43  
1109.0  18:29:03 42.349724 -72.52797   4     11     58  
1109.0  18:29:12 42.3495 -72.52849   5     12     58  
1109.0  18:29:21 42.34906 -72.52887   3     15     42  
1109.0  18:29:30 42.348907 -72.5289   3     17     46  
1109.0  18:29:39 42.348927 -72.52888   3     16     55  
1109.0  18:29:48 42.3489 -72.528885   3     11     48  
1109.0  18:29:58 42.348885 -72.52886   4     13     47  
1110.0  18:30:00 42.34889 -72.52886   4     15     57  
1110.0  18:30:07 42.34888 -72.52887   5     18     44  
1110.0  18:30:15 42.348873 -72.528885   4     13     49  
1110.0  18:30:24 42.348873 -72.528885   5     13     42  
1110.0  18:30:33 42.348892 -72.52887   5     12     48  
1110.0  18:30:41 42.34891 -72.52886   5     16     54  
1110.0  18:30:54 42.348915 -72.528854   4     15     40  
1111.0  18:31:00 42.34892 -72.52885   5     19     48  
1111.0  18:31:03 42.34892 -72.528854   5     11     57  
1111.0  18:31:11 42.348923 -72.52886   4     16     43  
1111.0  18:31:20 42.348923 -72.52889   5     12     50  
1111.0  18:31:28 42.348907 -72.528915   5     14     40  
1111.0  18:31:36 42.348904 -72.52891   4     13     59  
1111.0  18:31:47 42.34892 -72.52887   3     12     40  
1111.0  18:31:55 42.34894 -72.52885   3     16     49  
1112.0  18:32:00 42.348946 -72.528854   5     18     51  
1112.0  18:32:04 42.348946 -72.528854   5     15     42  
1112.0  18:32:12 42.34894 -72.52886   5     18     54  
1112.0  18:32:21 42.34894 -72.52884   3     17     58  
1112.0  18:32:29 42.348927 -72.52885   3     14     57  
1112.0  18:32:40 42.348923 -72.528854   5     14     49  
1112.0  18:32:48 42.348915 -72.52887   4     19     42  
1112.0  18:32:56 42.34891 -72.52888   5     17     40  
1113.0  18:33:00 42.348907 -72.52887   5     15     52  
1113.0  18:33:06 42.348907 -72.52887   5     16     52  
1113.0  18:33:15 42.348915 -72.52886   4     15     43  
1113.0  18:33:24 42.348927 -72.52883   4     11     41  
1113.0  18:33:34 42.348938 -72.52882   3     14     53  
1113.0  18:33:43 42.348938 -72.52881   4     18     58  
1113.0  18:33:52 42.348938 -72.52879   4     15     50  
1114.0  18:34:00 42.348934 -72.52879   3     13     51  
1114.0  18:34:00 42.348938 -72.528786   4     10     41  
1114.0  18:34:09 42.34894 -72.52878   5     17     59  
1114.0  18:34:18 42.34895 -72.52877   5     15     51  
1114.0  18:34:29 42.348953 -72.52877   3     13     40  
1114.0  18:34:38 42.348953 -72.52878   4     12     43  
1114.0  18:34:46 42.348953 -72.52878   4     14     47  
1114.0  18:34:54 42.348953 -72.528786   5     17     55  
1115.0  18:35:00 42.348946 -72.5288   3     14     52  
1115.0  18:35:03 42.348946 -72.5288   4     11     49  
1115.0  18:35:12 42.34894 -72.5288   5     10     55  
1115.0  18:35:23 42.34894 -72.52881   4     16     46  
1115.0  18:35:31 42.34894 -72.52882   3     14     43  
1115.0  18:35:40 42.348946 -72.52881   4     14     46  
1115.0  18:35:49 42.348953 -72.52879   3     12     41  
1115.0  18:35:57 42.348957 -72.52878   3     15     57  
1116.0  18:36:00 42.348957 -72.52878   3     13     49  
1116.0  18:36:06 42.348957 -72.52878   5     12     59  
1116.0  18:36:19 42.348953 -72.52878   5     17     47  
1116.0  18:36:27 42.348946 -72.528786   3     15     59  
1116.0  18:36:37 42.34895 -72.528786   3     17     59  
1116.0  18:36:45 42.348946 -72.52879   3     13     51  
1116.0  18:36:54 42.34895 -72.52879   3     11     43  
1117.0  18:37:00 42.348946 -72.5288   4     17     52  
1117.0  18:37:03 42.348946 -72.52879   3     10     41  
1117.0  18:37:14 42.34895 -72.5288   5     12     48  
1117.0  18:37:23 42.34896 -72.5288   3     19     49  
1117.0  18:37:32 42.34897 -72.52881   3     15     41  
1117.0  18:37:40 42.34897 -72.52881   3     11     46  
1117.0  18:37:49 42.348957 -72.52881   4     11     43  
1117.0  18:37:57 42.348957 -72.52881   3     16     55  
1118.0  18:38:00 42.348957 -72.52881   4     19     53  
1118.0  18:38:07 42.348953 -72.52881   5     10     59  
1118.0  18:38:16 42.34895 -72.52883   5     13     52  
1118.0  18:38:25 42.34895 -72.52885   4     10     40  
1118.0  18:38:33 42.348927 -72.52887   4     16     47  
1118.0  18:38:43 42.348923 -72.528885   4     14     52  
1118.0  18:38:51 42.348923 -72.52886   4     19     55  
1119.0  18:39:00 42.3489 -72.5289   5     18     45  
1120.0  18:40:00 42.34921 -72.5304   5     17     52  
1120.0  18:40:28 42.350487 -72.53029   4     17     51  
1120.0  18:40:39 42.351055 -72.53028   4     13     44  
1120.0  18:40:47 42.35147 -72.53028   3     15     57  
1120.0  18:40:56 42.351475 -72.53028   3     18     54  
1121.0  18:41:00 42.351505 -72.530266   3     13     40  
1121.0  18:41:04 42.351524 -72.53025   3     10     40  
1121.0  18:41:13 42.351574 -72.52945   3     13     53  
1121.0  18:41:21 42.35155 -72.52813   4     10     49  
1121.0  18:41:31 42.351536 -72.52644   4     18     58  
1121.0  18:41:39 42.351532 -72.52647   3     16     54  
1121.0  18:41:48 42.351543 -72.52647   5     15     56  
1121.0  18:41:57 42.351555 -72.526405   5     11     50  
1122.0  18:42:00 42.351616 -72.52562   5     10     52  
1122.0  18:42:05 42.35165 -72.52531   5     15     58  
1122.0  18:42:14 42.351913 -72.52404   4     11     40  
1123.0  18:43:00 42.355713 -72.52107   5     16     59  
1123.0  18:43:26 42.356495 -72.52099   3     18     53  
1123.0  18:43:36 42.357674 -72.52094   3     11     53  
1123.0  18:43:44 42.35874 -72.52087   5     14     40  
1123.0  18:43:53 42.3599 -72.5208   3     13     53  
1124.0  18:44:00 42.36151 -72.52077   3     10     40  
1125.0  18:45:00 42.37026 -72.519806   4     16     40  
1125.0  18:45:01 42.368797 -72.51996   5     12     41  
1126.0  18:46:00 42.37464 -72.51976   3     12     44  
1126.0  18:46:23 42.37498 -72.51976   4     11     57  
1126.0  18:46:36 42.375504 -72.51987   5     19     50  
1126.0  18:46:45 42.37552 -72.51987   5     12     55  
1126.0  18:46:53 42.375515 -72.519844   4     19     41  
1127.0  18:47:00 42.375614 -72.51983   4     19     54  
1127.0  18:47:01 42.375515 -72.51983   4     12     41  
1127.0  18:47:09 42.375927 -72.51986   5     11     50  
1127.0  18:47:18 42.376705 -72.5199   4     16     59  
1127.0  18:47:27 42.377365 -72.5199   4     18     53  
1127.0  18:47:35 42.377457 -72.519875   3     11     57  
1127.0  18:47:43 42.377453 -72.51984   5     16     57  
1127.0  18:47:51 42.37744 -72.51982   4     10     59  
1127.0  18:47:59 42.37747 -72.51983   5     18     48  
1128.0  18:48:00 42.377464 -72.51987   4     11     56  
1128.0  18:48:08 42.377655 -72.51988   5     15     58  
1128.0  18:48:18 42.378628 -72.519936   4     10     45  
1128.0  18:48:28 42.37948 -72.519714   5     17     48  
1128.0  18:48:37 42.379803 -72.51955   3     18     51  
1128.0  18:48:45 42.379814 -72.51953   3     17     58  
1128.0  18:48:54 42.380257 -72.51943   4     10     50  
1129.0  18:49:00 42.381397 -72.51928   5     11     59  
1129.0  18:49:03 42.381317 -72.519295   3     13     50  
1129.0  18:49:17 42.381912 -72.51969   5     16     58  
1129.0  18:49:26 42.38306 -72.520584   4     10     55  
1129.0  18:49:40 42.383957 -72.52108   3     19     49  
1129.0  18:49:48 42.385532 -72.52192   4     19     40  
1129.0  18:49:56 42.38592 -72.52231   3     15     43  
1130.0  18:50:00 42.385937 -72.52235   3     10     47  
1130.0  18:50:05 42.385944 -72.52237   3     16     40  
1130.0  18:50:13 42.386406 -72.522385   5     12     47  
1130.0  18:50:21 42.386993 -72.52274   3     12     53  
1130.0  18:50:29 42.387505 -72.52341   4     17     51  
1130.0  18:50:37 42.38769 -72.52359   4     18     46  
1130.0  18:50:45 42.387756 -72.52353   4     10     46  
1130.0  18:50:53 42.38777 -72.52352   3     17     50  
1131.0  18:51:00 42.387787 -72.52353   5     17     54  
1131.0  18:51:03 42.387783 -72.52353   3     14     48  
1131.0  18:51:11 42.387794 -72.52351   3     12     52  
1131.0  18:51:21 42.38779 -72.52354   3     14     52  
1131.0  18:51:29 42.3878 -72.52354   3     17     42  
1131.0  18:51:37 42.387775 -72.52357   3     12     44  
1131.0  18:51:46 42.387756 -72.52361   5     16     43  
1131.0  18:51:57 42.387733 -72.52365   3     16     43  
1132.0  18:52:00 42.387737 -72.52365   4     17     57  
1132.0  18:52:05 42.387745 -72.52365   4     19     50  
1132.0  18:52:13 42.3878 -72.52359   5     10     45  
1132.0  18:52:21 42.38782 -72.52356   5     12     49  
1132.0  18:52:29 42.387783 -72.52357   4     13     49  
1132.0  18:52:38 42.38778 -72.52353   4     17     54  
1132.0  18:52:48 42.387764 -72.52352   4     15     57  
1132.0  18:52:56 42.38774 -72.52352   3     18     59  
1133.0  18:53:00 42.38774 -72.52352   3     13     42  
1133.0  18:53:04 42.387737 -72.52354   4     13     42  
1133.0  18:53:12 42.387863 -72.52376   3     17     58  
1133.0  18:53:20 42.388203 -72.52413   5     12     57  
1133.0  18:53:28 42.3887 -72.52448   4     13     51  
1133.0  18:53:39 42.389458 -72.5249   5     19     40  
1133.0  18:53:51 42.390438 -72.525154   4     19     55  
1133.0  18:53:59 42.39074 -72.5252   3     13     58  
1134.0  18:54:00 42.390903 -72.52525   4     13     42  
1134.0  18:54:07 42.39108 -72.525246   4     14     49  
1134.0  18:54:16 42.39103 -72.52526   4     14     45  
1134.0  18:54:25 42.391003 -72.5253   3     19     48  
1134.0  18:54:36 42.390972 -72.52531   3     13     42  
1134.0  18:54:44 42.39114 -72.52538   4     17     45  
1134.0  18:54:57 42.391724 -72.52551   5     12     46  
1135.0  18:55:00 42.392544 -72.525734   4     19     52  
1135.0  18:55:06 42.3927 -72.525764   5     17     56  
1135.0  18:55:15 42.393177 -72.52592   3     18     59  
1135.0  18:55:27 42.393772 -72.52618   5     14     47  
1135.0  18:55:40 42.393806 -72.52621   4     14     40  
1135.0  18:55:49 42.393803 -72.526215   3     18     59  
1135.0  18:55:58 42.3938 -72.52623   4     18     50  
1136.0  18:56:00 42.393806 -72.52621   4     17     44  
1136.0  18:56:14 42.393806 -72.52621   3     18     49  
1136.0  18:56:24 42.393932 -72.526245   4     19     45  
1136.0  18:56:34 42.394516 -72.52664   4     18     44  
1136.0  18:56:43 42.39497 -72.52688   3     12     52  
1136.0  18:56:54 42.39497 -72.52688   4     15     52  
1137.0  18:57:00 42.395126 -72.52692   3     16     57  
1137.0  18:57:01 42.395123 -72.52692   3     16     59  
1137.0  18:57:10 42.395187 -72.526886   3     11     58  
1137.0  18:57:20 42.395588 -72.52711   3     18     59  
1137.0  18:57:28 42.396263 -72.52744   4     19     40  
1137.0  18:57:36 42.397057 -72.52779   3     15     47  
1137.0  18:57:45 42.39759 -72.52795   5     12     56  
1137.0  18:57:53 42.397617 -72.52797   4     16     50  
1138.0  18:58:00 42.39759 -72.52798   5     14     41  
1138.0  18:58:01 42.397587 -72.52799   4     15     40  
1138.0  18:58:11 42.39791 -72.52807   4     14     52  
1138.0  18:58:19 42.39889 -72.52805   5     14     53  
1138.0  18:58:28 42.40015 -72.527954   4     16     49  
1138.0  18:58:41 42.40131 -72.528076   3     14     53  
1138.0  18:58:49 42.402878 -72.52886   5     15     56  
1138.0  18:58:57 42.403557 -72.52934   3     14     57  
1139.0  18:59:00 42.403786 -72.52945   4     15     41  
1139.0  18:59:07 42.403824 -72.52946   4     19     50  
1139.0  18:59:15 42.403854 -72.529434   3     18     43  
1139.0  18:59:23 42.403885 -72.52941   3     13     52  
1139.0  18:59:32 42.403893 -72.52941   5     19     48  
1139.0  18:59:40 42.404026 -72.529526   5     19     56  
1139.0  18:59:48 42.40468 -72.52969   3     17     51  
1139.0  18:59:59 42.405907 -72.529785   5     14     58  
1140.0  19:00:00 42.40658 -72.52989   4     16     47  
1140.0  19:00:07 42.40712 -72.530045   5     19     50  
1140.0  19:00:15 42.408215 -72.53036   3     10     48  
1140.0  19:00:23 42.40902 -72.53059   4     19     43  
1140.0  19:00:31 42.409286 -72.530655   3     16     58  
1140.0  19:00:39 42.409267 -72.530655   4     14     42  
1140.0  19:00:50 42.409718 -72.53089   5     18     52  
1140.0  19:00:58 42.40982 -72.53097   3     11     52  
1141.0  19:01:00 42.409737 -72.53101   3     16     41  
1141.0  19:01:06 42.40967 -72.53105   4     16     45  
1141.0  19:01:14 42.40956 -72.53113   3     16     44  
1141.0  19:01:22 42.40961 -72.53108   4     15     44  
1141.0  19:01:31 42.40965 -72.53107   5     14     53  
1141.0  19:01:41 42.40985 -72.531296   3     14     57  
1141.0  19:01:49 42.40973 -72.5323   4     11     55  
1141.0  19:01:58 42.409657 -72.53333   5     12     59  
1142.0  19:02:00 42.40962 -72.533615   4     14     59  
1142.0  19:02:07 42.409588 -72.53364   3     12     54  
1142.0  19:02:15 42.409653 -72.533615   4     18     44  
1142.0  19:02:23 42.40969 -72.53369   3     16     56  
1142.0  19:02:33 42.40954 -72.53498   5     15     55  
1142.0  19:02:41 42.409355 -72.5363   3     12     47  
1142.0  19:02:50 42.40908 -72.53751   3     18     58  
1143.0  19:03:00 42.409542 -72.5379   4     17     55  
1143.0  19:03:02 42.409134 -72.537926   5     13     51  
1143.0  19:03:12 42.41066 -72.537766   5     13     48  
1143.0  19:03:21 42.412334 -72.53753   4     18     47  
1143.0  19:03:34 42.415062 -72.53718   3     11     40  
1143.0  19:03:43 42.416924 -72.53693   5     10     58  
1143.0  19:03:51 42.41871 -72.53679   4     15     50  
1144.0  19:04:00 42.42024 -72.53692   4     18     59  
1144.0  19:04:00 42.420975 -72.537056   4     10     54  
1144.0  19:04:08 42.421864 -72.53728   3     19     52  
1144.0  19:04:17 42.423447 -72.53784   3     10     58  
1144.0  19:04:28 42.425297 -72.53888   5     19     53  
1144.0  19:04:36 42.42659 -72.53978   4     14     40  
1144.0  19:04:45 42.42802 -72.54084   3     12     45  
1144.0  19:04:54 42.429424 -72.54199   4     14     59  
1145.0  19:05:00 42.4307 -72.543106   5     19     47  
1145.0  19:05:02 42.43049 -72.54292   5     16     46  
1145.0  19:05:11 42.431114 -72.54348   5     15     46  
1145.0  19:05:22 42.431164 -72.54355   5     14     49  
1145.0  19:05:31 42.43116 -72.54353   5     14     53  
1145.0  19:05:39 42.431168 -72.543526   4     12     44  
1145.0  19:05:48 42.431263 -72.54359   3     10     45  
1145.0  19:05:56 42.43182 -72.54419   5     11     55  
1146.0  19:06:00 42.43275 -72.54498   5     15     54  
1146.0  19:06:05 42.43289 -72.545074   3     11     45  
1146.0  19:06:15 42.434486 -72.545944   5     14     51  
1146.0  19:06:23 42.435795 -72.54658   4     14     45  
1146.0  19:06:32 42.43717 -72.547264   5     13     50  
1146.0  19:06:40 42.438656 -72.5482   4     11     57  
1146.0  19:06:48 42.439953 -72.54926   5     12     55  
1146.0  19:06:57 42.441406 -72.55065   5     14     41  
1147.0  19:07:00 42.44234 -72.551704   4     14     42  
1147.0  19:07:07 42.443 -72.552345   5     11     41  
1147.0  19:07:16 42.44457 -72.55358   5     17     41  
1147.0  19:07:24 42.445904 -72.55441   4     14     46  
1147.0  19:07:32 42.446487 -72.55483   5     14     54  
1147.0  19:07:41 42.446495 -72.55486   4     15     57  
1147.0  19:07:49 42.446526 -72.5549   3     17     55  
1148.0  19:08:00 42.44775 -72.556465   3     17     50  
1148.0  19:08:02 42.447315 -72.55582   3     17     45  
1148.0  19:08:11 42.44856 -72.55793   5     16     58  
1148.0  19:08:19 42.44951 -72.55987   4     18     55  
1148.0  19:08:27 42.450478 -72.561325   5     12     59  
1148.0  19:08:36 42.45142 -72.56269   5     19     45  
1148.0  19:08:45 42.452003 -72.56352   4     13     55  
1148.0  19:08:55 42.452187 -72.56371   5     19     49  
1149.0  19:09:00 42.452232 -72.563675   3     11     51  
1149.0  19:09:04 42.452232 -72.563675   3     14     47  
1149.0  19:09:13 42.45225 -72.56367   5     18     53  
1149.0  19:09:22 42.45227 -72.56366   3     14     58  
1149.0  19:09:30 42.452694 -72.56438   5     16     52  
1149.0  19:09:38 42.45357 -72.56556   3     13     46  
1149.0  19:09:49 42.45501 -72.56704   3     14     58  
1149.0  19:09:58 42.45661 -72.56853   5     18     45  
1150.0  19:10:00 42.457413 -72.5693   4     14     47  
1150.0  19:10:07 42.4579 -72.56975   3     15     49  
1150.0  19:10:15 42.459312 -72.57108   3     17     40  
1150.0  19:10:24 42.460537 -72.57214   4     12     52  
1150.0  19:10:33 42.46195 -72.57301   4     18     55  
1150.0  19:10:43 42.463627 -72.57389   5     13     49  
1150.0  19:10:52 42.46469 -72.57492   5     10     49  
1151.0  19:11:00 42.465343 -72.57581   5     15     58  
1151.0  19:11:01 42.465256 -72.57567   4     12     44  
1151.0  19:11:10 42.46536 -72.57585   5     10     51  
1151.0  19:11:19 42.465343 -72.57586   4     19     42  
1151.0  19:11:27 42.465443 -72.576065   5     15     48  
1151.0  19:11:38 42.465984 -72.57736   5     18     59  
1151.0  19:11:47 42.466312 -72.578674   3     19     47  
1151.0  19:11:55 42.466393 -72.57928   4     18     51  
1152.0  19:12:00 42.46632 -72.57961   4     19     58  
1152.0  19:12:03 42.46632 -72.57961   3     10     59  
1152.0  19:12:12 42.46559 -72.57996   5     19     53  
1152.0  19:12:20 42.46471 -72.580345   5     13     56  
1152.0  19:12:32 42.463253 -72.58088   4     12     52  
1152.0  19:12:41 42.4622 -72.58124   4     17     52  
1152.0  19:12:50 42.461075 -72.58162   4     11     43  
1152.0  19:12:58 42.459873 -72.582   5     15     44  
1153.0  19:13:00 42.45923 -72.58221   3     19     53  
1153.0  19:13:06 42.458836 -72.58235   4     16     41  
1153.0  19:13:15 42.457993 -72.58268   5     18     44  
1153.0  19:13:26 42.457634 -72.582466   4     13     55  
1153.0  19:13:34 42.457542 -72.581795   5     17     51  
1153.0  19:13:42 42.457596 -72.58148   3     11     48  
1153.0  19:13:51 42.45769 -72.58149   4     11     59  
1154.0  19:14:00 42.457706 -72.5815   5     13     49  
1154.0  19:14:00 42.457695 -72.581505   4     10     52  
1154.0  19:14:09 42.4577 -72.58153   4     11     53  
1154.0  19:14:20 42.45773 -72.58155   3     17     55  
1154.0  19:14:28 42.45786 -72.581825   4     15     42  
1154.0  19:14:37 42.45797 -72.58255   5     17     51  
1154.0  19:14:45 42.458164 -72.58266   5     18     40  
1154.0  19:14:54 42.459064 -72.582306   5     14     40  
1155.0  19:15:00 42.459885 -72.58201   4     17     57  
1155.0  19:15:03 42.459835 -72.58203   5     19     55  
1155.0  19:15:14 42.4598 -72.58101   4     19     53  
1155.0  19:15:23 42.45949 -72.57948   5     17     54  
1155.0  19:15:32 42.459335 -72.578476   4     10     43  
1155.0  19:15:40 42.459324 -72.57847   3     13     57  
1155.0  19:15:48 42.45928 -72.57807   4     14     54  
1155.0  19:15:57 42.459095 -72.57688   3     16     41  
1156.0  19:16:00 42.458897 -72.57573   3     10     50  
1156.0  19:16:07 42.458813 -72.57522   4     11     52  
1156.0  19:16:16 42.45855 -72.573715   5     12     55  
1156.0  19:16:24 42.458305 -72.5724   3     13     43  
1156.0  19:16:33 42.458 -72.571266   5     10     46  
1156.0  19:16:41 42.457153 -72.57023   5     18     42  
1156.0  19:16:49 42.456276 -72.569305   3     14     52  
1157.0  19:17:00 42.45521 -72.56821   3     12     48  
1157.0  19:17:00 42.45483 -72.567856   4     13     57  
1157.0  19:17:08 42.45453 -72.56737   3     10     44  
1157.0  19:17:17 42.454597 -72.56675   4     18     50  
1157.0  19:17:26 42.454166 -72.56615   5     19     59  
1157.0  19:17:34 42.4533 -72.56519   5     19     43  
1157.0  19:17:43 42.452343 -72.5639   5     18     50  
1157.0  19:17:54 42.451626 -72.56292   4     10     47  
1158.0  19:18:00 42.45153 -72.562805   5     13     53  
1158.0  19:18:02 42.45153 -72.562805   3     17     43  
1158.0  19:18:11 42.451538 -72.56281   4     14     52  
1158.0  19:18:19 42.45143 -72.5626   5     17     40  
1158.0  19:18:28 42.450798 -72.56166   4     17     45  
1158.0  19:18:36 42.449795 -72.56015   3     14     44  
1158.0  19:18:47 42.44861 -72.55793   3     10     59  
1158.0  19:18:55 42.447754 -72.55628   4     15     53  
1159.0  19:19:00 42.44663 -72.55489   4     12     45  
1159.0  19:19:04 42.44647 -72.554756   3     14     52  
1159.0  19:19:18 42.44512 -72.55382   5     18     49  
1159.0  19:19:27 42.442623 -72.55192   5     18     54  
1159.0  19:19:39 42.440895 -72.549995   5     10     55  
1159.0  19:19:47 42.439346 -72.54861   4     17     47  
1159.0  19:19:56 42.43766 -72.54747   4     17     46  
1160.0  19:20:00 42.436443 -72.54682   4     11     51  
1160.0  19:20:05 42.43627 -72.54673   4     12     45  
1160.0  19:20:14 42.434513 -72.54584   5     17     49  
1160.0  19:20:23 42.433273 -72.54516   5     16     57  
1160.0  19:20:33 42.431576 -72.543846   3     19     56  
1160.0  19:20:42 42.4302 -72.54261   5     15     49  
1160.0  19:20:50 42.42898 -72.541534   3     18     51  
1160.0  19:20:59 42.427685 -72.54051   4     18     40  
1161.0  19:21:00 42.42685 -72.53993   3     14     43  
1161.0  19:21:08 42.426174 -72.53948   3     14     45  
1161.0  19:21:16 42.42465 -72.538506   5     12     52  
1161.0  19:21:30 42.42287 -72.537674   4     15     43  
1161.0  19:21:39 42.420685 -72.53703   4     18     51  
1161.0  19:21:48 42.419033 -72.536835   3     13     58  
1161.0  19:21:56 42.41739 -72.536865   4     12     41  
1162.0  19:22:00 42.41613 -72.53702   3     18     46  
1162.0  19:22:05 42.415955 -72.53704   3     11     50  
1162.0  19:22:13 42.414356 -72.53723   4     14     57  
1162.0  19:22:23 42.412598 -72.53745   3     14     52  
1162.0  19:22:32 42.411324 -72.53761   3     11     50  
1162.0  19:22:41 42.41002 -72.53778   3     11     47  
1162.0  19:22:49 42.409164 -72.53788   4     13     51  
1162.0  19:22:58 42.40896 -72.53788   5     11     55  
1163.0  19:23:00 42.409 -72.537476   3     18     44  
1163.0  19:23:07 42.40913 -72.5371   5     14     42  
1163.0  19:23:18 42.409363 -72.53548   4     19     48  
1163.0  19:23:26 42.40956 -72.534065   4     15     49  
1163.0  19:23:35 42.409645 -72.533424   4     13     50  
1163.0  19:23:43 42.40967 -72.5334   5     19     50  
1163.0  19:23:52 42.40967 -72.5334   4     12     54  
1164.0  19:24:00 42.409763 -72.53264   3     17     52  
1164.0  19:24:00 42.40981 -72.53221   3     17     51  
1164.0  19:24:14 42.40992 -72.53142   4     11     40  
1164.0  19:24:23 42.409966 -72.5311   3     17     54  
1164.0  19:24:32 42.409943 -72.53109   5     15     54  
1164.0  19:24:40 42.409916 -72.531075   5     17     50  
1164.0  19:24:48 42.40959 -72.53076   5     11     56  
1164.0  19:24:57 42.409103 -72.53064   4     12     42  
1165.0  19:25:00 42.409103 -72.53067   4     11     43  
1165.0  19:25:07 42.409107 -72.53068   3     10     44  
1165.0  19:25:15 42.40907 -72.53068   3     15     59  
1165.0  19:25:24 42.40823 -72.53041   3     12     56  
1165.0  19:25:32 42.40715 -72.530075   5     16     48  
1165.0  19:25:41 42.406017 -72.529785   4     15     46  
1165.0  19:25:50 42.404858 -72.52968   5     14     48  
1166.0  19:26:00 42.40333 -72.52916   5     17     49  
1166.0  19:26:01 42.403557 -72.529305   5     16     55  
1166.0  19:26:09 42.402897 -72.528854   3     10     46  
1166.0  19:26:18 42.401882 -72.52829   5     12     57  
1166.0  19:26:26 42.400906 -72.52793   4     10     49  
1166.0  19:26:35 42.39975 -72.52798   5     18     40  
1166.0  19:26:44 42.39868 -72.52807   4     10     52  
1166.0  19:26:54 42.397392 -72.527954   5     14     54  
1167.0  19:27:00 42.396336 -72.52752   3     18     42  
1167.0  19:27:03 42.39645 -72.527565   3     17     48  
1167.0  19:27:11 42.39566 -72.527214   4     11     49  
1167.0  19:27:20 42.39502 -72.52692   5     13     59  
1167.0  19:27:29 42.394173 -72.526474   3     14     42  
1167.0  19:27:37 42.393543 -72.52612   3     11     49  
1167.0  19:27:47 42.393368 -72.52603   3     17     50  
1167.0  19:27:56 42.393383 -72.526024   4     18     42  
1168.0  19:28:00 42.3934 -72.52601   5     13     45  
1168.0  19:28:04 42.393402 -72.52601   3     18     57  
1168.0  19:28:13 42.393425 -72.52599   4     16     54  
1168.0  19:28:21 42.393356 -72.5259   5     16     54  
1168.0  19:28:30 42.39278 -72.52565   4     11     53  
1168.0  19:28:40 42.391823 -72.525406   5     17     56  
1168.0  19:28:48 42.39122 -72.52531   4     12     53  
1168.0  19:28:57 42.390877 -72.525314   3     15     45  
1169.0  19:29:00 42.390873 -72.525276   5     13     58  
1169.0  19:29:05 42.39085 -72.525276   3     10     57  
1169.0  19:29:14 42.39078 -72.5253   3     14     53  
1169.0  19:29:21 42.39064 -72.525246   3     15     57  
1169.0  19:29:32 42.38977 -72.52499   3     10     55  
1169.0  19:29:40 42.389027 -72.52467   3     15     51  
1169.0  19:29:48 42.38854 -72.52442   3     18     45  
1169.0  19:29:57 42.38799 -72.52405   5     19     57  
1170.0  19:30:00 42.387836 -72.5239   3     12     52  
1170.0  19:30:05 42.387836 -72.5239   5     14     45  
1170.0  19:30:14 42.387833 -72.523895   4     12     50  
1170.0  19:30:24 42.387848 -72.52389   4     16     56  
1170.0  19:30:33 42.38785 -72.52388   5     14     42  
1170.0  19:30:41 42.387703 -72.52363   3     10     59  
1170.0  19:30:50 42.387188 -72.52291   5     15     46  
1170.0  19:30:58 42.38655 -72.52239   3     11     57  
1171.0  19:31:00 42.386303 -72.5224   5     17     44  
1171.0  19:31:06 42.386223 -72.52241   3     19     41  
1171.0  19:31:16 42.386147 -72.52243   4     13     45  
1171.0  19:31:24 42.385853 -72.522484   5     15     57  
1171.0  19:31:33 42.385468 -72.52197   4     13     54  
1171.0  19:31:42 42.384727 -72.521515   5     18     50  
1171.0  19:31:51 42.383877 -72.52106   3     14     46  
1172.0  19:32:00 42.382904 -72.52057   4     16     53  
1172.0  19:32:01 42.383114 -72.52065   4     13     59  
1172.0  19:32:12 42.38285 -72.52054   5     15     54  
1172.0  19:32:21 42.382847 -72.52053   4     19     51  
1172.0  19:32:30 42.382782 -72.520515   5     14     40  
1172.0  19:32:41 42.382122 -72.51999   3     14     40  
1172.0  19:32:50 42.381447 -72.519356   5     16     41  
1172.0  19:32:58 42.38077 -72.519356   4     13     56  
1173.0  19:33:00 42.380295 -72.51942   4     14     49  
1173.0  19:33:08 42.379864 -72.51952   3     11     58  
1173.0  19:33:17 42.379574 -72.51968   3     19     54  
1173.0  19:33:25 42.379585 -72.51966   4     10     57  
1173.0  19:33:34 42.379383 -72.51973   5     12     42  
1173.0  19:33:43 42.378616 -72.519936   5     14     43  
1173.0  19:33:51 42.378 -72.51997   5     12     45  
1174.0  19:34:00 42.37787 -72.51999   3     18     40  
1174.0  19:34:02 42.377865 -72.51999   4     15     44  
1174.0  19:34:10 42.37788 -72.51997   4     12     57  
1174.0  19:34:19 42.377895 -72.51994   4     17     55  
1174.0  19:34:28 42.377888 -72.51994   5     16     46  
1174.0  19:34:36 42.377884 -72.51996   5     16     53  
1174.0  19:34:45 42.37786 -72.51998   4     12     57  
1174.0  19:34:55 42.377274 -72.51993   4     10     58  
1175.0  19:35:00 42.376953 -72.51993   5     11     48  
1175.0  19:35:04 42.376953 -72.51993   5     16     48  
1175.0  19:35:13 42.376694 -72.51992   3     12     43  
1175.0  19:35:21 42.376263 -72.519905   3     10     49  
1175.0  19:35:29 42.37614 -72.519905   4     10     40  
1175.0  19:35:38 42.37612 -72.51993   5     14     58  
1175.0  19:35:49 42.376095 -72.51994   3     19     40  
1175.0  19:35:58 42.37592 -72.519936   4     17     55  
1176.0  19:36:00 42.375538 -72.51992   5     16     58  
1176.0  19:36:06 42.37541 -72.5199   3     15     40  
1176.0  19:36:15 42.374836 -72.51988   4     12     54  
1176.0  19:36:24 42.374462 -72.519905   5     12     59  
1176.0  19:36:33 42.374428 -72.519905   3     12     46  
1176.0  19:36:44 42.374386 -72.51985   4     11     48  
1176.0  19:36:53 42.373775 -72.51981   3     16     45  
1177.0  19:37:00 42.37282 -72.519806   4     18     40  
1177.0  19:37:02 42.373024 -72.51982   4     19     57  
1177.0  19:37:10 42.372078 -72.51977   3     17     57  
1177.0  19:37:19 42.371056 -72.51982   4     17     50  
1177.0  19:37:27 42.370056 -72.519875   5     15     55  
1177.0  19:37:54 42.36815 -72.5201   4     10     46  
1178.0  19:38:00 42.364983 -72.520546   5     13     52  
1179.0  19:39:00 42.356007 -72.52104   5     10     41  
1180.0  19:40:00 42.351658 -72.526   3     16     41  
1180.0  19:40:12 42.35166 -72.525955   3     10     43  
1180.0  19:40:22 42.351665 -72.52597   4     11     59  
1180.0  19:40:30 42.35162 -72.52672   5     16     52  
1180.0  19:40:39 42.351536 -72.52738   5     17     46  
1180.0  19:40:47 42.35099 -72.52743   4     12     47  
1180.0  19:40:56 42.350803 -72.52742   5     16     57  
1181.0  19:41:00 42.350388 -72.52742   5     12     44  
1181.0  19:41:05 42.35032 -72.52741   5     19     50  
1181.0  19:41:15 42.34989 -72.5276   4     19     47  
1181.0  19:41:24 42.349712 -72.52794   3     14     40  
1181.0  19:41:32 42.349537 -72.52841   3     16     51  
1181.0  19:41:41 42.34939 -72.52861   5     11     40  
1181.0  19:41:49 42.34895 -72.528885   5     16     55  
1181.0  19:41:58 42.348915 -72.52889   5     16     51  
1182.0  19:42:00 42.34892 -72.52889   4     17     56  
1182.0  19:42:09 42.348927 -72.5289   3     15     49  
1182.0  19:42:17 42.348938 -72.528915   5     10     49  
1182.0  19:42:26 42.348946 -72.52894   5     13     48  
1182.0  19:42:34 42.348953 -72.52894   5     10     46  
1182.0  19:42:43 42.34896 -72.52893   3     11     51  
1182.0  19:42:51 42.34897 -72.52892   5     11     45  
1183.0  19:43:00 42.348972 -72.5289   3     10     48  
1183.0  19:43:02 42.348972 -72.52891   3     15     44  
1183.0  19:43:10 42.348972 -72.52889   4     13     41  
1183.0  19:43:19 42.34896 -72.52891   4     10     54  
1183.0  19:43:27 42.348957 -72.52891   5     13     44  
1183.0  19:43:36 42.348946 -72.52891   3     12     48  
1183.0  19:43:49 42.34895 -72.52889   4     16     40  
1184.0  19:44:00 42.348934 -72.528885   5     10     57  
1184.0  19:44:00 42.348927 -72.52889   3     16     40  
1184.0  19:44:08 42.34891 -72.5289   5     14     48  
1184.0  19:44:17 42.348896 -72.528915   5     10     42  
1184.0  19:44:26 42.348892 -72.528915   5     19     45  
1184.0  19:44:35 42.348873 -72.52895   3     19     49  
1184.0  19:44:43 42.348877 -72.52896   4     14     58  
1184.0  19:44:54 42.34888 -72.52895   4     15     49  
1185.0  19:45:00 42.348843 -72.52894   3     16     55  
1185.0  19:45:03 42.348846 -72.52894   4     11     48  
1185.0  19:45:11 42.348858 -72.52894   4     16     58  
1185.0  19:45:20 42.348835 -72.52895   4     11     46  
1185.0  19:45:28 42.348846 -72.52894   3     14     58  
1185.0  19:45:36 42.34887 -72.52894   3     16     48  
1185.0  19:45:47 42.348873 -72.52893   5     15     44  
1185.0  19:45:56 42.34886 -72.52894   4     10     58  
1186.0  19:46:00 42.348854 -72.52893   3     17     42  
1186.0  19:46:05 42.348858 -72.52893   3     19     59  
1186.0  19:46:13 42.348854 -72.52893   3     16     50  
1186.0  19:46:22 42.34886 -72.52895   4     16     51  
1186.0  19:46:30 42.34887 -72.528946   3     12     51  
1186.0  19:46:40 42.3489 -72.52887   4     13     59  
1186.0  19:46:49 42.348915 -72.52886   4     14     51  
1186.0  19:46:58 42.348923 -72.52886   5     15     42  
1187.0  19:47:00 42.348927 -72.52887   4     14     50  
1187.0  19:47:06 42.348927 -72.52887   5     11     58  
1187.0  19:47:15 42.34893 -72.528885   4     10     44  
1187.0  19:47:24 42.34893 -72.528885   5     10     44  
1187.0  19:47:34 42.348927 -72.5289   3     16     54  
1187.0  19:47:42 42.34893 -72.52891   5     12     43  
1187.0  19:47:51 42.34894 -72.5289   3     12     55  
1187.0  19:47:59 42.348965 -72.52892   3     13     41  
1188.0  19:48:00 42.34897 -72.528946   4     10     41  
1188.0  19:48:08 42.34896 -72.528946   3     17     47  
1188.0  19:48:16 42.34896 -72.52894   5     16     40  
1188.0  19:48:27 42.34896 -72.52895   4     19     57  
1188.0  19:48:36 42.348946 -72.528946   3     17     52  
1188.0  19:48:44 42.34895 -72.52894   3     18     48  
1188.0  19:48:53 42.348854 -72.52894   5     13     44  
1189.0  19:49:00 42.34861 -72.529   3     14     57  
1189.0  19:49:01 42.348694 -72.52896   5     14     40  
1189.0  19:49:10 42.348373 -72.5294   4     13     52  
1189.0  19:49:21 42.348362 -72.52975   4     12     51  
1189.0  19:49:29 42.348488 -72.530464   4     13     45  
1189.0  19:49:38 42.348743 -72.53063   5     16     52  
1189.0  19:49:47 42.349167 -72.530464   5     16     42  
1189.0  19:49:56 42.349655 -72.53033   3     10     59  
1190.0  19:50:00 42.350235 -72.53031   5     16     58  
1190.0  19:50:04 42.350292 -72.53031   3     17     55  
1190.0  19:50:15 42.3506 -72.53033   5     11     52  
1190.0  19:50:24 42.3512 -72.53033   3     16     57  
1190.0  19:50:33 42.351536 -72.5303   4     13     52  
1190.0  19:50:41 42.35161 -72.529655   4     18     48  
1190.0  19:50:50 42.351597 -72.528305   3     17     55  
1190.0  19:50:59 42.3516 -72.52694   3     19     59  
1191.0  19:51:00 42.35156 -72.52653   4     13     57  
1191.0  19:51:10 42.351543 -72.526474   5     17     57  
1192.0  19:52:00 42.354485 -72.52185   5     14     52  
1193.0  19:53:00 42.36023 -72.520775   3     12     57  
1193.0  19:53:38 42.36495 -72.520546   5     10     53  
1194.0  19:54:00 42.368465 -72.520004   3     19     56  
1195.0  19:55:00 42.37302 -72.519775   5     16     57  
1195.0  19:55:31 42.37352 -72.519806   5     19     46  
1196.0  19:56:00 42.374577 -72.51979   4     14     45  
1196.0  19:56:11 42.3743 -72.51983   5     18     41  
1196.0  19:56:14 42.3743 -72.51983   3     12     44  
1196.0  19:56:23 42.37488 -72.519806   3     15     59  
1196.0  19:56:33 42.3757 -72.51984   3     10     49  
1196.0  19:56:42 42.3763 -72.51988   3     11     45  
1196.0  19:56:50 42.376873 -72.519875   5     15     46  
1196.0  19:56:59 42.377373 -72.51984   4     18     55  
1197.0  19:57:00 42.377434 -72.51985   4     14     56  
1197.0  19:57:07 42.37745 -72.51985   5     11     41  
1197.0  19:57:16 42.377483 -72.519875   5     10     51  
1197.0  19:57:26 42.377487 -72.519875   3     18     41  
1197.0  19:57:35 42.37748 -72.51987   3     15     53  
1197.0  19:57:44 42.37759 -72.519875   4     12     45  
1197.0  19:57:53 42.378334 -72.51992   4     11     58  
1198.0  19:58:00 42.37921 -72.51979   3     14     52  
1198.0  19:58:01 42.37903 -72.51985   3     12     44  
1198.0  19:58:17 42.37965 -72.519585   4     10     54  
1198.0  19:58:30 42.37983 -72.51952   5     10     54  
1198.0  19:58:38 42.380623 -72.519356   4     12     48  
1198.0  19:58:48 42.381367 -72.51929   5     19     46  
1199.0  19:59:00 42.382515 -72.52021   3     17     46  
1199.0  19:59:08 42.38198 -72.51973   4     19     46  
1199.0  19:59:19 42.383774 -72.52097   3     19     46  
1199.0  19:59:28 42.38468 -72.52147   4     13     45  
1199.0  19:59:36 42.385548 -72.52191   4     13     56  
1199.0  19:59:45 42.385975 -72.5223   5     16     48  
1199.0  19:59:54 42.386375 -72.522385   5     10     41  
1200.0  20:00:00 42.387115 -72.52283   4     14     40  
1200.0  20:00:03 42.386993 -72.52269   4     11     42  
1200.0  20:00:13 42.387604 -72.523445   5     11     49  
1200.0  20:00:22 42.387703 -72.52354   3     13     46  
1200.0  20:00:30 42.38773 -72.523544   4     12     42  
1200.0  20:00:38 42.387745 -72.523544   4     19     57  
1200.0  20:00:47 42.387764 -72.523544   4     10     46  
1200.0  20:00:56 42.38777 -72.52354   4     15     48  
1201.0  20:01:00 42.387775 -72.52354   3     10     58  
1201.0  20:01:06 42.38778 -72.52354   3     15     58  
1201.0  20:01:14 42.38778 -72.52354   5     13     42  
1201.0  20:01:23 42.387726 -72.52354   3     13     42  
1201.0  20:01:31 42.387684 -72.52354   4     18     59  
1201.0  20:01:40 42.387714 -72.523636   5     10     45  
1201.0  20:01:48 42.38814 -72.524124   5     13     42  
1202.0  20:02:00 42.38935 -72.52482   3     11     58  
1202.0  20:02:02 42.388878 -72.52458   4     12     43  
1202.0  20:02:11 42.39012 -72.52508   4     12     42  
1202.0  20:02:19 42.390816 -72.5252   5     18     40  
1202.0  20:02:28 42.39116 -72.52528   4     16     42  
1202.0  20:02:36 42.3912 -72.52536   5     14     44  
1202.0  20:02:45 42.391224 -72.5254   3     11     50  
1202.0  20:02:55 42.391823 -72.5255   5     11     49  
1203.0  20:03:00 42.392544 -72.52566   4     12     41  
1203.0  20:03:03 42.392544 -72.52566   4     13     41  
1203.0  20:03:11 42.39322 -72.52589   3     17     43  
1203.0  20:03:19 42.393757 -72.52611   4     12     52  
1203.0  20:03:28 42.3939 -72.52619   4     18     57  
1203.0  20:03:37 42.39393 -72.526146   5     15     52  
1203.0  20:03:47 42.39392 -72.52614   3     18     53  
1203.0  20:03:55 42.39389 -72.52617   4     15     57  
1204.0  20:04:00 42.39392 -72.52619   3     15     54  
1204.0  20:04:04 42.39392 -72.52619   3     12     51  
1204.0  20:04:12 42.39433 -72.526505   4     16     57  
1204.0  20:04:20 42.395035 -72.52691   5     12     52  
1204.0  20:04:29 42.395874 -72.52731   5     15     52  
1204.0  20:04:39 42.397015 -72.5278   5     11     54  
1204.0  20:04:48 42.39788 -72.52811   4     11     44  
1204.0  20:04:57 42.39902 -72.5281   5     19     58  
1205.0  20:05:00 42.400005 -72.52799   5     12     57  
1205.0  20:05:06 42.400303 -72.52796   4     16     40  
1205.0  20:05:14 42.401543 -72.52811   3     18     55  
1205.0  20:05:22 42.402508 -72.52858   5     16     47  
1205.0  20:05:32 42.403572 -72.52932   5     11     48  
1205.0  20:05:45 42.40394 -72.52951   4     16     53  
1205.0  20:05:54 42.404026 -72.52951   5     10     57  
1206.0  20:06:00 42.40404 -72.52955   5     11     45  
1206.0  20:06:02 42.40403 -72.529526   4     16     44  
1206.0  20:06:11 42.404484 -72.52972   3     18     40  
1206.0  20:06:19 42.405617 -72.52975   3     19     46  
1206.0  20:06:30 42.406982 -72.53   5     18     50  
1206.0  20:06:38 42.40824 -72.53039   5     14     49  
1206.0  20:06:47 42.409115 -72.530655   4     19     55  
1206.0  20:06:55 42.409252 -72.53074   4     16     59  
1207.0  20:07:00 42.409233 -72.53072   5     11     53  
1207.0  20:07:04 42.409233 -72.53072   5     13     52  
1207.0  20:07:13 42.40947 -72.530846   5     10     58  
1207.0  20:07:23 42.409996 -72.531166   4     18     59  
1207.0  20:07:32 42.40985 -72.532265   5     16     50  
1207.0  20:07:41 42.409718 -72.533485   5     12     44  
1207.0  20:07:50 42.40969 -72.53359   4     11     58  
1207.0  20:07:58 42.40968 -72.53358   4     12     44  
1208.0  20:08:00 42.409676 -72.53358   4     14     45  
1208.0  20:08:07 42.40967 -72.53358   5     11     42  
1208.0  20:08:18 42.409565 -72.534454   3     17     41  
1208.0  20:08:27 42.409405 -72.53591   4     19     44  
1208.0  20:08:35 42.40922 -72.5371   4     15     47  
1208.0  20:08:44 42.40912 -72.5378   3     11     56  
1208.0  20:08:53 42.409554 -72.53788   4     11     54  
1209.0  20:09:00 42.41116 -72.537674   4     11     44  
1209.0  20:09:01 42.410828 -72.53771   3     13     58  
1209.0  20:09:14 42.412643 -72.537476   3     13     47  
1209.0  20:09:23 42.414787 -72.53721   3     13     52  
1209.0  20:09:31 42.416363 -72.53701   3     14     57  
1209.0  20:09:40 42.41813 -72.53683   3     17     50  
1209.0  20:09:49 42.419903 -72.53689   5     18     48  
1209.0  20:09:57 42.42144 -72.53714   5     10     54  
1210.0  20:10:00 42.42275 -72.53754   4     18     46  
1210.0  20:10:08 42.423286 -72.537766   5     17     41  
1210.0  20:10:17 42.424862 -72.538605   4     16     54  
1210.0  20:10:26 42.42659 -72.539764   4     11     42  
1210.0  20:10:35 42.428123 -72.54085   3     18     51  
1210.0  20:10:43 42.42943 -72.54189   5     14     48  
1210.0  20:10:52 42.430798 -72.5431   4     10     55  
1211.0  20:11:00 42.432472 -72.54455   4     17     50  
1211.0  20:11:02 42.432312 -72.54442   4     16     52  
1211.0  20:11:11 42.433804 -72.54545   4     10     46  
1211.0  20:11:20 42.435192 -72.546196   3     14     49  
1211.0  20:11:28 42.436775 -72.54698   5     14     54  
1211.0  20:11:36 42.43813 -72.54774   5     19     40  
1211.0  20:11:45 42.43952 -72.54878   5     12     50  
1211.0  20:11:56 42.441017 -72.55018   4     13     58  
1212.0  20:12:00 42.442165 -72.55143   4     17     53  
1212.0  20:12:04 42.44231 -72.55159   5     10     40  
1212.0  20:12:13 42.443665 -72.55287   5     15     51  
1212.0  20:12:22 42.44514 -72.55389   5     17     45  
1212.0  20:12:30 42.44647 -72.554794   4     18     52  
1212.0  20:12:39 42.447727 -72.55625   4     12     56  
1212.0  20:12:50 42.448826 -72.55829   3     19     42  
1212.0  20:12:58 42.449833 -72.56014   3     10     50  
1213.0  20:13:00 42.450436 -72.561035   4     19     48  
1213.0  20:13:08 42.450905 -72.56171   3     12     58  
1213.0  20:13:16 42.451817 -72.56303   4     10     42  
1213.0  20:13:25 42.45228 -72.56364   4     16     58  
1213.0  20:13:33 42.452293 -72.56368   5     10     46  
1213.0  20:13:45 42.45229 -72.563675   3     19     42  
1213.0  20:13:53 42.45229 -72.563675   3     17     50  
1214.0  20:14:00 42.452297 -72.56369   4     18     59  
1214.0  20:14:02 42.452293 -72.563675   4     18     48  
1214.0  20:14:11 42.452633 -72.56425   3     12     58  
1214.0  20:14:19 42.453545 -72.56543   5     13     54  
1214.0  20:14:28 42.454597 -72.566505   5     17     46  
1214.0  20:14:39 42.45619 -72.568016   5     11     43  
1214.0  20:14:47 42.45757 -72.56931   4     15     44  
1214.0  20:14:56 42.459007 -72.57068   3     13     53  
1215.0  20:15:00 42.46012 -72.571686   3     15     46  
1215.0  20:15:04 42.46027 -72.57181   3     19     40  
1215.0  20:15:15 42.461506 -72.572655   4     15     55  
1215.0  20:15:23 42.463223 -72.573616   5     13     42  
1215.0  20:15:35 42.46463 -72.5748   5     15     44  
1215.0  20:15:44 42.46554 -72.57615   4     15     56  
1215.0  20:15:53 42.466106 -72.57759   3     15     46  
1216.0  20:16:00 42.46641 -72.57918   4     12     58  
1216.0  20:16:01 42.466377 -72.57892   3     14     47  
1216.0  20:16:10 42.46636 -72.57966   3     17     42  
1216.0  20:16:18 42.46545 -72.58009   4     14     51  
1216.0  20:16:34 42.464184 -72.58063   3     18     48  
1216.0  20:16:43 42.46221 -72.581276   5     12     49  
1216.0  20:16:52 42.46096 -72.5817   5     15     58  
1217.0  20:17:00 42.459755 -72.58209   4     16     58  
1217.0  20:17:00 42.459373 -72.582214   3     11     44  
1217.0  20:17:08 42.45875 -72.582436   4     14     52  
1217.0  20:17:18 42.4578 -72.582794   3     19     55  
1217.0  20:17:27 42.45762 -72.58237   3     14     48  
1217.0  20:17:35 42.457516 -72.58165   3     13     53  
1217.0  20:17:43 42.457684 -72.58149   3     17     48  
1217.0  20:17:52 42.457706 -72.58148   3     18     59  
1218.0  20:18:00 42.45772 -72.58148   4     12     44  
1218.0  20:18:00 42.457733 -72.58148   4     18     47  
1218.0  20:18:11 42.45775 -72.58148   3     11     54  
1218.0  20:18:19 42.45776 -72.58149   5     19     46  
1228.0  20:28:09 42.457985 -72.58262   3     19     40  
1228.0  20:28:22 42.45867 -72.58241   3     15     55  
1228.0  20:28:34 42.45987 -72.58199   3     13     51  
1228.0  20:28:47 42.45974 -72.5806   5     17     50  
1230.0  20:30:50 42.4545 -72.56647   3     19     55  
1231.0  20:31:02 42.45334 -72.56525   5     17     43  
1231.0  20:31:15 42.45214 -72.56362   3     15     41  
1231.0  20:31:27 42.451008 -72.56199   4     11     41  
1231.0  20:31:39 42.449577 -72.559814   5     13     57  
1232.0  20:32:41 42.441402 -72.55054   5     17     47  
1232.0  20:32:52 42.43959 -72.54877   3     18     40  
1233.0  20:33:00 42.437473 -72.54729   5     12     42  
1233.0  20:33:01 42.43825 -72.547714   4     14     55  
1233.0  20:33:09 42.436516 -72.546814   3     19     45  
1233.0  20:33:17 42.43503 -72.54608   5     16     52  
1233.0  20:33:26 42.43358 -72.5453   5     11     43  
1233.0  20:33:35 42.4322 -72.54432   3     14     54  
1233.0  20:33:46 42.430546 -72.5429   4     13     49  
1233.0  20:33:55 42.429207 -72.54174   5     15     53  
1234.0  20:34:00 42.427975 -72.540764   3     18     51  
1234.0  20:34:03 42.427975 -72.540764   5     19     41  
1234.0  20:34:12 42.426495 -72.53975   4     10     41  
1234.0  20:34:20 42.425163 -72.53887   3     19     51  
1234.0  20:34:31 42.423832 -72.5381   4     15     42  
1234.0  20:34:41 42.421566 -72.53727   5     10     56  
1234.0  20:34:50 42.420128 -72.53697   5     12     46  
1234.0  20:34:58 42.418434 -72.536835   4     16     40  
1235.0  20:35:00 42.41749 -72.53687   3     12     48  
1235.0  20:35:07 42.41693 -72.53693   5     10     51  
1235.0  20:35:15 42.415295 -72.53712   3     13     53  
1235.0  20:35:24 42.41363 -72.53731   3     19     57  
1235.0  20:35:34 42.411804 -72.53752   3     11     47  
1235.0  20:35:45 42.410263 -72.53771   3     13     52  
1235.0  20:35:54 42.409176 -72.53787   4     12     57  
1236.0  20:36:00 42.408943 -72.53788   3     11     59  
1236.0  20:36:04 42.40895 -72.53789   5     11     47  
1236.0  20:36:15 42.4089 -72.537865   4     15     46  
1236.0  20:36:25 42.408855 -72.5377   4     12     57  
1236.0  20:36:34 42.409203 -72.53675   5     17     49  
1296.0  21:36:22 42.45767 -72.58151   5     18     53  
1296.0  21:36:35 42.457726 -72.58153   5     14     53  
1296.0  21:36:48 42.45764 -72.5815   3     12     48  
1297.0  21:37:00 42.457626 -72.58142   5     13     47  
1299.0  21:39:05 42.45754 -72.57067   4     16     41  
1299.0  21:39:20 42.456306 -72.5694   3     10     43  
1299.0  21:39:33 42.454853 -72.56786   3     18     51  
1299.0  21:39:45 42.45447 -72.56675   3     16     55  
1301.0  21:41:03 42.448185 -72.55748   4     18     56  
1301.0  21:41:12 42.447132 -72.5556   3     13     57  
1301.0  21:41:21 42.44617 -72.55437   3     11     40  
1301.0  21:41:30 42.444656 -72.55354   5     15     41  
1301.0  21:41:38 42.443367 -72.55269   4     13     59  
1301.0  21:41:47 42.44214 -72.55157   4     10     40  
1301.0  21:41:56 42.440807 -72.55006   5     11     58  
1302.0  21:42:06 42.438965 -72.54845   5     17     51  
1302.0  21:42:15 42.43748 -72.54738   5     12     51  
1302.0  21:42:24 42.436054 -72.546585   4     14     53  
1302.0  21:42:32 42.434414 -72.54583   3     13     50  
1302.0  21:42:41 42.433033 -72.545044   4     14     48  
1302.0  21:42:49 42.43181 -72.5441   4     19     50  
1302.0  21:42:59 42.430256 -72.54271   3     10     44  
1303.0  21:43:08 42.42886 -72.541466   5     11     45  
1303.0  21:43:16 42.427578 -72.540474   3     19     45  
1303.0  21:43:25 42.426254 -72.53958   3     14     52  
1303.0  21:43:37 42.424717 -72.53861   4     17     47  
1303.0  21:43:45 42.422653 -72.53758   4     11     50  
1303.0  21:43:56 42.420868 -72.537   3     10     40  
1304.0  21:44:04 42.419132 -72.536705   5     19     53  
1304.0  21:44:13 42.41765 -72.53668   4     10     56  
1304.0  21:44:21 42.416046 -72.53688   5     19     51  
1304.0  21:44:30 42.41451 -72.5371   4     10     49  
1304.0  21:44:38 42.413193 -72.53726   3     13     50  
1304.0  21:44:49 42.411564 -72.537445   5     12     53  
1304.0  21:44:57 42.410152 -72.53762   3     18     42  
1305.0  21:45:06 42.409267 -72.53773   3     12     47  
1305.0  21:45:14 42.408867 -72.53778   5     18     48  
1305.0  21:45:23 42.408863 -72.537796   3     15     49  
1305.0  21:45:32 42.408867 -72.53779   3     11     48  
1305.0  21:45:42 42.40881 -72.537735   4     18     42  
1305.0  21:45:50 42.40897 -72.537   4     15     45  
1305.0  21:45:59 42.409184 -72.53592   5     14     51  
1306.0  21:46:07 42.409317 -72.53451   3     13     43  
1306.0  21:46:16 42.40943 -72.53349   5     19     47  
1306.0  21:46:25 42.409443 -72.533295   5     13     44  
1306.0  21:46:35 42.409477 -72.533226   4     15     58  
1306.0  21:46:44 42.409565 -72.53221   5     18     48  
1306.0  21:46:52 42.4097 -72.531235   3     19     52  
1307.0  21:47:01 42.40976 -72.53106   4     11     58  
1307.0  21:47:10 42.409794 -72.53103   4     14     48  
1307.0  21:47:18 42.4098 -72.53103   4     17     56  
1307.0  21:47:28 42.40961 -72.53073   5     11     46  
1307.0  21:47:37 42.408916 -72.53053   4     16     58  
1307.0  21:47:46 42.408924 -72.53062   4     18     50  
1307.0  21:47:55 42.408882 -72.53059   4     19     44  
1308.0  21:48:03 42.40811 -72.53034   4     12     58  
1308.0  21:48:12 42.406998 -72.52997   3     17     48  
1308.0  21:48:22 42.405724 -72.52964   3     18     51  
1308.0  21:48:30 42.40469 -72.52958   3     14     53  
1308.0  21:48:39 42.40357 -72.529396   3     18     59  
1308.0  21:48:48 42.402756 -72.52881   3     10     52  
1308.0  21:48:57 42.40179 -72.528145   4     14     51  
1309.0  21:49:05 42.400753 -72.52774   3     18     57  
1309.0  21:49:17 42.399292 -72.527885   3     16     42  
1309.0  21:49:25 42.398132 -72.52798   4     14     52  
1309.0  21:49:34 42.39711 -72.52777   5     18     51  
1309.0  21:49:43 42.396236 -72.52743   3     18     57  
1309.0  21:49:51 42.395412 -72.52705   3     12     55  
1310.0  21:50:00 42.39513 -72.52698   4     18     44  
1310.0  21:50:15 42.395035 -72.52704   3     19     56  
1310.0  21:50:23 42.395042 -72.52706   4     18     46  
1310.0  21:50:32 42.395058 -72.52706   4     10     59  
1310.0  21:50:40 42.395042 -72.527054   5     18     46  
1310.0  21:50:48 42.395107 -72.527016   4     12     58  
1310.0  21:50:57 42.394665 -72.52674   3     19     46  
1311.0  21:51:10 42.393898 -72.526115   4     19     48  
1311.0  21:51:18 42.39343 -72.525894   3     17     58  
1311.0  21:51:26 42.39336 -72.525894   5     14     44  
1311.0  21:51:35 42.393394 -72.52592   5     13     49  
1311.0  21:51:44 42.393387 -72.52589   4     16     59  
1311.0  21:51:52 42.39331 -72.52582   4     10     59  
1312.0  21:52:02 42.392513 -72.525475   4     15     41  
1312.0  21:52:11 42.391735 -72.52518   4     14     53  
1312.0  21:52:19 42.39105 -72.524925   3     15     40  
1312.0  21:52:28 42.39089 -72.52489   5     18     48  
1312.0  21:52:37 42.3909 -72.52495   5     15     49  
1312.0  21:52:45 42.39083 -72.52501   3     12     51  
1312.0  21:52:56 42.38997 -72.524895   3     16     47  
1313.0  21:53:04 42.389126 -72.52465   5     11     51  
1313.0  21:53:12 42.388176 -72.52424   5     16     55  
1313.0  21:53:21 42.38769 -72.52387   3     12     53  
1313.0  21:53:29 42.38769 -72.52385   3     14     49  
1313.0  21:53:38 42.38771 -72.52383   4     14     46  
1313.0  21:53:48 42.387745 -72.5238   4     15     45  
1313.0  21:53:57 42.387512 -72.52355   3     11     47  
1314.0  21:54:05 42.38691 -72.52274   3     11     45  
1314.0  21:54:13 42.386356 -72.522316   4     12     40  
1314.0  21:54:22 42.38591 -72.522224   3     10     49  
1314.0  21:54:30 42.38552 -72.522064   4     18     52  
1314.0  21:54:40 42.384644 -72.52143   3     18     59  
1314.0  21:54:50 42.38375 -72.520996   5     16     54  
1315.0  21:55:00 42.382866 -72.52061   5     13     54  
1315.0  21:55:09 42.382774 -72.52046   5     15     56  
1315.0  21:55:17 42.382793 -72.52045   5     17     45  
1315.0  21:55:26 42.38273 -72.52043   4     14     46  
1315.0  21:55:36 42.38191 -72.51986   3     18     47  
1315.0  21:55:45 42.3815 -72.51945   5     14     49  
1315.0  21:55:54 42.381393 -72.51929   4     19     59  
1316.0  21:56:02 42.380623 -72.519356   3     17     54  
1316.0  21:56:11 42.379795 -72.51953   4     19     56  
1316.0  21:56:20 42.379036 -72.51987   3     13     50  
1316.0  21:56:31 42.37814 -72.51994   3     10     54  
1316.0  21:56:40 42.377853 -72.51998   5     19     41  
1316.0  21:56:48 42.37784 -72.51996   5     12     41  
1316.0  21:56:57 42.37786 -72.519966   4     14     57  
1317.0  21:57:06 42.37766 -72.519936   5     11     51  
1317.0  21:57:14 42.376987 -72.51994   4     11     49  
1317.0  21:57:26 42.37627 -72.51994   3     12     41  
1317.0  21:57:34 42.376118 -72.519966   5     17     58  
1317.0  21:57:43 42.375786 -72.51993   5     17     40  
1317.0  21:57:52 42.375156 -72.51988   4     12     47  
1318.0  21:58:01 42.37451 -72.51985   4     18     46  
1318.0  21:58:10 42.374393 -72.51986   3     10     42  
1318.0  21:58:39 42.374413 -72.51989   3     12     57  
1319.0  21:59:30 42.369915 -72.51987   4     19     57  
1319.0  21:59:41 42.367287 -72.520226   3     18     45  
1319.0  21:59:51 42.36582 -72.52043   5     17     42  
1320.0  22:00:00 42.36436 -72.520676   3     10     48  
1320.0  22:00:15 42.36296 -72.520805   3     17     50  
1320.0  22:00:43 42.362553 -72.52083   4     10     52  
1322.0  22:02:34 42.35188 -72.524376   3     11     46  
1323.0  22:03:48 42.350266 -72.52747   3     11     49  
1323.0  22:03:59 42.349827 -72.52768   4     10     55  
1324.0  22:04:07 42.349625 -72.5282   3     14     55  
1324.0  22:04:16 42.349503 -72.528465   3     16     53  
1324.0  22:04:25 42.34915 -72.528824   5     10     43  
1324.0  22:04:33 42.348915 -72.5289   4     10     52  
1324.0  22:04:41 42.34891 -72.5289   5     12     59  
1324.0  22:04:52 42.348904 -72.528915   5     13     52  
1338.0  22:18:50 42.348877 -72.528885   3     11     41  
1339.0  22:19:02 42.348866 -72.52886   3     18     49  
1339.0  22:19:15 42.348675 -72.52891   4     18     42  
1339.0  22:19:28 42.34831 -72.529396   3     16     59  
1340.0  22:20:27 42.35028 -72.53034   3     18     42  
1340.0  22:20:37 42.350456 -72.53031   4     14     48  
1340.0  22:20:46 42.350452 -72.530304   5     11     48  
1340.0  22:20:55 42.350513 -72.53032   3     13     44  
1341.0  22:21:00 42.35099 -72.53034   3     19     44  
1341.0  22:21:04 42.35099 -72.53034   5     16     57  
1341.0  22:21:13 42.351425 -72.530334   4     11     44  
1341.0  22:21:21 42.351578 -72.530045   4     15     44  
1341.0  22:21:31 42.35157 -72.52842   5     12     44  
1341.0  22:21:40 42.351574 -72.52692   5     19     51  
1341.0  22:21:48 42.351627 -72.5257   4     19     59  
1341.0  22:21:57 42.35182 -72.524376   5     13     56  
1342.0  22:22:00 42.352253 -72.52339   5     14     48  
1342.0  22:22:05 42.35248 -72.52318   5     10     47  
1342.0  22:22:46 42.353592 -72.522415   5     17     48  
1343.0  22:23:00 42.356716 -72.52101   3     15     54  
1343.0  22:23:13 42.358105 -72.52092   4     19     55  
1343.0  22:23:23 42.359653 -72.52081   4     10     40  
