602.0  10:02:44 0.0 -0.0   3     10     44  
602.0  10:02:55 0.0 -0.0   3     10     46  
603.0  10:03:03 0.0 -0.0   5     19     58  
603.0  10:03:11 0.0 -0.0   3     19     55  
603.0  10:03:20 0.0 -0.0   5     18     52  
603.0  10:03:28 0.0 -0.0   4     15     40  
603.0  10:03:36 0.0 -0.0   3     19     52  
603.0  10:03:44 0.0 -0.0   4     16     58  
604.0  10:04:49 0.0 -0.0   5     18     41  
605.0  10:05:00 0.0 -0.0   3     13     40  
605.0  10:05:09 0.0 -0.0   3     12     50  
605.0  10:05:17 0.0 -0.0   5     18     55  
605.0  10:05:27 0.0 -0.0   4     15     44  
605.0  10:05:35 0.0 -0.0   4     10     47  
605.0  10:05:45 0.0 -0.0   3     16     46  
605.0  10:05:53 0.0 -0.0   5     14     41  
606.0  10:06:02 0.0 -0.0   5     18     43  
606.0  10:06:10 0.0 -0.0   4     18     50  
606.0  10:06:20 0.0 -0.0   4     16     40  
606.0  10:06:28 0.0 -0.0   5     19     56  
606.0  10:06:36 0.0 -0.0   4     15     52  
606.0  10:06:45 0.0 -0.0   5     14     59  
606.0  10:06:53 0.0 -0.0   3     11     53  
607.0  10:07:01 0.0 -0.0   5     17     56  
607.0  10:07:12 0.0 -0.0   3     19     45  
607.0  10:07:23 0.0 -0.0   4     15     59  
607.0  10:07:31 0.0 -0.0   5     17     56  
607.0  10:07:39 0.0 -0.0   3     16     46  
607.0  10:07:47 0.0 -0.0   3     19     46  
607.0  10:07:56 0.0 -0.0   5     13     41  
608.0  10:08:07 0.0 -0.0   5     14     54  
608.0  10:08:15 0.0 -0.0   5     13     42  
608.0  10:08:24 0.0 -0.0   3     13     58  
608.0  10:08:32 0.0 -0.0   4     14     52  
608.0  10:08:40 0.0 -0.0   3     17     40  
608.0  10:08:48 0.0 -0.0   5     12     50  
608.0  10:08:59 0.0 -0.0   4     16     42  
609.0  10:09:08 0.0 -0.0   5     16     40  
609.0  10:09:17 0.0 -0.0   3     17     42  
609.0  10:09:29 0.0 -0.0   5     18     43  
609.0  10:09:37 0.0 -0.0   5     19     53  
609.0  10:09:46 0.0 -0.0   4     19     58  
609.0  10:09:59 0.0 -0.0   4     18     48  
610.0  10:10:08 0.0 -0.0   3     10     44  
610.0  10:10:18 0.0 -0.0   3     11     46  
610.0  10:10:30 0.0 -0.0   5     13     50  
610.0  10:10:39 0.0 -0.0   5     16     57  
610.0  10:10:50 0.0 -0.0   4     18     59  
610.0  10:10:58 0.0 -0.0   3     13     59  
611.0  10:11:07 0.0 -0.0   3     17     42  
611.0  10:11:15 0.0 -0.0   3     19     40  
611.0  10:11:23 0.0 -0.0   5     10     45  
611.0  10:11:32 0.0 -0.0   4     11     46  
611.0  10:11:43 0.0 -0.0   5     11     48  
611.0  10:11:51 0.0 -0.0   5     17     52  
612.0  10:12:00 0.0 -0.0   5     19     41  
612.0  10:12:08 0.0 -0.0   4     17     57  
612.0  10:12:16 0.0 -0.0   5     18     42  
612.0  10:12:24 0.0 -0.0   5     19     59  
612.0  10:12:35 0.0 -0.0   3     14     46  
612.0  10:12:43 0.0 -0.0   4     16     40  
612.0  10:12:51 0.0 -0.0   5     16     48  
613.0  10:13:00 0.0 -0.0   3     17     59  
613.0  10:13:08 0.0 -0.0   5     16     56  
613.0  10:13:16 0.0 -0.0   4     17     47  
613.0  10:13:26 0.0 -0.0   5     13     58  
613.0  10:13:35 0.0 -0.0   5     13     46  
613.0  10:13:47 0.0 -0.0   4     19     47  
613.0  10:13:57 0.0 -0.0   5     16     49  
614.0  10:14:05 0.0 -0.0   4     10     49  
614.0  10:14:15 0.0 -0.0   5     14     51  
614.0  10:14:24 0.0 -0.0   3     11     52  
614.0  10:14:32 0.0 -0.0   3     17     51  
614.0  10:14:41 0.0 -0.0   3     11     53  
614.0  10:14:49 0.0 -0.0   5     19     41  
614.0  10:14:59 0.0 -0.0   5     14     56  
615.0  10:15:09 0.0 -0.0   4     13     54  
615.0  10:15:17 0.0 -0.0   5     12     52  
615.0  10:15:25 0.0 -0.0   4     13     53  
615.0  10:15:34 0.0 -0.0   3     19     57  
615.0  10:15:43 0.0 -0.0   4     11     56  
615.0  10:15:51 0.0 -0.0   4     13     51  
616.0  10:16:01 0.0 -0.0   4     11     56  
616.0  10:16:09 0.0 -0.0   5     17     42  
616.0  10:16:17 0.0 -0.0   3     14     54  
616.0  10:16:25 0.0 -0.0   4     10     40  
616.0  10:16:33 0.0 -0.0   4     13     49  
616.0  10:16:41 0.0 -0.0   3     15     49  
616.0  10:16:52 0.0 -0.0   5     17     58  
617.0  10:17:01 0.0 -0.0   4     16     41  
617.0  10:17:10 0.0 -0.0   4     14     48  
617.0  10:17:18 0.0 -0.0   5     17     43  
617.0  10:17:26 0.0 -0.0   3     11     57  
617.0  10:17:34 0.0 -0.0   5     15     51  
617.0  10:17:45 0.0 -0.0   3     13     53  
617.0  10:17:54 0.0 -0.0   5     14     55  
618.0  10:18:02 0.0 -0.0   3     10     50  
618.0  10:18:10 0.0 -0.0   3     17     45  
618.0  10:18:19 0.0 -0.0   5     10     48  
618.0  10:18:27 0.0 -0.0   5     18     56  
618.0  10:18:38 0.0 -0.0   3     14     51  
618.0  10:18:46 0.0 -0.0   5     10     40  
618.0  10:18:54 0.0 -0.0   5     13     52  
619.0  10:19:03 0.0 -0.0   4     19     43  
619.0  10:19:11 0.0 -0.0   5     18     44  
619.0  10:19:20 0.0 -0.0   4     11     51  
619.0  10:19:30 0.0 -0.0   5     17     48  
619.0  10:19:38 0.0 -0.0   4     12     54  
619.0  10:19:46 0.0 -0.0   4     10     46  
619.0  10:19:55 0.0 -0.0   4     12     52  
620.0  10:20:04 0.0 -0.0   3     19     52  
620.0  10:20:12 0.0 -0.0   5     17     47  
620.0  10:20:23 0.0 -0.0   3     18     57  
620.0  10:20:31 0.0 -0.0   5     12     41  
620.0  10:20:39 0.0 -0.0   4     16     46  
620.0  10:20:47 0.0 -0.0   3     19     49  
620.0  10:20:56 0.0 -0.0   4     16     44  
621.0  10:21:04 0.0 -0.0   3     18     54  
621.0  10:21:15 0.0 -0.0   4     13     56  
621.0  10:21:25 0.0 -0.0   3     13     43  
621.0  10:21:33 0.0 -0.0   4     15     58  
621.0  10:21:41 0.0 -0.0   4     17     43  
621.0  10:21:50 0.0 -0.0   3     16     54  
621.0  10:21:58 0.0 -0.0   3     10     49  
622.0  10:22:09 0.0 -0.0   5     12     56  
622.0  10:22:17 0.0 -0.0   5     15     58  
622.0  10:22:26 0.0 -0.0   5     16     56  
622.0  10:22:34 0.0 -0.0   4     11     56  
622.0  10:22:43 0.0 -0.0   3     11     50  
622.0  10:22:52 0.0 -0.0   5     17     49  
623.0  10:23:03 0.0 -0.0   5     11     54  
623.0  10:23:11 0.0 -0.0   4     19     56  
623.0  10:23:19 0.0 -0.0   3     15     54  
623.0  10:23:28 0.0 -0.0   5     13     40  
623.0  10:23:36 0.0 -0.0   3     14     44  
623.0  10:23:44 0.0 -0.0   3     18     40  
623.0  10:23:55 0.0 -0.0   4     14     43  
624.0  10:24:03 0.0 -0.0   3     16     59  
624.0  10:24:12 0.0 -0.0   3     13     42  
624.0  10:24:20 0.0 -0.0   5     13     43  
624.0  10:24:28 0.0 -0.0   5     17     54  
624.0  10:24:36 0.0 -0.0   5     17     58  
624.0  10:24:46 0.0 -0.0   4     19     59  
624.0  10:24:55 0.0 -0.0   3     11     40  
625.0  10:25:03 0.0 -0.0   4     13     44  
625.0  10:25:11 0.0 -0.0   5     12     59  
625.0  10:25:19 0.0 -0.0   5     13     53  
625.0  10:25:29 0.0 -0.0   3     19     41  
625.0  10:25:39 0.0 -0.0   3     17     55  
625.0  10:25:47 0.0 -0.0   5     13     56  
625.0  10:25:55 0.0 -0.0   4     14     41  
626.0  10:26:09 0.0 -0.0   3     16     48  
627.0  10:27:21 0.0 -0.0   3     16     55  
627.0  10:27:32 0.0 -0.0   3     16     48  
627.0  10:27:42 0.0 -0.0   3     14     41  
627.0  10:27:50 0.0 -0.0   5     15     56  
627.0  10:27:58 0.0 -0.0   3     18     53  
628.0  10:28:07 0.0 -0.0   5     14     40  
628.0  10:28:16 0.0 -0.0   4     19     56  
628.0  10:28:27 0.0 -0.0   3     13     52  
628.0  10:28:36 0.0 -0.0   4     12     55  
628.0  10:28:44 0.0 -0.0   5     19     51  
628.0  10:28:52 0.0 -0.0   4     11     46  
629.0  10:29:00 0.0 -0.0   5     12     59  
629.0  10:29:08 0.0 -0.0   4     18     43  
629.0  10:29:19 0.0 -0.0   5     17     41  
629.0  10:29:27 0.0 -0.0   5     11     44  
629.0  10:29:36 0.0 -0.0   5     15     43  
629.0  10:29:44 0.0 -0.0   5     18     49  
629.0  10:29:52 0.0 -0.0   4     15     41  
630.0  10:30:01 0.0 -0.0   5     17     56  
630.0  10:30:12 0.0 -0.0   3     14     56  
630.0  10:30:20 0.0 -0.0   4     17     57  
630.0  10:30:28 0.0 -0.0   5     19     53  
630.0  10:30:37 0.0 -0.0   3     14     48  
630.0  10:30:45 0.0 -0.0   3     11     47  
630.0  10:30:54 0.0 -0.0   5     18     52  
631.0  10:31:08 0.0 -0.0   3     10     53  
631.0  10:31:17 0.0 -0.0   3     16     56  
631.0  10:31:25 0.0 -0.0   4     16     40  
631.0  10:31:33 0.0 -0.0   4     19     53  
631.0  10:31:41 0.0 -0.0   5     18     48  
631.0  10:31:50 0.0 -0.0   3     15     44  
632.0  10:32:00 0.0 -0.0   4     12     51  
632.0  10:32:10 0.0 -0.0   5     11     40  
632.0  10:32:18 0.0 -0.0   3     19     52  
632.0  10:32:26 0.0 -0.0   3     18     44  
632.0  10:32:34 0.0 -0.0   4     14     44  
632.0  10:32:42 0.0 -0.0   4     16     51  
632.0  10:32:52 0.0 -0.0   3     13     47  
633.0  10:33:00 0.0 -0.0   3     15     59  
633.0  10:33:09 0.0 -0.0   4     17     42  
633.0  10:33:17 0.0 -0.0   5     12     43  
633.0  10:33:25 0.0 -0.0   5     11     49  
633.0  10:33:34 0.0 -0.0   3     14     55  
633.0  10:33:50 0.0 -0.0   3     10     42  
633.0  10:33:58 0.0 -0.0   4     17     49  
634.0  10:34:06 0.0 -0.0   4     14     50  
634.0  10:34:19 0.0 -0.0   4     10     59  
634.0  10:34:27 0.0 -0.0   5     13     52  
634.0  10:34:36 0.0 -0.0   4     17     58  
634.0  10:34:47 0.0 -0.0   3     18     56  
634.0  10:34:55 0.0 -0.0   5     14     55  
635.0  10:35:03 0.0 -0.0   4     15     49  
635.0  10:35:11 0.0 -0.0   5     12     50  
635.0  10:35:20 0.0 -0.0   4     16     52  
635.0  10:35:28 0.0 -0.0   3     15     42  
635.0  10:35:39 0.0 -0.0   5     14     44  
635.0  10:35:48 0.0 -0.0   3     17     53  
635.0  10:35:57 0.0 -0.0   4     16     43  
636.0  10:36:05 0.0 -0.0   4     13     51  
636.0  10:36:14 0.0 -0.0   5     19     53  
636.0  10:36:22 0.0 -0.0   5     16     48  
636.0  10:36:33 0.0 -0.0   3     13     49  
636.0  10:36:41 0.0 -0.0   5     16     45  
636.0  10:36:49 0.0 -0.0   3     12     49  
636.0  10:36:58 0.0 -0.0   4     11     46  
637.0  10:37:06 0.0 -0.0   5     17     41  
637.0  10:37:17 0.0 -0.0   3     17     49  
637.0  10:37:27 0.0 -0.0   3     16     48  
637.0  10:37:36 0.0 -0.0   5     17     46  
637.0  10:37:44 0.0 -0.0   5     13     57  
637.0  10:37:52 0.0 -0.0   3     16     58  
638.0  10:38:01 0.0 -0.0   4     19     46  
638.0  10:38:09 0.0 -0.0   3     16     54  
638.0  10:38:20 0.0 -0.0   4     13     49  
638.0  10:38:28 0.0 -0.0   4     14     41  
638.0  10:38:36 0.0 -0.0   5     18     42  
638.0  10:38:45 0.0 -0.0   5     11     51  
638.0  10:38:53 0.0 -0.0   4     10     45  
639.0  10:39:02 0.0 -0.0   5     12     42  
639.0  10:39:12 0.0 -0.0   5     17     51  
639.0  10:39:20 0.0 -0.0   3     11     44  
639.0  10:39:28 0.0 -0.0   4     17     53  
639.0  10:39:37 0.0 -0.0   4     16     40  
639.0  10:39:45 0.0 -0.0   3     15     56  
639.0  10:39:53 0.0 -0.0   4     11     58  
640.0  10:40:04 0.0 -0.0   5     15     58  
640.0  10:40:13 0.0 -0.0   4     13     52  
640.0  10:40:22 0.0 -0.0   4     19     57  
640.0  10:40:31 0.0 -0.0   4     10     54  
640.0  10:40:39 0.0 -0.0   3     13     42  
640.0  10:40:50 0.0 -0.0   5     11     41  
641.0  10:41:00 0.0 -0.0   5     15     58  
641.0  10:41:09 0.0 -0.0   3     14     50  
641.0  10:41:17 0.0 -0.0   4     18     56  
641.0  10:41:26 0.0 -0.0   5     12     56  
641.0  10:41:34 0.0 -0.0   3     14     59  
641.0  10:41:42 0.0 -0.0   3     15     46  
641.0  10:41:56 0.0 -0.0   4     15     40  
642.0  10:42:07 0.0 -0.0   3     19     41  
642.0  10:42:15 0.0 -0.0   3     13     58  
642.0  10:42:23 0.0 -0.0   4     13     43  
642.0  10:42:31 0.0 -0.0   4     19     46  
642.0  10:42:40 0.0 -0.0   5     13     58  
642.0  10:42:49 0.0 -0.0   4     11     55  
643.0  10:43:00 0.0 -0.0   5     15     46  
643.0  10:43:09 0.0 -0.0   5     14     58  
643.0  10:43:30 0.0 -0.0   4     19     51  
643.0  10:43:39 0.0 -0.0   5     14     57  
643.0  10:43:54 0.0 -0.0   4     14     57  
644.0  10:44:02 0.0 -0.0   3     15     43  
644.0  10:44:10 0.0 -0.0   5     11     43  
644.0  10:44:18 0.0 -0.0   4     10     47  
644.0  10:44:26 0.0 -0.0   5     16     55  
644.0  10:44:35 0.0 -0.0   3     12     54  
644.0  10:44:45 0.0 -0.0   3     13     50  
644.0  10:44:53 0.0 -0.0   5     19     58  
645.0  10:45:01 0.0 -0.0   4     10     52  
645.0  10:45:10 0.0 -0.0   3     14     57  
645.0  10:45:18 0.0 -0.0   5     15     42  
645.0  10:45:26 0.0 -0.0   4     16     51  
645.0  10:45:37 0.0 -0.0   4     18     52  
645.0  10:45:45 0.0 -0.0   3     14     57  
645.0  10:45:53 0.0 -0.0   5     12     40  
646.0  10:46:01 0.0 -0.0   5     11     59  
646.0  10:46:10 0.0 -0.0   3     15     47  
646.0  10:46:18 0.0 -0.0   3     13     52  
646.0  10:46:28 0.0 -0.0   5     10     48  
646.0  10:46:38 0.0 -0.0   4     18     56  
646.0  10:46:47 0.0 -0.0   3     15     41  
646.0  10:46:55 0.0 -0.0   3     18     51  
647.0  10:47:03 0.0 -0.0   3     17     42  
647.0  10:47:11 0.0 -0.0   3     17     49  
647.0  10:47:23 0.0 -0.0   4     16     51  
647.0  10:47:31 0.0 -0.0   4     15     48  
647.0  10:47:39 0.0 -0.0   3     11     46  
647.0  10:47:47 0.0 -0.0   3     12     55  
647.0  10:47:55 0.0 -0.0   4     18     47  
648.0  10:48:03 0.0 -0.0   3     13     45  
648.0  10:48:14 0.0 -0.0   3     12     41  
648.0  10:48:23 0.0 -0.0   3     13     49  
648.0  10:48:44 0.0 -0.0   3     13     56  
648.0  10:48:56 0.0 -0.0   5     18     44  
649.0  10:49:10 0.0 -0.0   5     13     49  
649.0  10:49:20 0.0 -0.0   4     16     40  
649.0  10:49:28 0.0 -0.0   5     14     55  
649.0  10:49:37 0.0 -0.0   4     16     53  
649.0  10:49:45 0.0 -0.0   3     18     57  
649.0  10:49:54 0.0 -0.0   5     19     59  
650.0  10:50:05 0.0 -0.0   4     12     58  
650.0  10:50:14 0.0 -0.0   4     17     45  
650.0  10:50:22 0.0 -0.0   4     13     58  
650.0  10:50:30 0.0 -0.0   5     14     48  
650.0  10:50:38 0.0 -0.0   4     11     54  
650.0  10:50:47 0.0 -0.0   4     15     50  
650.0  10:50:57 0.0 -0.0   5     16     50  
651.0  10:51:06 0.0 -0.0   5     16     43  
651.0  10:51:15 0.0 -0.0   4     17     44  
651.0  10:51:24 0.0 -0.0   5     19     56  
651.0  10:51:32 0.0 -0.0   3     17     48  
651.0  10:51:41 0.0 -0.0   3     12     58  
651.0  10:51:51 0.0 -0.0   5     16     51  
652.0  10:52:00 0.0 -0.0   4     12     46  
652.0  10:52:08 0.0 -0.0   5     18     45  
652.0  10:52:17 0.0 -0.0   5     12     56  
652.0  10:52:25 0.0 -0.0   3     11     57  
652.0  10:52:34 0.0 -0.0   5     10     40  
652.0  10:52:45 0.0 -0.0   3     10     55  
652.0  10:52:54 0.0 -0.0   3     19     59  
653.0  10:53:02 0.0 -0.0   3     19     48  
653.0  10:53:11 0.0 -0.0   3     16     52  
653.0  10:53:20 0.0 -0.0   4     19     45  
653.0  10:53:30 0.0 -0.0   5     15     54  
653.0  10:53:40 0.0 -0.0   3     16     48  
653.0  10:53:49 0.0 -0.0   5     12     57  
653.0  10:53:57 0.0 -0.0   5     16     53  
654.0  10:54:07 0.0 -0.0   3     19     49  
654.0  10:54:15 0.0 -0.0   5     12     49  
654.0  10:54:23 0.0 -0.0   4     14     53  
654.0  10:54:33 0.0 -0.0   3     17     56  
654.0  10:54:43 0.0 -0.0   5     18     56  
654.0  10:54:51 0.0 -0.0   4     15     46  
654.0  10:54:59 0.0 -0.0   3     14     56  
655.0  10:55:07 0.0 -0.0   4     11     47  
655.0  10:55:15 0.0 -0.0   5     10     41  
655.0  10:55:26 0.0 -0.0   3     12     54  
655.0  10:55:34 0.0 -0.0   4     19     46  
655.0  10:55:42 0.0 -0.0   3     10     42  
655.0  10:55:51 0.0 -0.0   3     11     42  
655.0  10:55:59 0.0 -0.0   5     16     57  
656.0  10:56:08 0.0 -0.0   4     16     41  
656.0  10:56:19 0.0 -0.0   4     13     41  
656.0  10:56:28 0.0 -0.0   4     17     53  
656.0  10:56:36 0.0 -0.0   4     14     57  
656.0  10:56:45 0.0 -0.0   4     12     52  
656.0  10:56:53 0.0 -0.0   5     18     46  
657.0  10:57:01 0.0 -0.0   5     18     44  
657.0  10:57:12 0.0 -0.0   4     14     51  
657.0  10:57:20 0.0 -0.0   4     11     55  
657.0  10:57:29 0.0 -0.0   3     15     52  
657.0  10:57:37 0.0 -0.0   4     16     42  
657.0  10:57:46 0.0 -0.0   5     18     57  
657.0  10:57:54 0.0 -0.0   4     11     58  
658.0  10:58:05 0.0 -0.0   3     10     50  
658.0  10:58:14 0.0 -0.0   3     13     59  
658.0  10:58:23 0.0 -0.0   4     13     53  
658.0  10:58:32 0.0 -0.0   3     12     46  
658.0  10:58:40 0.0 -0.0   3     18     50  
658.0  10:58:48 0.0 -0.0   3     15     54  
658.0  10:58:59 0.0 -0.0   3     19     50  
659.0  10:59:08 0.0 -0.0   5     14     46  
659.0  10:59:16 0.0 -0.0   5     12     40  
659.0  10:59:25 0.0 -0.0   3     18     44  
659.0  10:59:33 0.0 -0.0   3     12     45  
659.0  10:59:41 0.0 -0.0   3     12     58  
659.0  10:59:51 0.0 -0.0   5     18     56  
660.0  11:00:00 0.0 -0.0   3     19     52  
660.0  11:00:08 0.0 -0.0   3     10     54  
660.0  11:00:17 0.0 -0.0   5     19     42  
660.0  11:00:25 0.0 -0.0   3     13     58  
660.0  11:00:33 0.0 -0.0   4     19     54  
660.0  11:00:44 0.0 -0.0   5     16     59  
660.0  11:00:52 0.0 -0.0   3     16     50  
661.0  11:01:01 0.0 -0.0   3     11     46  
661.0  11:01:09 0.0 -0.0   3     17     55  
661.0  11:01:18 0.0 -0.0   3     11     42  
661.0  11:01:26 0.0 -0.0   3     19     45  
661.0  11:01:36 0.0 -0.0   5     12     56  
661.0  11:01:46 0.0 -0.0   4     10     54  
661.0  11:01:54 0.0 -0.0   4     13     59  
662.0  11:02:03 0.0 -0.0   3     16     59  
662.0  11:02:11 0.0 -0.0   4     12     52  
662.0  11:02:20 0.0 -0.0   5     15     55  
662.0  11:02:30 0.0 -0.0   5     17     52  
662.0  11:02:38 0.0 -0.0   5     12     44  
662.0  11:02:47 0.0 -0.0   3     14     40  
662.0  11:02:55 0.0 -0.0   5     16     48  
663.0  11:03:03 0.0 -0.0   4     18     52  
663.0  11:03:11 0.0 -0.0   3     15     49  
663.0  11:03:23 0.0 -0.0   5     11     54  
663.0  11:03:31 0.0 -0.0   3     19     51  
663.0  11:03:40 0.0 -0.0   5     14     57  
663.0  11:03:48 0.0 -0.0   3     17     58  
663.0  11:03:56 0.0 -0.0   4     15     57  
664.0  11:04:04 0.0 -0.0   3     12     43  
664.0  11:04:14 0.0 -0.0   3     18     41  
664.0  11:04:22 0.0 -0.0   3     12     53  
664.0  11:04:31 0.0 -0.0   4     19     48  
664.0  11:04:40 0.0 -0.0   3     11     47  
664.0  11:04:51 0.0 -0.0   5     10     57  
664.0  11:04:59 0.0 -0.0   5     16     45  
665.0  11:05:08 0.0 -0.0   3     12     48  
665.0  11:05:17 0.0 -0.0   5     10     47  
665.0  11:05:25 0.0 -0.0   3     19     45  
665.0  11:05:34 0.0 -0.0   3     10     46  
665.0  11:05:42 0.0 -0.0   3     19     58  
665.0  11:05:50 0.0 -0.0   3     16     56  
666.0  11:06:00 0.0 -0.0   3     16     41  
666.0  11:06:08 0.0 -0.0   3     17     59  
666.0  11:06:16 0.0 -0.0   3     14     57  
666.0  11:06:25 0.0 -0.0   4     15     58  
666.0  11:06:33 0.0 -0.0   3     11     59  
666.0  11:06:41 0.0 -0.0   4     19     43  
666.0  11:06:51 0.0 -0.0   4     18     59  
666.0  11:06:59 0.0 -0.0   4     18     44  
667.0  11:07:07 0.0 -0.0   5     12     51  
667.0  11:07:16 0.0 -0.0   3     17     53  
667.0  11:07:24 0.0 -0.0   3     19     44  
667.0  11:07:32 0.0 -0.0   4     19     46  
667.0  11:07:42 0.0 -0.0   3     12     51  
667.0  11:07:51 0.0 -0.0   4     13     57  
668.0  11:08:00 0.0 -0.0   3     11     53  
668.0  11:08:09 0.0 -0.0   4     17     58  
668.0  11:08:17 0.0 -0.0   3     19     50  
668.0  11:08:26 0.0 -0.0   3     10     51  
668.0  11:08:36 0.0 -0.0   3     10     52  
668.0  11:08:46 0.0 -0.0   3     17     44  
668.0  11:08:54 0.0 -0.0   3     10     48  
669.0  11:09:02 0.0 -0.0   4     13     48  
669.0  11:09:11 0.0 -0.0   3     13     57  
669.0  11:09:19 0.0 -0.0   3     19     52  
669.0  11:09:31 0.0 -0.0   3     19     52  
669.0  11:09:40 0.0 -0.0   3     14     44  
669.0  11:09:48 0.0 -0.0   4     17     50  
669.0  11:09:57 0.0 -0.0   4     18     54  
670.0  11:10:10 0.0 -0.0   4     10     47  
670.0  11:10:22 0.0 -0.0   3     13     53  
670.0  11:10:31 0.0 -0.0   4     10     40  
670.0  11:10:39 0.0 -0.0   3     11     40  
670.0  11:10:48 0.0 -0.0   3     15     46  
670.0  11:10:56 0.0 -0.0   3     16     59  
671.0  11:11:04 0.0 -0.0   3     10     45  
671.0  11:11:15 0.0 -0.0   4     10     52  
671.0  11:11:24 0.0 -0.0   5     18     44  
671.0  11:11:32 0.0 -0.0   5     13     52  
671.0  11:11:40 0.0 -0.0   5     14     45  
671.0  11:11:49 0.0 -0.0   5     13     50  
671.0  11:11:58 0.0 -0.0   3     14     54  
672.0  11:12:08 0.0 -0.0   5     12     53  
672.0  11:12:17 0.0 -0.0   5     17     50  
672.0  11:12:25 0.0 -0.0   4     19     52  
672.0  11:12:34 0.0 -0.0   5     13     59  
672.0  11:12:44 0.0 -0.0   5     13     46  
672.0  11:12:52 0.0 -0.0   4     16     53  
673.0  11:13:03 0.0 -0.0   4     19     56  
673.0  11:13:15 0.0 -0.0   3     18     44  
673.0  11:13:25 0.0 -0.0   3     19     56  
673.0  11:13:36 0.0 -0.0   4     17     56  
673.0  11:13:46 0.0 -0.0   3     15     41  
673.0  11:13:58 0.0 -0.0   3     16     45  
674.0  11:14:06 0.0 -0.0   5     16     59  
674.0  11:14:14 0.0 -0.0   4     15     54  
674.0  11:14:23 0.0 -0.0   5     13     56  
674.0  11:14:31 0.0 -0.0   3     17     42  
674.0  11:14:40 0.0 -0.0   5     12     52  
674.0  11:14:51 0.0 -0.0   4     15     57  
674.0  11:14:59 0.0 -0.0   3     11     47  
675.0  11:15:08 0.0 -0.0   4     19     51  
675.0  11:15:16 0.0 -0.0   4     10     53  
675.0  11:15:25 0.0 -0.0   5     17     46  
675.0  11:15:33 0.0 -0.0   3     13     43  
675.0  11:15:44 0.0 -0.0   5     19     53  
675.0  11:15:52 0.0 -0.0   3     15     40  
676.0  11:16:01 0.0 -0.0   4     15     40  
676.0  11:16:09 0.0 -0.0   5     13     47  
676.0  11:16:18 0.0 -0.0   5     17     53  
676.0  11:16:30 0.0 -0.0   3     12     54  
676.0  11:16:43 0.0 -0.0   3     17     52  
676.0  11:16:51 0.0 -0.0   4     15     49  
676.0  11:16:59 0.0 -0.0   4     10     48  
677.0  11:17:07 0.0 -0.0   3     12     45  
677.0  11:17:16 0.0 -0.0   3     13     52  
677.0  11:17:24 0.0 -0.0   3     13     56  
677.0  11:17:34 0.0 -0.0   5     16     57  
677.0  11:17:42 0.0 -0.0   5     15     42  
677.0  11:17:51 0.0 -0.0   4     18     50  
678.0  11:18:00 0.0 -0.0   4     18     46  
678.0  11:18:08 0.0 -0.0   4     10     42  
678.0  11:18:16 0.0 -0.0   5     14     51  
678.0  11:18:27 0.0 -0.0   5     16     49  
678.0  11:18:35 0.0 -0.0   5     17     54  
678.0  11:18:43 0.0 -0.0   3     16     43  
678.0  11:18:51 0.0 -0.0   3     16     47  
678.0  11:18:59 0.0 -0.0   4     19     57  
679.0  11:19:07 0.0 -0.0   4     11     48  
679.0  11:19:17 0.0 -0.0   5     13     48  
679.0  11:19:26 0.0 -0.0   3     12     43  
679.0  11:19:34 0.0 -0.0   3     11     58  
679.0  11:19:42 0.0 -0.0   4     11     51  
679.0  11:19:51 0.0 -0.0   5     15     51  
679.0  11:19:59 0.0 -0.0   4     12     50  
680.0  11:20:10 0.0 -0.0   5     11     49  
680.0  11:20:18 0.0 -0.0   3     18     54  
680.0  11:20:26 0.0 -0.0   5     15     53  
680.0  11:20:34 0.0 -0.0   4     17     56  
680.0  11:20:42 0.0 -0.0   5     16     46  
680.0  11:20:50 0.0 -0.0   3     14     57  
681.0  11:21:00 0.0 -0.0   3     19     54  
681.0  11:21:13 0.0 -0.0   4     13     41  
681.0  11:21:21 0.0 -0.0   3     14     40  
681.0  11:21:29 0.0 -0.0   4     13     43  
681.0  11:21:38 0.0 -0.0   5     16     43  
681.0  11:21:47 0.0 -0.0   5     13     42  
681.0  11:21:57 0.0 -0.0   3     19     40  
682.0  11:22:05 0.0 -0.0   5     18     47  
682.0  11:22:13 0.0 -0.0   4     13     42  
682.0  11:22:21 0.0 -0.0   3     14     41  
682.0  11:22:29 0.0 -0.0   3     13     42  
682.0  11:22:37 0.0 -0.0   4     18     56  
682.0  11:22:48 0.0 -0.0   3     11     42  
682.0  11:22:56 0.0 -0.0   3     15     44  
683.0  11:23:04 0.0 -0.0   4     19     56  
683.0  11:23:12 0.0 -0.0   4     13     54  
683.0  11:23:21 0.0 -0.0   5     11     48  
683.0  11:23:29 0.0 -0.0   3     15     43  
683.0  11:23:39 0.0 -0.0   3     15     52  
683.0  11:23:48 0.0 -0.0   3     10     51  
683.0  11:23:56 0.0 -0.0   3     14     50  
684.0  11:24:04 0.0 -0.0   5     16     57  
684.0  11:24:13 0.0 -0.0   4     19     58  
684.0  11:24:21 0.0 -0.0   4     12     56  
684.0  11:24:31 0.0 -0.0   4     11     48  
684.0  11:24:39 0.0 -0.0   5     16     56  
684.0  11:24:47 0.0 -0.0   3     13     44  
684.0  11:24:56 0.0 -0.0   5     11     44  
685.0  11:25:04 0.0 -0.0   3     13     41  
685.0  11:25:12 0.0 -0.0   3     14     55  
685.0  11:25:22 0.0 -0.0   5     11     53  
685.0  11:25:30 0.0 -0.0   3     10     46  
685.0  11:25:38 0.0 -0.0   3     15     41  
685.0  11:25:46 0.0 -0.0   3     18     43  
685.0  11:25:54 0.0 -0.0   3     15     59  
686.0  11:26:03 0.0 -0.0   4     16     53  
686.0  11:26:13 0.0 -0.0   5     16     50  
686.0  11:26:21 0.0 -0.0   5     14     46  
686.0  11:26:29 0.0 -0.0   4     17     59  
686.0  11:26:38 0.0 -0.0   4     14     52  
686.0  11:26:46 0.0 -0.0   4     14     40  
686.0  11:26:54 0.0 -0.0   3     18     41  
687.0  11:27:05 0.0 -0.0   3     10     49  
687.0  11:27:13 0.0 -0.0   3     13     40  
687.0  11:27:21 0.0 -0.0   3     10     48  
687.0  11:27:29 0.0 -0.0   4     10     54  
687.0  11:27:37 0.0 -0.0   4     13     43  
687.0  11:27:45 0.0 -0.0   3     17     45  
687.0  11:27:56 0.0 -0.0   3     17     43  
688.0  11:28:04 0.0 -0.0   5     14     59  
688.0  11:28:12 0.0 -0.0   4     11     49  
688.0  11:28:21 0.0 -0.0   4     12     48  
688.0  11:28:29 0.0 -0.0   4     11     41  
688.0  11:28:37 0.0 -0.0   3     16     45  
688.0  11:28:47 0.0 -0.0   3     10     49  
688.0  11:28:55 0.0 -0.0   5     17     50  
689.0  11:29:04 0.0 -0.0   3     18     58  
689.0  11:29:14 0.0 -0.0   3     13     52  
689.0  11:29:27 0.0 -0.0   5     19     53  
689.0  11:29:35 0.0 -0.0   5     11     46  
689.0  11:29:45 0.0 -0.0   4     19     46  
689.0  11:29:53 0.0 -0.0   4     13     54  
690.0  11:30:03 0.0 -0.0   4     15     40  
690.0  11:30:13 0.0 -0.0   3     18     49  
690.0  11:30:21 0.0 -0.0   4     12     55  
690.0  11:30:29 0.0 -0.0   4     10     56  
690.0  11:30:40 0.0 -0.0   3     18     45  
690.0  11:30:48 0.0 -0.0   5     14     55  
690.0  11:30:56 0.0 -0.0   3     11     57  
691.0  11:31:04 0.0 -0.0   5     18     45  
691.0  11:31:12 0.0 -0.0   4     17     44  
691.0  11:31:20 0.0 -0.0   5     16     56  
691.0  11:31:31 0.0 -0.0   4     16     43  
691.0  11:31:40 0.0 -0.0   4     14     53  
691.0  11:31:48 0.0 -0.0   5     12     46  
691.0  11:31:57 0.0 -0.0   4     15     46  
692.0  11:32:05 0.0 -0.0   5     15     41  
692.0  11:32:13 0.0 -0.0   3     14     58  
692.0  11:32:23 0.0 -0.0   5     14     45  
692.0  11:32:32 0.0 -0.0   3     12     47  
692.0  11:32:40 0.0 -0.0   4     11     53  
692.0  11:32:48 0.0 -0.0   3     12     43  
692.0  11:32:57 0.0 -0.0   4     18     42  
693.0  11:33:05 0.0 -0.0   5     19     56  
693.0  11:33:16 0.0 -0.0   4     16     43  
693.0  11:33:24 0.0 -0.0   3     13     59  
693.0  11:33:33 0.0 -0.0   3     18     52  
693.0  11:33:41 0.0 -0.0   5     17     54  
693.0  11:33:49 0.0 -0.0   3     10     57  
693.0  11:33:57 0.0 -0.0   3     18     46  
694.0  11:34:07 0.0 -0.0   3     18     56  
694.0  11:34:16 0.0 -0.0   3     12     51  
694.0  11:34:24 0.0 -0.0   5     13     55  
694.0  11:34:32 0.0 -0.0   3     14     46  
694.0  11:34:40 0.0 -0.0   4     16     58  
694.0  11:34:48 0.0 -0.0   3     17     40  
694.0  11:34:58 0.0 -0.0   3     17     44  
695.0  11:35:06 0.0 -0.0   3     18     53  
695.0  11:35:15 0.0 -0.0   4     12     55  
695.0  11:35:23 0.0 -0.0   5     19     59  
695.0  11:35:32 0.0 -0.0   3     13     58  
695.0  11:35:40 0.0 -0.0   5     17     40  
695.0  11:35:51 0.0 -0.0   5     16     59  
695.0  11:35:59 0.0 -0.0   4     16     49  
696.0  11:36:09 0.0 -0.0   3     14     50  
696.0  11:36:17 0.0 -0.0   3     19     51  
696.0  11:36:26 0.0 -0.0   4     17     46  
696.0  11:36:34 0.0 -0.0   5     14     51  
696.0  11:36:44 0.0 -0.0   5     11     53  
696.0  11:36:53 0.0 -0.0   3     14     55  
697.0  11:37:01 0.0 -0.0   4     11     43  
697.0  11:37:09 0.0 -0.0   5     18     52  
697.0  11:37:17 0.0 -0.0   5     17     55  
697.0  11:37:25 0.0 -0.0   4     19     47  
697.0  11:37:35 0.0 -0.0   4     13     47  
697.0  11:37:44 0.0 -0.0   3     10     57  
697.0  11:37:52 0.0 -0.0   4     15     52  
698.0  11:38:00 0.0 -0.0   5     18     53  
698.0  11:38:08 0.0 -0.0   5     18     54  
698.0  11:38:17 0.0 -0.0   4     15     58  
698.0  11:38:27 0.0 -0.0   3     18     40  
698.0  11:38:35 0.0 -0.0   5     18     59  
698.0  11:38:43 0.0 -0.0   5     16     49  
698.0  11:38:51 0.0 -0.0   3     11     40  
699.0  11:39:00 0.0 -0.0   5     17     56  
699.0  11:39:08 0.0 -0.0   5     12     59  
699.0  11:39:18 0.0 -0.0   4     11     47  
699.0  11:39:26 0.0 -0.0   3     15     44  
699.0  11:39:34 0.0 -0.0   5     18     43  
699.0  11:39:42 0.0 -0.0   5     12     48  
699.0  11:39:50 0.0 -0.0   5     19     54  
699.0  11:39:58 0.0 -0.0   3     18     53  
700.0  11:40:09 0.0 -0.0   4     11     44  
700.0  11:40:17 0.0 -0.0   5     15     56  
700.0  11:40:25 0.0 -0.0   5     18     40  
700.0  11:40:33 0.0 -0.0   5     19     53  
700.0  11:40:41 0.0 -0.0   3     14     45  
700.0  11:40:50 0.0 -0.0   5     11     56  
701.0  11:41:01 0.0 -0.0   4     19     52  
701.0  11:41:09 0.0 -0.0   3     16     46  
701.0  11:41:17 0.0 -0.0   5     19     48  
701.0  11:41:26 0.0 -0.0   3     15     51  
701.0  11:41:34 0.0 -0.0   3     15     40  
701.0  11:41:42 0.0 -0.0   3     14     47  
701.0  11:41:53 0.0 -0.0   5     18     40  
702.0  11:42:01 0.0 -0.0   5     12     47  
702.0  11:42:09 0.0 -0.0   5     13     45  
702.0  11:42:18 0.0 -0.0   5     10     49  
702.0  11:42:26 0.0 -0.0   4     12     51  
702.0  11:42:34 0.0 -0.0   3     15     44  
702.0  11:42:46 0.0 -0.0   5     12     45  
702.0  11:42:54 0.0 -0.0   5     19     47  
703.0  11:43:02 0.0 -0.0   4     14     54  
703.0  11:43:12 0.0 -0.0   3     16     55  
703.0  11:43:20 0.0 -0.0   5     15     51  
703.0  11:43:29 0.0 -0.0   3     18     50  
703.0  11:43:40 0.0 -0.0   5     14     55  
703.0  11:43:50 0.0 -0.0   4     11     48  
704.0  11:44:06 0.0 -0.0   5     16     41  
704.0  11:44:29 0.0 -0.0   3     15     47  
704.0  11:44:50 0.0 -0.0   4     11     53  
705.0  11:45:06 0.0 -0.0   5     17     48  
705.0  11:45:15 0.0 -0.0   5     10     51  
705.0  11:45:23 0.0 -0.0   5     19     56  
705.0  11:45:31 0.0 -0.0   4     13     58  
705.0  11:45:44 0.0 -0.0   5     11     55  
705.0  11:45:52 0.0 -0.0   3     10     54  
706.0  11:46:00 0.0 -0.0   3     11     58  
706.0  11:46:09 0.0 -0.0   4     18     57  
706.0  11:46:17 0.0 -0.0   3     16     43  
706.0  11:46:25 0.0 -0.0   4     11     44  
706.0  11:46:37 0.0 -0.0   3     18     43  
706.0  11:46:46 0.0 -0.0   4     11     59  
706.0  11:46:55 0.0 -0.0   3     13     54  
707.0  11:47:04 0.0 -0.0   5     14     42  
707.0  11:47:12 0.0 -0.0   4     16     50  
707.0  11:47:29 0.0 -0.0   4     15     43  
707.0  11:47:40 0.0 -0.0   3     19     41  
707.0  11:47:49 0.0 -0.0   4     15     58  
707.0  11:47:58 0.0 -0.0   3     14     42  
708.0  11:48:06 0.0 -0.0   5     19     58  
708.0  11:48:22 0.0 -0.0   4     13     56  
708.0  11:48:33 0.0 -0.0   4     13     43  
708.0  11:48:42 0.0 -0.0   5     19     46  
708.0  11:48:50 0.0 -0.0   5     11     51  
708.0  11:48:59 0.0 -0.0   3     17     43  
709.0  11:49:07 0.0 -0.0   5     12     50  
709.0  11:49:16 0.0 -0.0   4     14     59  
709.0  11:49:26 0.0 -0.0   3     14     43  
709.0  11:49:35 0.0 -0.0   4     16     44  
709.0  11:49:46 0.0 -0.0   3     13     48  
709.0  11:49:54 0.0 -0.0   4     16     50  
710.0  11:50:02 0.0 -0.0   5     15     42  
710.0  11:50:10 0.0 -0.0   4     19     57  
710.0  11:50:21 0.0 -0.0   4     15     58  
710.0  11:50:29 0.0 -0.0   3     13     57  
710.0  11:50:36 0.0 -0.0   3     19     40  
710.0  11:50:44 0.0 -0.0   5     19     47  
710.0  11:50:53 0.0 -0.0   5     11     44  
711.0  11:51:00 0.0 -0.0   5     19     42  
711.0  11:51:10 0.0 -0.0   5     10     44  
711.0  11:51:18 0.0 -0.0   3     19     59  
711.0  11:51:26 0.0 -0.0   5     17     48  
711.0  11:51:34 0.0 -0.0   4     16     40  
711.0  11:51:43 0.0 -0.0   3     17     57  
711.0  11:51:51 0.0 -0.0   3     15     58  
712.0  11:52:01 0.0 -0.0   5     14     50  
712.0  11:52:09 0.0 -0.0   5     15     48  
712.0  11:52:18 0.0 -0.0   4     15     45  
712.0  11:52:26 0.0 -0.0   5     18     40  
712.0  11:52:34 0.0 -0.0   4     11     53  
712.0  11:52:43 0.0 -0.0   5     14     47  
712.0  11:52:53 0.0 -0.0   4     19     42  
713.0  11:53:02 0.0 -0.0   3     16     56  
713.0  11:53:10 0.0 -0.0   5     16     42  
713.0  11:53:18 0.0 -0.0   5     17     47  
713.0  11:53:26 0.0 -0.0   3     19     43  
713.0  11:53:34 0.0 -0.0   3     16     42  
713.0  11:53:46 0.0 -0.0   3     10     54  
713.0  11:53:54 0.0 -0.0   3     14     41  
714.0  11:54:02 0.0 -0.0   4     15     55  
714.0  11:54:10 0.0 -0.0   5     14     52  
714.0  11:54:18 0.0 -0.0   5     16     49  
714.0  11:54:26 0.0 -0.0   3     12     42  
714.0  11:54:37 0.0 -0.0   3     14     47  
714.0  11:54:46 0.0 -0.0   4     11     56  
714.0  11:54:54 0.0 -0.0   4     19     47  
715.0  11:55:03 0.0 -0.0   4     18     51  
715.0  11:55:12 0.0 -0.0   4     13     46  
715.0  11:55:21 0.0 -0.0   4     11     46  
715.0  11:55:32 0.0 -0.0   5     12     45  
715.0  11:55:41 0.0 -0.0   3     13     56  
715.0  11:55:49 0.0 -0.0   4     13     45  
715.0  11:55:58 0.0 -0.0   4     12     57  
716.0  11:56:06 0.0 -0.0   4     13     47  
716.0  11:56:15 0.0 -0.0   3     19     42  
716.0  11:56:25 0.0 -0.0   3     15     51  
716.0  11:56:34 0.0 -0.0   4     17     56  
716.0  11:56:42 0.0 -0.0   4     11     54  
716.0  11:56:50 0.0 -0.0   4     11     52  
716.0  11:56:59 0.0 -0.0   3     13     45  
717.0  11:57:07 0.0 -0.0   4     12     52  
717.0  11:57:18 0.0 -0.0   4     11     49  
717.0  11:57:28 0.0 -0.0   5     13     43  
717.0  11:57:36 0.0 -0.0   4     15     43  
717.0  11:57:45 0.0 -0.0   4     19     44  
717.0  11:57:53 0.0 -0.0   4     12     59  
718.0  11:58:01 0.0 -0.0   3     11     58  
718.0  11:58:11 0.0 -0.0   4     15     49  
718.0  11:58:19 0.0 -0.0   5     17     51  
718.0  11:58:28 0.0 -0.0   5     18     40  
718.0  11:58:36 0.0 -0.0   5     10     49  
718.0  11:58:44 0.0 -0.0   5     14     43  
718.0  11:58:53 0.0 -0.0   5     17     58  
719.0  11:59:03 0.0 -0.0   3     17     52  
719.0  11:59:11 0.0 -0.0   4     18     45  
719.0  11:59:19 0.0 -0.0   4     17     56  
719.0  11:59:27 0.0 -0.0   3     19     51  
719.0  11:59:36 0.0 -0.0   5     12     40  
719.0  11:59:44 0.0 -0.0   4     15     41  
719.0  11:59:55 0.0 -0.0   3     15     55  
720.0  12:00:03 0.0 -0.0   4     12     48  
720.0  12:00:12 0.0 -0.0   3     17     46  
720.0  12:00:22 0.0 -0.0   4     12     58  
720.0  12:00:30 0.0 -0.0   3     15     43  
720.0  12:00:38 0.0 -0.0   4     15     57  
720.0  12:00:49 0.0 -0.0   4     16     48  
720.0  12:00:57 0.0 -0.0   4     12     54  
