643.0  10:43:30 0.0 -0.0   5     14     48  
643.0  10:43:41 0.0 -0.0   5     11     57  
643.0  10:43:48 0.0 -0.0   5     19     40  
643.0  10:43:57 0.0 -0.0   4     17     49  
644.0  10:44:06 0.0 -0.0   4     15     47  
644.0  10:44:14 0.0 -0.0   4     10     51  
644.0  10:44:23 0.0 -0.0   5     10     50  
644.0  10:44:31 0.0 -0.0   3     11     58  
644.0  10:44:39 0.0 -0.0   3     10     49  
644.0  10:44:48 0.0 -0.0   5     11     51  
644.0  10:44:58 0.0 -0.0   5     16     43  
645.0  10:45:06 0.0 -0.0   5     12     46  
645.0  10:45:15 0.0 -0.0   3     19     49  
645.0  10:45:24 0.0 -0.0   5     15     47  
645.0  10:45:32 0.0 -0.0   3     10     52  
645.0  10:45:40 0.0 -0.0   4     16     54  
645.0  10:45:51 0.0 -0.0   5     14     43  
646.0  10:46:00 0.0 -0.0   3     15     57  
646.0  10:46:08 0.0 -0.0   4     13     41  
646.0  10:46:17 0.0 -0.0   4     17     48  
646.0  10:46:25 0.0 -0.0   5     15     53  
646.0  10:46:35 0.0 -0.0   3     12     49  
646.0  10:46:46 0.0 -0.0   3     11     59  
646.0  10:46:54 0.0 -0.0   5     18     44  
647.0  10:47:02 0.0 -0.0   3     17     59  
647.0  10:47:10 0.0 -0.0   5     12     58  
647.0  10:47:21 0.0 -0.0   5     17     54  
647.0  10:47:30 0.0 -0.0   4     14     57  
647.0  10:47:40 0.0 -0.0   3     19     59  
647.0  10:47:48 0.0 -0.0   4     16     40  
647.0  10:47:57 0.0 -0.0   3     18     50  
648.0  10:48:05 0.0 -0.0   3     18     43  
648.0  10:48:13 0.0 -0.0   4     19     45  
648.0  10:48:21 0.0 -0.0   3     12     47  
648.0  10:48:32 0.0 -0.0   4     17     49  
648.0  10:48:40 0.0 -0.0   5     15     54  
648.0  10:48:49 0.0 -0.0   3     19     53  
649.0  10:49:00 0.0 -0.0   3     15     54  
649.0  10:49:08 0.0 -0.0   4     19     45  
649.0  10:49:17 0.0 -0.0   5     10     55  
649.0  10:49:42 0.0 -0.0   5     13     54  
649.0  10:49:50 0.0 -0.0   3     13     58  
649.0  10:49:58 0.0 -0.0   5     14     45  
650.0  10:50:06 0.0 -0.0   5     17     41  
650.0  10:50:17 0.0 -0.0   5     16     41  
650.0  10:50:25 0.0 -0.0   3     11     40  
650.0  10:50:34 0.0 -0.0   3     19     47  
650.0  10:50:42 0.0 -0.0   5     16     41  
650.0  10:50:51 0.0 -0.0   4     13     57  
651.0  10:51:00 0.0 -0.0   3     17     46  
651.0  10:51:10 0.0 -0.0   4     15     57  
651.0  10:51:18 0.0 -0.0   4     14     43  
651.0  10:51:27 0.0 -0.0   4     14     45  
651.0  10:51:35 0.0 -0.0   3     19     50  
651.0  10:51:44 0.0 -0.0   3     11     54  
651.0  10:51:51 0.0 -0.0   5     19     56  
652.0  10:52:02 0.0 -0.0   5     10     40  
652.0  10:52:09 0.0 -0.0   3     11     47  
652.0  10:52:17 0.0 -0.0   3     15     42  
652.0  10:52:25 0.0 -0.0   5     19     40  
652.0  10:52:34 0.0 -0.0   3     19     58  
652.0  10:52:43 0.0 -0.0   4     10     50  
652.0  10:52:53 0.0 -0.0   5     13     58  
653.0  10:53:02 0.0 -0.0   4     19     55  
653.0  10:53:11 0.0 -0.0   3     13     55  
653.0  10:53:19 0.0 -0.0   4     15     48  
653.0  10:53:27 0.0 -0.0   4     16     44  
653.0  10:53:35 0.0 -0.0   5     13     49  
653.0  10:53:46 0.0 -0.0   5     17     55  
653.0  10:53:55 0.0 -0.0   5     16     55  
654.0  10:54:03 0.0 -0.0   4     19     54  
654.0  10:54:12 0.0 -0.0   5     18     43  
654.0  10:54:20 0.0 -0.0   4     12     50  
654.0  10:54:28 0.0 -0.0   3     14     53  
654.0  10:54:40 0.0 -0.0   5     14     57  
654.0  10:54:48 0.0 -0.0   4     14     51  
654.0  10:54:56 0.0 -0.0   5     15     40  
655.0  10:55:04 0.0 -0.0   3     14     57  
655.0  10:55:13 0.0 -0.0   5     14     42  
655.0  10:55:22 0.0 -0.0   4     19     58  
655.0  10:55:33 0.0 -0.0   4     16     47  
655.0  10:55:41 0.0 -0.0   4     19     57  
655.0  10:55:50 0.0 -0.0   5     10     59  
655.0  10:55:58 0.0 -0.0   5     10     57  
656.0  10:56:07 0.0 -0.0   4     10     49  
656.0  10:56:15 0.0 -0.0   3     14     48  
656.0  10:56:25 0.0 -0.0   5     14     54  
656.0  10:56:33 0.0 -0.0   4     11     47  
656.0  10:56:43 0.0 -0.0   3     19     55  
656.0  10:56:52 0.0 -0.0   5     19     56  
657.0  10:57:01 0.0 -0.0   4     18     52  
657.0  10:57:09 0.0 -0.0   4     19     49  
657.0  10:57:20 0.0 -0.0   5     14     47  
657.0  10:57:28 0.0 -0.0   5     16     48  
657.0  10:57:36 0.0 -0.0   3     11     42  
657.0  10:57:45 0.0 -0.0   4     11     48  
657.0  10:57:53 0.0 -0.0   3     16     45  
658.0  10:58:01 0.0 -0.0   3     18     56  
658.0  10:58:12 0.0 -0.0   4     19     41  
658.0  10:58:20 0.0 -0.0   3     16     41  
658.0  10:58:29 0.0 -0.0   5     16     59  
658.0  10:58:36 0.0 -0.0   3     17     48  
658.0  10:58:44 0.0 -0.0   3     11     46  
658.0  10:58:53 0.0 -0.0   3     13     41  
659.0  10:59:03 0.0 -0.0   5     17     54  
659.0  10:59:12 0.0 -0.0   4     16     53  
659.0  10:59:20 0.0 -0.0   5     19     56  
659.0  10:59:28 0.0 -0.0   4     11     52  
659.0  10:59:37 0.0 -0.0   5     14     47  
659.0  10:59:46 0.0 -0.0   5     12     51  
659.0  10:59:56 0.0 -0.0   3     11     43  
660.0  11:00:04 0.0 -0.0   3     17     56  
660.0  11:00:12 0.0 -0.0   4     14     48  
660.0  11:00:20 0.0 -0.0   4     13     53  
660.0  11:00:28 0.0 -0.0   3     11     50  
660.0  11:00:37 0.0 -0.0   3     13     54  
660.0  11:00:47 0.0 -0.0   3     11     43  
660.0  11:00:56 0.0 -0.0   5     12     53  
661.0  11:01:04 0.0 -0.0   3     15     57  
661.0  11:01:13 0.0 -0.0   5     12     41  
661.0  11:01:22 0.0 -0.0   5     16     55  
661.0  11:01:31 0.0 -0.0   3     15     40  
661.0  11:01:42 0.0 -0.0   3     15     40  
661.0  11:01:51 0.0 -0.0   3     10     52  
661.0  11:01:59 0.0 -0.0   4     11     48  
662.0  11:02:08 0.0 -0.0   5     13     50  
662.0  11:02:16 0.0 -0.0   3     16     44  
662.0  11:02:24 0.0 -0.0   4     14     53  
662.0  11:02:34 0.0 -0.0   4     18     52  
662.0  11:02:42 0.0 -0.0   3     11     52  
662.0  11:02:51 0.0 -0.0   5     19     51  
662.0  11:02:59 0.0 -0.0   3     10     44  
663.0  11:03:08 0.0 -0.0   3     16     57  
663.0  11:03:16 0.0 -0.0   4     16     42  
663.0  11:03:26 0.0 -0.0   4     19     57  
663.0  11:03:35 0.0 -0.0   5     15     40  
663.0  11:03:43 0.0 -0.0   4     12     59  
663.0  11:03:51 0.0 -0.0   3     17     40  
664.0  11:04:00 0.0 -0.0   3     13     59  
664.0  11:04:08 0.0 -0.0   5     14     47  
664.0  11:04:19 0.0 -0.0   5     10     55  
664.0  11:04:27 0.0 -0.0   5     11     44  
664.0  11:04:36 0.0 -0.0   4     11     42  
664.0  11:04:44 0.0 -0.0   4     13     58  
664.0  11:04:53 0.0 -0.0   3     13     40  
665.0  11:05:01 0.0 -0.0   3     16     50  
665.0  11:05:12 0.0 -0.0   5     14     51  
665.0  11:05:21 0.0 -0.0   3     13     48  
665.0  11:05:29 0.0 -0.0   3     17     48  
665.0  11:05:38 0.0 -0.0   5     14     52  
665.0  11:05:46 0.0 -0.0   4     15     58  
665.0  11:05:55 0.0 -0.0   5     10     57  
666.0  11:06:07 0.0 -0.0   3     13     46  
666.0  11:06:16 0.0 -0.0   3     16     52  
666.0  11:06:24 0.0 -0.0   5     19     43  
666.0  11:06:33 0.0 -0.0   5     16     52  
666.0  11:06:41 0.0 -0.0   5     13     54  
666.0  11:06:49 0.0 -0.0   4     17     51  
666.0  11:06:59 0.0 -0.0   3     13     55  
667.0  11:07:08 0.0 -0.0   4     16     53  
667.0  11:07:17 0.0 -0.0   3     13     46  
667.0  11:07:26 0.0 -0.0   3     14     48  
667.0  11:07:35 0.0 -0.0   3     13     54  
667.0  11:07:43 0.0 -0.0   5     18     40  
667.0  11:07:54 0.0 -0.0   5     19     56  
668.0  11:08:02 0.0 -0.0   4     14     43  
668.0  11:08:10 0.0 -0.0   3     17     57  
668.0  11:08:18 0.0 -0.0   4     17     58  
668.0  11:08:27 0.0 -0.0   3     12     54  
668.0  11:08:35 0.0 -0.0   5     16     43  
668.0  11:08:48 0.0 -0.0   3     12     54  
668.0  11:08:59 0.0 -0.0   4     12     44  
669.0  11:09:07 0.0 -0.0   3     18     44  
669.0  11:09:16 0.0 -0.0   3     15     51  
669.0  11:09:25 0.0 -0.0   3     15     57  
669.0  11:09:34 0.0 -0.0   4     17     58  
669.0  11:09:43 0.0 -0.0   3     14     45  
669.0  11:09:55 0.0 -0.0   5     16     41  
670.0  11:10:04 0.0 -0.0   5     14     45  
670.0  11:10:12 0.0 -0.0   5     14     44  
670.0  11:10:20 0.0 -0.0   4     14     44  
670.0  11:10:28 0.0 -0.0   3     13     59  
670.0  11:10:36 0.0 -0.0   3     11     54  
670.0  11:10:45 0.0 -0.0   3     19     53  
670.0  11:10:54 0.0 -0.0   5     15     53  
671.0  11:11:02 0.0 -0.0   4     16     56  
671.0  11:11:10 0.0 -0.0   5     14     51  
671.0  11:11:19 0.0 -0.0   5     17     55  
671.0  11:11:27 0.0 -0.0   4     19     50  
671.0  11:11:38 0.0 -0.0   3     13     47  
671.0  11:11:46 0.0 -0.0   4     12     50  
671.0  11:11:54 0.0 -0.0   3     17     44  
672.0  11:12:03 0.0 -0.0   3     13     44  
672.0  11:12:11 0.0 -0.0   4     12     49  
672.0  11:12:20 0.0 -0.0   3     10     49  
672.0  11:12:32 0.0 -0.0   3     16     48  
672.0  11:12:40 0.0 -0.0   4     16     47  
672.0  11:12:49 0.0 -0.0   3     13     48  
672.0  11:12:57 0.0 -0.0   4     19     50  
673.0  11:13:05 0.0 -0.0   5     12     42  
673.0  11:13:14 0.0 -0.0   4     10     49  
673.0  11:13:25 0.0 -0.0   4     13     57  
673.0  11:13:34 0.0 -0.0   3     14     50  
673.0  11:13:43 0.0 -0.0   4     14     57  
673.0  11:13:51 0.0 -0.0   5     17     49  
674.0  11:14:00 0.0 -0.0   5     16     50  
674.0  11:14:09 0.0 -0.0   4     16     56  
674.0  11:14:19 0.0 -0.0   5     10     48  
674.0  11:14:28 0.0 -0.0   5     15     56  
674.0  11:14:36 0.0 -0.0   4     12     43  
674.0  11:14:45 0.0 -0.0   5     12     53  
674.0  11:14:54 0.0 -0.0   5     17     47  
675.0  11:15:02 0.0 -0.0   4     12     49  
675.0  11:15:14 0.0 -0.0   3     18     56  
675.0  11:15:26 0.0 -0.0   4     17     49  
675.0  11:15:35 0.0 -0.0   4     10     57  
675.0  11:15:45 0.0 -0.0   4     13     52  
675.0  11:15:54 0.0 -0.0   3     13     56  
676.0  11:16:04 0.0 -0.0   5     14     55  
676.0  11:16:12 0.0 -0.0   5     16     57  
676.0  11:16:20 0.0 -0.0   5     10     49  
676.0  11:16:28 0.0 -0.0   4     11     40  
676.0  11:16:37 0.0 -0.0   5     19     45  
676.0  11:16:45 0.0 -0.0   4     14     41  
676.0  11:16:55 0.0 -0.0   3     17     41  
677.0  11:17:04 0.0 -0.0   5     19     53  
677.0  11:17:12 0.0 -0.0   3     14     59  
677.0  11:17:20 0.0 -0.0   4     11     44  
677.0  11:17:29 0.0 -0.0   3     16     48  
677.0  11:17:37 0.0 -0.0   5     16     49  
677.0  11:17:47 0.0 -0.0   4     12     47  
677.0  11:17:56 0.0 -0.0   5     14     48  
678.0  11:18:05 0.0 -0.0   5     17     42  
678.0  11:18:13 0.0 -0.0   4     12     51  
678.0  11:18:22 0.0 -0.0   5     14     51  
678.0  11:18:31 0.0 -0.0   4     11     45  
678.0  11:18:41 0.0 -0.0   5     19     42  
678.0  11:18:50 0.0 -0.0   3     17     46  
678.0  11:18:58 0.0 -0.0   5     19     42  
679.0  11:19:06 0.0 -0.0   5     12     54  
679.0  11:19:14 0.0 -0.0   4     11     58  
679.0  11:19:23 0.0 -0.0   4     12     50  
679.0  11:19:33 0.0 -0.0   3     13     44  
679.0  11:19:41 0.0 -0.0   3     13     47  
679.0  11:19:50 0.0 -0.0   5     18     57  
679.0  11:19:59 0.0 -0.0   3     16     58  
680.0  11:20:08 0.0 -0.0   5     10     43  
680.0  11:20:16 0.0 -0.0   4     16     56  
680.0  11:20:27 0.0 -0.0   3     12     40  
680.0  11:20:35 0.0 -0.0   3     14     55  
680.0  11:20:43 0.0 -0.0   5     14     52  
680.0  11:20:55 0.0 -0.0   3     10     53  
681.0  11:21:06 0.0 -0.0   4     19     49  
681.0  11:21:16 0.0 -0.0   4     15     41  
681.0  11:21:29 0.0 -0.0   5     18     57  
681.0  11:21:46 0.0 -0.0   4     18     53  
681.0  11:21:54 0.0 -0.0   3     11     41  
682.0  11:22:05 0.0 -0.0   5     16     41  
682.0  11:22:17 0.0 -0.0   5     12     42  
682.0  11:22:25 0.0 -0.0   4     17     49  
682.0  11:22:33 0.0 -0.0   5     11     56  
682.0  11:22:42 0.0 -0.0   4     12     59  
682.0  11:22:51 0.0 -0.0   4     14     48  
682.0  11:22:59 0.0 -0.0   3     15     44  
683.0  11:23:09 0.0 -0.0   4     12     42  
683.0  11:23:18 0.0 -0.0   4     16     50  
683.0  11:23:26 0.0 -0.0   5     14     44  
683.0  11:23:34 0.0 -0.0   3     19     51  
683.0  11:23:43 0.0 -0.0   3     18     52  
683.0  11:23:51 0.0 -0.0   5     17     58  
684.0  11:24:02 0.0 -0.0   4     14     58  
684.0  11:24:11 0.0 -0.0   5     13     42  
684.0  11:24:19 0.0 -0.0   5     15     41  
684.0  11:24:28 0.0 -0.0   5     16     42  
684.0  11:24:36 0.0 -0.0   5     12     58  
684.0  11:24:45 0.0 -0.0   5     12     43  
684.0  11:24:55 0.0 -0.0   5     14     49  
685.0  11:25:04 0.0 -0.0   3     10     50  
685.0  11:25:13 0.0 -0.0   4     18     57  
685.0  11:25:21 0.0 -0.0   4     17     49  
685.0  11:25:30 0.0 -0.0   5     14     40  
685.0  11:25:38 0.0 -0.0   5     14     50  
685.0  11:25:49 0.0 -0.0   3     19     42  
