599.0  09:59:10 0.0 -0.0   3     18     52  
599.0  09:59:23 0.0 -1.1095744E27   4     16     51  
599.0  09:59:35 0.0 -1.8111362E22   5     18     50  
599.0  09:59:48 0.0 -1.8111362E22   3     17     45  
626.0  10:26:28 0.0 -0.0   3     15     59  
626.0  10:26:41 0.0 -1.1095744E27   3     14     54  
626.0  10:26:53 0.0 -1.8111362E22   3     13     45  
627.0  10:27:06 0.0 -1.8111362E22   3     19     52  
669.0  11:09:38 0.0 -0.0   5     19     57  
669.0  11:09:52 0.0 -1.1095744E27   3     12     59  
670.0  11:10:04 0.0 -1.8111362E22   5     12     59  
670.0  11:10:16 0.0 -1.8111362E22   4     19     42  
672.0  11:12:07 0.0 -0.0   3     17     47  
672.0  11:12:18 0.0 -0.0   4     17     42  
672.0  11:12:33 0.0 -0.0   3     14     41  
672.0  11:12:41 0.0 -0.0   3     18     44  
672.0  11:12:50 0.0 -0.0   3     10     42  
672.0  11:12:58 0.0 -0.0   3     10     59  
673.0  11:13:00 0.0 -0.0   4     12     53  
673.0  11:13:06 0.0 -0.0   3     12     50  
673.0  11:13:14 0.0 -0.0   5     14     42  
673.0  11:13:24 0.0 -0.0   5     13     46  
673.0  11:13:32 0.0 -0.0   5     18     55  
673.0  11:13:40 0.0 -0.0   3     12     41  
673.0  11:13:48 0.0 -0.0   4     13     47  
673.0  11:13:56 0.0 -0.0   4     15     47  
674.0  11:14:00 0.0 -0.0   3     19     53  
674.0  11:14:04 0.0 -0.0   3     16     40  
674.0  11:14:15 0.0 -0.0   4     13     48  
674.0  11:14:24 0.0 -0.0   4     13     48  
674.0  11:14:32 0.0 -0.0   5     14     48  
674.0  11:14:40 0.0 -0.0   4     19     40  
674.0  11:14:49 0.0 -0.0   4     16     48  
674.0  11:14:58 0.0 -0.0   3     12     47  
675.0  11:15:00 0.0 -0.0   3     10     45  
675.0  11:15:08 0.0 -0.0   4     14     59  
675.0  11:15:17 0.0 -0.0   3     18     56  
675.0  11:15:25 0.0 -0.0   3     11     46  
675.0  11:15:33 0.0 -0.0   4     18     52  
675.0  11:15:41 0.0 -0.0   5     11     54  
675.0  11:15:50 0.0 -0.0   3     15     41  
676.0  11:16:00 0.0 -0.0   3     16     43  
676.0  11:16:01 0.0 -0.0   4     16     58  
676.0  11:16:09 0.0 -0.0   5     13     57  
676.0  11:16:17 0.0 -0.0   3     15     41  
676.0  11:16:25 0.0 -0.0   5     18     58  
676.0  11:16:33 0.0 -0.0   4     14     47  
676.0  11:16:41 0.0 -0.0   5     10     52  
676.0  11:16:52 0.0 -0.0   4     19     45  
677.0  11:17:00 0.0 -0.0   5     12     56  
677.0  11:17:00 0.0 -0.0   3     17     42  
677.0  11:17:09 0.0 -0.0   5     12     50  
677.0  11:17:17 0.0 -0.0   4     17     59  
677.0  11:17:26 0.0 -0.0   5     16     57  
677.0  11:17:34 0.0 -0.0   4     16     50  
677.0  11:17:45 0.0 -0.0   3     10     56  
677.0  11:17:53 0.0 -0.0   3     13     54  
678.0  11:18:00 0.0 -0.0   3     13     52  
678.0  11:18:01 0.0 -0.0   5     10     59  
678.0  11:18:10 0.0 -0.0   3     17     55  
678.0  11:18:17 0.0 -0.0   3     11     48  
678.0  11:18:25 0.0 -0.0   4     17     58  
678.0  11:18:35 0.0 -0.0   5     11     46  
678.0  11:18:43 0.0 -0.0   5     16     47  
678.0  11:18:51 0.0 -0.0   3     19     59  
679.0  11:19:00 0.0 -0.0   3     12     49  
679.0  11:19:00 0.0 -0.0   3     18     52  
679.0  11:19:08 0.0 -0.0   4     15     55  
679.0  11:19:17 0.0 -0.0   3     17     42  
679.0  11:19:27 0.0 -0.0   3     13     44  
679.0  11:19:36 0.0 -0.0   4     14     54  
679.0  11:19:44 0.0 -0.0   5     15     59  
679.0  11:19:53 0.0 -0.0   3     17     54  
680.0  11:20:00 0.0 -0.0   4     13     59  
680.0  11:20:01 0.0 -0.0   4     12     59  
680.0  11:20:09 0.0 -0.0   5     11     57  
680.0  11:20:19 0.0 -0.0   4     17     41  
680.0  11:20:27 0.0 -0.0   5     13     59  
680.0  11:20:35 0.0 -0.0   3     17     40  
680.0  11:20:43 0.0 -0.0   5     15     56  
680.0  11:20:51 0.0 -0.0   4     17     50  
680.0  11:20:59 0.0 -0.0   4     16     49  
681.0  11:21:00 0.0 -0.0   3     11     41  
681.0  11:21:09 0.0 -0.0   3     12     40  
681.0  11:21:17 0.0 -0.0   4     10     50  
681.0  11:21:25 0.0 -0.0   3     11     50  
681.0  11:21:33 0.0 -0.0   4     19     58  
681.0  11:21:41 0.0 -0.0   5     14     49  
681.0  11:21:50 0.0 -0.0   4     13     44  
682.0  11:22:00 0.0 -0.0   3     16     43  
682.0  11:22:01 0.0 -0.0   5     13     43  
682.0  11:22:10 0.0 -0.0   3     15     46  
682.0  11:22:20 0.0 -0.0   3     18     52  
682.0  11:22:29 0.0 -0.0   4     14     51  
682.0  11:22:37 0.0 -0.0   3     10     51  
682.0  11:22:45 0.0 -0.0   5     19     58  
682.0  11:22:55 0.0 -0.0   4     18     52  
683.0  11:23:00 0.0 -0.0   5     10     43  
683.0  11:23:04 0.0 -0.0   3     15     49  
683.0  11:23:12 0.0 -0.0   5     17     49  
683.0  11:23:20 0.0 -0.0   3     12     49  
683.0  11:23:28 0.0 -0.0   3     13     48  
683.0  11:23:36 0.0 -0.0   4     16     59  
683.0  11:23:46 42.392723 -72.53387   5     15     52  
683.0  11:23:54 42.39235 -72.5338   5     14     42  
684.0  11:24:03 42.39178 -72.533455   4     18     57  
684.0  11:24:11 42.390987 -72.53319   4     12     50  
684.0  11:24:20 42.39038 -72.53297   5     19     53  
684.0  11:24:28 42.390427 -72.532936   3     11     45  
684.0  11:24:39 42.39039 -72.532936   3     17     43  
684.0  11:24:48 42.38991 -72.53274   3     13     57  
684.0  11:24:57 42.389133 -72.532394   3     16     47  
685.0  11:25:00 42.388493 -72.532135   3     17     51  
685.0  11:25:04 42.38831 -72.53205   3     16     59  
685.0  11:25:12 42.387455 -72.53175   5     18     58  
685.0  11:25:20 42.38661 -72.53136   5     18     55  
685.0  11:25:31 42.38562 -72.531006   3     15     56  
685.0  11:25:40 42.385048 -72.53152   3     14     59  
685.0  11:25:48 42.385 -72.5322   5     18     51  
685.0  11:25:58 42.384975 -72.53236   3     11     52  
686.0  11:26:00 42.38487 -72.53261   4     19     41  
686.0  11:26:06 42.384705 -72.53262   5     13     57  
686.0  11:26:15 42.38394 -72.53226   5     18     40  
686.0  11:26:30 42.382935 -72.531906   4     10     57  
686.0  11:26:39 42.38236 -72.53228   3     17     57  
686.0  11:26:47 42.38223 -72.53321   3     12     55  
686.0  11:26:56 42.382217 -72.53367   3     14     51  
687.0  11:27:00 42.382084 -72.5339   3     15     51  
687.0  11:27:05 42.382034 -72.5339   4     18     52  
687.0  11:27:13 42.3814 -72.53393   3     13     57  
687.0  11:27:24 42.380604 -72.53401   3     11     40  
687.0  11:27:33 42.380074 -72.53406   4     10     50  
687.0  11:27:42 42.379784 -72.534096   3     19     49  
687.0  11:27:50 42.37945 -72.53412   4     14     47  
687.0  11:27:59 42.378944 -72.53414   5     14     57  
688.0  11:28:00 42.378727 -72.5343   3     16     52  
688.0  11:28:07 42.37878 -72.53457   4     16     53  
688.0  11:28:18 42.378838 -72.53552   4     18     54  
688.0  11:28:26 42.378887 -72.53624   5     12     41  
688.0  11:28:34 42.378937 -72.53695   4     10     47  
688.0  11:28:44 42.378708 -72.53725   3     18     48  
688.0  11:28:52 42.378384 -72.53723   5     10     53  
689.0  11:29:00 42.378124 -72.53705   3     18     40  
689.0  11:29:01 42.37817 -72.537125   3     16     45  
689.0  11:29:12 42.378105 -72.53697   3     14     51  
689.0  11:29:21 42.378117 -72.53671   4     16     49  
689.0  11:29:29 42.378094 -72.53619   5     18     47  
689.0  11:29:37 42.37805 -72.53575   4     16     55  
689.0  11:29:46 42.377975 -72.53533   3     12     44  
689.0  11:29:54 42.377995 -72.53497   5     16     57  
690.0  11:30:00 42.378227 -72.53508   5     15     46  
690.0  11:30:04 42.37823 -72.5351   3     12     46  
690.0  11:30:13 42.3782 -72.53525   4     15     56  
690.0  11:30:21 42.378178 -72.53531   5     12     43  
690.0  11:30:30 42.378166 -72.53545   3     13     58  
690.0  11:30:40 42.378174 -72.53542   4     18     46  
690.0  11:30:49 42.37816 -72.53542   4     19     47  
690.0  11:30:59 42.378147 -72.53543   5     10     56  
691.0  11:31:00 42.378147 -72.53542   5     15     40  
691.0  11:31:07 42.378143 -72.53542   4     18     42  
691.0  11:31:16 42.378136 -72.53543   5     15     46  
691.0  11:31:24 42.37813 -72.53543   3     12     59  
691.0  11:31:32 42.37813 -72.53544   3     18     53  
691.0  11:31:41 42.378128 -72.53544   3     17     52  
691.0  11:31:51 42.37813 -72.53544   3     17     42  
691.0  11:31:59 42.37813 -72.53544   5     17     43  
692.0  11:32:00 42.37813 -72.53544   5     11     52  
692.0  11:32:08 42.37813 -72.53544   4     12     54  
692.0  11:32:16 42.37813 -72.53543   5     11     54  
692.0  11:32:25 42.378128 -72.53542   5     11     54  
692.0  11:32:34 42.37812 -72.53542   4     15     57  
692.0  11:32:44 42.37812 -72.535416   3     16     49  
692.0  11:32:53 42.37812 -72.53542   4     19     58  
693.0  11:33:00 42.37813 -72.53543   5     13     52  
693.0  11:33:01 42.37813 -72.53543   3     10     50  
693.0  11:33:10 42.378136 -72.53543   4     10     59  
693.0  11:33:18 42.378143 -72.53543   5     15     42  
693.0  11:33:26 42.378143 -72.53543   5     10     44  
693.0  11:33:38 42.37814 -72.53545   5     11     45  
693.0  11:33:46 42.378143 -72.53544   5     17     42  
693.0  11:33:54 42.378147 -72.53542   3     19     48  
694.0  11:34:00 42.378147 -72.53544   3     11     54  
694.0  11:34:03 42.378147 -72.53543   3     13     50  
694.0  11:34:11 42.37814 -72.53546   3     18     55  
694.0  11:34:19 42.37814 -72.53548   5     19     53  
694.0  11:34:29 42.378143 -72.53548   3     13     56  
694.0  11:34:37 42.37815 -72.53547   3     11     50  
694.0  11:34:46 42.37816 -72.53545   5     18     58  
694.0  11:34:54 42.37815 -72.53546   5     10     47  
695.0  11:35:00 42.378136 -72.535515   3     15     44  
695.0  11:35:03 42.378136 -72.53551   5     12     45  
695.0  11:35:11 42.378128 -72.53553   4     18     55  
695.0  11:35:23 42.378124 -72.535545   4     17     58  
695.0  11:35:31 42.37816 -72.53543   3     12     52  
695.0  11:35:40 42.37815 -72.53535   3     14     47  
695.0  11:35:48 42.378155 -72.5353   3     12     44  
695.0  11:35:57 42.378143 -72.53542   3     10     47  
696.0  11:36:00 42.378147 -72.53543   5     18     50  
696.0  11:36:05 42.378155 -72.53542   4     17     42  
696.0  11:36:16 42.378197 -72.53549   4     14     51  
696.0  11:36:24 42.378277 -72.53553   5     17     51  
696.0  11:36:33 42.37834 -72.53541   5     15     51  
696.0  11:36:42 42.37834 -72.53541   4     13     46  
696.0  11:36:51 42.378345 -72.5354   5     13     42  
697.0  11:37:00 42.378338 -72.535255   4     16     45  
697.0  11:37:00 42.37832 -72.53519   5     19     55  
697.0  11:37:10 42.378307 -72.535194   3     16     52  
697.0  11:37:19 42.378304 -72.53502   4     10     40  
697.0  11:37:27 42.37812 -72.53508   4     10     48  
697.0  11:37:36 42.378162 -72.535416   4     14     58  
697.0  11:37:45 42.378174 -72.535484   4     10     40  
697.0  11:37:54 42.378136 -72.53559   5     14     42  
698.0  11:38:00 42.378067 -72.53562   5     11     42  
698.0  11:38:05 42.378063 -72.53563   4     14     45  
698.0  11:38:13 42.378063 -72.53562   5     14     45  
698.0  11:38:22 42.37807 -72.53561   3     11     40  
698.0  11:38:31 42.37807 -72.53562   3     12     45  
698.0  11:38:41 42.378075 -72.535614   5     14     59  
698.0  11:38:49 42.377934 -72.53545   4     13     44  
698.0  11:38:59 42.378002 -72.53509   5     17     48  
699.0  11:39:00 42.37807 -72.53493   4     12     53  
699.0  11:39:08 42.37818 -72.53493   3     18     40  
699.0  11:39:17 42.37821 -72.53522   4     18     46  
699.0  11:39:26 42.37817 -72.535355   5     17     49  
699.0  11:39:35 42.378185 -72.53537   5     10     59  
699.0  11:39:47 42.378197 -72.53535   5     10     43  
699.0  11:39:58 42.378185 -72.5354   4     16     48  
700.0  11:40:00 42.378185 -72.535416   4     15     52  
700.0  11:40:10 42.378185 -72.535416   4     16     42  
700.0  11:40:19 42.378193 -72.53538   4     16     57  
700.0  11:40:28 42.37818 -72.53539   3     13     59  
700.0  11:40:37 42.37818 -72.53541   4     12     45  
700.0  11:40:49 42.378178 -72.535416   4     11     48  
700.0  11:40:58 42.378174 -72.53553   3     10     58  
701.0  11:41:00 42.378147 -72.5356   3     15     53  
701.0  11:41:08 42.378128 -72.53561   4     18     45  
701.0  11:41:17 42.37805 -72.53561   4     15     52  
701.0  11:41:26 42.377934 -72.53549   5     17     44  
701.0  11:41:37 42.377945 -72.53546   3     12     42  
701.0  11:41:46 42.37797 -72.53548   5     11     48  
701.0  11:41:55 42.377987 -72.535355   5     13     54  
702.0  11:42:00 42.377983 -72.535164   3     10     46  
702.0  11:42:03 42.377983 -72.535164   3     16     46  
702.0  11:42:13 42.37804 -72.534904   4     16     46  
702.0  11:42:22 42.378242 -72.53497   5     14     42  
702.0  11:42:33 42.378197 -72.53526   4     15     42  
702.0  11:42:42 42.378193 -72.53547   5     10     52  
702.0  11:42:54 42.378162 -72.53558   5     11     52  
703.0  11:43:00 42.377995 -72.53558   5     17     43  
703.0  11:43:03 42.377995 -72.53558   5     13     46  
703.0  11:43:12 42.377945 -72.53548   4     14     56  
703.0  11:43:21 42.377956 -72.53546   4     11     50  
703.0  11:43:31 42.37796 -72.53548   4     18     49  
703.0  11:43:39 42.37796 -72.535385   4     18     43  
703.0  11:43:48 42.37801 -72.53515   3     17     48  
703.0  11:43:56 42.378025 -72.53488   3     18     54  
704.0  11:44:00 42.378185 -72.53492   3     16     40  
704.0  11:44:05 42.37822 -72.53498   5     10     55  
704.0  11:44:14 42.378174 -72.535255   3     12     43  
704.0  11:44:24 42.378185 -72.53545   5     19     45  
704.0  11:44:33 42.37822 -72.535484   4     19     40  
704.0  11:44:43 42.378277 -72.5355   3     17     49  
704.0  11:44:51 42.37833 -72.53545   4     15     53  
705.0  11:45:00 42.378323 -72.53542   3     13     40  
705.0  11:45:01 42.378323 -72.53543   5     13     55  
705.0  11:45:10 42.378338 -72.535416   4     12     41  
705.0  11:45:21 42.378338 -72.53542   4     17     59  
705.0  11:45:30 42.378323 -72.53542   3     13     42  
705.0  11:45:42 42.3783 -72.53543   4     12     49  
705.0  11:45:51 42.37827 -72.53544   3     18     47  
705.0  11:45:59 42.378323 -72.535416   3     13     48  
706.0  11:46:00 42.37834 -72.535385   4     19     42  
706.0  11:46:10 42.378338 -72.53539   4     16     53  
706.0  11:46:18 42.378323 -72.53539   4     19     56  
706.0  11:46:26 42.378345 -72.53528   5     13     44  
706.0  11:46:35 42.378326 -72.53506   4     17     47  
706.0  11:46:44 42.378265 -72.534904   4     15     57  
706.0  11:46:52 42.378147 -72.53506   4     13     53  
707.0  11:47:00 42.378162 -72.53534   3     15     50  
707.0  11:47:04 42.378162 -72.53534   5     11     42  
707.0  11:47:12 42.37819 -72.53549   5     18     58  
707.0  11:47:20 42.378223 -72.53549   5     15     55  
707.0  11:47:29 42.378296 -72.53546   3     15     59  
707.0  11:47:38 42.37832 -72.53545   5     15     42  
707.0  11:47:46 42.37833 -72.535446   3     17     42  
707.0  11:47:56 42.378353 -72.53541   5     12     50  
708.0  11:48:00 42.37835 -72.53541   3     16     53  
708.0  11:48:05 42.37835 -72.535416   3     19     46  
708.0  11:48:14 42.378338 -72.53538   4     19     47  
708.0  11:48:23 42.37837 -72.53535   5     16     46  
708.0  11:48:31 42.378353 -72.535355   4     17     52  
708.0  11:48:40 42.378345 -72.535194   3     12     43  
708.0  11:48:51 42.378304 -72.53495   3     18     54  
708.0  11:48:59 42.37811 -72.53501   5     18     49  
709.0  11:49:00 42.378124 -72.53512   3     10     40  
709.0  11:49:09 42.378143 -72.535286   3     18     50  
709.0  11:49:17 42.378178 -72.53545   5     17     44  
709.0  11:49:26 42.378246 -72.53547   4     16     59  
709.0  11:49:35 42.37834 -72.53543   3     12     48  
709.0  11:49:46 42.37832 -72.53543   4     18     58  
709.0  11:49:54 42.378304 -72.535416   4     13     50  
710.0  11:50:00 42.37832 -72.53525   4     15     58  
710.0  11:50:03 42.378315 -72.53526   3     19     41  
710.0  11:50:11 42.378315 -72.535034   4     15     43  
710.0  11:50:20 42.378193 -72.53493   5     18     53  
710.0  11:50:28 42.378155 -72.53518   4     10     52  
710.0  11:50:40 42.378178 -72.53548   5     12     53  
710.0  11:50:49 42.378082 -72.5356   4     16     53  
711.0  11:51:00 42.377914 -72.5354   3     18     44  
711.0  11:51:03 42.377914 -72.5354   5     18     57  
711.0  11:51:12 42.377937 -72.53528   3     14     56  
711.0  11:51:20 42.377884 -72.53499   3     12     55  
711.0  11:51:31 42.37807 -72.53483   5     18     58  
711.0  11:51:39 42.378223 -72.53501   3     11     40  
711.0  11:51:48 42.378155 -72.53529   5     12     51  
711.0  11:51:57 42.378166 -72.53548   3     10     45  
712.0  11:52:00 42.37822 -72.53554   4     10     59  
712.0  11:52:05 42.378223 -72.53554   3     11     55  
712.0  11:52:14 42.378277 -72.53554   5     19     48  
712.0  11:52:24 42.378353 -72.53546   3     18     45  
712.0  11:52:33 42.37831 -72.53542   3     11     40  
712.0  11:52:41 42.37831 -72.53542   4     11     47  
712.0  11:52:50 42.37831 -72.535416   4     17     43  
712.0  11:52:58 42.37832 -72.535416   3     12     42  
713.0  11:53:00 42.37833 -72.535416   5     10     47  
713.0  11:53:06 42.378353 -72.53537   3     11     46  
713.0  11:53:17 42.378338 -72.535225   4     10     52  
713.0  11:53:26 42.378315 -72.53493   4     19     48  
713.0  11:53:35 42.37816 -72.53497   5     12     54  
713.0  11:53:43 42.378166 -72.53531   5     13     53  
713.0  11:53:52 42.378162 -72.53542   5     18     54  
714.0  11:54:00 42.378162 -72.53542   3     12     43  
714.0  11:54:00 42.37816 -72.535446   4     15     57  
714.0  11:54:11 42.37815 -72.53546   3     10     40  
714.0  11:54:19 42.37814 -72.53547   4     15     55  
714.0  11:54:28 42.37813 -72.53544   5     17     56  
714.0  11:54:37 42.37814 -72.535416   3     16     47  
714.0  11:54:45 42.37813 -72.53544   3     11     43  
714.0  11:54:54 42.378128 -72.535446   5     15     49  
715.0  11:55:00 42.37814 -72.53537   5     11     44  
715.0  11:55:04 42.37814 -72.53538   5     19     52  
715.0  11:55:13 42.37814 -72.5354   4     13     49  
715.0  11:55:21 42.37815 -72.53542   5     10     53  
715.0  11:55:30 42.378143 -72.53543   3     13     44  
715.0  11:55:39 42.37814 -72.535446   5     16     59  
715.0  11:55:47 42.378147 -72.5354   3     14     44  
715.0  11:55:58 42.378155 -72.53538   3     19     40  
716.0  11:56:00 42.378155 -72.53539   3     18     44  
716.0  11:56:06 42.378155 -72.53541   5     11     48  
716.0  11:56:14 42.37816 -72.53541   5     16     51  
716.0  11:56:23 42.378155 -72.53541   4     19     58  
716.0  11:56:32 42.378162 -72.53542   5     13     47  
716.0  11:56:41 42.378162 -72.53542   5     16     47  
716.0  11:56:51 42.37816 -72.535416   5     10     58  
716.0  11:56:59 42.378147 -72.5354   4     12     49  
717.0  11:57:00 42.378147 -72.53539   4     18     46  
717.0  11:57:08 42.378162 -72.53539   3     12     48  
717.0  11:57:17 42.37816 -72.535385   4     10     50  
717.0  11:57:26 42.378147 -72.53537   4     17     58  
717.0  11:57:34 42.37815 -72.53539   3     10     54  
717.0  11:57:45 42.378162 -72.535416   5     14     50  
717.0  11:57:54 42.37816 -72.53541   5     11     58  
718.0  11:58:00 42.378162 -72.53542   3     11     58  
718.0  11:58:02 42.378162 -72.535416   3     10     59  
718.0  11:58:11 42.37817 -72.535645   3     19     44  
718.0  11:58:20 42.37806 -72.535805   5     19     57  
718.0  11:58:28 42.37803 -72.53583   4     14     53  
718.0  11:58:39 42.377934 -72.535645   4     16     42  
718.0  11:58:47 42.37797 -72.5353   4     11     56  
718.0  11:58:56 42.37795 -72.53532   3     12     59  
719.0  11:59:00 42.377945 -72.53541   3     12     46  
719.0  11:59:05 42.377945 -72.53542   5     12     53  
719.0  11:59:14 42.377968 -72.53552   3     14     56  
719.0  11:59:23 42.378036 -72.53555   3     13     52  
719.0  11:59:33 42.37802 -72.53554   4     11     41  
719.0  11:59:42 42.377945 -72.53541   5     17     58  
719.0  11:59:50 42.377922 -72.53543   5     10     51  
719.0  11:59:59 42.37793 -72.53546   3     18     55  
720.0  12:00:00 42.377953 -72.53549   5     15     55  
720.0  12:00:08 42.377995 -72.53549   5     11     47  
720.0  12:00:16 42.378082 -72.53552   4     10     51  
720.0  12:00:27 42.37815 -72.53553   3     19     50  
720.0  12:00:35 42.37813 -72.53549   4     16     45  
720.0  12:00:44 42.37813 -72.53549   3     13     45  
720.0  12:00:52 42.378143 -72.53546   5     14     45  
721.0  12:01:00 42.378147 -72.53553   3     11     49  
721.0  12:01:01 42.378143 -72.535515   4     18     51  
721.0  12:01:09 42.37816 -72.53554   5     15     44  
721.0  12:01:19 42.37816 -72.53552   4     11     57  
721.0  12:01:27 42.378143 -72.53549   4     13     45  
721.0  12:01:34 42.378143 -72.53548   4     14     46  
721.0  12:01:44 42.378136 -72.53548   3     16     45  
721.0  12:01:52 42.378136 -72.53551   5     15     42  
722.0  12:02:00 42.378143 -72.535515   5     14     52  
722.0  12:02:00 42.37813 -72.535515   3     14     49  
722.0  12:02:10 42.378124 -72.53549   3     10     49  
722.0  12:02:19 42.378128 -72.53549   4     13     50  
722.0  12:02:27 42.378143 -72.53549   5     13     57  
722.0  12:02:36 42.37813 -72.535484   3     13     52  
722.0  12:02:44 42.378128 -72.53552   3     12     54  
722.0  12:02:52 42.37813 -72.535515   4     11     52  
723.0  12:03:00 42.37814 -72.53551   5     19     56  
723.0  12:03:03 42.37814 -72.53551   4     19     58  
723.0  12:03:13 42.37808 -72.53549   4     12     52  
723.0  12:03:21 42.37793 -72.53545   5     17     50  
723.0  12:03:30 42.37792 -72.53542   3     14     52  
723.0  12:03:39 42.377926 -72.535416   5     13     46  
723.0  12:03:47 42.377953 -72.53543   5     15     48  
723.0  12:03:57 42.378 -72.535446   4     16     42  
724.0  12:04:00 42.378014 -72.53548   3     10     54  
724.0  12:04:06 42.378017 -72.53549   4     17     56  
724.0  12:04:15 42.378014 -72.53551   5     14     57  
724.0  12:04:23 42.378017 -72.53553   5     13     48  
724.0  12:04:32 42.378036 -72.53553   3     16     41  
724.0  12:04:41 42.37805 -72.53554   5     19     55  
724.0  12:04:52 42.378086 -72.535614   5     19     46  
725.0  12:05:00 42.378098 -72.53561   5     17     43  
725.0  12:05:01 42.3781 -72.53561   3     14     56  
725.0  12:05:13 42.378124 -72.535576   4     16     46  
725.0  12:05:24 42.378155 -72.53557   3     10     58  
725.0  12:05:37 42.378166 -72.53556   4     12     52  
725.0  12:05:49 42.378166 -72.53553   5     15     58  
725.0  12:05:58 42.378143 -72.53557   3     10     43  
726.0  12:06:00 42.378143 -72.535545   3     14     53  
726.0  12:06:06 42.37814 -72.535545   4     13     45  
726.0  12:06:15 42.378036 -72.53558   5     18     55  
726.0  12:06:24 42.37793 -72.535484   3     16     42  
726.0  12:06:32 42.377934 -72.53552   4     14     59  
726.0  12:06:44 42.377945 -72.53553   4     19     54  
726.0  12:06:53 42.377983 -72.53553   4     10     59  
727.0  12:07:00 42.377983 -72.53552   5     17     52  
727.0  12:07:01 42.37799 -72.535545   3     10     49  
727.0  12:07:11 42.377983 -72.53549   3     18     41  
727.0  12:07:19 42.378006 -72.53552   3     18     54  
727.0  12:07:28 42.378017 -72.53557   4     15     51  
727.0  12:07:38 42.378025 -72.53557   5     17     43  
727.0  12:07:48 42.377968 -72.5355   5     16     55  
727.0  12:07:57 42.37798 -72.53556   4     18     48  
728.0  12:08:00 42.377937 -72.53553   3     16     40  
728.0  12:08:05 42.37793 -72.53552   4     16     57  
728.0  12:08:17 42.377983 -72.535576   5     17     41  
728.0  12:08:32 42.378044 -72.535576   4     17     51  
728.0  12:08:41 42.37811 -72.535645   3     15     44  
728.0  12:08:50 42.378143 -72.53564   3     14     49  
728.0  12:08:58 42.37818 -72.535614   3     18     58  
729.0  12:09:00 42.378178 -72.53564   4     13     52  
729.0  12:09:07 42.378166 -72.53568   4     15     48  
729.0  12:09:18 42.37814 -72.5357   3     16     54  
729.0  12:09:27 42.378105 -72.53568   4     11     49  
729.0  12:09:35 42.37806 -72.53561   3     10     53  
729.0  12:09:44 42.37807 -72.535645   5     14     44  
729.0  12:09:53 42.377956 -72.5356   3     10     51  
730.0  12:10:00 42.377934 -72.535645   5     10     57  
730.0  12:10:01 42.377934 -72.535645   4     17     59  
730.0  12:10:13 42.377934 -72.53568   3     19     41  
730.0  12:10:24 42.377968 -72.53566   4     19     59  
730.0  12:10:33 42.37801 -72.53565   4     11     56  
730.0  12:10:44 42.378017 -72.53561   3     19     52  
730.0  12:10:53 42.378033 -72.53558   5     11     47  
731.0  12:11:00 42.378063 -72.53551   5     13     45  
731.0  12:11:04 42.378063 -72.53551   4     13     50  
731.0  12:11:12 42.378086 -72.53552   4     18     54  
731.0  12:11:21 42.378063 -72.53556   4     18     56  
731.0  12:11:29 42.378075 -72.53558   5     18     40  
731.0  12:11:38 42.378128 -72.53559   4     19     45  
731.0  12:11:46 42.37813 -72.53558   5     14     56  
732.0  12:12:00 42.37812 -72.5356   4     16     48  
732.0  12:12:00 42.378128 -72.53558   4     12     52  
732.0  12:12:09 42.378136 -72.53555   4     19     58  
732.0  12:12:17 42.37814 -72.535545   5     12     53  
732.0  12:12:26 42.378128 -72.535576   3     10     57  
732.0  12:12:33 42.37813 -72.53555   4     19     50  
732.0  12:12:41 42.378128 -72.53558   3     14     57  
732.0  12:12:51 42.378128 -72.53556   3     11     56  
732.0  12:12:59 42.378124 -72.53555   4     12     54  
733.0  12:13:00 42.37813 -72.53552   4     19     48  
733.0  12:13:07 42.37812 -72.535545   4     17     41  
733.0  12:13:15 42.37813 -72.53553   3     19     59  
733.0  12:13:24 42.378136 -72.53554   3     10     54  
733.0  12:13:31 42.378082 -72.53557   5     18     50  
733.0  12:13:46 42.37809 -72.53552   5     14     45  
733.0  12:13:56 42.37808 -72.53549   5     18     59  
734.0  12:14:00 42.378075 -72.53549   4     19     57  
734.0  12:14:05 42.378075 -72.53549   5     13     52  
734.0  12:14:13 42.378056 -72.53546   3     19     45  
734.0  12:14:21 42.378086 -72.535446   3     12     53  
734.0  12:14:31 42.378105 -72.535446   4     11     42  
734.0  12:14:39 42.37807 -72.53543   3     14     59  
734.0  12:14:50 42.37805 -72.53546   3     12     48  
734.0  12:14:58 42.378063 -72.53547   3     17     56  
735.0  12:15:00 42.37807 -72.53549   3     13     43  
735.0  12:15:07 42.378063 -72.535515   3     10     41  
735.0  12:15:15 42.378063 -72.53554   5     10     55  
735.0  12:15:24 42.378063 -72.53554   3     10     46  
735.0  12:15:33 42.378067 -72.53553   4     17     49  
735.0  12:15:44 42.37809 -72.53553   3     10     52  
735.0  12:15:52 42.37809 -72.53557   4     15     45  
736.0  12:16:00 42.37809 -72.53554   3     16     43  
736.0  12:16:01 42.378094 -72.535545   4     17     40  
736.0  12:16:10 42.378098 -72.53554   4     11     55  
736.0  12:16:18 42.37811 -72.53553   4     13     58  
736.0  12:16:27 42.37811 -72.53552   3     12     58  
736.0  12:16:37 42.378105 -72.535515   3     11     50  
736.0  12:16:46 42.378113 -72.535515   4     11     41  
736.0  12:16:55 42.378063 -72.535515   5     18     52  
737.0  12:17:00 42.37796 -72.53542   3     16     40  
737.0  12:17:05 42.37796 -72.53542   5     13     49  
737.0  12:17:14 42.377953 -72.53543   4     15     49  
737.0  12:17:23 42.377934 -72.53543   3     10     41  
737.0  12:17:34 42.377975 -72.535446   5     17     41  
737.0  12:17:42 42.378006 -72.53549   3     15     56  
737.0  12:17:51 42.37803 -72.53552   4     16     57  
738.0  12:18:00 42.37807 -72.535576   4     19     58  
738.0  12:18:00 42.37808 -72.53559   5     17     57  
738.0  12:18:09 42.378086 -72.53559   4     15     58  
738.0  12:18:18 42.37809 -72.5356   4     19     48  
738.0  12:18:28 42.378117 -72.535576   4     19     59  
738.0  12:18:37 42.378117 -72.53556   3     18     54  
738.0  12:18:46 42.378094 -72.53554   3     19     42  
738.0  12:18:55 42.37808 -72.535576   3     19     42  
739.0  12:19:00 42.378086 -72.53556   5     13     40  
739.0  12:19:03 42.378086 -72.53556   4     13     49  
739.0  12:19:12 42.3781 -72.53556   4     17     48  
739.0  12:19:23 42.378098 -72.53557   3     12     45  
739.0  12:19:32 42.37809 -72.53558   3     18     58  
739.0  12:19:41 42.378086 -72.535576   4     10     54  
739.0  12:19:50 42.378063 -72.53557   5     15     43  
739.0  12:19:59 42.378 -72.53558   3     10     49  
740.0  12:20:00 42.377975 -72.53559   5     13     49  
740.0  12:20:11 42.377983 -72.5356   5     17     51  
740.0  12:20:22 42.378002 -72.53558   5     11     56  
740.0  12:20:30 42.37799 -72.53555   3     19     53  
740.0  12:20:39 42.378002 -72.53558   5     16     40  
740.0  12:20:47 42.377995 -72.535576   3     11     55  
740.0  12:20:55 42.37801 -72.5356   5     12     57  
741.0  12:21:00 42.377983 -72.5356   3     17     57  
741.0  12:21:04 42.37798 -72.5356   4     17     50  
741.0  12:21:15 42.377983 -72.535614   5     18     55  
741.0  12:21:24 42.378002 -72.53563   5     14     42  
741.0  12:21:32 42.378014 -72.53563   4     17     46  
741.0  12:21:41 42.37801 -72.53564   4     16     48  
741.0  12:21:51 42.378002 -72.53562   5     19     40  
741.0  12:21:59 42.378 -72.53562   3     16     42  
742.0  12:22:00 42.377995 -72.53563   3     13     57  
742.0  12:22:09 42.378 -72.53563   5     17     56  
742.0  12:22:18 42.37799 -72.53562   3     11     55  
742.0  12:22:27 42.37799 -72.535614   3     16     58  
742.0  12:22:39 42.377995 -72.5356   5     11     58  
742.0  12:22:47 42.378002 -72.535614   5     12     57  
742.0  12:22:56 42.378002 -72.5356   5     16     48  
743.0  12:23:00 42.378 -72.5356   3     15     44  
743.0  12:23:07 42.378002 -72.53559   4     14     43  
743.0  12:23:15 42.378 -72.53558   4     16     54  
743.0  12:23:24 42.377995 -72.53559   5     10     57  
743.0  12:23:32 42.37799 -72.5356   3     19     47  
743.0  12:23:41 42.37799 -72.53561   3     16     58  
743.0  12:23:50 42.377968 -72.53558   5     12     50  
744.0  12:24:00 42.377987 -72.535576   3     14     59  
744.0  12:24:01 42.377975 -72.535576   4     10     57  
744.0  12:24:10 42.378 -72.53558   3     18     43  
744.0  12:24:19 42.37803 -72.53556   3     16     54  
744.0  12:24:27 42.378056 -72.53557   4     17     41  
744.0  12:24:36 42.378048 -72.53555   3     18     49  
744.0  12:24:44 42.378056 -72.535576   3     16     51  
744.0  12:24:55 42.378056 -72.535576   5     16     59  
745.0  12:25:00 42.378063 -72.53558   4     18     49  
745.0  12:25:03 42.378063 -72.53558   4     18     41  
745.0  12:25:12 42.37808 -72.53556   5     13     52  
745.0  12:25:21 42.37809 -72.53558   5     19     55  
745.0  12:25:29 42.37809 -72.53557   3     14     54  
745.0  12:25:38 42.37809 -72.53557   4     17     55  
745.0  12:25:50 42.378086 -72.535545   4     15     52  
745.0  12:25:59 42.378086 -72.535545   3     14     47  
746.0  12:26:00 42.378067 -72.53555   5     11     55  
746.0  12:26:07 42.378006 -72.53555   4     14     45  
746.0  12:26:16 42.377945 -72.535515   4     11     51  
746.0  12:26:25 42.377975 -72.535515   4     15     46  
746.0  12:26:34 42.377995 -72.53552   5     12     52  
746.0  12:26:45 42.378002 -72.53557   5     17     59  
746.0  12:26:53 42.378017 -72.53561   4     16     51  
747.0  12:27:00 42.37806 -72.53563   3     14     53  
747.0  12:27:02 42.37805 -72.53563   4     18     52  
747.0  12:27:11 42.37807 -72.53563   3     10     51  
747.0  12:27:20 42.378075 -72.53564   4     10     50  
747.0  12:27:29 42.378086 -72.53563   4     17     41  
747.0  12:27:40 42.37811 -72.53562   4     11     56  
747.0  12:27:49 42.378117 -72.53562   3     14     41  
747.0  12:27:58 42.378105 -72.53564   5     12     55  
748.0  12:28:00 42.37809 -72.535645   5     13     55  
748.0  12:28:06 42.378056 -72.535645   3     17     49  
748.0  12:28:15 42.377968 -72.535736   4     14     47  
748.0  12:28:24 42.37797 -72.535774   4     14     44  
748.0  12:28:37 42.37802 -72.53573   3     16     47  
748.0  12:28:47 42.378033 -72.53568   4     16     52  
748.0  12:28:58 42.377995 -72.535736   4     18     49  
749.0  12:29:00 42.378033 -72.53568   4     11     48  
749.0  12:29:07 42.37805 -72.53564   5     19     58  
749.0  12:29:16 42.37806 -72.53562   5     17     59  
749.0  12:29:28 42.37806 -72.53563   3     17     46  
749.0  12:29:38 42.378063 -72.535614   3     14     58  
749.0  12:29:47 42.37808 -72.53559   4     11     51  
749.0  12:29:55 42.378063 -72.5356   5     17     46  
750.0  12:30:00 42.377987 -72.535675   5     17     46  
750.0  12:30:04 42.377987 -72.535675   3     15     48  
750.0  12:30:13 42.37799 -72.535675   3     14     55  
750.0  12:30:25 42.378036 -72.53564   4     17     45  
750.0  12:30:34 42.378 -72.53567   3     11     41  
750.0  12:30:43 42.37792 -72.53568   3     15     59  
750.0  12:30:52 42.378 -72.53566   5     16     40  
751.0  12:31:00 42.378044 -72.53557   3     13     40  
751.0  12:31:01 42.378044 -72.53558   4     19     40  
751.0  12:31:10 42.378044 -72.53556   3     12     54  
751.0  12:31:22 42.378048 -72.53556   5     19     50  
751.0  12:31:31 42.37805 -72.53554   5     14     42  
751.0  12:31:41 42.37803 -72.535545   3     11     45  
751.0  12:31:49 42.37805 -72.53555   5     14     45  
751.0  12:31:59 42.37806 -72.535545   5     14     41  
752.0  12:32:00 42.378063 -72.53554   5     14     57  
752.0  12:32:15 42.378067 -72.53552   5     15     44  
752.0  12:32:24 42.378067 -72.535515   5     15     54  
752.0  12:32:35 42.378063 -72.53551   4     14     50  
752.0  12:32:44 42.37807 -72.53551   3     14     59  
752.0  12:32:53 42.37807 -72.5355   4     10     56  
753.0  12:33:00 42.378075 -72.53549   4     17     45  
753.0  12:33:04 42.37807 -72.53549   5     16     47  
753.0  12:33:14 42.378067 -72.53551   3     17     47  
753.0  12:33:24 42.37806 -72.535515   5     16     48  
753.0  12:33:38 42.378063 -72.53554   3     16     44  
753.0  12:33:47 42.378067 -72.53554   3     14     59  
753.0  12:33:58 42.378063 -72.53551   5     12     43  
754.0  12:34:00 42.37805 -72.535515   3     11     41  
754.0  12:34:06 42.37805 -72.535515   3     19     54  
754.0  12:34:17 42.37805 -72.53553   4     10     57  
754.0  12:34:26 42.378075 -72.53553   3     11     47  
754.0  12:34:40 42.378063 -72.535545   4     11     42  
754.0  12:34:50 42.378063 -72.535545   3     18     58  
755.0  12:35:00 42.378063 -72.53554   4     18     50  
755.0  12:35:02 42.378063 -72.53554   4     13     48  
755.0  12:35:14 42.378063 -72.53553   5     15     51  
755.0  12:35:25 42.378 -72.53518   3     19     41  
755.0  12:35:34 42.378338 -72.53517   3     12     46  
756.0  12:36:00 42.37825 -72.53544   4     10     59  
756.0  12:36:03 42.37826 -72.535446   3     18     46  
756.0  12:36:33 42.37825 -72.53544   4     11     55  
756.0  12:36:38 42.37825 -72.535446   4     15     41  
756.0  12:36:43 42.37825 -72.535446   3     16     46  
756.0  12:36:48 42.37826 -72.53544   5     12     46  
756.0  12:36:53 42.378265 -72.53543   5     15     45  
756.0  12:36:59 42.378265 -72.53544   5     18     44  
757.0  12:37:00 42.378265 -72.53544   5     19     43  
757.0  12:37:04 42.37826 -72.535446   5     17     40  
757.0  12:37:09 42.37826 -72.53545   4     11     54  
757.0  12:37:14 42.378258 -72.535446   3     15     40  
757.0  12:37:19 42.378254 -72.53545   3     16     51  
757.0  12:37:24 42.378254 -72.53546   4     17     59  
757.0  12:37:24 42.378258 -72.535446   5     15     51  
757.0  12:37:34 42.37825 -72.535484   4     15     48  
757.0  12:37:39 42.37825 -72.53548   4     13     40  
757.0  12:37:42 42.378246 -72.53548   5     14     55  
757.0  12:37:52 42.378242 -72.535484   5     16     57  
758.0  12:38:00 42.378242 -72.535484   3     17     57  
758.0  12:38:00 42.378242 -72.535484   3     16     52  
764.0  12:44:22 42.378235 -72.5354   3     13     56  
765.0  12:45:12 42.37824 -72.535416   4     12     58  
765.0  12:45:18 42.378235 -72.535416   4     13     56  
765.0  12:45:18 42.378235 -72.535416   3     14     40  
765.0  12:45:28 42.378235 -72.53542   5     16     53  
765.0  12:45:37 42.378242 -72.53542   5     12     40  
765.0  12:45:45 42.378246 -72.53542   5     15     56  
765.0  12:45:54 42.378235 -72.535416   4     13     50  
766.0  12:46:00 42.37824 -72.535416   5     14     40  
766.0  12:46:02 42.378235 -72.535416   3     18     43  
766.0  12:46:11 42.378235 -72.53541   4     13     50  
766.0  12:46:21 42.378242 -72.53542   5     15     46  
766.0  12:46:30 42.37825 -72.53544   4     16     44  
766.0  12:46:39 42.37825 -72.535446   3     10     51  
766.0  12:46:47 42.37825 -72.53545   5     19     42  
766.0  12:46:56 42.378246 -72.53544   3     13     41  
767.0  12:47:00 42.378242 -72.53543   5     19     55  
767.0  12:47:05 42.37824 -72.53543   4     12     43  
767.0  12:47:15 42.37824 -72.53543   3     18     44  
767.0  12:47:24 42.37824 -72.53543   5     13     54  
767.0  12:47:33 42.378235 -72.53543   3     15     53  
767.0  12:47:41 42.378223 -72.53542   3     12     41  
767.0  12:47:50 42.378216 -72.535416   3     13     49  
767.0  12:47:58 42.378216 -72.53541   3     12     50  
768.0  12:48:00 42.378216 -72.53539   5     19     57  
768.0  12:48:09 42.37822 -72.535385   3     18     58  
768.0  12:48:17 42.37822 -72.53538   5     13     57  
768.0  12:48:26 42.378223 -72.535385   3     15     53  
768.0  12:48:34 42.378223 -72.53539   4     19     50  
768.0  12:48:43 42.37822 -72.53541   4     19     53  
768.0  12:48:51 42.378223 -72.53541   3     17     46  
769.0  12:49:00 42.378227 -72.53537   5     19     49  
769.0  12:49:02 42.37823 -72.53536   4     11     47  
769.0  12:49:10 42.37823 -72.535355   5     15     58  
769.0  12:49:18 42.37823 -72.53536   5     15     59  
769.0  12:49:27 42.378223 -72.535416   5     13     56  
769.0  12:49:35 42.378227 -72.535416   4     14     59  
769.0  12:49:44 42.378235 -72.53539   3     13     56  
769.0  12:49:55 42.37824 -72.535385   5     10     42  
770.0  12:50:00 42.37823 -72.535416   3     16     59  
770.0  12:50:04 42.37823 -72.535416   5     12     51  
770.0  12:50:12 42.378246 -72.53544   4     19     59  
770.0  12:50:21 42.378246 -72.53542   3     12     49  
770.0  12:50:29 42.37825 -72.53537   5     19     56  
770.0  12:50:38 42.378242 -72.535385   3     14     48  
770.0  12:50:48 42.378227 -72.53542   5     18     41  
770.0  12:50:56 42.378242 -72.53541   4     12     42  
771.0  12:51:00 42.378246 -72.53541   5     12     57  
771.0  12:51:04 42.378246 -72.53541   5     14     48  
771.0  12:51:13 42.378246 -72.53542   3     15     44  
771.0  12:51:21 42.378246 -72.53546   4     12     57  
771.0  12:51:30 42.378235 -72.53543   3     19     57  
771.0  12:51:41 42.37822 -72.53541   4     12     52  
771.0  12:51:49 42.37821 -72.5354   3     12     48  
771.0  12:51:58 42.378204 -72.53541   5     11     55  
772.0  12:52:00 42.3782 -72.53542   3     18     40  
772.0  12:52:08 42.3782 -72.53543   4     13     59  
772.0  12:52:16 42.378197 -72.53542   5     12     50  
772.0  12:52:25 42.3782 -72.53543   4     10     59  
772.0  12:52:36 42.3782 -72.53542   4     13     54  
772.0  12:52:44 42.37821 -72.53543   3     12     53  
772.0  12:52:53 42.378212 -72.53543   5     12     46  
773.0  12:53:00 42.378216 -72.53544   3     14     41  
773.0  12:53:02 42.378216 -72.53543   3     18     43  
773.0  12:53:10 42.37822 -72.53544   3     13     58  
773.0  12:53:19 42.378223 -72.535446   4     18     46  
773.0  12:53:29 42.378223 -72.535446   4     13     44  
773.0  12:53:37 42.378227 -72.535446   5     13     46  
773.0  12:53:45 42.378227 -72.535446   5     14     52  
773.0  12:53:54 42.37823 -72.535446   3     11     49  
774.0  12:54:00 42.378235 -72.535446   3     18     42  
774.0  12:54:02 42.378235 -72.535446   4     14     57  
774.0  12:54:11 42.378235 -72.53545   4     12     43  
774.0  12:54:21 42.378235 -72.53544   4     15     56  
774.0  12:54:29 42.37824 -72.53544   3     16     46  
774.0  12:54:39 42.37824 -72.53543   3     15     55  
774.0  12:54:47 42.378242 -72.53544   3     16     56  
774.0  12:54:56 42.378242 -72.53544   5     18     56  
775.0  12:55:00 42.378242 -72.53544   4     16     48  
775.0  12:55:04 42.378242 -72.53544   5     16     50  
775.0  12:55:14 42.378242 -72.53544   3     13     50  
775.0  12:55:23 42.378235 -72.53544   5     18     52  
775.0  12:55:31 42.37823 -72.53546   5     16     50  
775.0  12:55:40 42.378227 -72.535484   4     18     43  
775.0  12:55:49 42.378223 -72.53549   5     12     51  
775.0  12:55:58 42.378227 -72.535484   3     10     55  
776.0  12:56:00 42.378227 -72.53549   3     15     42  
776.0  12:56:09 42.37823 -72.535484   3     12     45  
776.0  12:56:18 42.378235 -72.53547   3     11     46  
776.0  12:56:26 42.378235 -72.53546   5     17     55  
776.0  12:56:34 42.378223 -72.53549   3     11     56  
776.0  12:56:43 42.378223 -72.53549   3     14     56  
776.0  12:56:51 42.378223 -72.53546   3     14     47  
777.0  12:57:00 42.378223 -72.535446   4     12     51  
777.0  12:57:02 42.378223 -72.535446   5     13     59  
777.0  12:57:10 42.378227 -72.53545   5     16     44  
777.0  12:57:19 42.378235 -72.53544   3     13     48  
777.0  12:57:27 42.378235 -72.535446   3     18     46  
777.0  12:57:37 42.378235 -72.535446   5     16     57  
777.0  12:57:46 42.378227 -72.53549   5     19     48  
777.0  12:57:57 42.37823 -72.535484   5     18     44  
778.0  12:58:00 42.37824 -72.53547   5     18     51  
778.0  12:58:05 42.37824 -72.53547   3     17     56  
778.0  12:58:14 42.37825 -72.53546   5     16     59  
778.0  12:58:22 42.37825 -72.53546   4     11     40  
778.0  12:58:31 42.378246 -72.53546   4     16     52  
778.0  12:58:39 42.378242 -72.53545   3     18     59  
778.0  12:58:49 42.37824 -72.535446   4     13     47  
778.0  12:58:58 42.37824 -72.535446   5     15     41  
779.0  12:59:00 42.378235 -72.53544   4     12     55  
779.0  12:59:06 42.37824 -72.535446   3     15     47  
779.0  12:59:15 42.37824 -72.53544   3     16     58  
779.0  12:59:23 42.37824 -72.53544   3     13     57  
779.0  12:59:32 42.378242 -72.53544   4     16     49  
779.0  12:59:43 42.378242 -72.535446   3     14     54  
779.0  12:59:51 42.37824 -72.53544   4     11     49  
780.0  13:00:00 42.37824 -72.53544   3     16     42  
780.0  13:00:00 42.378235 -72.53543   3     10     45  
780.0  13:00:08 42.37824 -72.53543   3     17     54  
780.0  13:00:17 42.37824 -72.53543   3     13     51  
780.0  13:00:25 42.378242 -72.53544   4     18     59  
780.0  13:00:36 42.378242 -72.53544   5     16     52  
780.0  13:00:45 42.378246 -72.53543   4     11     56  
780.0  13:00:53 42.378242 -72.53542   4     12     41  
781.0  13:01:00 42.378235 -72.535416   5     15     49  
781.0  13:01:02 42.378235 -72.535416   3     18     48  
781.0  13:01:10 42.37824 -72.53542   4     14     43  
781.0  13:01:19 42.37825 -72.535416   3     17     59  
781.0  13:01:30 42.378254 -72.5354   3     18     41  
781.0  13:01:39 42.37825 -72.535416   3     13     56  
781.0  13:01:47 42.37825 -72.53543   4     11     56  
781.0  13:01:55 42.378246 -72.53544   5     16     53  
782.0  13:02:00 42.378242 -72.53546   4     11     44  
782.0  13:02:04 42.378242 -72.53546   3     10     49  
782.0  13:02:12 42.378242 -72.53545   5     14     46  
782.0  13:02:23 42.378254 -72.53543   4     12     50  
782.0  13:02:32 42.378254 -72.53543   4     12     50  
782.0  13:02:41 42.37825 -72.53544   4     17     41  
782.0  13:02:49 42.378242 -72.53546   5     11     46  
782.0  13:02:58 42.378235 -72.53548   4     12     57  
783.0  13:03:00 42.378235 -72.535484   5     19     40  
783.0  13:03:06 42.378242 -72.53546   5     12     50  
783.0  13:03:16 42.37825 -72.53543   3     10     56  
783.0  13:03:25 42.37825 -72.53542   4     12     41  
783.0  13:03:34 42.37825 -72.53543   4     11     57  
783.0  13:03:43 42.37824 -72.53545   3     17     43  
783.0  13:03:51 42.378242 -72.53545   4     13     59  
784.0  13:04:00 42.378246 -72.535446   5     19     43  
784.0  13:04:00 42.37825 -72.53544   5     12     52  
784.0  13:04:11 42.378254 -72.53543   3     11     53  
784.0  13:04:20 42.378258 -72.53543   4     19     49  
784.0  13:04:28 42.378258 -72.53543   3     14     47  
784.0  13:04:36 42.378254 -72.53543   3     10     53  
784.0  13:04:45 42.37825 -72.53542   5     15     53  
784.0  13:04:53 42.378246 -72.53542   4     14     42  
785.0  13:05:00 42.378242 -72.53542   4     17     52  
785.0  13:05:05 42.378242 -72.53542   4     11     53  
785.0  13:05:13 42.378235 -72.535416   4     12     56  
785.0  13:05:22 42.378235 -72.535416   4     10     45  
785.0  13:05:30 42.378235 -72.535416   5     13     41  
785.0  13:05:39 42.378235 -72.535416   4     15     58  
785.0  13:05:47 42.378235 -72.535416   3     14     40  
785.0  13:05:58 42.378235 -72.53541   4     13     46  
786.0  13:06:00 42.378235 -72.535416   3     10     58  
786.0  13:06:06 42.37823 -72.535416   4     14     56  
786.0  13:06:15 42.37823 -72.535416   4     18     59  
786.0  13:06:24 42.378227 -72.535416   4     13     54  
786.0  13:06:33 42.378235 -72.53542   4     14     48  
786.0  13:06:41 42.37823 -72.535416   4     19     51  
786.0  13:06:52 42.378227 -72.535416   4     15     43  
787.0  13:07:00 42.378227 -72.535416   5     18     50  
787.0  13:07:00 42.378227 -72.53541   3     17     59  
787.0  13:07:09 42.378227 -72.53541   5     10     50  
787.0  13:07:17 42.378235 -72.53541   4     10     42  
787.0  13:07:26 42.37824 -72.53541   3     15     45  
787.0  13:07:34 42.37824 -72.53541   4     14     59  
787.0  13:07:45 42.378246 -72.53541   3     18     50  
787.0  13:07:53 42.37825 -72.53539   4     18     45  
788.0  13:08:00 42.378242 -72.5354   3     12     48  
788.0  13:08:02 42.378242 -72.5354   5     19     52  
788.0  13:08:11 42.37824 -72.5354   3     16     43  
788.0  13:08:19 42.37824 -72.53541   5     15     57  
788.0  13:08:28 42.378227 -72.53543   3     17     40  
788.0  13:08:38 42.378235 -72.53542   4     13     58  
788.0  13:08:46 42.37823 -72.53543   5     14     50  
788.0  13:08:55 42.378223 -72.53545   4     16     56  
789.0  13:09:00 42.37821 -72.535484   4     12     50  
789.0  13:09:03 42.37821 -72.535484   4     11     56  
789.0  13:09:12 42.3782 -72.5355   4     18     55  
789.0  13:09:20 42.378193 -72.535515   4     15     41  
789.0  13:09:31 42.378197 -72.53549   5     15     46  
789.0  13:09:40 42.3782 -72.53549   4     16     44  
789.0  13:09:48 42.378212 -72.53545   5     18     50  
789.0  13:09:57 42.37822 -72.53544   3     10     45  
790.0  13:10:00 42.378223 -72.53543   5     10     59  
790.0  13:10:05 42.378223 -72.53543   3     18     52  
790.0  13:10:14 42.378223 -72.53544   3     10     40  
790.0  13:10:24 42.37822 -72.535446   5     17     56  
790.0  13:10:33 42.378216 -72.53546   3     14     53  
790.0  13:10:42 42.378227 -72.53544   3     18     57  
790.0  13:10:50 42.37823 -72.53543   5     14     47  
790.0  13:10:59 42.37823 -72.53544   3     10     52  
791.0  13:11:00 42.378235 -72.53544   5     17     59  
791.0  13:11:08 42.37824 -72.53544   4     19     48  
791.0  13:11:18 42.37824 -72.53544   3     12     45  
791.0  13:11:27 42.37824 -72.53544   3     14     57  
791.0  13:11:35 42.378242 -72.53544   3     16     44  
791.0  13:11:44 42.378242 -72.53544   5     14     57  
791.0  13:11:53 42.378246 -72.53544   5     13     48  
792.0  13:12:00 42.378246 -72.53544   5     12     57  
792.0  13:12:02 42.378246 -72.53544   3     14     48  
792.0  13:12:12 42.378246 -72.53544   4     10     52  
792.0  13:12:21 42.378242 -72.53544   4     17     41  
792.0  13:12:30 42.378242 -72.53544   4     19     54  
792.0  13:12:38 42.378242 -72.53543   5     17     52  
792.0  13:12:46 42.378242 -72.53543   5     12     42  
792.0  13:12:55 42.378242 -72.53543   4     16     46  
793.0  13:13:00 42.378242 -72.53543   4     18     56  
793.0  13:13:05 42.378242 -72.53543   4     17     57  
793.0  13:13:14 42.378242 -72.53543   3     19     42  
793.0  13:13:22 42.378242 -72.53543   4     15     47  
793.0  13:13:31 42.378242 -72.53543   4     16     54  
793.0  13:13:39 42.378242 -72.53542   4     17     52  
793.0  13:13:48 42.378242 -72.53543   5     15     49  
793.0  13:13:58 42.37824 -72.53543   5     13     50  
794.0  13:14:00 42.378235 -72.53544   3     14     58  
794.0  13:14:07 42.37823 -72.535446   5     15     50  
794.0  13:14:16 42.37823 -72.535446   3     16     45  
794.0  13:14:24 42.378223 -72.53546   5     16     46  
794.0  13:14:33 42.37822 -72.53548   3     16     50  
794.0  13:14:41 42.378216 -72.53546   3     16     56  
794.0  13:14:52 42.378204 -72.53543   5     14     44  
795.0  13:15:00 42.378204 -72.53543   5     18     42  
795.0  13:15:00 42.37821 -72.535416   5     16     48  
795.0  13:15:09 42.3782 -72.53544   3     18     46  
795.0  13:15:17 42.378197 -72.53546   3     15     48  
795.0  13:15:26 42.378197 -72.53548   3     18     52  
795.0  13:15:34 42.378193 -72.535484   5     16     40  
795.0  13:15:45 42.378185 -72.5355   4     18     46  
795.0  13:15:53 42.378185 -72.53549   4     11     45  
796.0  13:16:00 42.378216 -72.53545   3     13     46  
796.0  13:16:02 42.37821 -72.53546   5     16     54  
796.0  13:16:11 42.37822 -72.53544   3     16     43  
796.0  13:16:20 42.378212 -72.535416   5     10     44  
796.0  13:16:29 42.37822 -72.535385   5     10     57  
796.0  13:16:40 42.378223 -72.53537   3     11     43  
796.0  13:16:48 42.37823 -72.53542   3     12     47  
796.0  13:16:57 42.378235 -72.535446   5     14     49  
797.0  13:17:00 42.378235 -72.53547   4     18     55  
797.0  13:17:05 42.378235 -72.53547   3     12     54  
797.0  13:17:14 42.37824 -72.53548   5     17     56  
797.0  13:17:22 42.378242 -72.53547   4     13     52  
797.0  13:17:34 42.378246 -72.53547   5     14     47  
797.0  13:17:42 42.378246 -72.53547   5     19     42  
797.0  13:17:51 42.378246 -72.53547   4     15     43  
798.0  13:18:00 42.378246 -72.53547   5     12     55  
798.0  13:18:00 42.37825 -72.53547   4     16     45  
798.0  13:18:08 42.37825 -72.53546   3     17     41  
798.0  13:18:17 42.37825 -72.53546   4     11     40  
798.0  13:18:28 42.378258 -72.535446   4     15     43  
798.0  13:18:36 42.37825 -72.53545   4     15     46  
798.0  13:18:45 42.378242 -72.53546   5     18     48  
798.0  13:18:54 42.37824 -72.53547   4     19     53  
799.0  13:19:00 42.37824 -72.53546   4     11     40  
799.0  13:19:02 42.378242 -72.53546   4     15     50  
799.0  13:19:11 42.378235 -72.53548   3     10     56  
799.0  13:19:22 42.378235 -72.53548   5     16     42  
799.0  13:19:31 42.378242 -72.53545   5     13     45  
799.0  13:19:39 42.378246 -72.535446   5     15     58  
799.0  13:19:47 42.378242 -72.53545   5     16     49  
799.0  13:19:56 42.37824 -72.53545   3     18     58  
800.0  13:20:00 42.378235 -72.53546   4     16     54  
800.0  13:20:05 42.378235 -72.53546   5     18     49  
800.0  13:20:16 42.378235 -72.53545   4     10     57  
800.0  13:20:25 42.378223 -72.53545   4     17     40  
800.0  13:20:34 42.378223 -72.53547   5     11     52  
800.0  13:20:42 42.378235 -72.535446   3     16     43  
800.0  13:20:51 42.378235 -72.535446   5     19     53  
800.0  13:20:59 42.378227 -72.53542   4     19     47  
801.0  13:21:00 42.378223 -72.53544   5     14     49  
801.0  13:21:11 42.37821 -72.53548   5     11     48  
801.0  13:21:19 42.378204 -72.53548   3     16     55  
801.0  13:21:28 42.3782 -72.53544   5     15     43  
801.0  13:21:36 42.378216 -72.53541   4     13     51  
801.0  13:21:45 42.37822 -72.535416   5     15     59  
801.0  13:21:53 42.37822 -72.53543   3     10     51  
802.0  13:22:00 42.378204 -72.53544   3     10     40  
802.0  13:22:04 42.378204 -72.53544   4     14     41  
802.0  13:22:13 42.378216 -72.53544   4     17     52  
802.0  13:22:21 42.37821 -72.53543   3     11     59  
802.0  13:22:30 42.378212 -72.53543   3     12     44  
802.0  13:22:38 42.378223 -72.535446   5     10     53  
802.0  13:22:46 42.37825 -72.53546   4     13     43  
802.0  13:22:57 42.37825 -72.53548   3     12     52  
803.0  13:23:00 42.37826 -72.53545   5     17     46  
803.0  13:23:05 42.37826 -72.53546   4     15     40  
803.0  13:23:14 42.37828 -72.53543   4     12     46  
803.0  13:23:22 42.37828 -72.53543   3     10     41  
803.0  13:23:30 42.378277 -72.535446   4     10     42  
803.0  13:23:39 42.378265 -72.53547   4     17     55  
803.0  13:23:49 42.378273 -72.53545   5     18     49  
803.0  13:23:59 42.378273 -72.53545   4     11     41  
804.0  13:24:00 42.37827 -72.53547   5     17     54  
804.0  13:24:07 42.378265 -72.53548   4     15     43  
804.0  13:24:16 42.378265 -72.53547   4     11     49  
804.0  13:24:24 42.37827 -72.53546   3     17     52  
804.0  13:24:33 42.378265 -72.53547   3     10     44  
804.0  13:24:43 42.37827 -72.53549   4     12     59  
804.0  13:24:52 42.37811 -72.535706   4     13     41  
805.0  13:25:00 42.378075 -72.53632   4     17     44  
805.0  13:25:01 42.37805 -72.53606   4     13     43  
805.0  13:25:10 42.378086 -72.53661   4     11     43  
805.0  13:25:18 42.378044 -72.53705   5     11     42  
805.0  13:25:26 42.37827 -72.53722   5     19     49  
805.0  13:25:37 42.378437 -72.537155   4     14     56  
805.0  13:25:46 42.3787 -72.53716   5     11     40  
805.0  13:25:55 42.378925 -72.536995   4     16     48  
806.0  13:26:00 42.378845 -72.5361   3     13     46  
806.0  13:26:04 42.37885 -72.536194   3     15     50  
806.0  13:26:12 42.37878 -72.53537   4     14     55  
806.0  13:26:21 42.37874 -72.53452   5     10     53  
806.0  13:26:31 42.378723 -72.534225   3     15     46  
806.0  13:26:39 42.37904 -72.534035   3     16     44  
806.0  13:26:48 42.379486 -72.534004   3     11     50  
807.0  13:27:00 42.380116 -72.533966   3     18     41  
807.0  13:27:01 42.37969 -72.534   4     12     56  
807.0  13:27:10 42.38048 -72.53393   5     13     46  
807.0  13:27:18 42.381115 -72.533875   4     11     59  
807.0  13:27:33 42.382046 -72.5338   5     19     59  
807.0  13:27:43 42.38221 -72.533676   3     19     57  
807.0  13:27:52 42.38218 -72.53317   5     11     45  
808.0  13:28:00 42.382294 -72.53236   4     10     41  
808.0  13:28:00 42.382343 -72.53203   3     19     59  
808.0  13:28:09 42.38233 -72.53193   5     18     59  
808.0  13:28:17 42.38235 -72.5318   4     18     53  
808.0  13:28:25 42.382717 -72.53175   4     19     56  
808.0  13:28:36 42.38365 -72.53198   5     15     49  
808.0  13:28:45 42.38447 -72.532295   3     10     47  
808.0  13:28:53 42.384773 -72.53245   5     13     59  
809.0  13:29:00 42.38491 -72.532265   4     16     51  
809.0  13:29:03 42.384888 -72.53237   5     13     55  
809.0  13:29:12 42.385063 -72.53173   3     16     53  
809.0  13:29:21 42.385136 -72.53116   5     13     58  
809.0  13:29:31 42.38555 -72.53085   5     16     56  
809.0  13:29:39 42.3862 -72.53107   5     16     48  
809.0  13:29:47 42.386906 -72.53137   4     18     47  
809.0  13:29:55 42.387794 -72.53172   3     18     58  
810.0  13:30:00 42.388477 -72.532   3     18     44  
810.0  13:30:04 42.388573 -72.532036   3     12     52  
810.0  13:30:12 42.389317 -72.53235   5     13     51  
810.0  13:30:23 42.39031 -72.53276   3     12     56  
810.0  13:30:32 42.390957 -72.53302   3     14     57  
810.0  13:30:40 42.391727 -72.533356   4     14     42  
810.0  13:30:48 42.39234 -72.533615   4     14     40  
810.0  13:30:57 42.39253 -72.5337   5     18     52  
811.0  13:31:00 42.39262 -72.5337   3     12     44  
811.0  13:31:05 42.392677 -72.53364   5     19     58  
811.0  13:31:15 42.392883 -72.53297   4     18     46  
811.0  13:31:24 42.39313 -72.53242   5     15     41  
811.0  13:31:32 42.393444 -72.53253   3     19     58  
811.0  13:31:41 42.39338 -72.533   3     17     43  
811.0  13:31:49 42.393524 -72.53327   4     16     49  
811.0  13:31:58 42.39364 -72.53324   5     16     42  
812.0  13:32:00 42.39365 -72.53324   5     13     45  
812.0  13:32:08 42.393623 -72.53323   3     15     46  
812.0  13:32:18 42.393654 -72.53326   3     15     54  
812.0  13:32:26 42.393677 -72.53331   3     15     52  
812.0  13:32:34 42.39371 -72.53329   3     12     44  
812.0  13:32:45 42.393707 -72.533264   4     10     43  
812.0  13:32:54 42.393677 -72.533226   3     15     42  
813.0  13:33:00 42.39368 -72.53322   3     13     47  
813.0  13:33:05 42.39368 -72.533226   4     10     57  
813.0  13:33:14 42.39369 -72.533226   3     11     46  
813.0  13:33:24 42.393692 -72.533226   4     17     58  
813.0  13:33:36 42.393692 -72.53322   3     13     54  
813.0  13:33:44 42.393696 -72.53322   4     10     40  
813.0  13:33:55 42.3937 -72.53322   4     17     57  
814.0  13:34:00 42.393707 -72.53321   4     11     44  
814.0  13:34:03 42.39371 -72.53321   3     12     51  
814.0  13:34:13 42.393696 -72.53321   3     11     44  
814.0  13:34:22 42.39368 -72.53321   5     19     41  
814.0  13:34:31 42.393692 -72.53321   3     18     43  
814.0  13:34:39 42.393677 -72.53321   4     11     48  
814.0  13:34:50 42.393696 -72.53322   4     17     51  
815.0  13:35:00 42.393677 -72.53321   5     13     44  
815.0  13:35:00 42.39368 -72.53321   4     18     53  
815.0  13:35:09 42.393696 -72.5332   3     10     51  
815.0  13:35:17 42.39374 -72.53313   4     13     44  
815.0  13:35:26 42.393757 -72.53281   5     14     49  
815.0  13:35:35 42.393715 -72.53275   3     10     54  
815.0  13:35:47 42.393696 -72.53273   5     16     42  
815.0  13:35:55 42.393696 -72.53273   5     19     43  
816.0  13:36:00 42.393703 -72.532745   5     15     50  
816.0  13:36:04 42.393703 -72.532745   4     19     41  
1282.0  21:22:51 0.0 -0.0   5     10     49  
1283.0  21:23:05 0.0 -1.1095744E27   4     12     48  
1283.0  21:23:18 0.0 -1.8111362E22   5     18     58  
1283.0  21:23:31 0.0 -1.8111362E22   5     17     49  
