600.0  10:00:00 42.40583 -72.53268   5     11     42  
600.0  10:00:02 42.40583 -72.532684   5     19     56  
600.0  10:00:16 42.405827 -72.532616   4     15     56  
600.0  10:00:27 42.405834 -72.532585   4     10     42  
600.0  10:00:35 42.405834 -72.532585   5     10     50  
600.0  10:00:44 42.405834 -72.53258   3     12     57  
600.0  10:00:52 42.40583 -72.53257   4     12     48  
601.0  10:01:00 42.40583 -72.532616   3     10     45  
601.0  10:01:00 42.405827 -72.53262   3     16     53  
601.0  10:01:09 42.405827 -72.53263   3     11     47  
601.0  10:01:21 42.405735 -72.53251   5     10     46  
601.0  10:01:29 42.40552 -72.532486   5     14     48  
601.0  10:01:39 42.405178 -72.53242   3     17     45  
601.0  10:01:47 42.40485 -72.53212   5     11     47  
601.0  10:01:57 42.404865 -72.531715   4     19     48  
602.0  10:02:00 42.40494 -72.531395   3     13     53  
602.0  10:02:05 42.40496 -72.53123   3     19     48  
602.0  10:02:16 42.40501 -72.53087   3     18     47  
602.0  10:02:25 42.40506 -72.53088   3     16     43  
602.0  10:02:34 42.40506 -72.530876   4     16     59  
602.0  10:02:43 42.40507 -72.530876   5     11     47  
602.0  10:02:52 42.40512 -72.53052   3     10     44  
603.0  10:03:00 42.40514 -72.52982   3     18     50  
603.0  10:03:01 42.405155 -72.53006   3     17     40  
603.0  10:03:12 42.404984 -72.52941   3     17     49  
603.0  10:03:21 42.404186 -72.52948   4     18     58  
603.0  10:03:29 42.403336 -72.52912   4     11     45  
603.0  10:03:38 42.40317 -72.52896   3     12     51  
603.0  10:03:46 42.4032 -72.52908   5     17     40  
603.0  10:03:54 42.403225 -72.52927   3     11     49  
604.0  10:04:00 42.403217 -72.52929   5     19     59  
604.0  10:04:05 42.403233 -72.52928   3     15     41  
604.0  10:04:13 42.4033 -72.52948   4     11     43  
604.0  10:04:21 42.403206 -72.53016   4     17     41  
604.0  10:04:30 42.403057 -72.53085   5     16     51  
604.0  10:04:39 42.400913 -72.52815   3     16     55  
604.0  10:04:47 42.399506 -72.52823   4     12     45  
604.0  10:04:57 42.39827 -72.52869   3     11     49  
605.0  10:05:00 42.39761 -72.52846   3     15     51  
605.0  10:05:07 42.39741 -72.52818   4     13     40  
605.0  10:05:16 42.396347 -72.52771   4     19     44  
605.0  10:05:24 42.39565 -72.5273   5     10     57  
605.0  10:05:32 42.395576 -72.527245   5     12     47  
605.0  10:05:41 42.3953 -72.52719   4     18     42  
605.0  10:05:52 42.39449 -72.52667   3     11     42  
606.0  10:06:00 42.394745 -72.52706   4     16     58  
606.0  10:06:00 42.39474 -72.52704   3     16     48  
606.0  10:06:09 42.394573 -72.52683   5     19     57  
606.0  10:06:18 42.394524 -72.52695   3     10     48  
606.0  10:06:26 42.394432 -72.52676   4     19     46  
606.0  10:06:35 42.39436 -72.5267   5     16     55  
606.0  10:06:45 42.394352 -72.526695   3     18     42  
606.0  10:06:54 42.394352 -72.526695   3     17     45  
607.0  10:07:00 42.394352 -72.526695   5     17     51  
607.0  10:07:02 42.394352 -72.526695   4     12     46  
607.0  10:07:11 42.394154 -72.52662   5     13     46  
607.0  10:07:19 42.393692 -72.52624   5     18     48  
607.0  10:07:29 42.393444 -72.52616   3     10     44  
607.0  10:07:39 42.3935 -72.52619   3     15     59  
607.0  10:07:49 42.393562 -72.526474   5     10     48  
607.0  10:07:57 42.39356 -72.52643   5     15     43  
608.0  10:08:00 42.393528 -72.526375   3     18     48  
608.0  10:08:06 42.39351 -72.526405   3     10     48  
608.0  10:08:14 42.39348 -72.52645   3     11     59  
608.0  10:08:23 42.393436 -72.52635   5     14     55  
608.0  10:08:33 42.393463 -72.5262   4     15     56  
608.0  10:08:42 42.393463 -72.52594   3     11     42  
608.0  10:08:51 42.393425 -72.52595   4     17     54  
608.0  10:08:59 42.393215 -72.525955   5     14     46  
609.0  10:09:00 42.39307 -72.5259   3     13     50  
609.0  10:09:08 42.392944 -72.52587   4     16     40  
609.0  10:09:16 42.392174 -72.52567   3     11     59  
609.0  10:09:27 42.39131 -72.52536   3     17     49  
609.0  10:09:36 42.39095 -72.525085   4     15     42  
609.0  10:09:45 42.390896 -72.525116   3     16     57  
609.0  10:09:53 42.39093 -72.525406   4     10     42  
610.0  10:10:00 42.390938 -72.5255   5     15     48  
610.0  10:10:01 42.390934 -72.52552   3     10     59  
610.0  10:10:09 42.390957 -72.52558   3     16     46  
610.0  10:10:26 42.39052 -72.52515   4     10     53  
610.0  10:10:39 42.389565 -72.524994   4     12     54  
610.0  10:10:48 42.388783 -72.52477   5     16     49  
610.0  10:10:56 42.388577 -72.52442   5     14     42  
611.0  10:11:00 42.388412 -72.52438   3     12     43  
611.0  10:11:05 42.388416 -72.524376   4     19     48  
611.0  10:11:14 42.388226 -72.5242   4     19     49  
611.0  10:11:23 42.387745 -72.52385   5     13     41  
611.0  10:11:34 42.387627 -72.52343   3     13     59  
611.0  10:11:43 42.38758 -72.52314   5     18     48  
611.0  10:11:53 42.387318 -72.522766   3     13     50  
612.0  10:12:00 42.387062 -72.52306   4     15     50  
612.0  10:12:02 42.38687 -72.52292   5     19     42  
612.0  10:12:10 42.386997 -72.52295   3     19     45  
612.0  10:12:19 42.386597 -72.52242   4     12     57  
612.0  10:12:30 42.38587 -72.522255   3     18     41  
612.0  10:12:38 42.3858 -72.52233   3     19     42  
612.0  10:12:48 42.385883 -72.52241   5     17     53  
612.0  10:12:57 42.386017 -72.522545   4     12     49  
613.0  10:13:00 42.38601 -72.52248   5     18     44  
613.0  10:13:05 42.38599 -72.522415   3     10     55  
613.0  10:13:13 42.385826 -72.52239   4     14     57  
613.0  10:13:23 42.385296 -72.52191   3     12     40  
613.0  10:13:32 42.38451 -72.52153   3     13     46  
613.0  10:13:42 42.38373 -72.5211   5     10     40  
613.0  10:13:50 42.382805 -72.5206   4     16     58  
614.0  10:14:00 42.38171 -72.519615   3     13     41  
614.0  10:14:11 42.381992 -72.51995   5     16     55  
614.0  10:14:24 42.381443 -72.51939   3     17     58  
614.0  10:14:32 42.38103 -72.51939   5     11     46  
614.0  10:14:41 42.38022 -72.51936   3     17     44  
614.0  10:14:50 42.37934 -72.51962   4     17     50  
614.0  10:14:58 42.378593 -72.51997   5     11     59  
615.0  10:15:00 42.37821 -72.51998   4     18     43  
615.0  10:15:29 42.3777 -72.52004   4     14     58  
615.0  10:15:34 42.377384 -72.51996   5     12     53  
615.0  10:15:44 42.376823 -72.52031   5     13     49  
615.0  10:15:55 42.376423 -72.519844   5     16     46  
616.0  10:16:00 42.376358 -72.52022   5     19     48  
616.0  10:16:03 42.376358 -72.52022   5     16     48  
616.0  10:16:12 42.37631 -72.519966   4     14     46  
616.0  10:16:21 42.37599 -72.51993   3     19     58  
616.0  10:16:31 42.37599 -72.51993   5     17     50  
616.0  10:16:42 42.376022 -72.519554   5     12     53  
616.0  10:16:57 42.37577 -72.51926   3     17     57  
617.0  10:17:00 42.37578 -72.519264   5     12     51  
617.0  10:17:07 42.375755 -72.51923   5     13     52  
617.0  10:17:15 42.375923 -72.51884   4     11     49  
617.0  10:17:24 42.37609 -72.51837   4     17     51  
617.0  10:17:32 42.375957 -72.51713   3     10     41  
617.0  10:17:42 42.37603 -72.51567   3     11     51  
617.0  10:17:51 42.376003 -72.51443   3     11     49  
617.0  10:17:59 42.37598 -72.513565   3     10     43  
618.0  10:18:00 42.37584 -72.512985   5     15     55  
618.0  10:18:08 42.375793 -72.51255   4     18     47  
618.0  10:18:16 42.375965 -72.51178   3     11     54  
618.0  10:18:25 42.37592 -72.51078   5     14     47  
618.0  10:18:35 42.375854 -72.51017   4     17     45  
618.0  10:18:44 42.375816 -72.50991   3     13     40  
618.0  10:18:51 42.37565 -72.50748   5     11     57  
619.0  10:19:00 42.375675 -72.50711   3     15     49  
619.0  10:19:00 42.37567 -72.50723   3     11     46  
619.0  10:19:08 42.375683 -72.50724   4     19     49  
619.0  10:19:16 42.375694 -72.50634   5     18     52  
619.0  10:19:27 42.375668 -72.50479   3     12     44  
619.0  10:19:35 42.375843 -72.50349   3     11     51  
619.0  10:19:43 42.37607 -72.50198   3     13     49  
619.0  10:19:52 42.376293 -72.5013   3     11     54  
620.0  10:20:00 42.37602 -72.50129   5     11     59  
620.0  10:20:02 42.376293 -72.5014   5     16     41  
620.0  10:20:11 42.37557 -72.50023   4     15     41  
620.0  10:20:22 42.37619 -72.5006   5     18     47  
620.0  10:20:30 42.37625 -72.50065   5     16     44  
620.0  10:20:38 42.3764 -72.50083   3     18     54  
620.0  10:20:48 42.376408 -72.500694   3     13     44  
620.0  10:20:56 42.375507 -72.500725   4     14     56  
621.0  10:21:00 42.37467 -72.50091   3     13     45  
621.0  10:21:04 42.374557 -72.50096   4     13     54  
621.0  10:21:15 42.373646 -72.50132   4     13     58  
621.0  10:21:23 42.373466 -72.501564   5     16     50  
621.0  10:21:32 42.373432 -72.50138   5     19     42  
621.0  10:21:40 42.373417 -72.50129   4     10     42  
621.0  10:21:48 42.37339 -72.50119   3     17     46  
621.0  10:21:57 42.37323 -72.5011   4     13     52  
622.0  10:22:00 42.372963 -72.501495   3     16     49  
622.0  10:22:09 42.37258 -72.501434   5     11     52  
622.0  10:22:19 42.37161 -72.501625   3     10     42  
622.0  10:22:39 42.370457 -72.50197   3     18     43  
623.0  10:23:00 42.36926 -72.50147   4     15     56  
623.0  10:23:36 42.36924 -72.499   3     14     55  
623.0  10:23:46 42.369957 -72.49884   4     10     44  
623.0  10:23:54 42.370403 -72.49922   4     10     53  
624.0  10:24:00 42.369923 -72.49855   5     16     47  
624.0  10:24:03 42.36989 -72.49854   3     19     48  
624.0  10:24:11 42.369812 -72.49834   3     13     50  
624.0  10:24:19 42.37028 -72.49838   5     17     40  
624.0  10:24:28 42.370827 -72.49814   3     13     44  
624.0  10:24:41 42.370983 -72.49832   5     14     53  
624.0  10:24:52 42.37101 -72.498436   5     10     53  
625.0  10:25:00 42.371128 -72.49832   4     10     58  
625.0  10:25:01 42.37113 -72.49841   4     12     54  
625.0  10:25:09 42.370785 -72.49811   3     11     53  
625.0  10:25:18 42.36968 -72.49689   3     10     45  
625.0  10:25:29 42.36843 -72.4955   5     13     57  
625.0  10:25:38 42.367138 -72.494026   3     18     48  
625.0  10:25:50 42.36648 -72.49324   3     13     46  
626.0  10:26:00 42.36648 -72.49324   3     17     41  
626.0  10:26:00 42.36425 -72.49   5     19     44  
626.0  10:26:08 42.363674 -72.4895   4     13     59  
626.0  10:26:17 42.3636 -72.48942   4     12     55  
626.0  10:26:26 42.363483 -72.48935   4     19     50  
626.0  10:26:34 42.363113 -72.48908   3     18     49  
626.0  10:26:46 42.363033 -72.48903   3     14     40  
626.0  10:26:55 42.36277 -72.48872   5     12     46  
627.0  10:27:00 42.361927 -72.48803   5     10     52  
627.0  10:27:04 42.361927 -72.48803   5     12     49  
627.0  10:27:13 42.360573 -72.48692   5     12     54  
627.0  10:27:21 42.35945 -72.48585   5     14     55  
627.0  10:27:31 42.358593 -72.4849   5     19     57  
627.0  10:27:42 42.35817 -72.48576   4     14     44  
627.0  10:27:50 42.357777 -72.48577   4     16     58  
627.0  10:27:59 42.35727 -72.485695   5     15     57  
628.0  10:28:00 42.356956 -72.485725   4     17     53  
628.0  10:28:07 42.356884 -72.48571   4     14     55  
628.0  10:28:16 42.3566 -72.48568   5     17     45  
628.0  10:28:25 42.35619 -72.48593   3     17     50  
628.0  10:28:36 42.35598 -72.48571   3     19     52  
628.0  10:28:45 42.356148 -72.48548   3     10     52  
628.0  10:28:53 42.356644 -72.48535   4     19     46  
629.0  10:29:00 42.356815 -72.48525   5     14     53  
629.0  10:29:01 42.35676 -72.48526   3     19     52  
629.0  10:29:10 42.357025 -72.485466   5     13     43  
629.0  10:29:18 42.357327 -72.48548   3     17     41  
629.0  10:29:28 42.358 -72.48555   4     18     55  
629.0  10:29:37 42.358368 -72.48561   4     17     54  
629.0  10:29:45 42.358475 -72.48486   5     16     48  
629.0  10:29:54 42.358013 -72.48344   3     19     53  
630.0  10:30:00 42.357258 -72.483246   3     17     53  
630.0  10:30:03 42.357525 -72.48335   3     15     45  
630.0  10:30:12 42.357258 -72.483246   4     13     46  
630.0  10:30:26 42.35549 -72.47941   3     15     53  
630.0  10:30:35 42.3553 -72.47842   3     19     48  
630.0  10:30:44 42.3553 -72.47842   3     11     58  
631.0  10:31:00 42.353695 -72.476906   3     14     42  
631.0  10:31:21 42.353825 -72.4782   5     10     52  
631.0  10:31:31 42.353825 -72.4782   3     11     43  
631.0  10:31:40 42.355377 -72.4808   4     15     40  
631.0  10:31:48 42.355583 -72.480194   4     16     56  
631.0  10:31:58 42.35583 -72.4804   5     12     58  
632.0  10:32:00 42.35602 -72.480515   4     16     44  
632.0  10:32:07 42.356293 -72.48078   4     15     45  
632.0  10:32:16 42.357044 -72.48235   5     10     58  
632.0  10:32:26 42.357327 -72.48286   4     19     56  
632.0  10:32:34 42.357327 -72.48286   3     17     47  
632.0  10:32:43 42.359303 -72.48592   4     12     49  
632.0  10:32:52 42.359303 -72.48592   3     18     48  
633.0  10:33:00 42.362267 -72.48807   4     12     50  
633.0  10:33:01 42.362144 -72.48756   4     18     58  
633.0  10:33:13 42.362385 -72.48809   5     10     50  
633.0  10:33:24 42.36235 -72.4881   3     11     58  
633.0  10:33:33 42.36235 -72.48803   4     13     59  
633.0  10:33:41 42.362522 -72.4883   4     11     57  
633.0  10:33:50 42.363033 -72.488785   5     18     55  
633.0  10:33:59 42.36401 -72.489586   4     11     53  
634.0  10:34:00 42.364567 -72.490166   5     14     54  
634.0  10:34:08 42.364902 -72.49053   3     11     43  
634.0  10:34:19 42.365807 -72.49148   5     10     41  
634.0  10:34:27 42.365807 -72.49148   3     17     47  
634.0  10:34:36 42.365807 -72.49148   3     14     41  
634.0  10:34:44 42.365807 -72.49148   5     16     43  
634.0  10:34:52 42.365807 -72.49148   3     12     51  
635.0  10:35:00 42.37112 -72.49792   3     15     49  
635.0  10:35:01 42.365807 -72.49148   5     11     48  
635.0  10:35:11 42.371166 -72.49902   5     16     49  
635.0  10:35:20 42.370876 -72.49926   3     15     59  
635.0  10:35:29 42.370327 -72.49936   3     17     48  
635.0  10:35:37 42.37022 -72.499306   5     12     55  
635.0  10:35:45 42.370174 -72.49918   5     17     55  
635.0  10:35:54 42.369854 -72.4993   3     14     44  
636.0  10:36:00 42.3692 -72.49927   4     15     47  
636.0  10:36:05 42.369186 -72.49935   5     17     50  
636.0  10:36:14 42.36928 -72.50026   4     12     42  
636.0  10:36:25 42.36934 -72.500595   5     13     43  
636.0  10:36:35 42.3694 -72.50145   5     12     53  
636.0  10:36:44 42.369442 -72.502075   5     11     50  
636.0  10:36:56 42.36957 -72.50239   4     11     49  
637.0  10:37:00 42.36982 -72.50227   3     10     41  
637.0  10:37:04 42.36982 -72.50227   5     11     44  
637.0  10:37:12 42.36982 -72.50227   3     15     55  
637.0  10:37:20 42.371838 -72.501434   5     19     45  
637.0  10:37:29 42.372528 -72.50137   4     10     48  
637.0  10:37:38 42.37278 -72.501335   4     19     56  
637.0  10:37:49 42.37286 -72.50145   4     14     44  
637.0  10:37:57 42.373352 -72.50153   4     15     59  
638.0  10:38:00 42.37438 -72.50116   4     16     57  
638.0  10:38:06 42.374577 -72.50106   4     14     43  
638.0  10:38:14 42.375355 -72.50091   4     16     53  
638.0  10:38:23 42.37652 -72.50016   5     15     53  
638.0  10:38:32 42.37634 -72.501465   5     12     59  
638.0  10:38:43 42.376484 -72.50209   3     19     52  
638.0  10:38:52 42.376522 -72.502205   4     10     51  
639.0  10:39:00 42.376522 -72.502205   3     14     48  
639.0  10:39:00 42.376183 -72.501656   4     14     42  
639.0  10:39:08 42.37609 -72.502594   5     17     47  
639.0  10:39:16 42.37586 -72.503685   5     10     51  
639.0  10:39:25 42.37563 -72.50517   5     15     54  
639.0  10:39:35 42.37569 -72.507126   3     17     55  
639.0  10:39:43 42.3757 -72.5073   3     14     49  
639.0  10:39:51 42.375744 -72.50735   3     17     52  
639.0  10:39:59 42.37576 -72.507416   5     16     46  
640.0  10:40:00 42.375736 -72.507545   3     11     55  
640.0  10:40:07 42.3757 -72.50778   4     15     53  
640.0  10:40:15 42.375874 -72.50886   4     14     49  
640.0  10:40:25 42.37581 -72.51071   3     13     43  
640.0  10:40:34 42.375854 -72.511086   3     12     52  
640.0  10:40:42 42.375877 -72.51153   5     15     47  
640.0  10:40:51 42.37586 -72.51189   3     15     44  
640.0  10:40:59 42.375896 -72.51212   4     10     58  
641.0  10:41:00 42.375923 -72.512146   4     11     47  
641.0  10:41:07 42.375946 -72.51206   4     11     59  
641.0  10:41:18 42.37589 -72.51246   5     13     56  
641.0  10:41:26 42.375835 -72.512726   3     15     42  
641.0  10:41:34 42.37582 -72.51285   3     17     55  
641.0  10:41:43 42.375908 -72.51267   3     13     57  
641.0  10:41:51 42.375904 -72.51309   4     15     52  
641.0  10:41:59 42.37591 -72.5138   4     16     44  
642.0  10:42:00 42.37596 -72.51418   3     17     57  
642.0  10:42:09 42.376034 -72.515434   4     12     54  
642.0  10:42:18 42.375923 -72.516365   3     17     53  
642.0  10:42:28 42.375954 -72.516365   3     17     54  
642.0  10:42:38 42.3759 -72.516556   4     19     40  
642.0  10:42:46 42.375847 -72.51713   4     10     46  
642.0  10:42:54 42.375813 -72.517876   5     19     55  
643.0  10:43:00 42.375748 -72.51832   3     18     58  
643.0  10:43:08 42.37594 -72.519264   4     10     44  
643.0  10:43:17 42.376167 -72.52033   5     16     48  
643.0  10:43:26 42.37587 -72.51994   5     13     44  
643.0  10:43:35 42.376408 -72.51983   3     18     57  
643.0  10:43:48 42.377106 -72.519554   4     12     44  
643.0  10:43:59 42.377625 -72.51973   3     19     59  
644.0  10:44:00 42.377747 -72.51958   3     19     55  
644.0  10:44:09 42.37772 -72.51946   3     12     55  
644.0  10:44:19 42.377644 -72.51976   4     16     48  
644.0  10:44:28 42.377457 -72.51996   4     17     40  
644.0  10:44:35 42.37753 -72.519875   3     17     47  
644.0  10:44:43 42.37846 -72.51911   5     18     44  
644.0  10:44:54 42.378674 -72.519875   5     16     47  
645.0  10:45:00 42.379707 -72.51942   4     19     45  
645.0  10:45:04 42.379654 -72.519424   5     15     53  
645.0  10:45:13 42.379967 -72.519135   5     12     49  
645.0  10:45:22 42.379967 -72.519135   3     17     45  
645.0  10:45:31 42.38032 -72.51987   5     17     46  
645.0  10:45:41 42.380573 -72.51956   3     14     41  
645.0  10:45:52 42.380573 -72.51956   4     14     58  
646.0  10:46:00 42.380573 -72.51956   4     16     47  
646.0  10:46:02 42.380573 -72.51956   3     19     59  
646.0  10:46:10 42.380573 -72.51956   3     16     40  
646.0  10:46:18 42.380573 -72.51956   5     17     55  
646.0  10:46:26 42.38153 -72.519455   3     19     59  
646.0  10:46:35 42.381855 -72.519394   5     13     47  
646.0  10:46:46 42.381897 -72.519684   4     12     52  
646.0  10:46:55 42.382027 -72.51967   5     19     50  
647.0  10:47:00 42.383526 -72.52056   5     19     46  
647.0  10:47:03 42.382027 -72.51967   4     11     54  
647.0  10:47:12 42.384174 -72.52066   4     13     48  
647.0  10:47:21 42.384777 -72.5215   4     10     55  
647.0  10:47:29 42.38563 -72.52196   4     14     45  
647.0  10:47:40 42.385914 -72.52213   3     14     54  
647.0  10:47:49 42.385914 -72.52213   4     11     44  
647.0  10:47:59 42.388206 -72.51988   4     16     58  
648.0  10:48:00 42.38796 -72.52088   4     17     57  
648.0  10:48:08 42.38767 -72.52202   5     11     52  
648.0  10:48:16 42.387386 -72.52475   5     16     59  
648.0  10:48:24 42.387627 -72.523865   3     13     59  
648.0  10:48:34 42.38773 -72.52328   4     16     40  
648.0  10:48:43 42.387745 -72.52325   3     11     48  
648.0  10:48:51 42.387707 -72.5234   5     19     53  
649.0  10:49:00 42.387928 -72.523926   3     19     42  
649.0  10:49:00 42.388107 -72.524   3     19     52  
649.0  10:49:10 42.38833 -72.52412   5     14     56  
649.0  10:49:18 42.388897 -72.52444   3     18     56  
649.0  10:49:34 42.388897 -72.52444   3     15     58  
649.0  10:49:45 42.39085 -72.524895   5     11     50  
649.0  10:49:53 42.39099 -72.52518   5     18     41  
650.0  10:50:00 42.391167 -72.52525   3     12     49  
650.0  10:50:02 42.39114 -72.525215   4     16     47  
650.0  10:50:11 42.391094 -72.52528   4     12     55  
650.0  10:50:19 42.391 -72.5253   3     12     55  
650.0  10:50:28 42.39098 -72.5253   4     11     54  
650.0  10:50:40 42.39107 -72.52567   4     17     59  
650.0  10:50:48 42.39113 -72.52612   4     17     49  
650.0  10:50:57 42.39113 -72.52612   5     14     43  
651.0  10:51:00 42.39113 -72.52612   4     12     42  
651.0  10:51:05 42.39113 -72.52612   4     11     56  
651.0  10:51:14 42.39343 -72.52598   4     12     52  
651.0  10:51:24 42.393757 -72.52651   3     10     52  
651.0  10:51:35 42.39394 -72.526436   4     10     44  
651.0  10:51:44 42.394184 -72.52583   3     11     49  
651.0  10:51:53 42.394184 -72.52583   3     10     50  
652.0  10:52:00 42.393738 -72.527016   5     15     45  
652.0  10:52:02 42.393654 -72.52716   4     15     44  
652.0  10:52:12 42.394077 -72.52681   5     11     58  
652.0  10:52:20 42.39433 -72.52686   3     14     52  
652.0  10:52:31 42.39433 -72.52686   4     17     47  
652.0  10:52:39 42.39433 -72.52686   3     19     49  
652.0  10:52:47 42.397495 -72.52791   4     15     55  
652.0  10:52:56 42.39777 -72.52782   5     16     42  
653.0  10:53:00 42.39804 -72.52772   4     17     41  
653.0  10:53:05 42.398045 -72.527794   3     16     54  
653.0  10:53:14 42.398376 -72.527954   4     19     59  
653.0  10:53:26 42.399067 -72.52829   5     10     40  
653.0  10:53:35 42.399067 -72.52829   5     13     46  
653.0  10:53:44 42.399067 -72.52829   3     15     47  
653.0  10:53:58 42.399067 -72.52829   5     15     46  
654.0  10:54:00 42.399067 -72.52829   4     15     52  
654.0  10:54:06 42.399067 -72.52829   4     14     49  
654.0  10:54:17 42.399067 -72.52829   3     13     40  
654.0  10:54:25 42.403946 -72.5308   4     10     49  
654.0  10:54:34 42.404083 -72.53007   5     10     46  
654.0  10:54:42 42.404205 -72.53055   4     12     57  
654.0  10:54:51 42.404205 -72.53055   4     17     49  
655.0  10:55:00 42.404205 -72.53055   3     16     45  
655.0  10:55:00 42.404205 -72.53055   4     19     44  
655.0  10:55:11 42.406235 -72.53132   3     16     45  
655.0  10:55:20 42.40644 -72.53192   5     18     41  
655.0  10:55:28 42.406265 -72.532455   4     13     42  
655.0  10:55:37 42.406147 -72.532715   3     14     47  
655.0  10:55:45 42.399883 -72.61373   3     13     48  
655.0  10:55:53 42.399975 -72.61086   3     15     54  
656.0  10:56:00 42.40021 -72.606155   4     19     57  
656.0  10:56:04 42.400253 -72.60561   5     10     54  
656.0  10:56:13 42.400646 -72.600914   4     19     53  
656.0  10:56:21 42.40069 -72.60036   4     19     49  
656.0  10:56:29 42.405582 -72.53298   3     18     47  
656.0  10:56:41 42.405582 -72.53298   4     14     44  
656.0  10:56:50 42.40579 -72.53242   5     14     55  
657.0  10:57:00 42.405777 -72.53242   5     11     56  
657.0  10:57:01 42.405754 -72.532425   3     19     49  
657.0  10:57:09 42.405746 -72.53243   3     19     45  
657.0  10:57:17 42.405785 -72.53244   3     16     47  
657.0  10:57:27 42.40583 -72.53243   3     10     51  
657.0  10:57:35 42.40579 -72.53248   4     11     43  
657.0  10:57:44 42.40569 -72.5325   3     12     50  
657.0  10:57:55 42.40575 -72.5324   4     12     43  
658.0  10:58:00 42.40581 -72.532394   3     10     49  
658.0  10:58:04 42.405827 -72.53239   3     12     46  
658.0  10:58:13 42.405884 -72.53239   5     15     55  
658.0  10:58:22 42.40592 -72.53241   3     14     51  
658.0  10:58:30 42.40592 -72.53244   4     11     44  
658.0  10:58:39 42.405773 -72.53254   4     10     45  
658.0  10:58:49 42.405735 -72.532745   5     12     53  
658.0  10:58:58 42.405724 -72.53263   4     18     50  
659.0  10:59:00 42.40574 -72.53255   4     19     50  
659.0  10:59:07 42.40577 -72.53251   5     17     46  
659.0  10:59:15 42.4058 -72.53241   3     13     45  
659.0  10:59:23 42.405853 -72.53222   5     19     55  
659.0  10:59:32 42.40586 -72.53214   3     18     46  
659.0  10:59:42 42.40581 -72.53214   4     19     40  
659.0  10:59:50 42.405888 -72.53214   3     18     46  
659.0  10:59:59 42.405746 -72.532295   4     10     40  
660.0  11:00:00 42.40566 -72.532425   5     11     42  
660.0  11:00:08 42.405624 -72.53244   5     11     56  
660.0  11:00:17 42.405674 -72.5324   3     15     50  
660.0  11:00:26 42.405727 -72.53239   3     10     57  
660.0  11:00:37 42.405655 -72.53252   5     12     53  
660.0  11:00:45 42.40556 -72.53255   3     10     45  
660.0  11:00:54 42.40567 -72.532455   4     15     55  
661.0  11:01:00 42.405647 -72.532455   5     17     53  
661.0  11:01:02 42.40567 -72.53244   3     13     43  
661.0  11:01:10 42.40555 -72.532555   4     10     45  
661.0  11:01:19 42.405502 -72.532425   4     13     55  
661.0  11:01:30 42.405285 -72.53228   3     12     58  
661.0  11:01:38 42.40477 -72.53209   4     11     52  
661.0  11:01:47 42.40456 -72.53155   4     15     57  
661.0  11:01:59 42.404163 -72.530685   3     10     55  
662.0  11:02:00 42.404297 -72.52999   4     11     51  
662.0  11:02:08 42.404327 -72.52949   5     15     45  
662.0  11:02:16 42.40439 -72.52899   5     10     51  
662.0  11:02:28 42.40497 -72.53081   5     11     53  
662.0  11:02:36 42.404987 -72.530754   4     17     41  
662.0  11:02:45 42.404922 -72.52987   3     15     59  
662.0  11:02:53 42.404675 -72.52919   5     15     57  
663.0  11:03:00 42.403996 -72.52967   3     10     50  
663.0  11:03:02 42.40411 -72.5298   5     10     57  
663.0  11:03:10 42.403458 -72.52942   4     13     58  
663.0  11:03:21 42.403458 -72.52942   5     15     43  
663.0  11:03:29 42.403458 -72.52942   3     17     43  
663.0  11:03:38 42.403458 -72.52942   4     14     51  
663.0  11:03:46 42.402473 -72.528564   5     12     52  
663.0  11:03:54 42.401787 -72.528404   5     12     43  
664.0  11:04:00 42.40043 -72.52786   4     16     56  
664.0  11:04:03 42.40057 -72.527916   4     19     57  
664.0  11:04:14 42.39913 -72.52813   3     17     53  
664.0  11:04:22 42.398186 -72.52816   5     16     43  
664.0  11:04:31 42.398186 -72.52816   3     10     40  
664.0  11:04:41 42.398186 -72.52816   3     14     40  
664.0  11:04:50 42.395348 -72.52718   4     12     41  
664.0  11:04:58 42.395355 -72.52702   5     13     42  
665.0  11:05:00 42.395355 -72.52702   3     18     52  
665.0  11:05:09 42.395355 -72.52702   3     15     50  
665.0  11:05:18 42.395355 -72.52702   4     19     51  
665.0  11:05:26 42.39545 -72.52669   3     12     51  
665.0  11:05:35 42.395092 -72.52693   4     15     50  
665.0  11:05:43 42.395092 -72.52693   5     18     40  
665.0  11:05:52 42.395092 -72.52693   5     13     41  
666.0  11:06:00 42.39417 -72.52636   5     16     48  
666.0  11:06:02 42.39412 -72.52651   3     17     55  
666.0  11:06:11 42.393993 -72.526566   3     12     49  
666.0  11:06:20 42.394016 -72.526344   5     18     41  
666.0  11:06:29 42.393974 -72.52594   3     17     58  
666.0  11:06:37 42.393993 -72.52612   4     18     56  
666.0  11:06:46 42.393745 -72.52616   4     13     58  
666.0  11:06:58 42.393436 -72.52641   4     11     47  
667.0  11:07:00 42.393578 -72.52594   4     18     49  
667.0  11:07:07 42.393585 -72.52588   4     12     52  
667.0  11:07:15 42.393585 -72.52597   5     14     45  
667.0  11:07:24 42.393574 -72.52595   5     11     59  
667.0  11:07:33 42.393566 -72.52602   5     18     52  
667.0  11:07:42 42.393562 -72.5259   3     10     52  
667.0  11:07:54 42.393402 -72.52574   4     18     48  
668.0  11:08:00 42.39273 -72.52548   3     12     40  
668.0  11:08:03 42.392906 -72.52534   3     17     53  
668.0  11:08:11 42.39237 -72.52512   4     10     52  
668.0  11:08:20 42.391865 -72.52495   5     13     50  
668.0  11:08:29 42.391293 -72.52537   4     15     44  
668.0  11:08:38 42.39122 -72.52536   4     15     51  
668.0  11:08:51 42.391293 -72.52539   3     12     51  
669.0  11:09:00 42.39098 -72.525345   5     12     51  
669.0  11:09:01 42.391075 -72.52536   3     10     49  
669.0  11:09:10 42.390903 -72.525406   3     19     43  
669.0  11:09:19 42.390995 -72.5253   3     13     49  
669.0  11:09:28 42.391056 -72.52508   5     12     56  
669.0  11:09:37 42.391045 -72.52501   5     10     59  
669.0  11:09:50 42.39092 -72.525276   3     16     55  
669.0  11:09:58 42.3909 -72.52546   4     15     40  
670.0  11:10:00 42.390873 -72.525505   3     14     40  
670.0  11:10:08 42.390907 -72.52543   3     12     51  
670.0  11:10:17 42.39102 -72.52514   4     16     48  
670.0  11:10:27 42.391068 -72.52507   5     18     45  
670.0  11:10:35 42.390976 -72.52513   4     14     56  
670.0  11:10:46 42.390636 -72.52544   5     16     59  
670.0  11:10:55 42.390427 -72.52563   5     10     50  
671.0  11:11:00 42.390377 -72.525536   4     14     46  
671.0  11:11:04 42.390377 -72.525536   3     14     57  
671.0  11:11:13 42.389885 -72.5252   4     16     43  
671.0  11:11:45 42.38858 -72.52466   3     11     42  
671.0  11:11:50 42.388622 -72.52468   5     19     59  
671.0  11:11:56 42.38859 -72.52495   4     13     58  
671.0  11:11:56 42.388634 -72.52479   4     15     48  
672.0  11:12:00 42.38844 -72.52528   4     11     57  
672.0  11:12:07 42.38836 -72.525475   4     18     50  
672.0  11:12:16 42.38819 -72.5261   5     10     55  
672.0  11:12:25 42.388638 -72.52456   5     12     49  
672.0  11:12:36 42.38861 -72.52441   3     15     58  
672.0  11:12:45 42.38803 -72.5239   4     18     40  
672.0  11:12:54 42.387894 -72.52387   5     17     40  
673.0  11:13:00 42.387905 -72.5239   4     11     55  
673.0  11:13:06 42.38791 -72.523895   5     11     57  
673.0  11:13:14 42.3878 -72.52386   3     18     54  
673.0  11:13:24 42.387745 -72.52383   5     19     40  
673.0  11:13:32 42.387726 -72.52389   4     12     45  
673.0  11:13:41 42.387726 -72.52389   5     13     43  
673.0  11:13:49 42.387726 -72.52389   5     16     55  
674.0  11:14:00 42.387726 -72.52389   3     11     59  
674.0  11:14:00 42.387894 -72.5239   5     13     45  
674.0  11:14:10 42.387836 -72.523994   4     11     55  
674.0  11:14:20 42.387825 -72.5241   5     19     53  
674.0  11:14:29 42.387497 -72.525   3     10     41  
674.0  11:14:38 42.38727 -72.52557   5     16     44  
674.0  11:14:47 42.38727 -72.5248   3     12     58  
674.0  11:14:58 42.387283 -72.52352   5     13     41  
675.0  11:15:00 42.38706 -72.52301   3     13     48  
675.0  11:15:07 42.386883 -72.522835   4     16     59  
675.0  11:15:16 42.386547 -72.52251   4     13     44  
675.0  11:15:26 42.3861 -72.5225   4     12     55  
675.0  11:15:37 42.38603 -72.52267   5     16     50  
675.0  11:15:49 42.386063 -72.52266   5     15     54  
675.0  11:15:57 42.38613 -72.52251   3     11     53  
676.0  11:16:00 42.385975 -72.52236   5     11     55  
676.0  11:16:05 42.38592 -72.522316   5     19     43  
676.0  11:16:14 42.385323 -72.521675   4     15     50  
676.0  11:16:22 42.384277 -72.5214   3     19     43  
676.0  11:16:30 42.383427 -72.52096   4     18     48  
676.0  11:16:41 42.382725 -72.52088   4     15     51  
676.0  11:16:50 42.38253 -72.52121   4     15     45  
676.0  11:16:58 42.382145 -72.521065   4     17     45  
677.0  11:17:00 42.382008 -72.51972   4     17     54  
677.0  11:17:06 42.38207 -72.51948   4     19     45  
677.0  11:17:19 42.381702 -72.51992   5     10     57  
677.0  11:17:34 42.38159 -72.52016   5     12     55  
677.0  11:17:48 42.380806 -72.51907   4     17     46  
677.0  11:17:56 42.38017 -72.51928   3     13     40  
678.0  11:18:00 42.37984 -72.519554   4     13     53  
678.0  11:18:04 42.37984 -72.519554   5     12     47  
678.0  11:18:11 42.37982 -72.51961   3     19     55  
678.0  11:18:20 42.37961 -72.51965   5     13     45  
678.0  11:18:28 42.379604 -72.51963   3     10     57  
678.0  11:18:38 42.379482 -72.519714   4     14     42  
678.0  11:18:46 42.379044 -72.51982   4     18     55  
678.0  11:18:54 42.378628 -72.51987   5     19     49  
679.0  11:19:00 42.378136 -72.520004   4     16     41  
679.0  11:19:02 42.37816 -72.520004   5     10     42  
679.0  11:19:10 42.37797 -72.52011   4     14     45  
679.0  11:19:19 42.377834 -72.5203   5     15     40  
679.0  11:19:32 42.377743 -72.52065   5     14     45  
679.0  11:19:40 42.37762 -72.52094   3     14     41  
679.0  11:19:49 42.377575 -72.52104   3     10     50  
679.0  11:19:56 42.377377 -72.52015   4     10     40  
680.0  11:20:00 42.37721 -72.52016   3     18     42  
680.0  11:20:05 42.377205 -72.520164   4     19     45  
680.0  11:20:14 42.37702 -72.52005   3     10     54  
680.0  11:20:26 42.37681 -72.52005   5     18     58  
680.0  11:20:34 42.376156 -72.51974   5     17     43  
680.0  11:20:42 42.375687 -72.51987   4     10     51  
680.0  11:20:51 42.375515 -72.519745   5     16     50  
681.0  11:21:00 42.375423 -72.51954   3     18     53  
681.0  11:21:01 42.37535 -72.51943   5     14     54  
681.0  11:21:10 42.375538 -72.519516   5     18     48  
681.0  11:21:24 42.375633 -72.519264   5     19     40  
681.0  11:21:32 42.37578 -72.51905   3     12     42  
681.0  11:21:41 42.375584 -72.51838   4     15     46  
681.0  11:21:58 42.37526 -72.51769   5     19     56  
682.0  11:22:00 42.37461 -72.517166   3     16     40  
682.0  11:22:07 42.37461 -72.517166   3     15     51  
682.0  11:22:18 42.37461 -72.517166   4     15     52  
682.0  11:22:26 42.37461 -72.517166   4     12     50  
682.0  11:22:34 42.375713 -72.511795   3     17     40  
682.0  11:22:43 42.375748 -72.51081   5     10     42  
682.0  11:22:51 42.375805 -72.51053   3     15     44  
683.0  11:23:00 42.37558 -72.51018   5     10     54  
683.0  11:23:00 42.375656 -72.50835   3     12     50  
683.0  11:23:11 42.37568 -72.50775   5     10     47  
683.0  11:23:19 42.37568 -72.50775   4     16     52  
683.0  11:23:27 42.37568 -72.50775   5     18     56  
683.0  11:23:36 42.375637 -72.506874   5     15     52  
683.0  11:23:45 42.375538 -72.50568   3     10     49  
683.0  11:23:53 42.375565 -72.50425   3     13     41  
684.0  11:24:00 42.375816 -72.50234   3     10     57  
684.0  11:24:04 42.375782 -72.50249   4     10     46  
684.0  11:24:12 42.376217 -72.50143   5     10     53  
684.0  11:24:21 42.376415 -72.501076   4     17     54  
684.0  11:24:30 42.376415 -72.501076   3     11     41  
684.0  11:24:38 42.376415 -72.501076   4     10     40  
684.0  11:24:47 42.376415 -72.501076   3     17     50  
684.0  11:24:58 42.376415 -72.501076   3     10     50  
685.0  11:25:00 42.376415 -72.501076   5     11     56  
685.0  11:25:06 42.376415 -72.501076   4     18     44  
685.0  11:25:15 42.376038 -72.50039   3     18     40  
685.0  11:25:24 42.375004 -72.50061   3     17     43  
685.0  11:25:32 42.373905 -72.50095   5     17     53  
685.0  11:25:40 42.373146 -72.50142   5     10     42  
685.0  11:25:51 42.37317 -72.50116   5     11     40  
686.0  11:26:00 42.373154 -72.50124   4     15     45  
686.0  11:26:02 42.373158 -72.50123   3     14     56  
686.0  11:26:10 42.373165 -72.50124   4     18     44  
686.0  11:26:19 42.373154 -72.50131   3     16     52  
686.0  11:26:28 42.373177 -72.501274   5     19     59  
686.0  11:26:36 42.37316 -72.50127   4     17     59  
686.0  11:26:46 42.37314 -72.50124   4     13     56  
686.0  11:26:55 42.37269 -72.50126   3     17     53  
687.0  11:27:00 42.371838 -72.50135   3     11     54  
687.0  11:27:03 42.371838 -72.50135   5     10     57  
687.0  11:27:12 42.37096 -72.50111   3     18     58  
687.0  11:27:22 42.37002 -72.50103   3     17     59  
687.0  11:27:31 42.36945 -72.50121   3     12     57  
687.0  11:27:49 42.36923 -72.501465   3     16     52  
687.0  11:27:57 42.36922 -72.50052   4     19     41  
688.0  11:28:00 42.369213 -72.50019   5     16     53  
688.0  11:28:06 42.369175 -72.50007   4     17     48  
688.0  11:28:14 42.369152 -72.49944   4     18     47  
688.0  11:28:23 42.369736 -72.49917   4     15     42  
688.0  11:28:31 42.370316 -72.498825   4     17     52  
688.0  11:28:43 42.370434 -72.498436   5     14     40  
688.0  11:28:52 42.37072 -72.49915   4     17     52  
689.0  11:29:00 42.370884 -72.49951   4     11     42  
689.0  11:29:00 42.37091 -72.499466   5     16     57  
689.0  11:29:09 42.371037 -72.49888   5     17     47  
689.0  11:29:17 42.370518 -72.49772   4     15     40  
689.0  11:29:25 42.369415 -72.496506   4     17     41  
689.0  11:29:37 42.36776 -72.49471   4     12     54  
689.0  11:29:46 42.366734 -72.49321   4     14     44  
689.0  11:29:54 42.365314 -72.49156   5     16     53  
690.0  11:30:00 42.36411 -72.490036   4     13     44  
690.0  11:30:04 42.363964 -72.48988   5     16     47  
690.0  11:30:13 42.362953 -72.488884   5     10     56  
690.0  11:30:24 42.36294 -72.48867   3     10     59  
690.0  11:30:42 42.362938 -72.48862   5     16     45  
690.0  11:30:50 42.36178 -72.48768   4     19     45  
690.0  11:30:59 42.3605 -72.48686   3     12     47  
691.0  11:31:00 42.359722 -72.486275   3     12     54  
691.0  11:31:08 42.359158 -72.485725   4     14     49  
691.0  11:31:16 42.358356 -72.48488   3     12     58  
691.0  11:31:28 42.358013 -72.48523   3     18     50  
691.0  11:31:38 42.357365 -72.485306   5     17     43  
691.0  11:31:47 42.35662 -72.48537   4     12     43  
691.0  11:31:57 42.35603 -72.48575   3     17     49  
692.0  11:32:00 42.355705 -72.48588   5     18     43  
692.0  11:32:05 42.35564 -72.48581   4     16     46  
692.0  11:32:13 42.355507 -72.485725   3     12     58  
692.0  11:32:23 42.356007 -72.48537   4     14     59  
692.0  11:32:32 42.35653 -72.48456   4     11     42  
692.0  11:32:40 42.356724 -72.48469   3     11     53  
692.0  11:32:48 42.35742 -72.48488   3     10     50  
692.0  11:32:57 42.358257 -72.48488   4     13     50  
693.0  11:33:00 42.359055 -72.481224   4     16     57  
693.0  11:33:05 42.359184 -72.48077   4     19     50  
693.0  11:33:15 42.360195 -72.47724   3     18     42  
693.0  11:33:24 42.35808 -72.4842   4     18     54  
693.0  11:33:33 42.35753 -72.48309   5     15     53  
693.0  11:33:42 42.356735 -72.4814   4     13     50  
693.0  11:33:50 42.355717 -72.480385   5     13     54  
693.0  11:33:59 42.355717 -72.480385   4     15     46  
694.0  11:34:00 42.355717 -72.480385   3     12     40  
694.0  11:34:12 42.355717 -72.480385   3     12     44  
694.0  11:34:39 42.35363 -72.475334   3     17     55  
694.0  11:34:48 42.353523 -72.47655   4     16     49  
694.0  11:34:57 42.35337 -72.47813   3     14     57  
695.0  11:35:00 42.35346 -72.47926   3     16     56  
695.0  11:35:16 42.354008 -72.480965   3     15     42  
695.0  11:35:28 42.354694 -72.480156   4     17     56  
695.0  11:35:36 42.354706 -72.48009   5     11     40  
695.0  11:35:45 42.35476 -72.48002   3     16     58  
695.0  11:35:53 42.354843 -72.47981   5     14     46  
696.0  11:36:00 42.35501 -72.47993   4     16     51  
696.0  11:36:01 42.354954 -72.479904   3     18     48  
696.0  11:36:11 42.355255 -72.480156   5     17     47  
696.0  11:36:24 42.355762 -72.48034   5     10     44  
696.0  11:36:32 42.35591 -72.4804   4     13     55  
696.0  11:36:40 42.355995 -72.48044   4     19     41  
696.0  11:36:49 42.355995 -72.48044   3     17     52  
696.0  11:36:57 42.355995 -72.48044   3     10     53  
697.0  11:37:00 42.355995 -72.48044   5     15     40  
697.0  11:37:06 42.355995 -72.48044   5     18     56  
697.0  11:37:19 42.355995 -72.48044   4     19     57  
697.0  11:37:27 42.362186 -72.488396   4     18     51  
697.0  11:37:35 42.3623 -72.48841   3     12     43  
697.0  11:37:43 42.362225 -72.48847   4     13     54  
697.0  11:37:53 42.362198 -72.48847   3     16     51  
698.0  11:38:00 42.362198 -72.48847   5     12     47  
698.0  11:38:02 42.362198 -72.48847   5     16     46  
698.0  11:38:13 42.362198 -72.48847   3     19     41  
698.0  11:38:22 42.362198 -72.48847   3     19     49  
698.0  11:38:31 42.362198 -72.48847   4     12     47  
698.0  11:38:41 42.362198 -72.48847   4     15     40  
698.0  11:38:49 42.362198 -72.48847   5     10     41  
699.0  11:39:00 42.368217 -72.495995   3     13     50  
699.0  11:39:00 42.36898 -72.49717   3     16     43  
699.0  11:39:10 42.36918 -72.49756   5     14     44  
699.0  11:39:18 42.36918 -72.49756   3     16     52  
699.0  11:39:27 42.36918 -72.49756   3     13     56  
699.0  11:39:37 42.36918 -72.49756   3     17     56  
699.0  11:39:46 42.370552 -72.49922   4     13     48  
699.0  11:39:55 42.37018 -72.49927   5     17     52  
700.0  11:40:00 42.37023 -72.49915   4     11     57  
700.0  11:40:05 42.37023 -72.499146   3     11     49  
700.0  11:40:14 42.37023 -72.49906   3     10     57  
700.0  11:40:22 42.369637 -72.498955   5     10     43  
700.0  11:40:31 42.369335 -72.499466   4     15     50  
700.0  11:40:40 42.369457 -72.50007   5     10     43  
700.0  11:40:52 42.369488 -72.50091   3     15     54  
701.0  11:41:00 42.36944 -72.50188   3     15     43  
701.0  11:41:03 42.369457 -72.501854   4     13     45  
701.0  11:41:12 42.3694 -72.50202   3     16     57  
701.0  11:41:21 42.36936 -72.502495   5     12     51  
701.0  11:41:30 42.36936 -72.502495   3     18     58  
701.0  11:41:38 42.36936 -72.502495   3     11     55  
701.0  11:41:47 42.36936 -72.502495   3     11     58  
701.0  11:41:59 42.36936 -72.502495   5     13     54  
702.0  11:42:00 42.36936 -72.502495   3     19     40  
702.0  11:42:09 42.36936 -72.502495   5     14     52  
702.0  11:42:24 42.36936 -72.502495   5     17     40  
702.0  11:42:32 42.36936 -72.502495   5     17     45  
702.0  11:42:43 42.372753 -72.50105   3     19     55  
702.0  11:42:54 42.372993 -72.50039   5     11     40  
703.0  11:43:00 42.373253 -72.4999   5     17     59  
703.0  11:43:02 42.373108 -72.50014   4     18     40  
703.0  11:43:09 42.373344 -72.49977   3     10     42  
703.0  11:43:17 42.373707 -72.49958   4     10     41  
703.0  11:43:26 42.374622 -72.49952   5     16     42  
703.0  11:43:34 42.375233 -72.50018   5     17     51  
703.0  11:43:45 42.37636 -72.49974   5     11     58  
703.0  11:43:53 42.376705 -72.49985   4     17     54  
704.0  11:44:00 42.376324 -72.50052   3     18     49  
704.0  11:44:01 42.376266 -72.50049   4     10     59  
704.0  11:44:10 42.376385 -72.500565   4     17     53  
704.0  11:44:19 42.376385 -72.500565   5     19     54  
704.0  11:44:28 42.376385 -72.500565   3     12     57  
704.0  11:44:39 42.376385 -72.500565   3     14     59  
704.0  11:44:47 42.376385 -72.500565   5     13     47  
704.0  11:44:55 42.376385 -72.500565   3     18     44  
705.0  11:45:00 42.376385 -72.500565   5     12     50  
705.0  11:45:04 42.376385 -72.500565   5     19     54  
705.0  11:45:12 42.37616 -72.501915   4     11     51  
705.0  11:45:21 42.376175 -72.50296   5     19     53  
705.0  11:45:31 42.37634 -72.50387   5     13     58  
705.0  11:45:39 42.37637 -72.503975   5     12     47  
705.0  11:45:47 42.376026 -72.50665   5     15     45  
705.0  11:45:56 42.376194 -72.50641   4     15     57  
706.0  11:46:00 42.376144 -72.50667   5     11     44  
706.0  11:46:04 42.376133 -72.50676   5     11     56  
706.0  11:46:13 42.376072 -72.50782   5     14     52  
706.0  11:46:24 42.375916 -72.51015   4     13     43  
706.0  11:46:33 42.37575 -72.5112   4     16     43  
706.0  11:46:41 42.37563 -72.51189   5     17     44  
706.0  11:46:50 42.3759 -72.51235   3     11     47  
706.0  11:46:58 42.37594 -72.51255   3     18     50  
707.0  11:47:00 42.375793 -72.51289   5     15     45  
707.0  11:47:06 42.375774 -72.51292   4     10     43  
707.0  11:47:17 42.37567 -72.51317   3     16     53  
707.0  11:47:25 42.375637 -72.51328   4     14     49  
707.0  11:47:34 42.375637 -72.51328   3     10     53  
707.0  11:47:42 42.375637 -72.51328   3     14     48  
707.0  11:47:50 42.375637 -72.51328   5     13     57  
707.0  11:47:58 42.375637 -72.51328   5     13     55  
708.0  11:48:00 42.375637 -72.51328   4     15     48  
708.0  11:48:08 42.375637 -72.51328   5     11     50  
708.0  11:48:17 42.375637 -72.51328   4     18     49  
708.0  11:48:25 42.3755 -72.51867   4     12     57  
708.0  11:48:34 42.375885 -72.51829   4     15     45  
708.0  11:48:44 42.37547 -72.519806   5     10     54  
708.0  11:48:54 42.37584 -72.519424   5     12     58  
709.0  11:49:00 42.3758 -72.519875   4     12     41  
709.0  11:49:04 42.3758 -72.519875   4     18     46  
709.0  11:49:13 42.37551 -72.52034   5     16     42  
709.0  11:49:22 42.376156 -72.51899   3     17     50  
709.0  11:49:30 42.375153 -72.52124   4     15     59  
709.0  11:49:39 42.375557 -72.52016   5     16     52  
709.0  11:49:48 42.37531 -72.52073   4     16     48  
709.0  11:49:58 42.375675 -72.519966   5     10     42  
710.0  11:50:00 42.375668 -72.52012   5     11     51  
710.0  11:50:07 42.37539 -72.52129   4     18     42  
710.0  11:50:22 42.377144 -72.51945   3     17     59  
710.0  11:50:31 42.377407 -72.52013   3     16     46  
710.0  11:50:39 42.37733 -72.52067   4     13     45  
710.0  11:50:50 42.37736 -72.521065   5     16     49  
711.0  11:51:00 42.378933 -72.51716   3     12     59  
711.0  11:51:00 42.37772 -72.51996   4     19     48  
711.0  11:51:09 42.378445 -72.51846   3     11     41  
711.0  11:51:18 42.377193 -72.52176   5     11     58  
711.0  11:51:26 42.376167 -72.52514   5     12     41  
711.0  11:51:35 42.379623 -72.51981   5     14     47  
711.0  11:51:46 42.37987 -72.51951   3     19     44  
711.0  11:51:57 42.380135 -72.51885   3     16     43  
712.0  11:52:00 42.382427 -72.51598   3     17     49  
712.0  11:52:08 42.383083 -72.51539   5     17     57  
712.0  11:52:17 42.38346 -72.51481   3     14     51  
712.0  11:52:35 42.380383 -72.52157   5     18     50  
712.0  11:52:46 42.38302 -72.52058   5     11     45  
712.0  11:52:55 42.383766 -72.51934   5     10     56  
713.0  11:53:00 42.38349 -72.51995   4     17     59  
713.0  11:53:06 42.38349 -72.51995   5     17     45  
713.0  11:53:16 42.384018 -72.52001   3     14     46  
713.0  11:53:24 42.385338 -72.52095   4     19     53  
713.0  11:53:33 42.38546 -72.52304   5     11     57  
713.0  11:53:43 42.385784 -72.52305   4     12     42  
713.0  11:53:51 42.3863 -72.52323   3     12     55  
714.0  11:54:00 42.387257 -72.52382   3     14     51  
714.0  11:54:00 42.387535 -72.52363   4     17     52  
714.0  11:54:08 42.387897 -72.52309   5     18     42  
714.0  11:54:16 42.3874 -72.52412   4     12     50  
714.0  11:54:25 42.38756 -72.52343   3     11     45  
714.0  11:54:35 42.38747 -72.523865   5     11     57  
714.0  11:54:44 42.38757 -72.52405   3     11     51  
714.0  11:54:54 42.38758 -72.52497   5     19     48  
715.0  11:55:00 42.388813 -72.52372   5     14     52  
715.0  11:55:03 42.388588 -72.524124   4     12     59  
715.0  11:55:11 42.388363 -72.52516   3     16     58  
715.0  11:55:23 42.38831 -72.52554   5     15     46  
715.0  11:55:34 42.38831 -72.52554   4     13     51  
715.0  11:55:42 42.38831 -72.52554   4     14     45  
715.0  11:55:51 42.38831 -72.52554   3     12     49  
715.0  11:55:59 42.38831 -72.52554   4     17     41  
716.0  11:56:00 42.38831 -72.52554   3     14     50  
716.0  11:56:08 42.38831 -72.52554   3     10     50  
716.0  11:56:16 42.38831 -72.52554   5     14     43  
716.0  11:56:26 42.38831 -72.52554   5     16     46  
716.0  11:56:34 42.38831 -72.52554   3     11     45  
716.0  11:56:43 42.38831 -72.52554   4     18     51  
716.0  11:56:52 42.394165 -72.52572   3     13     48  
717.0  11:57:00 42.393982 -72.52614   5     18     53  
717.0  11:57:05 42.393967 -72.52609   3     19     50  
717.0  11:57:14 42.394085 -72.52602   5     11     44  
717.0  11:57:26 42.393993 -72.52656   4     11     44  
717.0  11:57:34 42.393993 -72.52656   5     19     44  
717.0  11:57:43 42.39469 -72.52792   4     16     54  
717.0  11:57:52 42.39525 -72.526665   4     18     54  
718.0  11:58:00 42.394882 -72.52719   4     19     46  
718.0  11:58:00 42.394417 -72.528465   3     13     44  
718.0  11:58:09 42.39541 -72.5269   5     13     59  
718.0  11:58:19 42.396854 -72.52686   4     18     40  
718.0  11:58:28 42.3972 -72.52758   4     11     47  
718.0  11:58:37 42.3972 -72.52758   5     13     50  
718.0  11:58:45 42.3972 -72.52758   5     13     49  
718.0  11:58:54 42.3972 -72.52758   5     19     47  
719.0  11:59:00 42.3972 -72.52758   3     11     58  
719.0  11:59:04 42.3972 -72.52758   4     12     59  
719.0  11:59:16 42.3972 -72.52758   5     13     55  
719.0  11:59:26 42.3972 -72.52758   3     12     52  
719.0  11:59:35 42.3972 -72.52758   5     12     57  
719.0  11:59:44 42.3972 -72.52758   4     16     40  
719.0  11:59:52 42.403984 -72.52966   3     11     58  
720.0  12:00:00 42.40451 -72.52991   5     12     58  
720.0  12:00:00 42.40451 -72.52991   4     11     45  
720.0  12:00:08 42.40451 -72.52991   3     10     52  
720.0  12:00:19 42.40451 -72.52991   4     17     44  
720.0  12:00:27 42.40451 -72.52991   5     14     43  
720.0  12:00:36 42.406456 -72.531265   4     16     42  
720.0  12:00:44 42.40626 -72.53183   3     10     41  
