416.0  06:56:13 0.0 -0.0   3     12     58  
416.0  06:56:26 0.0 -1.1095744E27   5     12     46  
416.0  06:56:39 0.0 -1.8111362E22   3     12     42  
416.0  06:56:52 0.0 -1.8111362E22   4     14     45  
418.0  06:58:06 0.0 -0.0   3     18     41  
445.0  07:25:19 42.457924 -72.569786   3     16     50  
445.0  07:25:31 42.46034 -72.57192   5     14     56  
445.0  07:25:44 42.462467 -72.573204   3     19     59  
445.0  07:25:56 42.464172 -72.57434   4     19     46  
447.0  07:27:00 42.462627 -72.5811   5     11     51  
447.0  07:27:02 42.46291 -72.581   5     18     59  
488.0  08:08:52 42.348915 -72.52891   4     11     42  
489.0  08:09:04 42.34876 -72.52891   4     13     59  
489.0  08:09:16 42.34832 -72.52934   4     19     50  
489.0  08:09:29 42.348312 -72.52998   4     14     52  
490.0  08:10:37 42.35055 -72.53032   3     13     47  
490.0  08:10:50 42.35147 -72.530334   4     18     57  
491.0  08:11:00 42.351585 -72.529594   4     14     48  
491.0  08:11:01 42.351593 -72.52995   3     11     45  
491.0  08:11:09 42.351578 -72.52877   4     10     54  
491.0  08:11:17 42.351555 -72.52742   4     17     46  
491.0  08:11:24 42.35153 -72.526535   3     14     47  
491.0  08:11:33 42.351547 -72.52644   5     12     48  
491.0  08:11:41 42.351562 -72.526436   5     17     53  
491.0  08:11:51 42.351543 -72.52645   4     10     51  
491.0  08:11:58 42.351585 -72.526   4     18     51  
492.0  08:12:00 42.35165 -72.5254   4     19     43  
492.0  08:12:06 42.351753 -72.5247   3     14     53  
492.0  08:12:14 42.352295 -72.52345   4     17     49  
492.0  08:12:24 42.3533 -72.52271   4     15     57  
492.0  08:12:38 42.35452 -72.52181   5     10     52  
492.0  08:12:49 42.355583 -72.5213   3     10     56  
492.0  08:12:58 42.355747 -72.52098   5     12     57  
493.0  08:13:00 42.356045 -72.52093   5     17     48  
493.0  08:13:06 42.356365 -72.52099   5     10     55  
493.0  08:13:15 42.357338 -72.52095   5     14     57  
493.0  08:13:28 42.358753 -72.520874   3     15     55  
493.0  08:13:38 42.360996 -72.52082   5     13     41  
493.0  08:13:59 42.362152 -72.52079   5     15     48  
494.0  08:14:00 42.36469 -72.520645   3     10     49  
494.0  08:14:04 42.362152 -72.52079   3     14     56  
494.0  08:14:07 42.365215 -72.52055   5     17     43  
494.0  08:14:15 42.36637 -72.52036   5     18     41  
494.0  08:14:23 42.36751 -72.52017   4     13     55  
494.0  08:14:33 42.368977 -72.51997   4     17     41  
494.0  08:14:41 42.370052 -72.519844   3     11     55  
494.0  08:14:49 42.371117 -72.5198   4     14     49  
494.0  08:14:57 42.371826 -72.51975   5     14     55  
495.0  08:15:00 42.372192 -72.519745   3     10     47  
495.0  08:15:05 42.372288 -72.519745   5     16     54  
495.0  08:15:13 42.372684 -72.51978   5     14     52  
495.0  08:15:24 42.373466 -72.51984   5     11     43  
495.0  08:15:32 42.374104 -72.519875   4     11     54  
495.0  08:15:41 42.374588 -72.51981   5     13     42  
495.0  08:15:49 42.374664 -72.51984   4     16     58  
495.0  08:15:58 42.374607 -72.519844   5     14     52  
496.0  08:16:00 42.374645 -72.51987   4     17     57  
496.0  08:16:06 42.374733 -72.51989   5     13     41  
496.0  08:16:16 42.375343 -72.5199   3     16     57  
496.0  08:16:24 42.3755 -72.51988   4     11     41  
496.0  08:16:32 42.375526 -72.51986   4     16     56  
496.0  08:16:40 42.37554 -72.51985   4     12     56  
496.0  08:16:48 42.375546 -72.519844   3     17     54  
496.0  08:16:56 42.375515 -72.51985   5     12     45  
497.0  08:17:00 42.375538 -72.51987   4     18     49  
497.0  08:17:06 42.37566 -72.519875   3     17     58  
497.0  08:17:14 42.376266 -72.51992   5     12     58  
497.0  08:17:22 42.376896 -72.51993   3     12     43  
497.0  08:17:30 42.377365 -72.51989   4     19     49  
497.0  08:17:38 42.37739 -72.5199   4     12     47  
497.0  08:17:46 42.377396 -72.51987   3     14     56  
497.0  08:17:56 42.377396 -72.51987   4     18     56  
498.0  08:18:00 42.377415 -72.51987   4     17     51  
498.0  08:18:04 42.37742 -72.51987   4     15     47  
498.0  08:18:12 42.37744 -72.51987   5     15     40  
498.0  08:18:21 42.37752 -72.519905   3     15     44  
498.0  08:18:29 42.37799 -72.519936   3     15     41  
498.0  08:18:36 42.378323 -72.51995   5     14     45  
498.0  08:18:47 42.37881 -72.51993   5     17     44  
498.0  08:18:55 42.37903 -72.519875   4     17     44  
499.0  08:19:00 42.379078 -72.51981   3     17     43  
499.0  08:19:03 42.379078 -72.51981   5     18     53  
499.0  08:19:12 42.37919 -72.51978   5     10     58  
499.0  08:19:21 42.379704 -72.51955   3     14     47  
499.0  08:19:29 42.3798 -72.51949   4     14     51  
499.0  08:19:39 42.37977 -72.5195   5     16     52  
499.0  08:19:47 42.379772 -72.51949   3     15     46  
499.0  08:19:55 42.380016 -72.51945   4     18     50  
500.0  08:20:00 42.380833 -72.51933   4     18     41  
500.0  08:20:04 42.380833 -72.51933   5     16     41  
500.0  08:20:13 42.381397 -72.519264   3     13     53  
500.0  08:20:21 42.381367 -72.51924   3     12     44  
500.0  08:20:31 42.381367 -72.51926   3     17     49  
500.0  08:20:39 42.381363 -72.51926   4     15     49  
500.0  08:20:47 42.381363 -72.51922   4     19     51  
500.0  08:20:55 42.38144 -72.5192   4     17     45  
501.0  08:21:00 42.381836 -72.5196   4     12     53  
501.0  08:21:03 42.381836 -72.5196   4     10     50  
501.0  08:21:12 42.38258 -72.52023   3     10     50  
501.0  08:21:26 42.38366 -72.52091   4     13     40  
501.0  08:21:34 42.385006 -72.52167   4     10     55  
501.0  08:21:42 42.385628 -72.52198   4     10     50  
501.0  08:21:50 42.385937 -72.52231   4     15     51  
501.0  08:21:58 42.38603 -72.52244   5     16     59  
502.0  08:22:00 42.38626 -72.52244   4     17     47  
502.0  08:22:06 42.3865 -72.522385   3     16     54  
502.0  08:22:16 42.387245 -72.523   4     11     47  
502.0  08:22:24 42.38769 -72.52353   3     10     46  
502.0  08:22:32 42.38768 -72.52358   5     12     40  
502.0  08:22:40 42.3877 -72.523605   4     19     54  
502.0  08:22:49 42.387684 -72.523636   3     11     53  
502.0  08:22:57 42.387897 -72.52396   3     14     46  
503.0  08:23:00 42.388233 -72.52424   4     16     49  
503.0  08:23:10 42.38852 -72.52443   5     15     51  
503.0  08:23:25 42.38852 -72.52443   4     11     53  
503.0  08:23:33 42.390903 -72.52525   3     10     51  
503.0  08:23:41 42.39146 -72.52531   5     13     45  
503.0  08:23:49 42.391533 -72.52529   4     11     41  
504.0  08:24:00 42.391518 -72.525276   5     17     42  
504.0  08:24:00 42.39152 -72.525276   4     12     53  
504.0  08:24:08 42.39164 -72.52537   3     19     49  
504.0  08:24:16 42.391823 -72.52542   4     16     53  
504.0  08:24:24 42.391815 -72.52544   4     18     43  
504.0  08:24:32 42.391945 -72.525505   3     13     43  
504.0  08:24:39 42.392174 -72.525635   5     10     46  
504.0  08:24:49 42.392902 -72.5258   5     17     46  
504.0  08:24:57 42.393528 -72.526054   3     13     57  
505.0  08:25:00 42.393753 -72.52612   5     17     45  
505.0  08:25:05 42.393757 -72.526115   5     15     51  
505.0  08:25:13 42.393764 -72.52609   5     11     41  
505.0  08:25:21 42.39379 -72.52608   5     18     42  
505.0  08:25:29 42.393833 -72.52612   3     19     55  
505.0  08:25:40 42.39388 -72.526184   5     10     56  
505.0  08:25:49 42.394226 -72.526405   4     18     59  
505.0  08:25:57 42.394615 -72.526665   3     18     47  
506.0  08:26:00 42.394684 -72.52671   5     16     59  
506.0  08:26:04 42.394684 -72.52671   4     11     45  
506.0  08:26:13 42.394657 -72.52672   5     14     48  
506.0  08:26:21 42.39464 -72.52674   4     18     56  
506.0  08:26:31 42.394638 -72.52676   3     13     48  
506.0  08:26:40 42.39465 -72.52676   5     10     47  
506.0  08:26:48 42.394768 -72.526825   3     18     54  
506.0  08:26:57 42.394863 -72.52686   3     11     48  
507.0  08:27:00 42.394943 -72.5269   3     10     48  
507.0  08:27:05 42.39497 -72.52691   3     11     53  
507.0  08:27:13 42.394997 -72.52691   3     17     45  
507.0  08:27:23 42.395016 -72.526886   3     17     53  
507.0  08:27:31 42.395004 -72.52687   5     19     56  
507.0  08:27:38 42.394997 -72.52686   4     14     55  
507.0  08:27:46 42.394997 -72.52686   4     13     47  
507.0  08:27:55 42.394985 -72.52686   4     15     45  
508.0  08:28:00 42.39502 -72.52691   4     11     43  
508.0  08:28:02 42.394997 -72.52689   4     18     42  
508.0  08:28:12 42.3957 -72.52723   5     15     55  
508.0  08:28:20 42.396614 -72.52763   4     16     56  
508.0  08:28:28 42.397545 -72.52802   3     19     50  
508.0  08:28:37 42.39859 -72.5281   5     13     46  
508.0  08:28:46 42.399517 -72.52802   5     14     56  
508.0  08:28:54 42.400837 -72.52796   3     17     45  
509.0  08:29:00 42.402367 -72.52855   3     10     44  
509.0  08:29:05 42.40251 -72.52863   5     10     42  
509.0  08:29:17 42.403515 -72.529305   4     16     46  
509.0  08:29:25 42.4052 -72.529755   3     16     58  
509.0  08:29:34 42.406326 -72.52986   4     14     46  
509.0  08:29:43 42.40747 -72.53016   5     10     49  
509.0  08:29:51 42.408684 -72.53054   3     17     40  
510.0  08:30:00 42.409813 -72.53098   5     15     40  
510.0  08:30:01 42.40965 -72.53093   4     10     51  
510.0  08:30:09 42.409897 -72.53101   3     11     56  
510.0  08:30:17 42.409885 -72.53156   5     19     52  
510.0  08:30:25 42.409763 -72.532814   5     11     44  
510.0  08:30:33 42.40964 -72.534164   5     15     46  
510.0  08:30:41 42.409527 -72.53532   5     14     53  
510.0  08:30:51 42.40931 -72.53697   4     15     51  
510.0  08:30:59 42.40907 -72.53773   4     15     40  
511.0  08:31:00 42.409294 -72.53791   5     18     58  
511.0  08:31:08 42.40972 -72.53786   4     10     54  
511.0  08:31:16 42.41096 -72.5377   3     12     49  
511.0  08:31:24 42.412476 -72.5375   4     12     58  
511.0  08:31:37 42.41411 -72.5373   4     18     56  
511.0  08:31:47 42.417225 -72.53692   5     15     58  
512.0  08:32:00 42.420956 -72.53708   4     13     58  
512.0  08:32:02 42.41893 -72.53684   3     18     47  
512.0  08:32:27 42.422455 -72.53749   4     17     49  
512.0  08:32:39 42.42775 -72.54061   3     17     50  
512.0  08:32:47 42.429222 -72.54178   4     12     58  
512.0  08:32:55 42.4306 -72.542984   3     13     46  
513.0  08:33:00 42.431633 -72.54388   5     10     40  
513.0  08:33:03 42.43175 -72.543976   4     14     53  
513.0  08:33:11 42.43264 -72.544655   4     11     45  
513.0  08:33:19 42.433495 -72.54528   4     15     46  
513.0  08:33:29 42.43511 -72.5462   4     13     50  
513.0  08:33:37 42.436653 -72.54699   3     17     45  
513.0  08:33:46 42.438164 -72.54784   5     17     55  
513.0  08:33:54 42.439735 -72.54901   4     13     56  
514.0  08:34:00 42.44124 -72.55037   3     10     59  
514.0  08:34:04 42.44124 -72.55037   4     14     49  
514.0  08:34:12 42.442684 -72.551926   4     18     44  
514.0  08:34:22 42.444363 -72.55338   3     13     54  
514.0  08:34:30 42.445755 -72.55427   3     18     55  
514.0  08:34:38 42.44702 -72.555336   5     15     49  
514.0  08:34:46 42.448006 -72.556786   4     13     48  
514.0  08:34:54 42.448803 -72.55845   3     13     46  
515.0  08:35:00 42.44973 -72.56018   5     15     47  
515.0  08:35:02 42.449627 -72.56001   5     18     44  
515.0  08:35:12 42.45072 -72.56161   3     10     51  
515.0  08:35:20 42.451565 -72.56284   5     18     52  
515.0  08:35:28 42.452366 -72.56395   5     11     57  
515.0  08:35:44 42.45324 -72.56514   3     18     46  
515.0  08:35:53 42.455746 -72.567665   5     11     41  
516.0  08:36:00 42.45741 -72.569275   5     18     50  
516.0  08:36:03 42.457268 -72.56914   3     14     49  
516.0  08:36:11 42.45851 -72.57031   3     16     51  
516.0  08:36:19 42.459557 -72.57128   3     15     40  
516.0  08:36:27 42.460697 -72.5722   3     17     56  
516.0  08:36:36 42.46203 -72.573   4     18     57  
516.0  08:36:43 42.463375 -72.57377   4     17     48  
516.0  08:36:53 42.46447 -72.57471   4     16     56  
517.0  08:37:00 42.465435 -72.57614   4     12     42  
517.0  08:37:01 42.46528 -72.575836   3     18     54  
517.0  08:37:09 42.465855 -72.57714   5     18     42  
517.0  08:37:17 42.46624 -72.5785   3     10     53  
517.0  08:37:25 42.46639 -72.5794   4     18     48  
517.0  08:37:33 42.46642 -72.57951   5     14     54  
517.0  08:37:41 42.466427 -72.57951   5     12     40  
517.0  08:37:51 42.466404 -72.57958   5     18     45  
517.0  08:37:59 42.465748 -72.57992   3     11     59  
518.0  08:38:00 42.465317 -72.58011   4     17     50  
518.0  08:38:08 42.464817 -72.58033   3     12     44  
518.0  08:38:16 42.46352 -72.580765   5     16     40  
518.0  08:38:24 42.4623 -72.58117   5     19     57  
518.0  08:38:33 42.4611 -72.58157   4     15     40  
518.0  08:38:42 42.459724 -72.582054   4     12     59  
518.0  08:38:50 42.458534 -72.58246   5     12     57  
518.0  08:38:58 42.45774 -72.58277   4     17     58  
519.0  08:39:00 42.45765 -72.582405   5     16     41  
519.0  08:39:06 42.457623 -72.58211   5     14     49  
519.0  08:39:14 42.4576 -72.58149   3     12     50  
526.0  08:46:31 42.45812 -72.58266   3     17     45  
526.0  08:46:44 42.45916 -72.58223   4     10     50  
526.0  08:46:56 42.459866 -72.58154   3     19     40  
527.0  08:47:09 42.459614 -72.58016   3     18     45  
528.0  08:48:00 42.45886 -72.575485   3     14     46  
528.0  08:48:15 42.458607 -72.574036   5     13     41  
528.0  08:48:25 42.45838 -72.57276   3     13     48  
528.0  08:48:34 42.458313 -72.5724   4     13     59  
528.0  08:48:42 42.4583 -72.57242   3     19     44  
528.0  08:48:51 42.45822 -72.57191   5     17     43  
528.0  08:48:59 42.457615 -72.57078   3     11     52  
529.0  08:49:00 42.457245 -72.57036   4     16     57  
529.0  08:49:08 42.45686 -72.56994   3     18     44  
566.0  09:26:00 42.35009 -72.530205   4     18     56  
566.0  09:26:14 42.350384 -72.53018   5     16     59  
566.0  09:26:24 42.35043 -72.53023   5     16     48  
566.0  09:26:32 42.35087 -72.530426   4     15     43  
566.0  09:26:40 42.35148 -72.530685   4     10     49  
566.0  09:26:49 42.351616 -72.5301   4     16     52  
566.0  09:26:57 42.351555 -72.52876   4     12     40  
567.0  09:27:00 42.351543 -72.52774   3     16     59  
567.0  09:27:05 42.35154 -72.52742   3     14     59  
567.0  09:27:15 42.351513 -72.52648   4     10     59  
567.0  09:27:24 42.351505 -72.52647   4     17     51  
567.0  09:27:40 42.351517 -72.526474   4     10     40  
567.0  09:27:48 42.351517 -72.52649   4     15     43  
568.0  09:28:00 42.351547 -72.526344   4     19     50  
568.0  09:28:16 42.351517 -72.52649   5     17     57  
601.0  10:01:21 42.45795 -72.58253   3     18     40  
601.0  10:01:35 42.45799 -72.58268   5     18     53  
601.0  10:01:47 42.458908 -72.58235   3     16     43  
601.0  10:01:59 42.459927 -72.58178   5     11     50  
603.0  10:03:00 42.458973 -72.576164   4     15     58  
603.0  10:03:05 42.458954 -72.57605   4     18     44  
603.0  10:03:18 42.4587 -72.57465   4     13     43  
603.0  10:03:27 42.458508 -72.57353   5     15     48  
603.0  10:03:37 42.45827 -72.572174   3     16     45  
603.0  10:03:44 42.457695 -72.57086   5     19     57  
603.0  10:03:52 42.45679 -72.56993   4     10     55  
604.0  10:04:00 42.45589 -72.56901   4     16     58  
604.0  10:04:00 42.45557 -72.568665   4     10     40  
604.0  10:04:09 42.454876 -72.56792   3     11     51  
604.0  10:04:18 42.454494 -72.567184   5     15     55  
604.0  10:04:26 42.45459 -72.566635   4     13     51  
605.0  10:05:00 42.45438 -72.56636   3     14     53  
606.0  10:06:00 42.45438 -72.56636   5     12     42  
607.0  10:07:00 42.45438 -72.56636   4     19     54  
608.0  10:08:00 42.45438 -72.56636   4     16     44  
609.0  10:09:00 42.45438 -72.56636   3     14     58  
610.0  10:10:00 42.45438 -72.56636   5     15     57  
611.0  10:11:00 42.45438 -72.56636   3     12     49  
612.0  10:12:00 42.45438 -72.56636   3     15     56  
613.0  10:13:00 42.45438 -72.56636   5     12     59  
614.0  10:14:00 42.45438 -72.56636   3     18     48  
615.0  10:15:00 42.45438 -72.56636   5     12     41  
616.0  10:16:00 42.45438 -72.56636   5     11     53  
617.0  10:17:00 42.45438 -72.56636   4     17     44  
618.0  10:18:00 42.45438 -72.56636   5     18     42  
619.0  10:19:00 42.45438 -72.56636   4     13     59  
620.0  10:20:00 42.45438 -72.56636   3     12     48  
621.0  10:21:00 42.45438 -72.56636   5     12     50  
622.0  10:22:00 42.45438 -72.56636   3     13     43  
623.0  10:23:00 42.45438 -72.56636   5     16     56  
624.0  10:24:00 42.45438 -72.56636   4     10     40  
625.0  10:25:00 42.45438 -72.56636   3     18     48  
626.0  10:26:00 42.45438 -72.56636   5     16     44  
627.0  10:27:00 42.45438 -72.56636   4     10     40  
628.0  10:28:00 42.45438 -72.56636   3     15     48  
639.0  10:39:34 42.3488 -72.528885   3     15     51  
639.0  10:39:46 42.348362 -72.52924   3     17     58  
640.0  10:40:00 42.348324 -72.52981   5     12     47  
640.0  10:40:13 42.348694 -72.53063   4     12     45  
641.0  10:41:00 42.350834 -72.530334   4     13     43  
641.0  10:41:08 42.35138 -72.53033   5     14     49  
641.0  10:41:13 42.3516 -72.53031   4     10     45  
641.0  10:41:13 42.35159 -72.53032   5     15     41  
641.0  10:41:24 42.351604 -72.52964   3     11     58  
641.0  10:41:32 42.351566 -72.52836   5     11     53  
641.0  10:41:41 42.351543 -72.5269   5     17     59  
641.0  10:41:49 42.351543 -72.52644   4     19     52  
641.0  10:41:58 42.351555 -72.52645   3     11     44  
642.0  10:42:00 42.35157 -72.52647   3     10     48  
642.0  10:42:06 42.35157 -72.52648   5     14     47  
642.0  10:42:17 42.3516 -72.52639   5     19     40  
642.0  10:42:24 42.351677 -72.5255   4     19     41  
642.0  10:42:33 42.35193 -72.52417   5     14     48  
642.0  10:42:41 42.35282 -72.52307   3     13     44  
642.0  10:42:50 42.35371 -72.52244   3     19     52  
1159.0  19:19:00 42.394787 -72.53393   5     15     51  
1160.0  19:20:00 42.394787 -72.53393   3     17     50  
1167.0  19:27:00 42.394455 -72.53319   4     11     43  
1168.0  19:28:00 42.39426 -72.53323   4     14     58  
1168.0  19:28:47 42.394157 -72.53305   3     15     40  
1169.0  19:29:00 42.39415 -72.53312   3     11     48  
