0 0 0 20 0 0 
1 1 0 20 1 1 
2 2 0 20 2 2 
3 3 0 20 3 3 
4 4 0 20 4 4 
5 5 0 20 5 5 
6 6 0 20 6 6 
7 7 0 20 7 7 
8 8 0 20 8 8 
9 9 0 20 9 9 
10 10 0 20 10 10 
11 11 0 20 11 11 
12 12 0 20 12 12 
13 13 0 20 13 13 
14 14 0 20 14 14 
15 15 0 20 15 15 
16 16 0 20 16 16 
17 17 0 20 17 17 
18 18 0 20 18 18 
19 19 0 20 19 19 
20 20 0 20 20 20 
21 21 0 20 21 21 
22 22 0 20 22 22 
23 23 0 20 23 23 
24 24 0 20 24 24 
25 25 0 20 25 25 
26 26 0 20 26 26 
27 27 0 20 27 27 
28 28 0 20 28 28 
29 29 0 20 29 29 
0 0 1 20 0 0 
1 1 1 20 1 1 
2 2 1 20 2 2 
3 3 1 20 3 3 
4 4 1 20 4 4 
5 5 1 20 5 5 
6 6 1 20 6 6 
7 7 1 20 7 7 
8 8 1 20 8 8 
9 9 1 20 9 9 
10 10 1 20 10 10 
11 11 1 20 11 11 
12 12 1 20 12 12 
13 13 1 20 13 13 
14 14 1 20 14 14 
15 15 1 20 15 15 
16 16 1 20 16 16 
17 17 1 20 17 17 
18 18 1 20 18 18 
19 19 1 20 19 19 
20 20 1 20 20 20 
21 21 1 20 21 21 
22 22 1 20 22 22 
23 23 1 20 23 23 
24 24 1 20 24 24 
25 25 1 20 25 25 
26 26 1 20 26 26 
27 27 1 20 27 27 
28 28 1 20 28 28 
29 29 1 20 29 29 
0 0 2 20 0 0 
1 1 2 20 1 1 
2 2 2 20 2 2 
3 3 2 20 3 3 
4 4 2 20 4 4 
5 5 2 20 5 5 
6 6 2 20 6 6 
7 7 2 20 7 7 
8 8 2 20 8 8 
9 9 2 20 9 9 
10 10 2 20 10 10 
11 11 2 20 11 11 
12 12 2 20 12 12 
13 13 2 20 13 13 
14 14 2 20 14 14 
15 15 2 20 15 15 
16 16 2 20 16 16 
17 17 2 20 17 17 
18 18 2 20 18 18 
19 19 2 20 19 19 
20 20 2 20 20 20 
21 21 2 20 21 21 
22 22 2 20 22 22 
23 23 2 20 23 23 
24 24 2 20 24 24 
25 25 2 20 25 25 
26 26 2 20 26 26 
27 27 2 20 27 27 
28 28 2 20 28 28 
29 29 2 20 29 29 
0 0 3 20 0 0 
1 1 3 20 1 1 
2 2 3 20 2 2 
3 3 3 20 3 3 
4 4 3 20 4 4 
5 5 3 20 5 5 
6 6 3 20 6 6 
7 7 3 20 7 7 
8 8 3 20 8 8 
9 9 3 20 9 9 
10 10 3 20 10 10 
11 11 3 20 11 11 
12 12 3 20 12 12 
13 13 3 20 13 13 
14 14 3 20 14 14 
15 15 3 20 15 15 
16 16 3 20 16 16 
17 17 3 20 17 17 
18 18 3 20 18 18 
19 19 3 20 19 19 
20 20 3 20 20 20 
21 21 3 20 21 21 
22 22 3 20 22 22 
23 23 3 20 23 23 
24 24 3 20 24 24 
25 25 3 20 25 25 
26 26 3 20 26 26 
27 27 3 20 27 27 
28 28 3 20 28 28 
29 29 3 20 29 29 
0 0 4 20 0 0 
1 1 4 20 1 1 
2 2 4 20 2 2 
3 3 4 20 3 3 
4 4 4 20 4 4 
5 5 4 20 5 5 
6 6 4 20 6 6 
7 7 4 20 7 7 
8 8 4 20 8 8 
9 9 4 20 9 9 
10 10 4 20 10 10 
11 11 4 20 11 11 
12 12 4 20 12 12 
13 13 4 20 13 13 
14 14 4 20 14 14 
15 15 4 20 15 15 
16 16 4 20 16 16 
17 17 4 20 17 17 
18 18 4 20 18 18 
19 19 4 20 19 19 
20 20 4 20 20 20 
21 21 4 20 21 21 
22 22 4 20 22 22 
23 23 4 20 23 23 
24 24 4 20 24 24 
25 25 4 20 25 25 
26 26 4 20 26 26 
27 27 4 20 27 27 
28 28 4 20 28 28 
29 29 4 20 29 29 
0 0 5 20 0 0 
1 1 5 20 1 1 
2 2 5 20 2 2 
3 3 5 20 3 3 
4 4 5 20 4 4 
5 5 5 20 5 5 
6 6 5 20 6 6 
7 7 5 20 7 7 
8 8 5 20 8 8 
9 9 5 20 9 9 
10 10 5 20 10 10 
11 11 5 20 11 11 
12 12 5 20 12 12 
13 13 5 20 13 13 
14 14 5 20 14 14 
15 15 5 20 15 15 
16 16 5 20 16 16 
17 17 5 20 17 17 
18 18 5 20 18 18 
19 19 5 20 19 19 
20 20 5 20 20 20 
21 21 5 20 21 21 
22 22 5 20 22 22 
23 23 5 20 23 23 
24 24 5 20 24 24 
25 25 5 20 25 25 
26 26 5 20 26 26 
27 27 5 20 27 27 
28 28 5 20 28 28 
29 29 5 20 29 29 
0 0 6 20 0 0 
1 1 6 20 1 1 
2 2 6 20 2 2 
3 3 6 20 3 3 
4 4 6 20 4 4 
5 5 6 20 5 5 
6 6 6 20 6 6 
7 7 6 20 7 7 
8 8 6 20 8 8 
9 9 6 20 9 9 
10 10 6 20 10 10 
11 11 6 20 11 11 
12 12 6 20 12 12 
13 13 6 20 13 13 
14 14 6 20 14 14 
15 15 6 20 15 15 
16 16 6 20 16 16 
17 17 6 20 17 17 
18 18 6 20 18 18 
19 19 6 20 19 19 
20 20 6 20 20 20 
21 21 6 20 21 21 
22 22 6 20 22 22 
23 23 6 20 23 23 
24 24 6 20 24 24 
25 25 6 20 25 25 
26 26 6 20 26 26 
27 27 6 20 27 27 
28 28 6 20 28 28 
29 29 6 20 29 29 
0 0 7 20 0 0 
1 1 7 20 1 1 
2 2 7 20 2 2 
3 3 7 20 3 3 
4 4 7 20 4 4 
5 5 7 20 5 5 
6 6 7 20 6 6 
7 7 7 20 7 7 
8 8 7 20 8 8 
9 9 7 20 9 9 
10 10 7 20 10 10 
11 11 7 20 11 11 
12 12 7 20 12 12 
13 13 7 20 13 13 
14 14 7 20 14 14 
15 15 7 20 15 15 
16 16 7 20 16 16 
17 17 7 20 17 17 
18 18 7 20 18 18 
19 19 7 20 19 19 
20 20 7 20 20 20 
21 21 7 20 21 21 
22 22 7 20 22 22 
23 23 7 20 23 23 
24 24 7 20 24 24 
25 25 7 20 25 25 
26 26 7 20 26 26 
27 27 7 20 27 27 
28 28 7 20 28 28 
29 29 7 20 29 29 
0 0 8 20 0 0 
1 1 8 20 1 1 
2 2 8 20 2 2 
3 3 8 20 3 3 
4 4 8 20 4 4 
5 5 8 20 5 5 
6 6 8 20 6 6 
7 7 8 20 7 7 
8 8 8 20 8 8 
9 9 8 20 9 9 
10 10 8 20 10 10 
11 11 8 20 11 11 
12 12 8 20 12 12 
13 13 8 20 13 13 
14 14 8 20 14 14 
15 15 8 20 15 15 
16 16 8 20 16 16 
17 17 8 20 17 17 
18 18 8 20 18 18 
19 19 8 20 19 19 
20 20 8 20 20 20 
21 21 8 20 21 21 
22 22 8 20 22 22 
23 23 8 20 23 23 
24 24 8 20 24 24 
25 25 8 20 25 25 
26 26 8 20 26 26 
27 27 8 20 27 27 
28 28 8 20 28 28 
29 29 8 20 29 29 
0 0 9 20 0 0 
1 1 9 20 1 1 
2 2 9 20 2 2 
3 3 9 20 3 3 
4 4 9 20 4 4 
5 5 9 20 5 5 
6 6 9 20 6 6 
7 7 9 20 7 7 
8 8 9 20 8 8 
9 9 9 20 9 9 
10 10 9 20 10 10 
11 11 9 20 11 11 
12 12 9 20 12 12 
13 13 9 20 13 13 
14 14 9 20 14 14 
15 15 9 20 15 15 
16 16 9 20 16 16 
17 17 9 20 17 17 
18 18 9 20 18 18 
19 19 9 20 19 19 
20 20 9 20 20 20 
21 21 9 20 21 21 
22 22 9 20 22 22 
23 23 9 20 23 23 
24 24 9 20 24 24 
25 25 9 20 25 25 
26 26 9 20 26 26 
27 27 9 20 27 27 
28 28 9 20 28 28 
29 29 9 20 29 29 
0 0 10 20 0 0 
1 1 10 20 1 1 
2 2 10 20 2 2 
3 3 10 20 3 3 
4 4 10 20 4 4 
5 5 10 20 5 5 
6 6 10 20 6 6 
7 7 10 20 7 7 
8 8 10 20 8 8 
9 9 10 20 9 9 
10 10 10 20 10 10 
11 11 10 20 11 11 
12 12 10 20 12 12 
13 13 10 20 13 13 
14 14 10 20 14 14 
15 15 10 20 15 15 
16 16 10 20 16 16 
17 17 10 20 17 17 
18 18 10 20 18 18 
19 19 10 20 19 19 
20 20 10 20 20 20 
21 21 10 20 21 21 
22 22 10 20 22 22 
23 23 10 20 23 23 
24 24 10 20 24 24 
25 25 10 20 25 25 
26 26 10 20 26 26 
27 27 10 20 27 27 
28 28 10 20 28 28 
29 29 10 20 29 29 
0 0 11 20 0 0 
1 1 11 20 1 1 
2 2 11 20 2 2 
3 3 11 20 3 3 
4 4 11 20 4 4 
5 5 11 20 5 5 
6 6 11 20 6 6 
7 7 11 20 7 7 
8 8 11 20 8 8 
9 9 11 20 9 9 
10 10 11 20 10 10 
11 11 11 20 11 11 
12 12 11 20 12 12 
13 13 11 20 13 13 
14 14 11 20 14 14 
15 15 11 20 15 15 
16 16 11 20 16 16 
17 17 11 20 17 17 
18 18 11 20 18 18 
19 19 11 20 19 19 
20 20 11 20 20 20 
21 21 11 20 21 21 
22 22 11 20 22 22 
23 23 11 20 23 23 
24 24 11 20 24 24 
25 25 11 20 25 25 
26 26 11 20 26 26 
27 27 11 20 27 27 
28 28 11 20 28 28 
29 29 11 20 29 29 
0 0 12 20 0 0 
1 1 12 20 1 1 
2 2 12 20 2 2 
3 3 12 20 3 3 
4 4 12 20 4 4 
5 5 12 20 5 5 
6 6 12 20 6 6 
7 7 12 20 7 7 
8 8 12 20 8 8 
9 9 12 20 9 9 
10 10 12 20 10 10 
11 11 12 20 11 11 
12 12 12 20 12 12 
13 13 12 20 13 13 
14 14 12 20 14 14 
15 15 12 20 15 15 
16 16 12 20 16 16 
17 17 12 20 17 17 
18 18 12 20 18 18 
19 19 12 20 19 19 
20 20 12 20 20 20 
21 21 12 20 21 21 
22 22 12 20 22 22 
23 23 12 20 23 23 
24 24 12 20 24 24 
25 25 12 20 25 25 
26 26 12 20 26 26 
27 27 12 20 27 27 
28 28 12 20 28 28 
29 29 12 20 29 29 
0 0 13 20 0 0 
1 1 13 20 1 1 
2 2 13 20 2 2 
3 3 13 20 3 3 
4 4 13 20 4 4 
5 5 13 20 5 5 
6 6 13 20 6 6 
7 7 13 20 7 7 
8 8 13 20 8 8 
9 9 13 20 9 9 
10 10 13 20 10 10 
11 11 13 20 11 11 
12 12 13 20 12 12 
13 13 13 20 13 13 
14 14 13 20 14 14 
15 15 13 20 15 15 
16 16 13 20 16 16 
17 17 13 20 17 17 
18 18 13 20 18 18 
19 19 13 20 19 19 
20 20 13 20 20 20 
21 21 13 20 21 21 
22 22 13 20 22 22 
23 23 13 20 23 23 
24 24 13 20 24 24 
25 25 13 20 25 25 
26 26 13 20 26 26 
27 27 13 20 27 27 
28 28 13 20 28 28 
29 29 13 20 29 29 
0 0 14 20 0 0 
1 1 14 20 1 1 
2 2 14 20 2 2 
3 3 14 20 3 3 
4 4 14 20 4 4 
5 5 14 20 5 5 
6 6 14 20 6 6 
7 7 14 20 7 7 
8 8 14 20 8 8 
9 9 14 20 9 9 
10 10 14 20 10 10 
11 11 14 20 11 11 
12 12 14 20 12 12 
13 13 14 20 13 13 
14 14 14 20 14 14 
15 15 14 20 15 15 
16 16 14 20 16 16 
17 17 14 20 17 17 
18 18 14 20 18 18 
19 19 14 20 19 19 
20 20 14 20 20 20 
21 21 14 20 21 21 
22 22 14 20 22 22 
23 23 14 20 23 23 
24 24 14 20 24 24 
25 25 14 20 25 25 
26 26 14 20 26 26 
27 27 14 20 27 27 
28 28 14 20 28 28 
29 29 14 20 29 29 
0 0 15 20 0 0 
1 1 15 20 1 1 
2 2 15 20 2 2 
3 3 15 20 3 3 
4 4 15 20 4 4 
5 5 15 20 5 5 
6 6 15 20 6 6 
7 7 15 20 7 7 
8 8 15 20 8 8 
9 9 15 20 9 9 
10 10 15 20 10 10 
11 11 15 20 11 11 
12 12 15 20 12 12 
13 13 15 20 13 13 
14 14 15 20 14 14 
15 15 15 20 15 15 
16 16 15 20 16 16 
17 17 15 20 17 17 
18 18 15 20 18 18 
19 19 15 20 19 19 
20 20 15 20 20 20 
21 21 15 20 21 21 
22 22 15 20 22 22 
23 23 15 20 23 23 
24 24 15 20 24 24 
25 25 15 20 25 25 
26 26 15 20 26 26 
27 27 15 20 27 27 
28 28 15 20 28 28 
29 29 15 20 29 29 
0 0 16 20 0 0 
1 1 16 20 1 1 
2 2 16 20 2 2 
3 3 16 20 3 3 
4 4 16 20 4 4 
5 5 16 20 5 5 
6 6 16 20 6 6 
7 7 16 20 7 7 
8 8 16 20 8 8 
9 9 16 20 9 9 
10 10 16 20 10 10 
11 11 16 20 11 11 
12 12 16 20 12 12 
13 13 16 20 13 13 
14 14 16 20 14 14 
15 15 16 20 15 15 
16 16 16 20 16 16 
17 17 16 20 17 17 
18 18 16 20 18 18 
19 19 16 20 19 19 
20 20 16 20 20 20 
21 21 16 20 21 21 
22 22 16 20 22 22 
23 23 16 20 23 23 
24 24 16 20 24 24 
25 25 16 20 25 25 
26 26 16 20 26 26 
27 27 16 20 27 27 
28 28 16 20 28 28 
29 29 16 20 29 29 
0 0 17 20 0 0 
1 1 17 20 1 1 
2 2 17 20 2 2 
3 3 17 20 3 3 
4 4 17 20 4 4 
5 5 17 20 5 5 
6 6 17 20 6 6 
7 7 17 20 7 7 
8 8 17 20 8 8 
9 9 17 20 9 9 
10 10 17 20 10 10 
11 11 17 20 11 11 
12 12 17 20 12 12 
13 13 17 20 13 13 
14 14 17 20 14 14 
15 15 17 20 15 15 
16 16 17 20 16 16 
17 17 17 20 17 17 
18 18 17 20 18 18 
19 19 17 20 19 19 
20 20 17 20 20 20 
21 21 17 20 21 21 
22 22 17 20 22 22 
23 23 17 20 23 23 
24 24 17 20 24 24 
25 25 17 20 25 25 
26 26 17 20 26 26 
27 27 17 20 27 27 
28 28 17 20 28 28 
29 29 17 20 29 29 
0 0 18 20 0 0 
1 1 18 20 1 1 
2 2 18 20 2 2 
3 3 18 20 3 3 
4 4 18 20 4 4 
5 5 18 20 5 5 
6 6 18 20 6 6 
7 7 18 20 7 7 
8 8 18 20 8 8 
9 9 18 20 9 9 
10 10 18 20 10 10 
11 11 18 20 11 11 
12 12 18 20 12 12 
13 13 18 20 13 13 
14 14 18 20 14 14 
15 15 18 20 15 15 
16 16 18 20 16 16 
17 17 18 20 17 17 
18 18 18 20 18 18 
19 19 18 20 19 19 
20 20 18 20 20 20 
21 21 18 20 21 21 
22 22 18 20 22 22 
23 23 18 20 23 23 
24 24 18 20 24 24 
25 25 18 20 25 25 
26 26 18 20 26 26 
27 27 18 20 27 27 
28 28 18 20 28 28 
29 29 18 20 29 29 
0 0 19 20 0 0 
1 1 19 20 1 1 
2 2 19 20 2 2 
3 3 19 20 3 3 
4 4 19 20 4 4 
5 5 19 20 5 5 
6 6 19 20 6 6 
7 7 19 20 7 7 
8 8 19 20 8 8 
9 9 19 20 9 9 
10 10 19 20 10 10 
11 11 19 20 11 11 
12 12 19 20 12 12 
13 13 19 20 13 13 
14 14 19 20 14 14 
15 15 19 20 15 15 
16 16 19 20 16 16 
17 17 19 20 17 17 
18 18 19 20 18 18 
19 19 19 20 19 19 
20 20 19 20 20 20 
21 21 19 20 21 21 
22 22 19 20 22 22 
23 23 19 20 23 23 
24 24 19 20 24 24 
25 25 19 20 25 25 
26 26 19 20 26 26 
27 27 19 20 27 27 
28 28 19 20 28 28 
29 29 19 20 29 29 
0 0 20 20 0 0 
1 1 20 20 1 1 
2 2 20 20 2 2 
3 3 20 20 3 3 
4 4 20 20 4 4 
5 5 20 20 5 5 
6 6 20 20 6 6 
7 7 20 20 7 7 
8 8 20 20 8 8 
9 9 20 20 9 9 
10 10 20 20 10 10 
11 11 20 20 11 11 
12 12 20 20 12 12 
13 13 20 20 13 13 
14 14 20 20 14 14 
15 15 20 20 15 15 
16 16 20 20 16 16 
17 17 20 20 17 17 
18 18 20 20 18 18 
19 19 20 20 19 19 
20 20 20 20 20 20 
21 21 20 20 21 21 
22 22 20 20 22 22 
23 23 20 20 23 23 
24 24 20 20 24 24 
25 25 20 20 25 25 
26 26 20 20 26 26 
27 27 20 20 27 27 
28 28 20 20 28 28 
29 29 20 20 29 29 
0 0 21 20 0 0 
1 1 21 20 1 1 
2 2 21 20 2 2 
3 3 21 20 3 3 
4 4 21 20 4 4 
5 5 21 20 5 5 
6 6 21 20 6 6 
7 7 21 20 7 7 
8 8 21 20 8 8 
9 9 21 20 9 9 
10 10 21 20 10 10 
11 11 21 20 11 11 
12 12 21 20 12 12 
13 13 21 20 13 13 
14 14 21 20 14 14 
15 15 21 20 15 15 
16 16 21 20 16 16 
17 17 21 20 17 17 
18 18 21 20 18 18 
19 19 21 20 19 19 
20 20 21 20 20 20 
21 21 21 20 21 21 
22 22 21 20 22 22 
23 23 21 20 23 23 
24 24 21 20 24 24 
25 25 21 20 25 25 
26 26 21 20 26 26 
27 27 21 20 27 27 
28 28 21 20 28 28 
29 29 21 20 29 29 
0 0 22 20 0 0 
1 1 22 20 1 1 
2 2 22 20 2 2 
3 3 22 20 3 3 
4 4 22 20 4 4 
5 5 22 20 5 5 
6 6 22 20 6 6 
7 7 22 20 7 7 
8 8 22 20 8 8 
9 9 22 20 9 9 
10 10 22 20 10 10 
11 11 22 20 11 11 
12 12 22 20 12 12 
13 13 22 20 13 13 
14 14 22 20 14 14 
15 15 22 20 15 15 
16 16 22 20 16 16 
17 17 22 20 17 17 
18 18 22 20 18 18 
19 19 22 20 19 19 
20 20 22 20 20 20 
21 21 22 20 21 21 
22 22 22 20 22 22 
23 23 22 20 23 23 
24 24 22 20 24 24 
25 25 22 20 25 25 
26 26 22 20 26 26 
27 27 22 20 27 27 
28 28 22 20 28 28 
29 29 22 20 29 29 
0 0 23 20 0 0 
1 1 23 20 1 1 
2 2 23 20 2 2 
3 3 23 20 3 3 
4 4 23 20 4 4 
5 5 23 20 5 5 
6 6 23 20 6 6 
7 7 23 20 7 7 
8 8 23 20 8 8 
9 9 23 20 9 9 
10 10 23 20 10 10 
11 11 23 20 11 11 
12 12 23 20 12 12 
13 13 23 20 13 13 
14 14 23 20 14 14 
15 15 23 20 15 15 
16 16 23 20 16 16 
17 17 23 20 17 17 
18 18 23 20 18 18 
19 19 23 20 19 19 
20 20 23 20 20 20 
21 21 23 20 21 21 
22 22 23 20 22 22 
23 23 23 20 23 23 
24 24 23 20 24 24 
25 25 23 20 25 25 
26 26 23 20 26 26 
27 27 23 20 27 27 
28 28 23 20 28 28 
29 29 23 20 29 29 
0 0 24 20 0 0 
1 1 24 20 1 1 
2 2 24 20 2 2 
3 3 24 20 3 3 
4 4 24 20 4 4 
5 5 24 20 5 5 
6 6 24 20 6 6 
7 7 24 20 7 7 
8 8 24 20 8 8 
9 9 24 20 9 9 
10 10 24 20 10 10 
11 11 24 20 11 11 
12 12 24 20 12 12 
13 13 24 20 13 13 
14 14 24 20 14 14 
15 15 24 20 15 15 
16 16 24 20 16 16 
17 17 24 20 17 17 
18 18 24 20 18 18 
19 19 24 20 19 19 
20 20 24 20 20 20 
21 21 24 20 21 21 
22 22 24 20 22 22 
23 23 24 20 23 23 
24 24 24 20 24 24 
25 25 24 20 25 25 
26 26 24 20 26 26 
27 27 24 20 27 27 
28 28 24 20 28 28 
29 29 24 20 29 29 
0 0 25 20 0 0 
1 1 25 20 1 1 
2 2 25 20 2 2 
3 3 25 20 3 3 
4 4 25 20 4 4 
5 5 25 20 5 5 
6 6 25 20 6 6 
7 7 25 20 7 7 
8 8 25 20 8 8 
9 9 25 20 9 9 
10 10 25 20 10 10 
11 11 25 20 11 11 
12 12 25 20 12 12 
13 13 25 20 13 13 
14 14 25 20 14 14 
15 15 25 20 15 15 
16 16 25 20 16 16 
17 17 25 20 17 17 
18 18 25 20 18 18 
19 19 25 20 19 19 
20 20 25 20 20 20 
21 21 25 20 21 21 
22 22 25 20 22 22 
23 23 25 20 23 23 
24 24 25 20 24 24 
25 25 25 20 25 25 
26 26 25 20 26 26 
27 27 25 20 27 27 
28 28 25 20 28 28 
29 29 25 20 29 29 
0 0 26 20 0 0 
1 1 26 20 1 1 
2 2 26 20 2 2 
3 3 26 20 3 3 
4 4 26 20 4 4 
5 5 26 20 5 5 
6 6 26 20 6 6 
7 7 26 20 7 7 
8 8 26 20 8 8 
9 9 26 20 9 9 
10 10 26 20 10 10 
11 11 26 20 11 11 
12 12 26 20 12 12 
13 13 26 20 13 13 
14 14 26 20 14 14 
15 15 26 20 15 15 
16 16 26 20 16 16 
17 17 26 20 17 17 
18 18 26 20 18 18 
19 19 26 20 19 19 
20 20 26 20 20 20 
21 21 26 20 21 21 
22 22 26 20 22 22 
23 23 26 20 23 23 
24 24 26 20 24 24 
25 25 26 20 25 25 
26 26 26 20 26 26 
27 27 26 20 27 27 
28 28 26 20 28 28 
29 29 26 20 29 29 
0 0 27 20 0 0 
1 1 27 20 1 1 
2 2 27 20 2 2 
3 3 27 20 3 3 
4 4 27 20 4 4 
5 5 27 20 5 5 
6 6 27 20 6 6 
7 7 27 20 7 7 
8 8 27 20 8 8 
9 9 27 20 9 9 
10 10 27 20 10 10 
11 11 27 20 11 11 
12 12 27 20 12 12 
13 13 27 20 13 13 
14 14 27 20 14 14 
15 15 27 20 15 15 
16 16 27 20 16 16 
17 17 27 20 17 17 
18 18 27 20 18 18 
19 19 27 20 19 19 
20 20 27 20 20 20 
21 21 27 20 21 21 
22 22 27 20 22 22 
23 23 27 20 23 23 
24 24 27 20 24 24 
25 25 27 20 25 25 
26 26 27 20 26 26 
27 27 27 20 27 27 
28 28 27 20 28 28 
29 29 27 20 29 29 
0 0 28 20 0 0 
1 1 28 20 1 1 
2 2 28 20 2 2 
3 3 28 20 3 3 
4 4 28 20 4 4 
5 5 28 20 5 5 
6 6 28 20 6 6 
7 7 28 20 7 7 
8 8 28 20 8 8 
9 9 28 20 9 9 
10 10 28 20 10 10 
11 11 28 20 11 11 
12 12 28 20 12 12 
13 13 28 20 13 13 
14 14 28 20 14 14 
15 15 28 20 15 15 
16 16 28 20 16 16 
17 17 28 20 17 17 
18 18 28 20 18 18 
19 19 28 20 19 19 
20 20 28 20 20 20 
21 21 28 20 21 21 
22 22 28 20 22 22 
23 23 28 20 23 23 
24 24 28 20 24 24 
25 25 28 20 25 25 
26 26 28 20 26 26 
27 27 28 20 27 27 
28 28 28 20 28 28 
29 29 28 20 29 29 
0 0 29 20 0 0 
1 1 29 20 1 1 
2 2 29 20 2 2 
3 3 29 20 3 3 
4 4 29 20 4 4 
5 5 29 20 5 5 
6 6 29 20 6 6 
7 7 29 20 7 7 
8 8 29 20 8 8 
9 9 29 20 9 9 
10 10 29 20 10 10 
11 11 29 20 11 11 
12 12 29 20 12 12 
13 13 29 20 13 13 
14 14 29 20 14 14 
15 15 29 20 15 15 
16 16 29 20 16 16 
17 17 29 20 17 17 
18 18 29 20 18 18 
19 19 29 20 19 19 
20 20 29 20 20 20 
21 21 29 20 21 21 
22 22 29 20 22 22 
23 23 29 20 23 23 
24 24 29 20 24 24 
25 25 29 20 25 25 
26 26 29 20 26 26 
27 27 29 20 27 27 
28 28 29 20 28 28 
29 29 29 20 29 29 
