600.0  10:00:04 0.0 -0.0   3     14     49  
600.0  10:00:14 0.0 -0.0   4     11     59  
600.0  10:00:23 0.0 -0.0   3     15     44  
600.0  10:00:32 0.0 -0.0   3     18     57  
600.0  10:00:40 0.0 -0.0   4     12     51  
600.0  10:00:49 0.0 -0.0   4     14     41  
600.0  10:00:58 0.0 -0.0   4     13     43  
601.0  10:01:09 0.0 -0.0   3     17     53  
601.0  10:01:18 0.0 -0.0   4     11     50  
601.0  10:01:26 0.0 -0.0   5     13     52  
601.0  10:01:35 0.0 -0.0   4     10     56  
601.0  10:01:43 0.0 -0.0   3     15     59  
601.0  10:01:52 0.0 -0.0   3     11     55  
602.0  10:02:03 0.0 -0.0   4     15     55  
602.0  10:02:14 0.0 -0.0   3     16     56  
602.0  10:02:23 0.0 -0.0   5     14     49  
602.0  10:02:32 0.0 -0.0   4     13     49  
602.0  10:02:40 0.0 -0.0   5     13     50  
602.0  10:02:51 0.0 -0.0   5     12     54  
603.0  10:03:01 0.0 -0.0   5     14     59  
603.0  10:03:11 0.0 -0.0   5     16     56  
603.0  10:03:21 0.0 -0.0   4     15     57  
603.0  10:03:31 0.0 -0.0   4     14     55  
603.0  10:03:42 0.0 -0.0   5     14     50  
603.0  10:03:53 0.0 -0.0   5     11     51  
604.0  10:04:05 0.0 -0.0   5     13     54  
604.0  10:04:14 0.0 -0.0   3     19     54  
604.0  10:04:25 0.0 -0.0   4     13     53  
604.0  10:04:37 0.0 -0.0   3     10     50  
605.0  10:05:07 0.0 -0.0   4     12     47  
605.0  10:05:15 0.0 -0.0   3     19     48  
