692.0  11:32:40 0.0 -0.0   5     19     51  
692.0  11:32:52 0.0 -1.1095744E27   4     17     46  
693.0  11:33:05 0.0 -1.8111362E22   3     11     41  
693.0  11:33:19 0.0 -1.8111362E22   3     12     54  
866.0  14:26:00 0.0 -0.0   3     10     59  
867.0  14:27:00 0.0 -0.0   3     15     44  
868.0  14:28:00 0.0 -0.0   4     11     48  
869.0  14:29:00 0.0 -0.0   3     18     41  
953.0  15:53:00 0.0 -0.0   3     10     59  
954.0  15:54:00 0.0 -0.0   4     10     56  
955.0  15:55:00 0.0 -0.0   4     13     44  
956.0  15:56:00 0.0 -0.0   4     10     53  
957.0  15:57:00 0.0 -0.0   4     17     45  
958.0  15:58:00 0.0 -0.0   5     15     47  
959.0  15:59:00 0.0 -0.0   5     19     44  
960.0  16:00:00 0.0 -0.0   4     18     47  
961.0  16:01:00 0.0 -0.0   3     10     45  
962.0  16:02:00 0.0 -0.0   5     12     55  
963.0  16:03:00 0.0 -0.0   3     18     45  
964.0  16:04:00 0.0 -0.0   4     12     53  
965.0  16:05:00 0.0 -0.0   3     16     47  
973.0  16:13:00 0.0 -0.0   3     11     56  
989.0  16:29:37 0.0 -0.0   4     13     44  
990.0  16:30:40 0.0 -0.0   5     10     53  
990.0  16:30:51 0.0 -0.0   3     18     53  
991.0  16:31:00 0.0 -0.0   3     19     41  
991.0  16:31:01 0.0 -0.0   3     13     40  
991.0  16:31:09 0.0 -0.0   3     14     55  
991.0  16:31:17 0.0 -0.0   4     12     53  
991.0  16:31:25 0.0 -0.0   5     11     43  
991.0  16:31:34 0.0 -0.0   3     18     59  
991.0  16:31:42 0.0 -0.0   5     18     40  
991.0  16:31:53 0.0 -0.0   3     15     42  
992.0  16:32:00 0.0 -0.0   4     13     57  
992.0  16:32:02 0.0 -0.0   5     14     55  
992.0  16:32:11 0.0 -0.0   4     17     45  
992.0  16:32:19 0.0 -0.0   5     13     57  
992.0  16:32:27 0.0 -0.0   5     11     54  
992.0  16:32:36 0.0 -0.0   4     11     52  
992.0  16:32:47 0.0 -0.0   4     14     42  
992.0  16:32:56 0.0 -0.0   4     14     55  
993.0  16:33:00 0.0 -0.0   3     14     45  
993.0  16:33:04 0.0 -0.0   4     17     50  
993.0  16:33:13 0.0 -0.0   5     14     45  
993.0  16:33:21 0.0 -0.0   4     19     47  
993.0  16:33:30 0.0 -0.0   4     16     54  
993.0  16:33:40 0.0 -0.0   5     14     47  
993.0  16:33:49 0.0 -0.0   5     18     48  
993.0  16:33:58 0.0 -0.0   4     11     47  
994.0  16:34:00 0.0 -0.0   5     11     51  
994.0  16:34:06 0.0 -0.0   4     18     47  
994.0  16:34:15 0.0 -0.0   5     19     48  
994.0  16:34:23 0.0 -0.0   4     18     53  
994.0  16:34:34 0.0 -0.0   5     11     56  
994.0  16:34:43 0.0 -0.0   4     15     47  
994.0  16:34:52 0.0 -0.0   3     17     55  
995.0  16:35:00 0.0 -0.0   4     12     51  
995.0  16:35:00 0.0 -0.0   5     19     58  
995.0  16:35:09 0.0 -0.0   4     12     58  
995.0  16:35:18 0.0 -0.0   4     19     57  
995.0  16:35:29 0.0 -0.0   3     12     59  
995.0  16:35:38 0.0 -0.0   3     15     51  
995.0  16:35:46 0.0 -0.0   4     11     41  
995.0  16:35:55 0.0 -0.0   3     12     59  
996.0  16:36:00 0.0 -0.0   3     15     52  
996.0  16:36:04 0.0 -0.0   3     19     59  
996.0  16:36:12 0.0 -0.0   5     14     45  
996.0  16:36:23 0.0 -0.0   4     14     46  
996.0  16:36:31 0.0 -0.0   3     11     45  
996.0  16:36:40 0.0 -0.0   3     17     56  
996.0  16:36:49 0.0 -0.0   4     16     50  
996.0  16:36:57 0.0 -0.0   5     16     52  
997.0  16:37:00 0.0 -0.0   4     11     51  
997.0  16:37:07 0.0 -0.0   4     18     52  
997.0  16:37:17 0.0 -0.0   3     11     59  
997.0  16:37:25 0.0 -0.0   5     10     55  
997.0  16:37:34 0.0 -0.0   5     17     49  
997.0  16:37:42 0.0 -0.0   4     15     54  
997.0  16:37:50 0.0 -0.0   3     12     55  
997.0  16:37:59 0.0 -0.0   3     18     46  
998.0  16:38:00 0.0 -0.0   5     10     54  
998.0  16:38:11 0.0 -0.0   5     14     57  
998.0  16:38:19 0.0 -0.0   3     16     48  
998.0  16:38:28 0.0 -0.0   5     14     51  
998.0  16:38:36 0.0 -0.0   4     14     56  
998.0  16:38:45 0.0 -0.0   3     17     47  
998.0  16:38:54 0.0 -0.0   5     17     43  
999.0  16:39:00 0.0 -0.0   5     19     54  
999.0  16:39:05 0.0 -0.0   4     14     53  
999.0  16:39:13 0.0 -0.0   5     16     41  
999.0  16:39:22 0.0 -0.0   5     14     52  
1015.0  16:55:00 0.0 -0.0   4     18     44  
1031.0  17:11:08 0.0 -0.0   3     19     40  
1031.0  17:11:21 0.0 -1.1095744E27   3     19     51  
1031.0  17:11:34 0.0 -1.8111362E22   5     13     59  
1031.0  17:11:46 0.0 -1.8111362E22   3     10     41  
1032.0  17:12:53 0.0 -0.0   4     14     57  
1033.0  17:13:00 0.0 -0.0   4     14     47  
1033.0  17:13:06 0.0 -0.0   4     18     44  
1033.0  17:13:16 0.0 -0.0   5     19     42  
1033.0  17:13:24 0.0 -0.0   4     17     51  
1033.0  17:13:33 0.0 -0.0   4     11     58  
1033.0  17:13:40 0.0 -0.0   5     17     45  
1033.0  17:13:49 0.0 -0.0   4     11     43  
1033.0  17:13:57 0.0 -0.0   5     10     45  
1034.0  17:14:00 0.0 -0.0   3     19     41  
1034.0  17:14:08 0.0 -0.0   3     14     48  
1034.0  17:14:16 0.0 -0.0   3     16     54  
1034.0  17:14:25 0.0 -0.0   4     15     42  
1034.0  17:14:33 0.0 -0.0   3     11     56  
1034.0  17:14:42 0.0 -0.0   5     13     59  
1034.0  17:14:58 0.0 -0.0   5     11     44  
1035.0  17:15:00 0.0 -0.0   3     18     56  
1035.0  17:15:08 0.0 -0.0   5     11     58  
1035.0  17:15:17 0.0 -0.0   3     14     40  
1035.0  17:15:25 0.0 -0.0   4     13     56  
1035.0  17:15:33 0.0 -0.0   3     17     41  
1035.0  17:15:42 0.0 -0.0   4     11     41  
1035.0  17:15:50 0.0 -0.0   4     12     42  
1036.0  17:16:00 0.0 -0.0   3     15     57  
1036.0  17:16:03 0.0 -0.0   5     12     57  
1036.0  17:16:12 0.0 -0.0   4     10     41  
1036.0  17:16:20 0.0 -0.0   3     12     45  
1036.0  17:16:28 0.0 -0.0   4     18     57  
1036.0  17:16:36 0.0 -0.0   5     18     59  
1037.0  17:17:00 0.0 -0.0   3     10     48  
1037.0  17:17:19 0.0 -0.0   4     11     59  
1037.0  17:17:30 0.0 -0.0   5     11     56  
1037.0  17:17:30 0.0 -0.0   5     10     49  
1037.0  17:17:38 0.0 -0.0   4     14     50  
1037.0  17:17:47 0.0 -0.0   5     18     55  
1037.0  17:17:55 0.0 -0.0   4     10     44  
1038.0  17:18:00 0.0 -0.0   5     16     52  
1038.0  17:18:04 0.0 -0.0   3     11     56  
1038.0  17:18:12 0.0 -0.0   3     13     56  
1038.0  17:18:22 0.0 -0.0   4     15     54  
1038.0  17:18:31 0.0 -0.0   5     12     44  
1038.0  17:18:39 0.0 -0.0   4     11     56  
1038.0  17:18:48 0.0 -0.0   5     18     47  
1038.0  17:18:56 0.0 -0.0   4     16     55  
1039.0  17:19:00 0.0 -0.0   5     13     49  
1039.0  17:19:04 0.0 -0.0   5     14     58  
1039.0  17:19:15 0.0 -0.0   3     15     55  
1039.0  17:19:23 0.0 -0.0   5     15     48  
1039.0  17:19:32 0.0 -0.0   3     10     50  
1039.0  17:19:41 0.0 -0.0   4     19     53  
1039.0  17:19:50 0.0 -0.0   5     15     49  
1039.0  17:19:58 0.0 -0.0   3     10     59  
1040.0  17:20:00 0.0 -0.0   5     15     42  
1040.0  17:20:10 0.0 -0.0   3     14     45  
1040.0  17:20:18 0.0 -0.0   5     17     40  
1040.0  17:20:59 0.0 -0.0   4     14     47  
1041.0  17:21:00 0.0 -0.0   4     19     45  
1041.0  17:21:09 0.0 -0.0   3     12     53  
1041.0  17:21:17 0.0 -0.0   5     15     52  
1041.0  17:21:25 0.0 -0.0   3     12     55  
1041.0  17:21:34 0.0 -0.0   3     10     59  
1041.0  17:21:42 0.0 -0.0   5     16     44  
1041.0  17:21:51 0.0 -0.0   5     11     46  
1042.0  17:22:00 0.0 -0.0   3     13     58  
1042.0  17:22:01 0.0 -0.0   3     15     49  
1042.0  17:22:10 0.0 -0.0   3     15     47  
1042.0  17:22:19 0.0 -0.0   5     17     59  
1042.0  17:22:27 0.0 -0.0   4     19     50  
1042.0  17:22:36 0.0 -0.0   3     12     55  
1042.0  17:22:44 0.0 -0.0   4     16     48  
1042.0  17:22:54 0.0 -0.0   4     14     53  
1043.0  17:23:00 0.0 -0.0   3     14     59  
1043.0  17:23:02 0.0 -0.0   3     15     40  
1043.0  17:23:10 0.0 -0.0   3     13     48  
1043.0  17:23:19 0.0 -0.0   5     15     44  
1043.0  17:23:27 0.0 -0.0   5     18     56  
1043.0  17:23:35 0.0 -0.0   3     15     54  
1043.0  17:23:46 0.0 -0.0   3     19     41  
1043.0  17:23:55 0.0 -0.0   3     10     40  
1044.0  17:24:00 0.0 -0.0   5     13     57  
1044.0  17:24:03 0.0 -0.0   3     17     48  
1044.0  17:24:12 0.0 -0.0   5     14     58  
1044.0  17:24:20 0.0 -0.0   3     17     50  
1044.0  17:24:29 0.0 -0.0   4     17     47  
1044.0  17:24:39 0.0 -0.0   3     10     56  
1044.0  17:24:48 0.0 -0.0   5     15     48  
1044.0  17:24:57 0.0 -0.0   4     14     57  
1045.0  17:25:00 0.0 -0.0   5     16     53  
1045.0  17:25:05 0.0 -0.0   5     12     56  
1045.0  17:25:14 0.0 -0.0   4     12     56  
1045.0  17:25:22 0.0 -0.0   5     19     53  
1045.0  17:25:33 0.0 -0.0   3     18     42  
1045.0  17:25:41 0.0 -0.0   4     11     51  
1045.0  17:25:50 0.0 -0.0   3     10     45  
1045.0  17:25:59 0.0 -0.0   4     16     50  
1046.0  17:26:00 0.0 -0.0   3     19     47  
1046.0  17:26:08 0.0 -0.0   5     17     55  
1046.0  17:26:16 0.0 -0.0   4     11     55  
1046.0  17:26:27 0.0 -0.0   5     15     59  
1046.0  17:26:36 0.0 -0.0   4     12     51  
1046.0  17:26:44 0.0 -0.0   3     18     59  
1046.0  17:26:53 0.0 -0.0   3     19     43  
1047.0  17:27:00 0.0 -0.0   3     12     55  
1047.0  17:27:01 0.0 -0.0   3     12     47  
1047.0  17:27:09 0.0 -0.0   3     15     56  
1047.0  17:27:19 0.0 -0.0   3     18     49  
1047.0  17:27:28 0.0 -0.0   5     15     51  
1047.0  17:27:36 0.0 -0.0   4     16     53  
1047.0  17:27:45 0.0 -0.0   3     12     51  
1047.0  17:27:54 0.0 -0.0   4     19     47  
1048.0  17:28:00 0.0 -0.0   3     11     58  
1048.0  17:28:02 0.0 -0.0   5     14     52  
1048.0  17:28:13 0.0 -0.0   4     18     59  
1048.0  17:28:22 0.0 -0.0   4     16     41  
1048.0  17:28:30 0.0 -0.0   4     12     44  
1048.0  17:28:39 0.0 -0.0   5     13     56  
1048.0  17:28:47 0.0 -0.0   4     14     52  
1048.0  17:28:57 0.0 -0.0   5     15     44  
1049.0  17:29:00 0.0 -0.0   3     13     51  
1049.0  17:29:07 0.0 -0.0   5     11     58  
1049.0  17:29:16 0.0 -0.0   4     11     40  
1049.0  17:29:24 0.0 -0.0   4     17     49  
1049.0  17:29:33 0.0 -0.0   5     18     44  
1049.0  17:29:42 0.0 -0.0   5     10     42  
1049.0  17:29:51 0.0 -0.0   3     16     55  
1050.0  17:30:00 0.0 -0.0   3     16     48  
1050.0  17:30:01 0.0 -0.0   3     17     44  
1050.0  17:30:10 0.0 -0.0   5     13     51  
1050.0  17:30:18 0.0 -0.0   5     15     59  
1050.0  17:30:28 0.0 -0.0   3     18     52  
1050.0  17:30:37 0.0 -0.0   3     16     50  
1050.0  17:30:45 0.0 -0.0   3     15     43  
1050.0  17:30:56 0.0 -0.0   5     18     54  
1051.0  17:31:00 0.0 -0.0   4     19     48  
1051.0  17:31:05 0.0 -0.0   4     16     54  
1051.0  17:31:13 0.0 -0.0   4     17     59  
1051.0  17:31:22 0.0 -0.0   5     14     49  
1051.0  17:31:31 0.0 -0.0   4     13     49  
1051.0  17:31:39 0.0 -0.0   5     17     51  
1051.0  17:31:50 0.0 -0.0   5     14     40  
1051.0  17:31:59 0.0 -0.0   4     13     51  
1052.0  17:32:00 0.0 -0.0   4     14     48  
1052.0  17:32:09 0.0 -0.0   4     16     40  
1052.0  17:32:17 0.0 -0.0   4     12     48  
1052.0  17:32:26 0.0 -0.0   4     16     52  
1052.0  17:32:34 0.0 -0.0   3     12     50  
1052.0  17:32:45 0.0 -0.0   3     18     57  
1052.0  17:32:53 0.0 -0.0   5     15     46  
1053.0  17:33:00 0.0 -0.0   5     10     49  
1053.0  17:33:02 0.0 -0.0   4     13     57  
1053.0  17:33:10 0.0 -0.0   3     17     47  
1053.0  17:33:19 0.0 -0.0   4     19     44  
1053.0  17:33:28 0.0 -0.0   3     16     46  
1053.0  17:33:38 0.0 -0.0   3     13     42  
1053.0  17:33:47 0.0 -0.0   5     13     51  
1053.0  17:33:56 0.0 -0.0   5     18     52  
1054.0  17:34:00 0.0 -0.0   3     14     54  
1054.0  17:34:04 0.0 -0.0   4     12     50  
1054.0  17:34:13 0.0 -0.0   4     13     50  
1054.0  17:34:22 0.0 -0.0   5     10     46  
1054.0  17:34:32 0.0 -0.0   3     16     44  
1054.0  17:34:41 0.0 -0.0   4     14     44  
1054.0  17:34:50 0.0 -0.0   5     16     42  
1054.0  17:34:58 0.0 -0.0   5     13     46  
1055.0  17:35:00 0.0 -0.0   5     14     58  
1055.0  17:35:07 0.0 -0.0   5     12     53  
1055.0  17:35:15 0.0 -0.0   5     18     44  
1055.0  17:35:26 0.0 -0.0   5     10     59  
1055.0  17:35:35 0.0 -0.0   5     12     45  
1055.0  17:35:43 0.0 -0.0   5     17     41  
1055.0  17:35:52 0.0 -0.0   4     19     45  
1056.0  17:36:00 0.0 -0.0   5     14     55  
1056.0  17:36:00 0.0 -0.0   4     17     53  
1056.0  17:36:09 0.0 -0.0   4     16     56  
1056.0  17:36:19 0.0 -0.0   3     10     49  
1056.0  17:36:28 0.0 -0.0   4     10     49  
1056.0  17:36:37 0.0 -0.0   3     19     50  
1056.0  17:36:46 0.0 -0.0   4     19     42  
1056.0  17:36:54 0.0 -0.0   4     14     51  
1057.0  17:37:00 0.0 -0.0   3     11     45  
1057.0  17:37:02 0.0 -0.0   5     10     44  
1057.0  17:37:13 0.0 -0.0   4     15     59  
1057.0  17:37:22 0.0 -0.0   4     17     44  
1057.0  17:37:31 0.0 -0.0   5     16     43  
1057.0  17:37:39 0.0 -0.0   5     19     42  
1057.0  17:37:48 0.0 -0.0   5     13     42  
1057.0  17:37:57 0.0 -0.0   5     14     55  
1058.0  17:38:00 0.0 -0.0   4     12     53  
1058.0  17:38:07 0.0 -0.0   3     10     46  
1058.0  17:38:16 0.0 -0.0   4     17     58  
1058.0  17:38:24 0.0 -0.0   3     11     50  
1058.0  17:38:33 0.0 -0.0   5     13     47  
1058.0  17:38:41 0.0 -0.0   5     18     54  
1058.0  17:38:50 0.0 -0.0   5     19     58  
1059.0  17:39:00 0.0 -0.0   4     10     41  
1059.0  17:39:01 0.0 -0.0   5     13     47  
1059.0  17:39:10 0.0 -0.0   3     12     48  
1059.0  17:39:19 0.0 -0.0   4     16     59  
1059.0  17:39:27 0.0 -0.0   4     14     43  
1059.0  17:39:35 0.0 -0.0   4     10     54  
1059.0  17:39:44 0.0 -0.0   5     16     48  
1059.0  17:39:55 0.0 -0.0   4     19     47  
1060.0  17:40:00 0.0 -0.0   5     18     43  
1060.0  17:40:03 0.0 -0.0   3     19     56  
1060.0  17:40:12 0.0 -0.0   4     14     58  
1060.0  17:40:20 0.0 -0.0   5     13     49  
1060.0  17:40:29 0.0 -0.0   3     17     54  
1060.0  17:40:38 0.0 -0.0   4     19     50  
1060.0  17:40:49 0.0 -0.0   3     15     51  
1060.0  17:40:57 0.0 -0.0   3     14     41  
1061.0  17:41:00 0.0 -0.0   4     13     45  
1061.0  17:41:06 0.0 -0.0   4     12     55  
1061.0  17:41:14 0.0 -0.0   5     14     49  
1061.0  17:41:23 0.0 -0.0   5     10     54  
1061.0  17:41:32 0.0 -0.0   3     17     48  
1061.0  17:41:43 0.0 -0.0   3     14     44  
1061.0  17:41:52 0.0 -0.0   4     11     40  
1062.0  17:42:00 0.0 -0.0   3     11     45  
1062.0  17:42:00 0.0 -0.0   5     11     50  
1062.0  17:42:09 0.0 -0.0   4     14     46  
1062.0  17:42:17 0.0 -0.0   4     16     53  
1062.0  17:42:26 0.0 -0.0   4     18     43  
1062.0  17:42:37 0.0 -0.0   4     17     47  
1062.0  17:42:46 0.0 -0.0   3     19     43  
1062.0  17:42:54 0.0 -0.0   4     15     49  
1063.0  17:43:00 0.0 -0.0   4     19     49  
1063.0  17:43:03 0.0 -0.0   4     10     40  
1063.0  17:43:11 0.0 -0.0   5     19     42  
1063.0  17:43:20 0.0 -0.0   4     10     54  
1063.0  17:43:32 0.0 -0.0   5     14     58  
1063.0  17:43:40 42.37637 -72.536125   3     11     53  
1063.0  17:43:49 42.376392 -72.53614   3     10     58  
1063.0  17:43:57 42.37639 -72.53613   5     10     55  
1064.0  17:44:00 42.376343 -72.5361   5     14     59  
1064.0  17:44:06 42.37633 -72.536095   5     15     44  
1064.0  17:44:16 42.37632 -72.53609   4     16     40  
1064.0  17:44:27 42.37632 -72.53609   4     14     54  
1064.0  17:44:35 42.376293 -72.53607   3     14     58  
1064.0  17:44:44 42.37632 -72.53609   5     14     53  
1064.0  17:44:53 42.376377 -72.53614   4     10     46  
1065.0  17:45:00 42.376366 -72.536125   5     13     50  
1065.0  17:45:02 42.376366 -72.536125   4     12     49  
1065.0  17:45:11 42.376354 -72.53612   4     17     41  
1065.0  17:45:21 42.37633 -72.5361   5     12     57  
1065.0  17:45:29 42.376324 -72.53611   5     15     51  
1065.0  17:45:38 42.37632 -72.53612   4     10     49  
1065.0  17:45:47 42.376415 -72.53616   4     18     48  
1065.0  17:45:55 42.37661 -72.53627   4     13     46  
1066.0  17:46:00 42.37668 -72.536285   3     15     40  
1066.0  17:46:04 42.37668 -72.536285   3     17     54  
1066.0  17:46:16 42.376705 -72.53631   5     15     53  
1066.0  17:46:25 42.376648 -72.53629   5     15     58  
1066.0  17:46:34 42.3766 -72.53631   3     16     56  
1066.0  17:46:42 42.3766 -72.53638   3     10     46  
1066.0  17:46:51 42.3766 -72.53638   4     15     44  
1066.0  17:46:59 42.37657 -72.53635   5     15     45  
1067.0  17:47:00 42.376564 -72.536316   4     10     53  
1067.0  17:47:10 42.37655 -72.53626   5     17     42  
1067.0  17:47:19 42.376534 -72.53622   4     12     58  
1067.0  17:47:27 42.376545 -72.536224   5     18     49  
1067.0  17:47:36 42.376514 -72.53616   5     12     56  
1067.0  17:47:45 42.37647 -72.536224   4     15     41  
1067.0  17:47:53 42.37636 -72.53615   5     15     59  
1068.0  17:48:00 42.376343 -72.53619   5     12     58  
1068.0  17:48:04 42.376343 -72.53619   4     16     53  
1068.0  17:48:13 42.376404 -72.53623   3     13     42  
1068.0  17:48:21 42.376423 -72.53619   4     18     45  
1068.0  17:48:30 42.37639 -72.53614   5     18     40  
1068.0  17:48:39 42.376366 -72.53612   3     12     40  
1068.0  17:48:47 42.37637 -72.536125   4     12     44  
1068.0  17:48:58 42.376415 -72.53616   5     18     56  
1069.0  17:49:00 42.37642 -72.53617   4     14     48  
1069.0  17:49:07 42.37641 -72.53616   5     12     59  
1069.0  17:49:15 42.37643 -72.53618   3     14     46  
1069.0  17:49:24 42.37642 -72.53618   3     14     40  
1069.0  17:49:33 42.376404 -72.53616   5     19     52  
