600.0  10:00:00 42.3934 -72.52603   5     17     57  
601.0  10:01:00 42.39085 -72.525246   4     19     46  
602.0  10:02:00 42.38772 -72.52381   5     13     51  
603.0  10:03:00 42.383522 -72.52087   3     17     43  
604.0  10:04:00 42.378532 -72.51999   5     12     54  
605.0  10:05:00 42.377758 -72.51992   5     12     57  
606.0  10:06:00 42.376427 -72.51992   4     18     57  
607.0  10:07:00 42.375725 -72.52338   4     12     54  
608.0  10:08:00 42.37331 -72.532936   5     11     42  
609.0  10:09:00 42.368572 -72.5335   4     10     59  
610.0  10:10:00 42.367733 -72.5348   5     10     48  
611.0  10:11:00 42.36546 -72.53572   3     14     46  
612.0  10:12:00 42.365746 -72.538025   3     11     51  
613.0  10:13:00 42.365654 -72.53876   3     10     58  
616.0  10:16:00 42.36568 -72.53873   3     13     51  
617.0  10:17:00 42.365635 -72.5388   5     16     50  
618.0  10:18:00 42.36563 -72.53878   3     10     52  
619.0  10:19:00 42.365616 -72.53887   5     17     45  
620.0  10:20:00 42.3656 -72.53894   5     13     53  
621.0  10:21:00 42.36566 -72.53875   4     11     49  
622.0  10:22:00 42.365627 -72.53886   4     16     47  
623.0  10:23:00 42.36566 -72.538765   5     14     54  
624.0  10:24:00 42.3656 -72.53876   5     11     57  
625.0  10:25:00 42.36559 -72.538795   5     16     49  
626.0  10:26:00 42.36561 -72.53879   4     12     42  
627.0  10:27:00 42.36565 -72.53875   5     10     56  
628.0  10:28:00 42.36565 -72.538765   5     18     53  
629.0  10:29:00 42.365658 -72.53879   4     18     40  
630.0  10:30:00 42.365623 -72.538734   4     16     59  
631.0  10:31:00 42.36567 -72.53874   4     11     44  
632.0  10:32:00 42.365677 -72.53875   5     14     55  
633.0  10:33:00 42.36566 -72.53874   5     10     54  
634.0  10:34:00 42.365677 -72.53875   4     15     50  
635.0  10:35:00 42.36566 -72.53875   3     19     52  
636.0  10:36:00 42.364716 -72.540405   4     14     43  
637.0  10:37:00 42.363583 -72.53969   5     12     55  
638.0  10:38:00 42.36538 -72.53546   4     13     53  
639.0  10:39:00 42.366627 -72.533134   4     14     47  
640.0  10:40:00 42.367756 -72.53479   3     19     47  
641.0  10:41:00 42.36805 -72.53363   5     13     59  
642.0  10:42:00 42.370792 -72.53317   5     16     57  
643.0  10:43:00 42.37365 -72.53285   5     15     51  
644.0  10:44:00 42.373943 -72.53158   5     19     57  
645.0  10:45:00 42.3756 -72.52396   5     12     43  
646.0  10:46:00 42.375767 -72.52162   4     19     56  
647.0  10:47:00 42.37578 -72.52008   5     16     46  
648.0  10:48:00 42.37697 -72.51986   4     19     47  
649.0  10:49:00 42.37817 -72.519905   4     12     55  
650.0  10:50:00 42.37977 -72.51955   4     13     45  
651.0  10:51:00 42.381626 -72.51921   5     12     45  
652.0  10:52:00 42.385845 -72.517525   4     13     51  
653.0  10:53:00 42.38917 -72.51813   3     12     58  
654.0  10:54:00 42.390755 -72.51976   3     12     44  
655.0  10:55:00 42.3927 -72.516754   3     12     44  
656.0  10:56:00 42.39853 -72.51573   4     16     43  
657.0  10:57:00 42.397255 -72.52061   3     14     42  
658.0  10:58:00 42.397255 -72.52164   4     13     45  
659.0  10:59:00 42.395718 -72.5255   5     18     53  
660.0  11:00:00 42.395733 -72.52548   4     14     40  
661.0  11:01:00 42.39573 -72.52549   4     13     46  
662.0  11:02:00 42.39541 -72.52638   3     11     58  
663.0  11:03:00 42.393425 -72.52605   3     15     54  
664.0  11:04:00 42.393387 -72.52602   5     19     53  
665.0  11:05:00 42.39191 -72.52544   3     10     47  
666.0  11:06:00 42.390877 -72.52528   5     17     57  
667.0  11:07:00 42.39089 -72.52527   4     10     49  
668.0  11:08:00 42.389065 -72.5247   4     15     45  
669.0  11:09:00 42.387787 -72.52386   4     17     40  
670.0  11:10:00 42.38744 -72.523285   4     10     59  
671.0  11:11:00 42.38392 -72.52106   3     14     43  
672.0  11:12:00 42.382027 -72.51989   4     10     56  
673.0  11:13:00 42.379272 -72.51981   5     19     42  
674.0  11:14:00 42.377697 -72.51994   5     16     59  
675.0  11:15:00 42.376003 -72.51998   3     18     44  
676.0  11:16:00 42.375885 -72.52131   5     19     46  
677.0  11:17:00 42.375656 -72.52391   3     15     53  
678.0  11:18:00 42.373894 -72.532394   3     17     59  
679.0  11:19:00 42.370983 -72.5332   3     17     50  
680.0  11:20:00 42.36813 -72.53453   3     14     53  
681.0  11:21:00 42.36643 -72.53409   5     18     48  
682.0  11:22:00 42.365936 -72.53744   5     10     44  
683.0  11:23:00 42.36572 -72.538704   5     17     41  
686.0  11:26:00 42.3657 -72.53864   4     19     44  
687.0  11:27:00 42.365696 -72.53864   5     10     45  
688.0  11:28:00 42.365685 -72.53866   4     11     59  
689.0  11:29:00 42.36569 -72.53864   4     15     59  
690.0  11:30:00 42.36569 -72.53869   4     19     51  
691.0  11:31:00 42.365704 -72.53869   5     12     59  
692.0  11:32:00 42.365707 -72.53867   4     17     40  
693.0  11:33:00 42.365685 -72.53878   3     15     50  
694.0  11:34:00 42.365696 -72.53879   3     12     59  
695.0  11:35:00 42.365707 -72.53878   4     15     48  
696.0  11:36:00 42.365707 -72.53879   5     17     56  
697.0  11:37:00 42.365696 -72.538795   5     16     54  
698.0  11:38:00 42.365715 -72.53873   5     11     44  
699.0  11:39:00 42.363632 -72.53978   4     17     55  
700.0  11:40:00 42.36412 -72.53813   4     13     58  
701.0  11:41:00 42.366173 -72.53413   3     17     46  
702.0  11:42:00 42.368168 -72.53467   3     17     41  
703.0  11:43:00 42.366974 -72.53462   4     13     53  
704.0  11:44:00 42.368736 -72.53339   3     16     48  
705.0  11:45:00 42.37401 -72.53168   4     19     59  
706.0  11:46:00 42.375813 -72.521965   4     17     46  
707.0  11:47:00 42.37599 -72.519806   5     12     48  
708.0  11:48:00 42.37752 -72.519806   5     18     42  
709.0  11:49:00 42.380814 -72.51929   5     19     48  
710.0  11:50:00 42.384277 -72.51812   5     17     40  
711.0  11:51:00 42.38893 -72.51761   4     13     51  
712.0  11:52:00 42.389248 -72.518265   3     12     59  
713.0  11:53:00 42.3919 -72.52011   4     17     51  
714.0  11:54:00 42.392715 -72.51637   4     19     47  
715.0  11:55:00 42.39806 -72.51724   4     16     40  
716.0  11:56:00 42.396767 -72.52333   3     13     52  
717.0  11:57:00 42.39549 -72.52614   5     10     53  
718.0  11:58:00 42.39343 -72.52603   5     15     40  
719.0  11:59:00 42.393425 -72.52603   3     16     55  
720.0  12:00:00 42.393433 -72.526054   3     12     41  
