600.0  10:00:00 42.37816 -72.53513   5     10     57  
600.0  10:00:03 42.37816 -72.53514   5     10     40  
600.0  10:00:12 42.378162 -72.53513   3     16     48  
600.0  10:00:20 42.378166 -72.53516   4     18     43  
600.0  10:00:29 42.378162 -72.535194   4     14     50  
600.0  10:00:40 42.37816 -72.53521   3     14     56  
600.0  10:00:48 42.378162 -72.5352   4     19     46  
600.0  10:00:57 42.378162 -72.5352   4     13     40  
601.0  10:01:00 42.37817 -72.53517   3     16     45  
601.0  10:01:06 42.37817 -72.535164   3     11     48  
601.0  10:01:14 42.37817 -72.53515   5     19     55  
601.0  10:01:23 42.378166 -72.53515   5     15     47  
601.0  10:01:34 42.37815 -72.535194   4     15     48  
601.0  10:01:42 42.378162 -72.5352   4     12     44  
601.0  10:01:52 42.378162 -72.53519   4     16     50  
602.0  10:02:00 42.378166 -72.535164   3     15     56  
602.0  10:02:00 42.37817 -72.53517   5     14     48  
602.0  10:02:08 42.378162 -72.535164   4     16     49  
602.0  10:02:17 42.378147 -72.53517   3     16     51  
602.0  10:02:27 42.37814 -72.53518   3     19     49  
602.0  10:02:36 42.378147 -72.535126   4     10     51  
602.0  10:02:45 42.3781 -72.53521   5     16     46  
602.0  10:02:54 42.378098 -72.535194   4     13     49  
603.0  10:03:00 42.37811 -72.53516   5     10     58  
603.0  10:03:02 42.378105 -72.53517   5     19     41  
603.0  10:03:10 42.378113 -72.53514   5     18     41  
603.0  10:03:21 42.37811 -72.53518   4     19     53  
603.0  10:03:30 42.3781 -72.535164   5     11     44  
603.0  10:03:39 42.378082 -72.53522   5     16     42  
603.0  10:03:47 42.378082 -72.53522   5     18     47  
603.0  10:03:56 42.378094 -72.53521   4     12     59  
604.0  10:04:00 42.3781 -72.5352   4     13     43  
604.0  10:04:04 42.3781 -72.5352   5     15     41  
604.0  10:04:15 42.378105 -72.53521   3     17     58  
604.0  10:04:23 42.37811 -72.535194   4     15     40  
604.0  10:04:32 42.37811 -72.535194   5     18     45  
604.0  10:04:41 42.37811 -72.535194   4     14     48  
604.0  10:04:49 42.37809 -72.53522   3     12     48  
604.0  10:04:58 42.378086 -72.53524   5     18     55  
605.0  10:05:00 42.37809 -72.535255   4     11     56  
605.0  10:05:08 42.37809 -72.535255   4     13     55  
605.0  10:05:16 42.3781 -72.53526   4     16     50  
605.0  10:05:25 42.378113 -72.535255   5     15     51  
605.0  10:05:34 42.378117 -72.535255   3     12     54  
605.0  10:05:42 42.378128 -72.53522   4     11     55  
605.0  10:05:51 42.378128 -72.53522   3     10     51  
606.0  10:06:00 42.378117 -72.53526   4     11     49  
606.0  10:06:01 42.378117 -72.53526   5     15     43  
606.0  10:06:10 42.378113 -72.535255   5     13     49  
606.0  10:06:18 42.3781 -72.53525   3     19     46  
606.0  10:06:27 42.378105 -72.53524   3     19     54  
606.0  10:06:36 42.378117 -72.53524   4     19     56  
606.0  10:06:44 42.378128 -72.53525   5     13     41  
606.0  10:06:55 42.378128 -72.53523   3     14     46  
607.0  10:07:00 42.37813 -72.53523   5     16     42  
607.0  10:07:03 42.37813 -72.53523   3     18     50  
607.0  10:07:12 42.37813 -72.53523   5     19     58  
607.0  10:07:20 42.37813 -72.53523   5     18     54  
607.0  10:07:29 42.378124 -72.53523   3     18     50  
607.0  10:07:37 42.37812 -72.53521   5     13     58  
607.0  10:07:48 42.37814 -72.53523   4     19     43  
607.0  10:07:57 42.37815 -72.53523   4     12     41  
608.0  10:08:00 42.378155 -72.53521   5     14     57  
608.0  10:08:05 42.378155 -72.53521   3     19     41  
608.0  10:08:14 42.378147 -72.53523   5     19     51  
608.0  10:08:22 42.378143 -72.535225   5     12     46  
608.0  10:08:31 42.378147 -72.53521   5     18     48  
608.0  10:08:42 42.37815 -72.5352   5     17     53  
608.0  10:08:50 42.378155 -72.5352   4     17     43  
608.0  10:08:59 42.37816 -72.535194   3     11     52  
609.0  10:09:00 42.378155 -72.535225   5     16     50  
609.0  10:09:08 42.37815 -72.53523   3     18     57  
609.0  10:09:16 42.378155 -72.535225   3     11     55  
609.0  10:09:25 42.37816 -72.53519   3     19     46  
609.0  10:09:35 42.378162 -72.53514   5     13     51  
609.0  10:09:44 42.378147 -72.53514   3     17     44  
609.0  10:09:53 42.378143 -72.53516   3     14     42  
610.0  10:10:00 42.378143 -72.53518   3     16     47  
610.0  10:10:01 42.378143 -72.53518   3     17     49  
610.0  10:10:10 42.378143 -72.53517   5     17     45  
610.0  10:10:19 42.378143 -72.53519   4     11     56  
610.0  10:10:30 42.378155 -72.53515   3     12     41  
610.0  10:10:38 42.37815 -72.53517   4     11     53  
610.0  10:10:47 42.37815 -72.53519   4     15     54  
610.0  10:10:55 42.378155 -72.535164   3     14     57  
611.0  10:11:00 42.378155 -72.53517   3     12     55  
611.0  10:11:04 42.378155 -72.53517   4     19     42  
611.0  10:11:13 42.378155 -72.53517   4     15     53  
611.0  10:11:24 42.378155 -72.53517   3     13     57  
611.0  10:11:33 42.37815 -72.53519   5     15     40  
611.0  10:11:42 42.378155 -72.53518   3     14     55  
611.0  10:11:50 42.378155 -72.53518   5     12     57  
611.0  10:11:59 42.378155 -72.53517   3     14     43  
612.0  10:12:00 42.378147 -72.535164   4     10     56  
612.0  10:12:08 42.378143 -72.53515   5     17     42  
612.0  10:12:18 42.378143 -72.53512   5     12     54  
612.0  10:12:27 42.37814 -72.53513   5     11     51  
612.0  10:12:35 42.378143 -72.53513   3     17     44  
612.0  10:12:44 42.378147 -72.535126   5     19     45  
612.0  10:12:53 42.37815 -72.53511   5     17     44  
613.0  10:13:00 42.37814 -72.535164   4     18     52  
613.0  10:13:01 42.37814 -72.53515   3     15     47  
613.0  10:13:12 42.378143 -72.53516   3     15     50  
613.0  10:13:21 42.37814 -72.535164   5     12     59  
613.0  10:13:30 42.37813 -72.5352   3     18     47  
613.0  10:13:39 42.378128 -72.535194   3     13     58  
613.0  10:13:48 42.378128 -72.53519   4     16     44  
613.0  10:13:56 42.37813 -72.535194   3     17     40  
614.0  10:14:00 42.378136 -72.5352   5     10     44  
614.0  10:14:07 42.378136 -72.53521   4     14     43  
614.0  10:14:15 42.37814 -72.53521   3     19     50  
614.0  10:14:24 42.378143 -72.5352   5     13     48  
614.0  10:14:33 42.378143 -72.5352   3     10     59  
614.0  10:14:41 42.378143 -72.5352   3     19     46  
614.0  10:14:50 42.378147 -72.53519   4     18     41  
615.0  10:15:00 42.378143 -72.535194   4     11     41  
615.0  10:15:00 42.378147 -72.5352   5     11     53  
615.0  10:15:09 42.37815 -72.53521   3     14     56  
615.0  10:15:18 42.378147 -72.53522   4     14     59  
615.0  10:15:26 42.37815 -72.53522   5     18     41  
615.0  10:15:35 42.378147 -72.535225   4     18     48  
615.0  10:15:43 42.378147 -72.53522   5     14     51  
615.0  10:15:53 42.37815 -72.535225   5     13     49  
616.0  10:16:00 42.37815 -72.53523   5     17     42  
616.0  10:16:01 42.378155 -72.53523   3     15     40  
616.0  10:16:09 42.37815 -72.53523   4     11     54  
616.0  10:16:18 42.378147 -72.53524   3     14     48  
616.0  10:16:27 42.378147 -72.535225   4     16     51  
616.0  10:16:35 42.378143 -72.53522   3     14     49  
616.0  10:16:46 42.378143 -72.53521   3     11     40  
616.0  10:16:55 42.378147 -72.53521   5     17     58  
617.0  10:17:00 42.378147 -72.53522   5     15     53  
617.0  10:17:03 42.378147 -72.53522   5     15     54  
617.0  10:17:12 42.37815 -72.53521   5     19     58  
617.0  10:17:20 42.378155 -72.5352   3     10     58  
617.0  10:17:29 42.378155 -72.5352   3     14     54  
617.0  10:17:40 42.378147 -72.53521   5     16     49  
617.0  10:17:50 42.378147 -72.53521   5     13     52  
617.0  10:17:58 42.378147 -72.53521   4     10     48  
618.0  10:18:00 42.37815 -72.535194   3     14     52  
618.0  10:18:07 42.37815 -72.535194   3     19     56  
618.0  10:18:16 42.37815 -72.53519   3     10     51  
618.0  10:18:24 42.378147 -72.5352   3     13     54  
618.0  10:18:35 42.37816 -72.53518   3     13     47  
618.0  10:18:44 42.37816 -72.53519   5     13     51  
618.0  10:18:52 42.37816 -72.53518   4     19     40  
619.0  10:19:00 42.378155 -72.53518   4     17     58  
619.0  10:19:01 42.37816 -72.53519   3     11     46  
619.0  10:19:09 42.37816 -72.53518   5     18     50  
619.0  10:19:18 42.37816 -72.53518   3     15     51  
619.0  10:19:30 42.378155 -72.53517   3     10     43  
619.0  10:19:39 42.378155 -72.53518   3     14     44  
619.0  10:19:47 42.37815 -72.53518   5     17     49  
619.0  10:19:56 42.37815 -72.53518   3     12     43  
620.0  10:20:00 42.378147 -72.53517   5     11     49  
620.0  10:20:04 42.378147 -72.53518   5     19     53  
620.0  10:20:13 42.378147 -72.53517   5     19     44  
620.0  10:20:23 42.378147 -72.53517   3     10     54  
620.0  10:20:32 42.378143 -72.53517   5     13     42  
620.0  10:20:40 42.378143 -72.53517   5     11     54  
620.0  10:20:49 42.378143 -72.53517   5     15     58  
620.0  10:20:58 42.378143 -72.535164   4     18     56  
621.0  10:21:00 42.378143 -72.535164   5     14     49  
621.0  10:21:06 42.378143 -72.535164   5     11     59  
621.0  10:21:17 42.378143 -72.535164   3     17     40  
621.0  10:21:26 42.378143 -72.535164   5     16     58  
621.0  10:21:35 42.378143 -72.53517   4     12     42  
621.0  10:21:45 42.378155 -72.53518   3     13     47  
621.0  10:21:55 42.378162 -72.53519   5     11     41  
622.0  10:22:00 42.378166 -72.535194   4     12     51  
622.0  10:22:03 42.378166 -72.535194   5     11     51  
622.0  10:22:13 42.378166 -72.535194   4     12     50  
622.0  10:22:22 42.378162 -72.53519   3     17     50  
622.0  10:22:31 42.37816 -72.53519   5     10     41  
622.0  10:22:39 42.37816 -72.53519   4     12     49  
622.0  10:22:48 42.37815 -72.53519   5     12     58  
622.0  10:22:56 42.37815 -72.53519   3     12     51  
623.0  10:23:00 42.37815 -72.53519   5     18     50  
623.0  10:23:07 42.37815 -72.53519   4     12     52  
623.0  10:23:15 42.378147 -72.53519   3     14     46  
623.0  10:23:24 42.378147 -72.53519   3     12     57  
623.0  10:23:32 42.378147 -72.53519   5     18     53  
623.0  10:23:41 42.378143 -72.53519   4     15     40  
623.0  10:23:49 42.378143 -72.53518   4     17     40  
623.0  10:23:59 42.378147 -72.535164   3     17     44  
624.0  10:24:00 42.378147 -72.53516   3     19     59  
624.0  10:24:08 42.378147 -72.535164   5     12     55  
624.0  10:24:17 42.378147 -72.535164   3     15     56  
624.0  10:24:25 42.378143 -72.53517   4     10     42  
624.0  10:24:34 42.37813 -72.53519   5     17     51  
624.0  10:24:42 42.37813 -72.5352   3     13     57  
624.0  10:24:53 42.378147 -72.53517   3     14     45  
625.0  10:25:00 42.37816 -72.535164   3     10     49  
625.0  10:25:01 42.37816 -72.53516   4     13     56  
625.0  10:25:10 42.378162 -72.53518   5     11     59  
625.0  10:25:18 42.378166 -72.535164   4     11     48  
625.0  10:25:27 42.378162 -72.53517   4     18     56  
625.0  10:25:35 42.37816 -72.5352   3     18     56  
625.0  10:25:46 42.37815 -72.53519   4     19     59  
625.0  10:25:55 42.378136 -72.535194   3     13     44  
626.0  10:26:00 42.37813 -72.535194   5     18     42  
626.0  10:26:03 42.37813 -72.535194   3     10     55  
626.0  10:26:12 42.378128 -72.5352   5     11     59  
626.0  10:26:20 42.37813 -72.53519   5     12     49  
626.0  10:26:29 42.378136 -72.53519   4     14     42  
626.0  10:26:47 42.378143 -72.5352   5     17     46  
626.0  10:26:55 42.378143 -72.53521   3     12     58  
627.0  10:27:00 42.378143 -72.5352   5     11     56  
627.0  10:27:04 42.378143 -72.5352   5     15     44  
627.0  10:27:12 42.37814 -72.535194   5     11     43  
627.0  10:27:21 42.37813 -72.535194   5     19     54  
627.0  10:27:32 42.37813 -72.535194   3     14     59  
627.0  10:27:49 42.37813 -72.535194   5     12     57  
627.0  10:27:57 42.378136 -72.53519   4     17     52  
628.0  10:28:00 42.37814 -72.53517   5     15     52  
628.0  10:28:06 42.378143 -72.53517   4     19     48  
628.0  10:28:15 42.378147 -72.53518   5     12     45  
628.0  10:28:24 42.378143 -72.53519   3     13     50  
628.0  10:28:33 42.378147 -72.53519   4     17     47  
628.0  10:28:41 42.378147 -72.53519   4     12     41  
628.0  10:28:50 42.378143 -72.53519   3     16     52  
628.0  10:28:59 42.378143 -72.53519   4     12     45  
629.0  10:29:00 42.37814 -72.53518   3     11     54  
629.0  10:29:08 42.37814 -72.53518   3     12     49  
629.0  10:29:18 42.378147 -72.53519   5     14     47  
629.0  10:29:26 42.37815 -72.53519   5     16     43  
629.0  10:29:35 42.37815 -72.53519   3     12     59  
629.0  10:29:44 42.37815 -72.53519   5     10     51  
629.0  10:29:52 42.378147 -72.53519   3     16     51  
630.0  10:30:00 42.378143 -72.53519   3     16     46  
630.0  10:30:00 42.378143 -72.53518   5     14     49  
630.0  10:30:11 42.378147 -72.53518   4     15     57  
630.0  10:30:20 42.378143 -72.53518   4     13     40  
630.0  10:30:30 42.378143 -72.53517   3     15     57  
630.0  10:30:39 42.37814 -72.53518   3     13     45  
630.0  10:30:49 42.378136 -72.53519   3     19     51  
630.0  10:30:59 42.37814 -72.53517   4     18     46  
631.0  10:31:00 42.37814 -72.535164   5     15     56  
631.0  10:31:09 42.37814 -72.53516   5     10     41  
631.0  10:31:18 42.37813 -72.53518   4     17     52  
631.0  10:31:27 42.37814 -72.535164   4     10     53  
631.0  10:31:36 42.37814 -72.53516   4     17     58  
631.0  10:31:44 42.37814 -72.535164   3     10     49  
631.0  10:31:53 42.37813 -72.53519   5     16     50  
632.0  10:32:00 42.37813 -72.535194   3     12     55  
632.0  10:32:03 42.378128 -72.535194   5     15     47  
632.0  10:32:12 42.378128 -72.535194   4     13     49  
632.0  10:32:20 42.378128 -72.535194   4     18     58  
632.0  10:32:29 42.378128 -72.535194   4     18     56  
632.0  10:32:37 42.37813 -72.53519   4     13     52  
632.0  10:32:46 42.37813 -72.53517   4     11     53  
632.0  10:32:56 42.37813 -72.535164   4     12     45  
633.0  10:33:00 42.37813 -72.53517   5     11     58  
633.0  10:33:05 42.37813 -72.53517   4     17     43  
633.0  10:33:13 42.378128 -72.53517   4     18     40  
633.0  10:33:21 42.378128 -72.53517   5     13     40  
633.0  10:33:30 42.37813 -72.53517   5     19     51  
633.0  10:33:38 42.37813 -72.53517   3     17     40  
633.0  10:33:50 42.37813 -72.53517   3     13     48  
633.0  10:33:58 42.37813 -72.53517   4     18     55  
634.0  10:34:00 42.37813 -72.53518   4     12     47  
634.0  10:34:07 42.37813 -72.53518   3     18     45  
634.0  10:34:15 42.37813 -72.53518   3     17     41  
634.0  10:34:24 42.378136 -72.53518   5     12     47  
634.0  10:34:32 42.378136 -72.53518   4     17     55  
634.0  10:34:42 42.37813 -72.53518   5     10     57  
634.0  10:34:51 42.37813 -72.53518   4     15     41  
635.0  10:35:00 42.37813 -72.53518   5     11     44  
635.0  10:35:00 42.37813 -72.53518   5     14     49  
635.0  10:35:08 42.378136 -72.53518   5     16     53  
635.0  10:35:17 42.378136 -72.53518   5     19     59  
635.0  10:35:25 42.37813 -72.53519   5     19     56  
635.0  10:35:36 42.37813 -72.53518   5     18     48  
635.0  10:35:45 42.37813 -72.53518   4     10     42  
635.0  10:35:54 42.378128 -72.53518   3     10     45  
636.0  10:36:00 42.378128 -72.53518   5     18     44  
636.0  10:36:02 42.378128 -72.53518   5     18     50  
636.0  10:36:11 42.378128 -72.53519   5     11     48  
636.0  10:36:19 42.378128 -72.53519   4     17     53  
636.0  10:36:29 42.378128 -72.53519   5     10     51  
636.0  10:36:38 42.378128 -72.53519   4     14     57  
636.0  10:36:49 42.378128 -72.53519   5     15     52  
636.0  10:36:58 42.378128 -72.53519   4     18     59  
637.0  10:37:00 42.378128 -72.535194   5     15     57  
637.0  10:37:06 42.378128 -72.535194   5     15     44  
637.0  10:37:15 42.378128 -72.535194   4     12     44  
637.0  10:37:26 42.378128 -72.535194   3     11     55  
637.0  10:37:34 42.378128 -72.535194   5     15     41  
637.0  10:37:43 42.37813 -72.53518   4     10     46  
637.0  10:37:52 42.37813 -72.53518   5     12     52  
638.0  10:38:00 42.37813 -72.53517   4     10     46  
638.0  10:38:00 42.37813 -72.53517   3     19     52  
638.0  10:38:09 42.37813 -72.53518   3     13     40  
638.0  10:38:25 42.37813 -72.53518   3     11     57  
638.0  10:38:41 42.378128 -72.535194   5     17     58  
638.0  10:38:50 42.378128 -72.5352   5     15     44  
638.0  10:38:58 42.378128 -72.5352   4     12     42  
639.0  10:39:00 42.378128 -72.535194   3     10     55  
639.0  10:39:09 42.378128 -72.5352   5     12     41  
639.0  10:39:18 42.378128 -72.5352   5     11     48  
639.0  10:39:27 42.378128 -72.535194   3     17     51  
639.0  10:39:38 42.378128 -72.5352   5     11     57  
639.0  10:39:48 42.37813 -72.5352   5     13     49  
639.0  10:39:56 42.37813 -72.5352   5     18     58  
640.0  10:40:00 42.37813 -72.535194   3     10     41  
640.0  10:40:08 42.37813 -72.53519   3     19     49  
640.0  10:40:16 42.378136 -72.53517   4     14     43  
640.0  10:40:25 42.378143 -72.53515   4     15     43  
640.0  10:40:33 42.378143 -72.53516   5     10     46  
640.0  10:40:42 42.378136 -72.53517   4     18     42  
640.0  10:40:58 42.378136 -72.53518   3     14     57  
641.0  10:41:00 42.37814 -72.53519   5     12     58  
641.0  10:41:09 42.378136 -72.53518   5     19     44  
641.0  10:41:17 42.37813 -72.535164   4     19     43  
641.0  10:41:26 42.37814 -72.53516   4     18     42  
641.0  10:41:35 42.378143 -72.53516   4     16     50  
641.0  10:41:44 42.378143 -72.53516   5     16     52  
641.0  10:41:53 42.37814 -72.535164   3     12     40  
642.0  10:42:00 42.37813 -72.53518   3     12     40  
642.0  10:42:04 42.37813 -72.53518   5     14     40  
642.0  10:42:12 42.37813 -72.53517   5     14     51  
642.0  10:42:21 42.37813 -72.53517   3     18     41  
642.0  10:42:29 42.37813 -72.53518   4     16     44  
642.0  10:42:38 42.37813 -72.53518   3     16     45  
642.0  10:42:46 42.378136 -72.53517   4     10     43  
642.0  10:42:57 42.378136 -72.53517   3     15     42  
643.0  10:43:00 42.378136 -72.53517   4     18     45  
643.0  10:43:05 42.378136 -72.53517   3     11     47  
643.0  10:43:14 42.37813 -72.5352   3     11     53  
643.0  10:43:22 42.378136 -72.5352   3     10     41  
643.0  10:43:31 42.37813 -72.535225   4     14     41  
643.0  10:43:39 42.378136 -72.5352   3     16     50  
643.0  10:43:49 42.37814 -72.535194   5     13     58  
643.0  10:43:58 42.37814 -72.5352   5     14     57  
644.0  10:44:00 42.37813 -72.53521   5     14     49  
644.0  10:44:06 42.37813 -72.53521   3     12     54  
644.0  10:44:15 42.378128 -72.53521   4     13     54  
644.0  10:44:24 42.378124 -72.535194   4     19     47  
644.0  10:44:33 42.378124 -72.53518   4     12     57  
644.0  10:44:43 42.37813 -72.53515   5     14     54  
644.0  10:44:52 42.378136 -72.53516   5     12     42  
645.0  10:45:00 42.37814 -72.53515   5     16     45  
645.0  10:45:00 42.37814 -72.53513   4     16     47  
645.0  10:45:09 42.378136 -72.53513   4     12     44  
645.0  10:45:18 42.378136 -72.53514   4     13     45  
645.0  10:45:26 42.37813 -72.53517   3     10     50  
645.0  10:45:37 42.37813 -72.53519   4     14     47  
645.0  10:45:45 42.37814 -72.535164   3     14     57  
645.0  10:45:54 42.378143 -72.535164   5     11     55  
646.0  10:46:00 42.378143 -72.53518   5     18     43  
646.0  10:46:02 42.378143 -72.53518   5     19     58  
646.0  10:46:11 42.378143 -72.53518   5     13     57  
646.0  10:46:19 42.378143 -72.53518   5     16     44  
646.0  10:46:29 42.378143 -72.53519   5     18     40  
646.0  10:46:38 42.378147 -72.53518   3     13     45  
646.0  10:46:46 42.37815 -72.53518   5     16     51  
646.0  10:46:55 42.378147 -72.53518   3     11     52  
647.0  10:47:00 42.378143 -72.53518   4     16     44  
647.0  10:47:10 42.378143 -72.53518   4     13     50  
647.0  10:47:24 42.37813 -72.53517   5     14     43  
647.0  10:47:33 42.37814 -72.53517   5     15     46  
647.0  10:47:41 42.378147 -72.53517   3     17     55  
647.0  10:47:50 42.378143 -72.53517   5     13     57  
647.0  10:47:58 42.378143 -72.53517   3     15     53  
648.0  10:48:00 42.378136 -72.53517   4     18     40  
648.0  10:48:07 42.37813 -72.53517   5     11     47  
648.0  10:48:18 42.37813 -72.53518   5     14     46  
648.0  10:48:26 42.378143 -72.53519   4     18     47  
648.0  10:48:35 42.378143 -72.53519   5     17     45  
648.0  10:48:43 42.37814 -72.53519   4     11     56  
648.0  10:48:52 42.37814 -72.53519   4     11     47  
649.0  10:49:00 42.378143 -72.53519   3     18     50  
649.0  10:49:00 42.378147 -72.53519   3     11     58  
649.0  10:49:11 42.378143 -72.53518   5     11     49  
649.0  10:49:19 42.378136 -72.53518   3     12     42  
649.0  10:49:28 42.37813 -72.53517   5     14     47  
649.0  10:49:37 42.378136 -72.535164   5     19     48  
649.0  10:49:46 42.378143 -72.535164   4     15     48  
649.0  10:49:54 42.37815 -72.53517   3     10     53  
650.0  10:50:00 42.37816 -72.53517   4     15     42  
650.0  10:50:04 42.37816 -72.53517   5     16     41  
650.0  10:50:13 42.37816 -72.53518   4     19     58  
650.0  10:50:21 42.378166 -72.53518   4     17     50  
650.0  10:50:30 42.378162 -72.53518   5     12     43  
650.0  10:50:39 42.37816 -72.53518   4     19     59  
650.0  10:50:48 42.37815 -72.53517   5     13     51  
650.0  10:50:59 42.37815 -72.53518   5     12     44  
651.0  10:51:00 42.378143 -72.53517   3     15     53  
651.0  10:51:07 42.37814 -72.53517   3     14     48  
651.0  10:51:16 42.37814 -72.53519   3     11     53  
651.0  10:51:24 42.37814 -72.53519   5     12     54  
651.0  10:51:33 42.37814 -72.53519   3     13     50  
651.0  10:51:41 42.378136 -72.53518   4     18     44  
651.0  10:51:52 42.37814 -72.53518   4     15     56  
652.0  10:52:00 42.37813 -72.53517   4     19     48  
652.0  10:52:00 42.37813 -72.53517   3     13     45  
652.0  10:52:09 42.378124 -72.53517   5     14     53  
652.0  10:52:17 42.37813 -72.53517   4     11     40  
652.0  10:52:26 42.378128 -72.53517   3     19     48  
652.0  10:52:35 42.378117 -72.53517   4     10     51  
652.0  10:52:46 42.378124 -72.53517   4     12     49  
652.0  10:52:54 42.37813 -72.535164   5     10     44  
653.0  10:53:00 42.378143 -72.53518   3     11     42  
653.0  10:53:03 42.378143 -72.53517   4     16     52  
653.0  10:53:12 42.378147 -72.53518   3     15     58  
653.0  10:53:20 42.378166 -72.53519   3     15     50  
653.0  10:53:29 42.37816 -72.53518   3     15     57  
653.0  10:53:39 42.378166 -72.535194   3     12     42  
653.0  10:53:48 42.37816 -72.53519   5     19     54  
653.0  10:53:57 42.378162 -72.5352   5     11     59  
654.0  10:54:00 42.378162 -72.535194   4     13     59  
654.0  10:54:05 42.378162 -72.535194   5     13     56  
654.0  10:54:14 42.378162 -72.535194   3     11     50  
654.0  10:54:22 42.378162 -72.535194   5     12     52  
693.0  11:33:38 42.378117 -72.53547   4     18     40  
693.0  11:33:49 42.37814 -72.535446   3     19     53  
694.0  11:34:00 42.37815 -72.53543   5     12     44  
694.0  11:34:03 42.37815 -72.53543   3     11     46  
694.0  11:34:12 42.37815 -72.535416   4     19     59  
694.0  11:34:21 42.37816 -72.5354   4     13     47  
694.0  11:34:29 42.37817 -72.535416   4     13     54  
694.0  11:34:40 42.378162 -72.535385   4     19     55  
694.0  11:34:50 42.378162 -72.5354   3     17     56  
694.0  11:34:58 42.378162 -72.535385   4     19     40  
695.0  11:35:00 42.37816 -72.535385   3     13     45  
695.0  11:35:06 42.37816 -72.5354   4     19     46  
695.0  11:35:16 42.378155 -72.5354   5     14     49  
695.0  11:35:24 42.37815 -72.535416   3     18     46  
695.0  11:35:35 42.378162 -72.5354   3     15     43  
695.0  11:35:43 42.378166 -72.5354   4     15     56  
695.0  11:35:53 42.378166 -72.535416   4     11     58  
696.0  11:36:00 42.378162 -72.535416   5     17     55  
696.0  11:36:02 42.378162 -72.535416   4     11     54  
696.0  11:36:11 42.378166 -72.5354   5     11     40  
696.0  11:36:19 42.37817 -72.535385   4     14     44  
696.0  11:36:30 42.37817 -72.53538   4     14     53  
696.0  11:36:39 42.37816 -72.53541   4     12     50  
696.0  11:36:47 42.37816 -72.53539   3     18     41  
696.0  11:36:56 42.37816 -72.53539   3     10     41  
697.0  11:37:00 42.37815 -72.535416   3     10     42  
697.0  11:37:04 42.37815 -72.53542   5     19     45  
697.0  11:37:13 42.37815 -72.53542   3     18     58  
697.0  11:37:23 42.378155 -72.53543   3     14     43  
697.0  11:37:32 42.378155 -72.53541   4     13     47  
697.0  11:37:40 42.378155 -72.5354   5     11     46  
697.0  11:37:50 42.37816 -72.53543   4     12     40  
697.0  11:37:58 42.37816 -72.53543   4     12     48  
698.0  11:38:00 42.378155 -72.53542   3     19     57  
698.0  11:38:07 42.37815 -72.53542   3     18     49  
698.0  11:38:17 42.378136 -72.53543   4     12     54  
698.0  11:38:26 42.378136 -72.53542   4     11     51  
698.0  11:38:35 42.37813 -72.53542   5     10     48  
698.0  11:38:43 42.378128 -72.53542   4     18     57  
698.0  11:38:54 42.37813 -72.53543   3     17     46  
699.0  11:39:00 42.37813 -72.53541   4     18     44  
699.0  11:39:03 42.37813 -72.53541   3     17     42  
699.0  11:39:16 42.37814 -72.535385   3     14     54  
699.0  11:39:24 42.378143 -72.5354   5     11     56  
699.0  11:39:33 42.378155 -72.5354   4     10     52  
699.0  11:39:42 42.378155 -72.5354   5     12     40  
699.0  11:39:50 42.378155 -72.53541   4     10     55  
699.0  11:39:59 42.378155 -72.535416   4     14     59  
700.0  11:40:00 42.378155 -72.535416   3     15     55  
700.0  11:40:10 42.37816 -72.53542   5     12     47  
700.0  11:40:18 42.37816 -72.53543   4     13     44  
700.0  11:40:27 42.378162 -72.53543   5     16     41  
700.0  11:40:36 42.37816 -72.535446   4     15     56  
700.0  11:40:44 42.37815 -72.53546   4     11     47  
700.0  11:40:52 42.37816 -72.535416   4     18     53  
701.0  11:41:00 42.378147 -72.53541   3     12     56  
701.0  11:41:03 42.378147 -72.53541   3     17     45  
701.0  11:41:12 42.378162 -72.53541   5     12     49  
701.0  11:41:21 42.37815 -72.53546   5     14     51  
701.0  11:41:29 42.378136 -72.53547   5     16     52  
701.0  11:41:38 42.37815 -72.535446   3     12     58  
701.0  11:41:47 42.37816 -72.53542   4     16     45  
701.0  11:41:58 42.37817 -72.535416   3     12     52  
702.0  11:42:00 42.378174 -72.53541   5     12     56  
702.0  11:42:06 42.378178 -72.5354   3     10     55  
702.0  11:42:15 42.378178 -72.5354   3     14     56  
702.0  11:42:23 42.37818 -72.53539   3     13     45  
702.0  11:42:32 42.378178 -72.535416   5     17     41  
702.0  11:42:40 42.37817 -72.535446   5     17     40  
702.0  11:42:51 42.37817 -72.53545   5     11     58  
702.0  11:42:59 42.378178 -72.53543   4     13     41  
703.0  11:43:00 42.378178 -72.53542   3     10     43  
703.0  11:43:08 42.378178 -72.53542   5     18     47  
703.0  11:43:16 42.378166 -72.53546   4     19     45  
703.0  11:43:24 42.37816 -72.53549   5     11     55  
703.0  11:43:33 42.37816 -72.53548   5     14     41  
703.0  11:43:43 42.378155 -72.5355   4     17     45  
703.0  11:43:52 42.37816 -72.535484   3     12     47  
704.0  11:44:00 42.378162 -72.53546   4     11     47  
704.0  11:44:00 42.37817 -72.53543   5     10     50  
704.0  11:44:10 42.37817 -72.53544   4     13     51  
704.0  11:44:18 42.37816 -72.535446   5     13     41  
704.0  11:44:27 42.378162 -72.53544   3     15     42  
704.0  11:44:37 42.378143 -72.53542   3     17     59  
704.0  11:44:46 42.378155 -72.53536   5     14     53  
704.0  11:44:54 42.378147 -72.535324   3     11     57  
705.0  11:45:00 42.37818 -72.5354   3     18     44  
705.0  11:45:03 42.37818 -72.53539   3     13     46  
705.0  11:45:11 42.37818 -72.53549   4     17     44  
705.0  11:45:21 42.378227 -72.535515   3     14     49  
705.0  11:45:32 42.37826 -72.53551   3     13     59  
705.0  11:45:40 42.378292 -72.535545   3     11     49  
705.0  11:45:49 42.378353 -72.53555   5     12     59  
705.0  11:45:57 42.37832 -72.53557   3     18     52  
706.0  11:46:00 42.37826 -72.53553   3     17     53  
706.0  11:46:06 42.3782 -72.535515   4     18     43  
706.0  11:46:15 42.378048 -72.53546   5     13     49  
706.0  11:46:26 42.377987 -72.53538   4     15     54  
706.0  11:46:35 42.378105 -72.535385   5     17     58  
706.0  11:46:44 42.37813 -72.535385   4     19     48  
706.0  11:46:53 42.378147 -72.53544   3     15     42  
707.0  11:47:00 42.378174 -72.535446   3     10     55  
707.0  11:47:01 42.378174 -72.53544   3     13     45  
707.0  11:47:09 42.37818 -72.535446   3     10     56  
707.0  11:47:20 42.378185 -72.53549   5     19     50  
707.0  11:47:28 42.37817 -72.535484   3     13     51  
707.0  11:47:36 42.378216 -72.53547   3     11     44  
707.0  11:47:45 42.37821 -72.53546   5     17     40  
707.0  11:47:53 42.378204 -72.53548   5     10     43  
708.0  11:48:00 42.378178 -72.53557   5     17     52  
708.0  11:48:02 42.378178 -72.53553   5     19     41  
708.0  11:48:12 42.378105 -72.53579   3     11     57  
708.0  11:48:21 42.378075 -72.53597   4     14     43  
708.0  11:48:31 42.378056 -72.536064   5     15     52  
708.0  11:48:40 42.37805 -72.536026   3     11     51  
708.0  11:48:48 42.378036 -72.53605   3     15     57  
708.0  11:48:57 42.37806 -72.53603   4     16     50  
709.0  11:49:00 42.378033 -72.53608   3     16     51  
709.0  11:49:07 42.378036 -72.536095   4     15     57  
709.0  11:49:15 42.37805 -72.53606   4     19     43  
709.0  11:49:24 42.378063 -72.53601   4     15     41  
709.0  11:49:32 42.378036 -72.53606   5     17     42  
709.0  11:49:41 42.37812 -72.53636   3     12     42  
709.0  11:49:50 42.37807 -72.53685   3     12     57  
710.0  11:50:00 42.378223 -72.53701   3     13     40  
710.0  11:50:00 42.37831 -72.536896   3     19     52  
710.0  11:50:08 42.378296 -72.53671   3     18     45  
710.0  11:50:17 42.3782 -72.536385   3     11     45  
710.0  11:50:25 42.37822 -72.536316   5     19     40  
710.0  11:50:35 42.37823 -72.536316   4     13     40  
710.0  11:50:43 42.378223 -72.5363   4     19     50  
710.0  11:50:54 42.378212 -72.53634   5     16     55  
711.0  11:51:00 42.378212 -72.53639   3     10     53  
711.0  11:51:03 42.378212 -72.53639   4     11     47  
711.0  11:51:11 42.37821 -72.536354   5     14     40  
711.0  11:51:19 42.378193 -72.53633   3     19     53  
711.0  11:51:27 42.37822 -72.53629   5     19     45  
711.0  11:51:35 42.37817 -72.53606   3     13     56  
711.0  11:51:46 42.378075 -72.53577   4     19     40  
711.0  11:51:54 42.37814 -72.5358   4     15     40  
712.0  11:52:00 42.378147 -72.53583   3     15     51  
712.0  11:52:04 42.378147 -72.53582   5     17     59  
712.0  11:52:12 42.378143 -72.53584   3     13     58  
712.0  11:52:21 42.37815 -72.53586   3     11     52  
712.0  11:52:29 42.378166 -72.535866   4     16     43  
712.0  11:52:39 42.37816 -72.53585   4     10     50  
712.0  11:52:48 42.378162 -72.53586   3     17     40  
712.0  11:52:57 42.378174 -72.53587   4     10     45  
713.0  11:53:00 42.378174 -72.53587   5     11     54  
713.0  11:53:05 42.378174 -72.53587   5     17     54  
713.0  11:53:14 42.378174 -72.53589   5     13     44  
713.0  11:53:23 42.378166 -72.53586   5     10     56  
713.0  11:53:33 42.37816 -72.53587   3     14     46  
713.0  11:53:41 42.37816 -72.53588   3     12     58  
713.0  11:53:50 42.378155 -72.5359   4     15     50  
713.0  11:53:58 42.378166 -72.53589   3     11     52  
714.0  11:54:00 42.378174 -72.53592   5     11     51  
714.0  11:54:06 42.37818 -72.53592   4     11     52  
714.0  11:54:15 42.378193 -72.535904   4     14     59  
714.0  11:54:26 42.378204 -72.53589   3     12     43  
714.0  11:54:34 42.378212 -72.53586   4     11     40  
714.0  11:54:44 42.378212 -72.53586   5     16     55  
714.0  11:54:52 42.37822 -72.53585   3     16     43  
715.0  11:55:00 42.378212 -72.53583   4     14     42  
715.0  11:55:01 42.378216 -72.53582   4     18     42  
715.0  11:55:09 42.3782 -72.535835   5     17     43  
715.0  11:55:20 42.37818 -72.53586   5     11     53  
715.0  11:55:29 42.378128 -72.53589   3     11     46  
715.0  11:55:38 42.378143 -72.535965   3     17     56  
715.0  11:55:46 42.378143 -72.53602   3     15     49  
715.0  11:55:55 42.378136 -72.53603   5     13     43  
716.0  11:56:00 42.378143 -72.53602   4     16     44  
716.0  11:56:04 42.378143 -72.53602   3     17     43  
716.0  11:56:18 42.37816 -72.53599   4     17     43  
716.0  11:56:29 42.378162 -72.53596   5     14     42  
716.0  11:56:38 42.37817 -72.53594   3     12     40  
716.0  11:56:46 42.378185 -72.53595   4     15     42  
716.0  11:56:55 42.378185 -72.53594   3     17     57  
717.0  11:57:00 42.378193 -72.53594   4     10     52  
717.0  11:57:03 42.378193 -72.53594   3     11     49  
717.0  11:57:12 42.378178 -72.53586   4     10     58  
717.0  11:57:23 42.37817 -72.535835   4     13     41  
717.0  11:57:31 42.37817 -72.53582   4     13     48  
717.0  11:57:40 42.378147 -72.5358   3     12     55  
717.0  11:57:49 42.37813 -72.53578   5     15     47  
717.0  11:57:58 42.37813 -72.5358   3     14     52  
718.0  11:58:00 42.378136 -72.535835   3     14     59  
718.0  11:58:06 42.378136 -72.53584   5     18     58  
718.0  11:58:16 42.378155 -72.535904   5     16     47  
718.0  11:58:25 42.37816 -72.53593   5     16     47  
718.0  11:58:33 42.37816 -72.53591   5     16     54  
718.0  11:58:42 42.37818 -72.53598   4     16     43  
718.0  11:58:51 42.37817 -72.53598   3     17     43  
718.0  11:58:59 42.378143 -72.53596   5     16     59  
719.0  11:59:00 42.378136 -72.53591   5     17     58  
719.0  11:59:10 42.37816 -72.535904   4     19     50  
719.0  11:59:19 42.378155 -72.53589   3     10     48  
719.0  11:59:27 42.378147 -72.53587   5     14     47  
719.0  11:59:35 42.378155 -72.53589   4     15     55  
719.0  11:59:44 42.37817 -72.53593   5     18     48  
719.0  11:59:52 42.378197 -72.535965   5     19     47  
720.0  12:00:00 42.378185 -72.53591   3     18     56  
720.0  12:00:02 42.378193 -72.535934   4     15     50  
720.0  12:00:11 42.37818 -72.53584   4     14     56  
720.0  12:00:20 42.37816 -72.53578   3     17     50  
720.0  12:00:28 42.37814 -72.53574   5     16     55  
720.0  12:00:36 42.37815 -72.5358   4     18     56  
720.0  12:00:45 42.37817 -72.5358   5     18     43  
720.0  12:00:56 42.3782 -72.535805   3     10     50  
