646.0  10:46:34 42.390266 -72.53287   4     13     40  
646.0  10:46:46 42.389442 -72.53253   5     11     43  
646.0  10:46:54 42.389137 -72.532425   3     10     44  
647.0  10:47:00 42.388878 -72.53232   5     11     56  
647.0  10:47:03 42.3889 -72.53233   5     14     43  
647.0  10:47:13 42.388557 -72.53219   3     14     49  
647.0  10:47:21 42.387707 -72.53179   5     19     54  
647.0  10:47:35 42.386703 -72.531395   4     11     58  
647.0  10:47:57 42.38529 -72.53101   3     15     40  
648.0  10:48:00 42.3848 -72.5331   3     14     47  
648.0  10:48:01 42.38529 -72.53101   3     11     44  
648.0  10:48:11 42.384445 -72.53413   3     12     52  
648.0  10:48:20 42.38408 -72.536   5     14     55  
648.0  10:48:30 42.38416 -72.53778   5     16     58  
648.0  10:48:40 42.384033 -72.539185   3     10     59  
649.0  10:49:00 42.382893 -72.54072   3     19     42  
649.0  10:49:02 42.38316 -72.539185   5     14     47  
649.0  10:49:12 42.384 -72.54071   5     15     44  
649.0  10:49:21 42.385838 -72.54051   4     11     44  
649.0  10:49:31 42.387886 -72.54035   4     15     50  
649.0  10:49:40 42.389656 -72.5402   4     18     52  
649.0  10:49:48 42.39125 -72.54012   4     12     56  
650.0  10:50:00 42.394436 -72.53973   3     11     41  
650.0  10:50:03 42.393024 -72.53988   3     18     48  
650.0  10:50:11 42.39581 -72.53954   3     19     45  
650.0  10:50:23 42.398285 -72.53923   4     18     42  
650.0  10:50:36 42.400055 -72.539   5     13     43  
650.0  10:50:44 42.40243 -72.53873   4     17     52  
650.0  10:50:53 42.40416 -72.538506   3     16     54  
651.0  10:51:00 42.406322 -72.53822   3     15     52  
651.0  10:51:02 42.405926 -72.53828   4     13     55  
651.0  10:51:13 42.40785 -72.53803   4     17     43  
651.0  10:51:21 42.408897 -72.53772   5     10     42  
651.0  10:51:30 42.409523 -72.53636   3     11     52  
651.0  10:51:39 42.409645 -72.53477   4     10     48  
651.0  10:51:48 42.40967 -72.5335   5     12     45  
651.0  10:51:56 42.409668 -72.5333   4     17     50  
652.0  10:52:00 42.409676 -72.533325   4     16     55  
652.0  10:52:07 42.409687 -72.53335   5     17     57  
652.0  10:52:15 42.40968 -72.533356   5     13     48  
652.0  10:52:24 42.40967 -72.533356   4     13     40  
652.0  10:52:31 42.409657 -72.53333   3     12     45  
652.0  10:52:40 42.409645 -72.533325   5     19     47  
652.0  10:52:48 42.40966 -72.53316   3     14     42  
653.0  10:53:00 42.409836 -72.53194   4     14     42  
653.0  10:53:00 42.409897 -72.531265   3     14     59  
653.0  10:53:08 42.409916 -72.53106   4     19     44  
653.0  10:53:16 42.409943 -72.53101   5     10     50  
653.0  10:53:25 42.409935 -72.53098   4     10     56  
653.0  10:53:33 42.409912 -72.53096   5     19     54  
653.0  10:53:42 42.409836 -72.53084   3     10     59  
653.0  10:53:53 42.409035 -72.53066   4     18     52  
654.0  10:54:00 42.409073 -72.53064   5     17     58  
654.0  10:54:01 42.409054 -72.53064   4     19     44  
654.0  10:54:09 42.409077 -72.53064   3     13     41  
654.0  10:54:17 42.408886 -72.53065   5     16     51  
654.0  10:54:25 42.408043 -72.5304   5     14     43  
654.0  10:54:34 42.40699 -72.53006   4     12     44  
654.0  10:54:44 42.40637 -72.52986   4     15     56  
654.0  10:54:54 42.406395 -72.5305   5     12     40  
655.0  10:55:00 42.406384 -72.531395   3     19     58  
655.0  10:55:02 42.406414 -72.531265   3     11     43  
655.0  10:55:11 42.406242 -72.53189   4     17     46  
655.0  10:55:20 42.406044 -72.53241   5     17     58  
655.0  10:55:28 42.40605 -72.53256   5     14     41  
655.0  10:55:39 42.405773 -72.53254   5     11     45  
655.0  10:55:47 42.40577 -72.53254   3     19     57  
655.0  10:55:56 42.405754 -72.532555   3     12     54  
656.0  10:56:00 42.405777 -72.53252   4     15     51  
656.0  10:56:04 42.405777 -72.53252   5     13     54  
656.0  10:56:13 42.40579 -72.53249   4     10     45  
656.0  10:56:21 42.405743 -72.5325   3     14     50  
656.0  10:56:31 42.405724 -72.53251   5     11     53  
656.0  10:56:39 42.40569 -72.53252   3     14     53  
656.0  10:56:47 42.40542 -72.53243   3     16     59  
656.0  10:56:56 42.405106 -72.53237   4     16     43  
657.0  10:57:00 42.404896 -72.532036   5     16     54  
657.0  10:57:05 42.404896 -72.532036   4     18     57  
657.0  10:57:14 42.404903 -72.531586   3     19     51  
657.0  10:57:25 42.404964 -72.530815   4     14     54  
657.0  10:57:33 42.404976 -72.53079   5     14     55  
657.0  10:57:42 42.404972 -72.530785   5     17     51  
657.0  10:57:50 42.40498 -72.530785   5     14     45  
657.0  10:57:59 42.405037 -72.53062   5     14     59  
658.0  10:58:00 42.405098 -72.53038   3     17     54  
658.0  10:58:07 42.405098 -72.5302   4     14     53  
658.0  10:58:18 42.405064 -72.52974   3     17     53  
658.0  10:58:27 42.404625 -72.52971   3     10     48  
658.0  10:58:35 42.40367 -72.529366   3     16     52  
658.0  10:58:44 42.403343 -72.52917   5     19     51  
658.0  10:58:53 42.40308 -72.52903   3     19     53  
659.0  10:59:00 42.401917 -72.52833   5     18     48  
659.0  10:59:01 42.402313 -72.528534   3     16     43  
659.0  10:59:11 42.400993 -72.527985   3     12     59  
659.0  10:59:20 42.39977 -72.528   5     18     50  
659.0  10:59:29 42.398724 -72.527985   5     10     58  
659.0  10:59:37 42.39761 -72.52779   4     19     41  
659.0  10:59:46 42.396576 -72.527534   4     14     58  
659.0  10:59:54 42.396004 -72.52735   5     11     40  
660.0  11:00:00 42.395737 -72.52727   4     17     55  
660.0  11:00:05 42.395683 -72.52724   4     15     43  
660.0  11:00:13 42.395405 -72.52713   5     19     49  
660.0  11:00:21 42.39537 -72.527176   4     15     55  
660.0  11:00:30 42.39539 -72.52721   4     13     41  
660.0  11:00:39 42.39539 -72.52722   5     19     56  
660.0  11:00:47 42.395405 -72.52721   5     15     43  
660.0  11:00:58 42.395393 -72.52715   5     12     50  
661.0  11:01:00 42.395382 -72.52715   3     18     43  
661.0  11:01:06 42.39537 -72.52717   4     10     52  
661.0  11:01:16 42.39534 -72.52717   5     10     43  
661.0  11:01:24 42.39484 -72.52684   3     13     54  
661.0  11:01:33 42.394505 -72.52661   3     11     52  
661.0  11:01:41 42.3943 -72.52648   5     16     45  
661.0  11:01:51 42.394 -72.52632   5     18     51  
662.0  11:02:00 42.393677 -72.52612   3     10     59  
662.0  11:02:00 42.39357 -72.526085   3     13     52  
662.0  11:02:09 42.393494 -72.52608   4     17     56  
662.0  11:02:17 42.393482 -72.52609   4     12     50  
662.0  11:02:25 42.393482 -72.526115   5     14     57  
662.0  11:02:35 42.3935 -72.52611   4     11     51  
662.0  11:02:46 42.393505 -72.52611   5     18     52  
662.0  11:02:54 42.393414 -72.52605   4     16     57  
663.0  11:03:00 42.393375 -72.52601   5     19     41  
663.0  11:03:02 42.393375 -72.52601   3     15     52  
663.0  11:03:11 42.39338 -72.52599   3     17     53  
663.0  11:03:19 42.393368 -72.52595   3     12     41  
663.0  11:03:28 42.39336 -72.52596   3     16     58  
663.0  11:03:38 42.393375 -72.52602   3     16     45  
663.0  11:03:47 42.393387 -72.52604   4     16     55  
663.0  11:03:55 42.393368 -72.526024   3     11     55  
664.0  11:04:00 42.393257 -72.52595   5     10     44  
664.0  11:04:04 42.393257 -72.52595   4     16     51  
664.0  11:04:13 42.392555 -72.52563   4     19     49  
664.0  11:04:21 42.391792 -72.52544   4     17     54  
664.0  11:04:32 42.39104 -72.52525   5     14     41  
664.0  11:04:40 42.390816 -72.52528   4     15     47  
664.0  11:04:48 42.39086 -72.52527   3     19     44  
664.0  11:04:56 42.3909 -72.525246   5     13     48  
665.0  11:05:00 42.39092 -72.5252   3     12     55  
665.0  11:05:04 42.390915 -72.5252   3     14     55  
665.0  11:05:13 42.39082 -72.52515   4     19     44  
665.0  11:05:24 42.390793 -72.52514   3     10     56  
665.0  11:05:32 42.3908 -72.52518   4     18     55  
665.0  11:05:41 42.390743 -72.525215   5     12     51  
665.0  11:05:49 42.3902 -72.525116   5     10     42  
665.0  11:05:58 42.38967 -72.52493   3     15     55  
666.0  11:06:00 42.389576 -72.52494   4     19     43  
666.0  11:06:06 42.389496 -72.52494   5     11     56  
666.0  11:06:17 42.388935 -72.52471   5     11     49  
666.0  11:06:25 42.388664 -72.52457   5     12     44  
666.0  11:06:34 42.38843 -72.52443   4     12     50  
666.0  11:06:43 42.388367 -72.52433   3     10     43  
666.0  11:06:51 42.388157 -72.524185   4     10     43  
667.0  11:07:00 42.38789 -72.52392   3     16     49  
667.0  11:07:00 42.38789 -72.523964   5     13     49  
667.0  11:07:11 42.387917 -72.5239   5     16     54  
667.0  11:07:20 42.387913 -72.52392   5     16     47  
667.0  11:07:28 42.38787 -72.5239   3     14     54  
667.0  11:07:37 42.38785 -72.523926   3     16     53  
667.0  11:07:45 42.387833 -72.52392   3     16     56  
667.0  11:07:53 42.387733 -72.52377   5     10     58  
668.0  11:08:00 42.387188 -72.523   3     12     56  
668.0  11:08:05 42.387188 -72.523   3     18     57  
668.0  11:08:14 42.386497 -72.52244   4     16     51  
668.0  11:08:22 42.386154 -72.522514   5     15     43  
668.0  11:08:30 42.38603 -72.52261   3     11     58  
668.0  11:08:39 42.38611 -72.523384   3     11     58  
668.0  11:08:47 42.385853 -72.524506   5     13     57  
668.0  11:08:58 42.385513 -72.52595   3     10     59  
669.0  11:09:00 42.38538 -72.526535   3     16     55  
669.0  11:09:06 42.385292 -72.526924   5     17     53  
669.0  11:09:15 42.38499 -72.52812   4     10     49  
669.0  11:09:24 42.38488 -72.528564   3     14     45  
669.0  11:09:33 42.384907 -72.529335   4     14     53  
669.0  11:09:45 42.385117 -72.53033   5     16     53  
669.0  11:09:57 42.385117 -72.53033   5     10     57  
670.0  11:10:00 42.38516 -72.53088   5     10     49  
670.0  11:10:08 42.38531 -72.53094   4     10     50  
670.0  11:10:16 42.386127 -72.53114   5     12     48  
670.0  11:10:25 42.387066 -72.53147   4     17     52  
670.0  11:10:33 42.388023 -72.53179   3     11     47  
670.0  11:10:42 42.38875 -72.53206   3     16     54  
670.0  11:10:50 42.389397 -72.53239   3     18     48  
671.0  11:11:00 42.390118 -72.53268   3     13     56  
671.0  11:11:00 42.39016 -72.532715   3     10     41  
671.0  11:11:08 42.39016 -72.53271   3     19     49  
671.0  11:11:17 42.390152 -72.53267   5     16     43  
671.0  11:11:25 42.390205 -72.532715   5     11     47  
671.0  11:11:34 42.39094 -72.53309   3     13     45  
671.0  11:11:42 42.391697 -72.53341   5     11     46  
671.0  11:11:53 42.392597 -72.53368   5     14     55  
672.0  11:12:00 42.392784 -72.5334   4     14     48  
672.0  11:12:01 42.392746 -72.53364   5     15     44  
672.0  11:12:10 42.393063 -72.53282   4     17     42  
672.0  11:12:20 42.3934 -72.53245   4     16     40  
672.0  11:12:28 42.393463 -72.53257   4     15     52  
672.0  11:12:37 42.39349 -72.53263   3     18     49  
672.0  11:12:47 42.393517 -72.53263   5     14     46  
672.0  11:12:56 42.39355 -72.532585   3     19     54  
673.0  11:13:00 42.393612 -72.53252   4     19     48  
673.0  11:13:04 42.393627 -72.53254   4     12     56  
673.0  11:13:13 42.393974 -72.532745   4     11     44  
673.0  11:13:22 42.394325 -72.53295   5     13     44  
673.0  11:13:30 42.394714 -72.533134   5     12     41  
673.0  11:13:41 42.39497 -72.53342   3     13     42  
673.0  11:13:50 42.39469 -72.53327   3     12     45  
673.0  11:13:58 42.39441 -72.53304   3     17     50  
674.0  11:14:00 42.39412 -72.53293   5     10     59  
674.0  11:14:06 42.394073 -72.5329   5     13     42  
674.0  11:14:15 42.394047 -72.53287   5     15     44  
674.0  11:14:24 42.393753 -72.53264   4     14     56  
674.0  11:14:36 42.393417 -72.5326   5     14     59  
674.0  11:14:45 42.393547 -72.53322   4     12     55  
674.0  11:14:53 42.39375 -72.533005   4     13     54  
675.0  11:15:00 42.393787 -72.53286   4     10     47  
675.0  11:15:02 42.393784 -72.53286   4     10     45  
675.0  11:15:11 42.393795 -72.53286   5     19     58  
675.0  11:15:19 42.393787 -72.53288   4     11     43  
