600.0  10:00:00 0.0 -0.0   4     15     59  
600.0  10:00:09 0.0 -0.0   4     18     53  
600.0  10:00:17 0.0 -0.0   4     11     53  
600.0  10:00:25 0.0 -0.0   4     18     53  
600.0  10:00:33 0.0 -0.0   4     12     47  
600.0  10:00:43 0.0 -0.0   5     12     46  
600.0  10:00:52 0.0 -0.0   3     15     55  
601.0  10:01:01 0.0 -0.0   3     14     53  
601.0  10:01:09 0.0 -0.0   3     12     53  
601.0  10:01:18 0.0 -0.0   3     12     40  
601.0  10:01:26 0.0 -0.0   4     19     48  
601.0  10:01:37 0.0 -0.0   3     18     49  
601.0  10:01:47 0.0 -0.0   5     16     48  
601.0  10:01:55 0.0 -0.0   4     11     51  
602.0  10:02:04 0.0 -0.0   3     15     54  
602.0  10:02:12 0.0 -0.0   3     17     53  
602.0  10:02:20 0.0 -0.0   5     18     46  
602.0  10:02:31 0.0 -0.0   5     16     46  
602.0  10:02:39 0.0 -0.0   5     12     54  
602.0  10:02:48 0.0 -0.0   4     10     53  
602.0  10:02:56 0.0 -0.0   4     16     53  
603.0  10:03:05 0.0 -0.0   3     18     53  
603.0  10:03:13 0.0 -0.0   3     16     55  
603.0  10:03:24 0.0 -0.0   3     12     55  
603.0  10:03:33 0.0 -0.0   4     10     42  
603.0  10:03:41 0.0 -0.0   5     19     44  
603.0  10:03:49 0.0 -0.0   5     12     42  
604.0  10:04:04 0.0 -0.0   4     12     41  
604.0  10:04:15 0.0 -0.0   3     19     47  
604.0  10:04:23 0.0 -0.0   4     16     52  
604.0  10:04:32 0.0 -0.0   4     15     42  
604.0  10:04:40 0.0 -0.0   4     16     40  
604.0  10:04:49 0.0 -0.0   3     15     57  
604.0  10:04:58 0.0 -0.0   5     14     40  
605.0  10:05:08 0.0 -0.0   4     11     52  
605.0  10:05:20 0.0 -0.0   5     13     53  
605.0  10:05:28 0.0 -0.0   3     18     54  
605.0  10:05:37 0.0 -0.0   5     11     58  
605.0  10:05:45 0.0 -0.0   4     14     52  
605.0  10:05:55 0.0 -0.0   5     10     52  
606.0  10:06:05 0.0 -0.0   3     12     55  
606.0  10:06:13 0.0 -0.0   4     13     54  
606.0  10:06:22 0.0 -0.0   3     10     51  
606.0  10:06:30 0.0 -0.0   3     19     57  
606.0  10:06:39 0.0 -0.0   3     18     46  
606.0  10:06:48 0.0 -0.0   4     18     54  
606.0  10:06:59 0.0 -0.0   3     12     48  
607.0  10:07:08 0.0 -0.0   3     11     47  
607.0  10:07:16 0.0 -0.0   5     18     44  
607.0  10:07:24 0.0 -0.0   5     19     45  
607.0  10:07:32 0.0 -0.0   5     17     47  
607.0  10:07:41 0.0 -0.0   5     17     52  
607.0  10:07:51 0.0 -0.0   3     18     52  
608.0  10:08:00 0.0 -0.0   4     19     48  
608.0  10:08:08 0.0 -0.0   4     17     57  
608.0  10:08:17 0.0 -0.0   5     18     59  
608.0  10:08:25 0.0 -0.0   3     16     50  
608.0  10:08:34 0.0 -0.0   5     14     54  
608.0  10:08:43 0.0 -0.0   3     12     58  
608.0  10:08:52 0.0 -0.0   3     15     45  
609.0  10:09:00 0.0 -0.0   4     18     40  
609.0  10:09:09 0.0 -0.0   4     10     46  
609.0  10:09:17 0.0 -0.0   5     16     58  
609.0  10:09:26 0.0 -0.0   3     11     45  
609.0  10:09:36 0.0 -0.0   5     18     40  
609.0  10:09:44 0.0 -0.0   5     15     45  
609.0  10:09:53 0.0 -0.0   4     18     59  
610.0  10:10:01 0.0 -0.0   4     15     45  
610.0  10:10:12 0.0 -0.0   3     19     58  
610.0  10:10:21 0.0 -0.0   3     10     57  
610.0  10:10:31 0.0 -0.0   5     12     45  
610.0  10:10:40 0.0 -0.0   3     11     59  
610.0  10:10:48 0.0 -0.0   3     17     59  
610.0  10:10:57 0.0 -0.0   5     17     57  
611.0  10:11:05 0.0 -0.0   4     19     40  
611.0  10:11:13 0.0 -0.0   4     10     41  
611.0  10:11:23 0.0 -0.0   5     17     52  
611.0  10:11:31 0.0 -0.0   3     10     54  
611.0  10:11:40 0.0 -0.0   3     12     59  
611.0  10:11:48 0.0 -0.0   3     18     56  
611.0  10:11:56 0.0 -0.0   5     15     55  
612.0  10:12:05 0.0 -0.0   5     13     59  
612.0  10:12:15 0.0 -0.0   3     14     48  
612.0  10:12:24 0.0 -0.0   5     13     47  
612.0  10:12:32 0.0 -0.0   5     15     41  
612.0  10:12:41 0.0 -0.0   3     10     58  
612.0  10:12:50 0.0 -0.0   3     12     50  
612.0  10:12:58 0.0 -0.0   4     14     56  
613.0  10:13:09 0.0 -0.0   5     16     52  
613.0  10:13:18 0.0 -0.0   3     16     47  
613.0  10:13:26 0.0 -0.0   5     14     54  
613.0  10:13:34 0.0 -0.0   5     11     54  
613.0  10:13:45 0.0 -0.0   4     16     46  
613.0  10:13:53 0.0 -0.0   4     11     57  
614.0  10:14:03 0.0 -0.0   5     14     50  
614.0  10:14:12 0.0 -0.0   5     19     55  
614.0  10:14:20 0.0 -0.0   4     17     52  
614.0  10:14:29 0.0 -0.0   3     19     50  
614.0  10:14:37 0.0 -0.0   5     18     56  
614.0  10:14:45 0.0 -0.0   3     19     56  
614.0  10:14:56 0.0 -0.0   3     18     52  
615.0  10:15:04 0.0 -0.0   5     14     40  
615.0  10:15:13 0.0 -0.0   3     15     51  
615.0  10:15:22 0.0 -0.0   4     17     53  
615.0  10:15:30 0.0 -0.0   5     15     51  
615.0  10:15:37 0.0 -0.0   3     19     42  
615.0  10:15:48 0.0 -0.0   4     14     40  
615.0  10:15:56 0.0 -0.0   5     13     55  
616.0  10:16:05 0.0 -0.0   4     17     52  
616.0  10:16:13 0.0 -0.0   4     19     41  
616.0  10:16:21 0.0 -0.0   3     12     57  
616.0  10:16:30 0.0 -0.0   4     15     48  
616.0  10:16:40 0.0 -0.0   3     15     49  
616.0  10:16:48 0.0 -0.0   4     15     45  
616.0  10:16:56 0.0 -0.0   5     15     52  
617.0  10:17:05 0.0 -0.0   5     18     56  
617.0  10:17:30 0.0 -0.0   5     11     43  
617.0  10:17:32 0.0 -0.0   4     14     51  
617.0  10:17:42 0.0 -0.0   3     10     54  
617.0  10:17:51 0.0 -0.0   3     15     41  
618.0  10:18:00 0.0 -0.0   4     15     56  
618.0  10:18:08 0.0 -0.0   5     12     57  
618.0  10:18:16 0.0 -0.0   4     14     54  
618.0  10:18:24 0.0 -0.0   4     13     48  
618.0  10:18:34 0.0 -0.0   4     16     47  
618.0  10:18:43 0.0 -0.0   3     19     40  
618.0  10:18:51 0.0 -0.0   4     11     41  
619.0  10:19:00 0.0 -0.0   5     18     57  
619.0  10:19:08 0.0 -0.0   3     19     40  
619.0  10:19:17 0.0 -0.0   4     18     59  
619.0  10:19:26 0.0 -0.0   5     11     49  
619.0  10:19:35 0.0 -0.0   5     10     41  
619.0  10:19:43 0.0 -0.0   5     10     40  
619.0  10:19:52 0.0 -0.0   4     17     54  
620.0  10:20:00 0.0 -0.0   4     19     41  
620.0  10:20:08 0.0 -0.0   5     12     54  
620.0  10:20:19 0.0 -0.0   3     16     55  
620.0  10:20:27 0.0 -0.0   4     13     50  
620.0  10:20:36 0.0 -0.0   5     10     48  
620.0  10:20:44 0.0 -0.0   3     14     43  
620.0  10:20:53 0.0 -0.0   5     17     54  
621.0  10:21:01 0.0 -0.0   5     13     51  
621.0  10:21:11 0.0 -0.0   3     15     48  
621.0  10:21:19 0.0 -0.0   4     10     41  
621.0  10:21:27 0.0 -0.0   5     17     55  
621.0  10:21:35 0.0 -0.0   4     19     46  
621.0  10:21:43 0.0 -0.0   4     18     42  
621.0  10:21:52 0.0 -0.0   4     13     59  
622.0  10:22:02 0.0 -0.0   5     17     44  
622.0  10:22:10 0.0 -0.0   3     18     53  
622.0  10:22:19 0.0 -0.0   5     12     55  
622.0  10:22:27 0.0 -0.0   3     16     58  
622.0  10:22:35 0.0 -0.0   3     12     43  
622.0  10:22:43 0.0 -0.0   3     13     43  
622.0  10:22:52 0.0 -0.0   5     10     44  
623.0  10:23:01 0.0 -0.0   3     15     43  
623.0  10:23:09 0.0 -0.0   5     15     49  
623.0  10:23:18 0.0 -0.0   4     18     40  
623.0  10:23:27 0.0 -0.0   4     15     48  
623.0  10:23:35 0.0 -0.0   4     19     46  
623.0  10:23:46 0.0 -0.0   4     17     42  
623.0  10:23:55 0.0 -0.0   4     12     47  
624.0  10:24:03 0.0 -0.0   5     11     54  
624.0  10:24:12 0.0 -0.0   3     16     42  
624.0  10:24:20 0.0 -0.0   4     13     41  
624.0  10:24:29 0.0 -0.0   3     19     44  
624.0  10:24:40 0.0 -0.0   3     12     58  
624.0  10:24:48 0.0 -0.0   5     10     59  
624.0  10:24:56 0.0 -0.0   3     17     49  
625.0  10:25:04 0.0 -0.0   5     15     54  
625.0  10:25:14 0.0 -0.0   3     11     45  
625.0  10:25:22 0.0 -0.0   3     12     54  
625.0  10:25:33 0.0 -0.0   4     19     48  
625.0  10:25:41 0.0 -0.0   5     10     55  
625.0  10:25:50 0.0 -0.0   3     14     49  
625.0  10:25:59 0.0 -0.0   3     14     56  
626.0  10:26:07 0.0 -0.0   4     13     53  
626.0  10:26:21 0.0 -0.0   4     19     46  
626.0  10:26:31 0.0 -0.0   4     12     50  
626.0  10:26:41 0.0 -0.0   4     16     43  
626.0  10:26:50 0.0 -0.0   4     13     49  
626.0  10:26:59 0.0 -0.0   5     11     51  
627.0  10:27:07 0.0 -0.0   3     16     41  
627.0  10:27:16 0.0 -0.0   4     14     48  
627.0  10:27:27 0.0 -0.0   5     10     47  
627.0  10:27:36 0.0 -0.0   5     11     52  
627.0  10:27:44 0.0 -0.0   5     13     51  
627.0  10:27:53 0.0 -0.0   4     14     52  
628.0  10:28:02 0.0 -0.0   5     10     45  
628.0  10:28:10 0.0 -0.0   4     10     53  
628.0  10:28:21 0.0 -0.0   3     14     43  
628.0  10:28:29 0.0 -0.0   3     11     45  
628.0  10:28:38 0.0 -0.0   3     12     48  
628.0  10:28:46 0.0 -0.0   4     11     59  
628.0  10:28:55 0.0 -0.0   3     18     51  
629.0  10:29:03 0.0 -0.0   3     16     54  
629.0  10:29:16 0.0 -0.0   3     13     53  
629.0  10:29:24 0.0 -0.0   3     18     56  
629.0  10:29:32 0.0 -0.0   5     18     56  
629.0  10:29:40 0.0 -0.0   3     13     56  
629.0  10:29:48 0.0 -0.0   5     14     57  
629.0  10:29:57 0.0 -0.0   4     10     47  
630.0  10:30:08 0.0 -0.0   4     13     40  
630.0  10:30:17 0.0 -0.0   5     16     53  
630.0  10:30:25 0.0 -0.0   4     18     40  
630.0  10:30:34 0.0 -0.0   4     16     46  
630.0  10:30:42 0.0 -0.0   4     14     49  
630.0  10:30:50 0.0 -0.0   5     10     47  
630.0  10:30:59 0.0 -0.0   5     12     43  
631.0  10:31:07 0.0 -0.0   4     14     42  
631.0  10:31:15 0.0 -0.0   5     14     52  
631.0  10:31:23 0.0 -0.0   4     14     51  
631.0  10:31:31 0.0 -0.0   5     19     52  
631.0  10:31:40 0.0 -0.0   3     19     48  
631.0  10:31:48 0.0 -0.0   3     13     47  
631.0  10:31:59 0.0 -0.0   5     11     53  
632.0  10:32:07 0.0 -0.0   4     13     55  
632.0  10:32:15 0.0 -0.0   3     18     48  
632.0  10:32:24 0.0 -0.0   4     10     45  
632.0  10:32:33 0.0 -0.0   3     11     59  
632.0  10:32:42 0.0 -0.0   4     15     43  
632.0  10:32:52 0.0 -0.0   3     17     49  
633.0  10:33:01 0.0 -0.0   5     12     52  
633.0  10:33:09 0.0 -0.0   5     14     46  
633.0  10:33:17 0.0 -0.0   4     11     42  
633.0  10:33:25 0.0 -0.0   5     18     59  
633.0  10:33:33 0.0 -0.0   4     12     47  
633.0  10:33:44 0.0 -0.0   3     15     41  
633.0  10:33:52 0.0 -0.0   3     19     57  
634.0  10:34:01 0.0 -0.0   5     17     49  
634.0  10:34:09 0.0 -0.0   4     17     47  
634.0  10:34:18 0.0 -0.0   3     18     54  
634.0  10:34:27 0.0 -0.0   5     17     48  
634.0  10:34:40 0.0 -0.0   4     11     54  
634.0  10:34:48 0.0 -0.0   4     14     55  
634.0  10:34:56 0.0 -0.0   4     16     46  
635.0  10:35:04 0.0 -0.0   5     15     44  
635.0  10:35:12 0.0 -0.0   4     19     48  
635.0  10:35:20 0.0 -0.0   3     18     50  
635.0  10:35:31 0.0 -0.0   4     18     49  
635.0  10:35:41 0.0 -0.0   4     12     52  
635.0  10:35:50 0.0 -0.0   4     13     46  
635.0  10:35:59 0.0 -0.0   5     10     55  
636.0  10:36:07 0.0 -0.0   4     18     49  
636.0  10:36:16 0.0 -0.0   4     16     40  
636.0  10:36:26 0.0 -0.0   4     10     57  
636.0  10:36:35 0.0 -0.0   5     14     44  
636.0  10:36:43 0.0 -0.0   5     15     59  
636.0  10:36:52 0.0 -0.0   3     15     52  
637.0  10:37:01 0.0 -0.0   3     19     43  
637.0  10:37:09 0.0 -0.0   3     14     40  
637.0  10:37:19 0.0 -0.0   4     17     46  
637.0  10:37:27 0.0 -0.0   5     15     53  
637.0  10:37:40 0.0 -0.0   5     11     44  
637.0  10:37:49 0.0 -0.0   3     13     57  
638.0  10:38:00 0.0 -0.0   4     17     42  
638.0  10:38:11 0.0 -0.0   3     17     52  
638.0  10:38:19 0.0 -0.0   3     16     50  
638.0  10:38:27 0.0 -0.0   3     12     51  
638.0  10:38:36 0.0 -0.0   3     12     45  
638.0  10:38:45 0.0 -0.0   3     12     44  
638.0  10:38:57 0.0 -0.0   3     15     54  
639.0  10:39:07 0.0 -0.0   3     10     42  
639.0  10:39:16 0.0 -0.0   4     19     43  
639.0  10:39:24 0.0 -0.0   5     12     51  
639.0  10:39:32 0.0 -0.0   5     18     58  
639.0  10:39:41 0.0 -0.0   5     11     47  
639.0  10:39:50 0.0 -0.0   4     17     48  
640.0  10:40:04 0.0 -0.0   4     18     46  
640.0  10:40:14 0.0 -0.0   4     13     49  
640.0  10:40:23 0.0 -0.0   5     17     57  
640.0  10:40:31 0.0 -0.0   5     13     47  
640.0  10:40:41 0.0 -0.0   3     17     48  
640.0  10:40:49 0.0 -0.0   4     12     49  
640.0  10:40:58 0.0 -0.0   3     16     51  
641.0  10:41:16 0.0 -0.0   4     13     46  
641.0  10:41:24 0.0 -0.0   4     18     54  
641.0  10:41:33 0.0 -0.0   4     11     44  
641.0  10:41:41 0.0 -0.0   5     18     41  
641.0  10:41:49 0.0 -0.0   4     16     46  
642.0  10:42:00 0.0 -0.0   5     16     53  
642.0  10:42:09 0.0 -0.0   4     18     56  
642.0  10:42:19 0.0 -0.0   5     10     46  
643.0  10:43:23 0.0 -0.0   3     14     44  
643.0  10:43:34 0.0 -0.0   5     18     52  
643.0  10:43:42 0.0 -0.0   4     12     47  
643.0  10:43:50 0.0 -0.0   4     17     42  
643.0  10:43:59 0.0 -0.0   5     19     57  
644.0  10:44:07 0.0 -0.0   3     17     54  
644.0  10:44:15 0.0 -0.0   4     17     50  
644.0  10:44:26 0.0 -0.0   3     14     50  
644.0  10:44:35 0.0 -0.0   4     13     40  
644.0  10:44:44 0.0 -0.0   5     14     50  
644.0  10:44:52 0.0 -0.0   5     18     58  
645.0  10:45:00 0.0 -0.0   5     18     47  
