1091.0  18:11:12 42.383705 -72.52098   3     12     49  
1091.0  18:11:17 42.383213 -72.52074   4     19     51  
1091.0  18:11:22 42.382725 -72.52043   5     19     51  
1092.0  18:12:03 42.3801 -72.519485   3     14     44  
1092.0  18:12:21 42.378952 -72.51994   5     18     40  
1092.0  18:12:26 42.3787 -72.51998   4     12     53  
1092.0  18:12:31 42.37852 -72.51997   5     16     43  
1092.0  18:12:36 42.378357 -72.51997   3     13     58  
1092.0  18:12:41 42.3782 -72.51995   5     18     52  
1092.0  18:12:43 42.378487 -72.51997   4     13     41  
1092.0  18:12:51 42.37768 -72.52004   3     15     57  
1092.0  18:12:56 42.377728 -72.51978   4     18     47  
1093.0  18:13:02 42.377663 -72.51996   3     19     43  
1093.0  18:13:05 42.377632 -72.520004   3     15     54  
1093.0  18:13:13 42.37786 -72.51971   5     17     47  
1093.0  18:13:18 42.37789 -72.520294   3     19     45  
1093.0  18:13:23 42.37789 -72.520294   3     11     52  
1093.0  18:13:28 42.37778 -72.51989   4     12     41  
1093.0  18:13:33 42.37789 -72.520294   5     10     41  
1093.0  18:13:43 42.37731 -72.51995   4     16     47  
1093.0  18:13:48 42.377007 -72.51994   4     17     50  
1094.0  18:14:15 42.375103 -72.51981   5     18     54  
1094.0  18:14:21 42.37471 -72.51982   5     14     41  
1094.0  18:14:21 42.376724 -72.51993   4     17     58  
1094.0  18:14:21 42.375435 -72.519844   3     19     47  
1094.0  18:14:31 42.373898 -72.51982   5     10     57  
1094.0  18:14:36 42.373615 -72.5198   4     14     45  
1094.0  18:14:41 42.3735 -72.5198   5     16     51  
1094.0  18:14:43 42.37383 -72.51982   5     15     43  
1094.0  18:14:51 42.373463 -72.519745   4     12     57  
1094.0  18:14:56 42.373455 -72.51973   4     19     42  
1095.0  18:15:03 42.37345 -72.51972   5     18     44  
1095.0  18:15:05 42.37346 -72.51973   4     12     58  
1095.0  18:15:13 42.373413 -72.51974   3     19     55  
1095.0  18:15:18 42.373394 -72.51976   4     11     40  
1095.0  18:15:24 42.37339 -72.519745   4     15     56  
1095.0  18:15:27 42.373398 -72.51976   4     13     49  
1095.0  18:15:34 42.37325 -72.519745   3     13     57  
1095.0  18:15:39 42.37311 -72.51967   3     12     58  
1095.0  18:15:44 42.373093 -72.51937   4     12     49  
1095.0  18:15:49 42.373135 -72.5197   3     19     44  
1097.0  18:17:25 42.373093 -72.51315   5     17     48  
1097.0  18:17:45 42.37308 -72.51253   4     13     45  
1097.0  18:17:55 42.373028 -72.510124   3     19     52  
1098.0  18:18:16 42.373005 -72.508804   5     11     45  
1099.0  18:19:44 42.374195 -72.50086   3     19     55  
1099.0  18:19:52 42.374725 -72.50076   5     16     50  
1099.0  18:19:53 42.374104 -72.500885   3     17     53  
1101.0  18:21:08 42.375717 -72.505745   3     17     55  
1101.0  18:21:13 42.375748 -72.50634   5     15     58  
1101.0  18:21:28 42.37575 -72.50689   5     18     59  
1101.0  18:21:33 42.375748 -72.50687   5     14     57  
1101.0  18:21:38 42.375748 -72.50687   4     13     52  
1101.0  18:21:43 42.37575 -72.50687   5     17     43  
1101.0  18:21:54 42.375736 -72.50686   4     12     41  
1101.0  18:21:58 42.37573 -72.50685   3     10     51  
1102.0  18:22:06 42.375725 -72.506874   5     17     41  
1102.0  18:22:15 42.375736 -72.5069   5     18     52  
1102.0  18:22:23 42.37574 -72.5069   5     10     58  
1102.0  18:22:32 42.375736 -72.5069   3     13     43  
1102.0  18:22:41 42.375725 -72.5069   4     13     46  
1102.0  18:22:51 42.375713 -72.506905   4     14     52  
1102.0  18:22:59 42.375694 -72.506905   5     10     54  
1103.0  18:23:07 42.37568 -72.506935   4     12     46  
1103.0  18:23:15 42.375687 -72.507095   3     16     40  
1103.0  18:23:24 42.375725 -72.50753   5     14     48  
1103.0  18:23:33 42.375874 -72.50849   3     15     47  
1103.0  18:23:48 42.37586 -72.50931   5     18     42  
1103.0  18:23:57 42.375904 -72.5104   5     18     44  
1104.0  18:24:07 42.37594 -72.510666   3     13     42  
1104.0  18:24:15 42.37589 -72.511185   4     14     43  
1104.0  18:24:24 42.375923 -72.51195   4     19     47  
1104.0  18:24:40 42.375942 -72.512634   3     16     59  
1104.0  18:24:53 42.376045 -72.51292   4     12     45  
1107.0  18:27:43 42.380295 -72.51944   3     16     40  
1108.0  18:28:21 42.37786 -72.52   4     19     57  
1108.0  18:28:26 42.377853 -72.520004   4     12     40  
1108.0  18:28:32 42.377857 -72.52001   4     12     53  
1108.0  18:28:32 42.37786 -72.51999   5     17     42  
1108.0  18:28:42 42.37786 -72.52001   5     10     46  
1108.0  18:28:47 42.377853 -72.520004   5     11     46  
1108.0  18:28:52 42.377678 -72.51996   3     17     56  
1108.0  18:28:54 42.37786 -72.52001   4     11     41  
1109.0  18:29:02 42.377087 -72.51992   3     12     45  
1109.0  18:29:12 42.37684 -72.51989   3     11     43  
1109.0  18:29:27 42.37598 -72.51985   3     11     59  
1109.0  18:29:31 42.376537 -72.519875   3     14     46  
1109.0  18:29:32 42.375965 -72.51985   5     10     52  
1109.0  18:29:38 42.37596 -72.519844   4     12     47  
1109.0  18:29:40 42.375965 -72.51985   4     12     41  
1109.0  18:29:48 42.375957 -72.51981   4     18     48  
1109.0  18:29:53 42.375957 -72.51981   4     16     49  
1109.0  18:29:59 42.375957 -72.51981   3     13     41  
1110.0  18:30:03 42.375957 -72.51981   4     10     56  
1110.0  18:30:25 42.37596 -72.51983   5     18     52  
1110.0  18:30:48 42.375977 -72.519844   4     13     50  
1111.0  18:31:06 42.37563 -72.51983   3     15     44  
1111.0  18:31:10 42.3757 -72.51984   3     16     51  
1111.0  18:31:16 42.37562 -72.51926   5     16     48  
1111.0  18:31:21 42.375633 -72.51922   4     19     40  
1111.0  18:31:26 42.37563 -72.51925   5     19     46  
1111.0  18:31:31 42.375633 -72.519264   5     12     46  
1111.0  18:31:31 42.375633 -72.51922   5     10     43  
1111.0  18:31:41 42.37563 -72.51927   4     17     57  
1111.0  18:31:46 42.375633 -72.51926   3     12     47  
1111.0  18:31:57 42.37563 -72.519264   4     18     45  
1112.0  18:32:22 42.375813 -72.51806   4     16     46  
1113.0  18:33:11 42.375816 -72.51342   3     18     58  
1113.0  18:33:26 42.37584 -72.512794   4     14     44  
1113.0  18:33:35 42.37583 -72.510994   3     19     56  
1114.0  18:34:07 42.375706 -72.50741   3     19     46  
1114.0  18:34:12 42.375706 -72.50733   4     15     46  
1114.0  18:34:17 42.37571 -72.50682   4     15     51  
1114.0  18:34:18 42.37571 -72.50695   3     14     47  
1115.0  18:35:08 42.376198 -72.50137   3     11     44  
1115.0  18:35:39 42.376007 -72.500565   3     13     59  
1115.0  18:35:44 42.375515 -72.50067   5     17     58  
1115.0  18:35:50 42.374977 -72.50079   3     19     51  
1115.0  18:35:55 42.3743 -72.50092   4     12     53  
1116.0  18:36:12 42.372425 -72.501366   4     10     46  
1116.0  18:36:17 42.371864 -72.501465   3     15     50  
1118.0  18:38:07 42.37095 -72.49819   4     14     52  
1118.0  18:38:13 42.370495 -72.4977   3     12     48  
1118.0  18:38:24 42.369183 -72.496155   4     15     43  
1119.0  18:39:56 42.361454 -72.48754   3     10     47  
1125.0  18:45:40 42.36109 -72.48717   5     13     58  
1125.0  18:45:45 42.361664 -72.48764   4     17     46  
1125.0  18:45:48 42.36072 -72.486855   4     19     57  
1126.0  18:46:48 42.36508 -72.4909   4     11     49  
1127.0  18:47:34 42.37031 -72.49752   4     15     41  
1127.0  18:47:40 42.37088 -72.49809   4     16     49  
1127.0  18:47:45 42.371155 -72.49836   3     11     55  
1127.0  18:47:50 42.37122 -72.4986   5     12     55  
1127.0  18:47:58 42.37112 -72.49832   4     15     54  
1127.0  18:47:59 42.371033 -72.49892   3     16     49  
1129.0  18:49:05 42.369286 -72.50051   3     10     50  
1129.0  18:49:52 42.371063 -72.501656   4     17     52  
1130.0  18:50:00 42.370674 -72.501755   3     14     48  
1130.0  18:50:05 42.37172 -72.501495   4     17     56  
1130.0  18:50:11 42.372635 -72.50125   4     14     54  
1130.0  18:50:48 42.37282 -72.50136   3     18     50  
1131.0  18:51:47 42.373775 -72.50117   3     12     53  
1131.0  18:51:52 42.374393 -72.50079   3     15     40  
1131.0  18:51:57 42.375015 -72.500725   4     15     58  
1132.0  18:52:36 42.37616 -72.50173   3     10     53  
1132.0  18:52:51 42.375824 -72.50398   5     17     40  
1133.0  18:53:03 42.375572 -72.50579   5     17     47  
1133.0  18:53:32 42.375763 -72.507225   3     13     45  
1133.0  18:53:45 42.37582 -72.509155   4     19     42  
1133.0  18:53:58 42.3758 -72.51069   4     11     58  
1135.0  18:55:20 42.375942 -72.513885   4     13     50  
1135.0  18:55:28 42.375916 -72.51471   4     11     52  
1135.0  18:55:30 42.37595 -72.51357   3     11     59  
1135.0  18:55:39 42.375813 -72.51657   5     10     41  
1135.0  18:55:44 42.37579 -72.51668   3     14     54  
1135.0  18:55:49 42.375793 -72.51668   5     11     48  
1135.0  18:55:52 42.375786 -72.51668   5     17     49  
1135.0  18:55:59 42.375763 -72.51753   5     18     59  
1136.0  18:56:07 42.37575 -72.51813   5     16     47  
1136.0  18:56:14 42.375713 -72.51862   3     15     41  
1136.0  18:56:17 42.37576 -72.51796   5     13     55  
1136.0  18:56:25 42.375656 -72.51921   5     16     47  
1136.0  18:56:30 42.37561 -72.5194   3     16     49  
1136.0  18:56:35 42.375603 -72.519455   5     14     51  
1136.0  18:56:39 42.37563 -72.51936   5     14     42  
1136.0  18:56:50 42.375538 -72.51946   5     16     42  
1136.0  18:56:58 42.37553 -72.519585   3     18     49  
1137.0  18:57:01 42.375538 -72.51946   4     12     54  
1137.0  18:57:23 42.37637 -72.51991   5     10     45  
1137.0  18:57:28 42.376404 -72.51991   4     17     42  
1137.0  18:57:34 42.37637 -72.51991   4     13     40  
1137.0  18:57:34 42.376484 -72.519905   3     14     55  
1137.0  18:57:45 42.37649 -72.51992   4     11     43  
1137.0  18:57:50 42.376488 -72.51992   4     14     54  
1137.0  18:57:55 42.376575 -72.51993   3     14     58  
1137.0  18:57:56 42.37649 -72.51992   4     11     55  
1138.0  18:58:05 42.377014 -72.519905   4     15     57  
1138.0  18:58:17 42.37723 -72.519905   5     19     47  
1138.0  18:58:26 42.37722 -72.519905   4     10     43  
1138.0  18:58:36 42.377235 -72.5199   5     18     44  
1138.0  18:58:45 42.377262 -72.51989   4     15     46  
1138.0  18:58:53 42.37728 -72.519875   3     18     41  
1139.0  18:59:02 42.377304 -72.51987   5     13     41  
1139.0  18:59:33 42.379356 -72.51971   3     12     46  
1139.0  18:59:41 42.379745 -72.51951   4     19     40  
1139.0  18:59:47 42.379528 -72.51963   5     14     47  
1139.0  18:59:50 42.379818 -72.51948   4     12     43  
1139.0  18:59:55 42.379807 -72.519485   5     19     45  
1140.0  19:00:54 42.38127 -72.51929   3     10     43  
1142.0  19:02:22 42.386475 -72.5223   3     15     50  
1142.0  19:02:25 42.385967 -72.52233   4     16     41  
1147.0  19:07:59 42.403893 -72.529434   4     11     41  
1148.0  19:08:21 42.40385 -72.52954   5     14     48  
1149.0  19:09:20 42.406384 -72.53126   5     15     52  
1150.0  19:10:02 42.405872 -72.53248   5     12     50  
1150.0  19:10:24 42.405872 -72.53236   4     19     58  
1150.0  19:10:49 42.405876 -72.5324   5     13     51  
1151.0  19:11:12 42.405857 -72.532425   5     13     53  
1151.0  19:11:34 42.405857 -72.53245   3     13     54  
1157.0  19:17:50 42.401028 -72.52793   3     12     46  
1158.0  19:18:19 42.398163 -72.528114   5     15     44  
1158.0  19:18:20 42.39847 -72.52809   3     12     55  
1158.0  19:18:59 42.39554 -72.52713   3     19     45  
1159.0  19:19:08 42.395348 -72.52708   3     15     53  
1159.0  19:19:16 42.39537 -72.52708   4     10     56  
1159.0  19:19:28 42.395355 -72.5271   4     11     45  
1159.0  19:19:38 42.395355 -72.5271   5     17     44  
1164.0  19:24:04 42.383812 -72.52106   5     15     43  
1164.0  19:24:58 42.379845 -72.51958   5     18     58  
1165.0  19:25:20 42.379444 -72.51973   5     16     55  
1165.0  19:25:42 42.378056 -72.51998   4     10     51  
1166.0  19:26:04 42.377888 -72.51997   3     10     46  
1166.0  19:26:26 42.37772 -72.51999   4     18     59  
1167.0  19:27:53 42.376064 -72.51997   5     17     53  
1168.0  19:28:31 42.375584 -72.51926   5     10     43  
1169.0  19:29:19 42.37579 -72.51742   3     16     42  
1171.0  19:31:25 42.37575 -72.5073   5     11     58  
1172.0  19:32:13 42.37622 -72.50156   5     11     45  
1172.0  19:32:53 42.37554 -72.50065   5     12     49  
1175.0  19:35:43 42.37021 -72.49904   4     17     46  
1176.0  19:36:09 42.37101 -72.4988   3     10     41  
1176.0  19:36:31 42.371128 -72.49856   5     13     58  
1188.0  19:48:55 42.371174 -72.49836   5     13     46  
1190.0  19:50:31 42.37145 -72.50154   4     17     47  
1191.0  19:51:03 42.3735 -72.501045   5     12     58  
1194.0  19:54:12 42.37583 -72.5165   4     12     54  
1194.0  19:54:34 42.37578 -72.51871   5     15     44  
1194.0  19:54:56 42.37571 -72.51913   5     12     54  
1196.0  19:56:08 42.377346 -72.51987   4     15     57  
1196.0  19:56:30 42.377323 -72.51989   3     10     55  
1196.0  19:56:52 42.377594 -72.519905   4     14     52  
1197.0  19:57:15 42.379456 -72.51968   3     19     53  
1198.0  19:58:49 42.385998 -72.52237   4     17     50  
1200.0  20:00:04 42.387745 -72.52355   3     14     44  
1200.0  20:00:15 42.387745 -72.523544   4     18     56  
1203.0  20:03:40 42.396355 -72.52748   5     15     43  
1204.0  20:04:02 42.397675 -72.52792   4     18     48  
1204.0  20:04:30 42.400536 -72.5279   3     18     46  
1204.0  20:04:57 42.40369 -72.529335   3     16     42  
1205.0  20:05:19 42.403915 -72.529465   3     16     59  
1206.0  20:06:14 42.406406 -72.53093   5     15     57  
1207.0  20:07:07 42.40584 -72.532455   4     14     58  
1207.0  20:07:30 42.405796 -72.53244   5     12     41  
1217.0  20:17:00 42.40332 -72.52921   4     12     50  
1217.0  20:17:43 42.40318 -72.5291   4     11     40  
1217.0  20:17:43 42.40266 -72.52872   4     11     51  
1217.0  20:17:54 42.401016 -72.528   4     10     57  
1218.0  20:18:00 42.399956 -72.52799   5     12     56  
1218.0  20:18:18 42.39786 -72.52811   4     18     49  
1219.0  20:19:00 42.39554 -72.52717   4     10     40  
1220.0  20:20:00 42.393436 -72.52602   4     19     55  
1221.0  20:21:00 42.391106 -72.52531   3     17     42  
1222.0  20:22:00 42.388 -72.52407   4     11     59  
1223.0  20:23:00 42.386833 -72.5226   3     18     40  
1223.0  20:23:08 42.386387 -72.52242   4     10     40  
1223.0  20:23:42 42.38359 -72.52091   5     13     54  
1223.0  20:23:47 42.383118 -72.520676   3     19     55  
1223.0  20:23:52 42.38259 -72.52031   4     10     51  
1223.0  20:23:58 42.382183 -72.520035   4     18     40  
1224.0  20:24:00 42.38196 -72.519844   3     15     47  
1224.0  20:24:52 42.37924 -72.51982   3     18     49  
1224.0  20:24:57 42.378788 -72.51994   5     13     40  
1225.0  20:25:00 42.37835 -72.519966   3     18     44  
1225.0  20:25:08 42.378273 -72.519966   4     11     53  
1225.0  20:25:14 42.377872 -72.520004   5     14     46  
1225.0  20:25:16 42.378883 -72.519936   5     16     49  
1225.0  20:25:24 42.37787 -72.51998   5     13     53  
1225.0  20:25:29 42.37788 -72.51997   3     11     47  
1225.0  20:25:34 42.377895 -72.52   4     13     43  
1225.0  20:25:38 42.377872 -72.51997   5     14     52  
1225.0  20:25:49 42.377953 -72.520065   4     17     40  
1225.0  20:25:54 42.377983 -72.520065   3     14     57  
1226.0  20:26:00 42.37802 -72.52006   3     18     55  
1226.0  20:26:01 42.377953 -72.520065   3     14     49  
1226.0  20:26:06 42.37802 -72.52006   3     11     43  
1226.0  20:26:16 42.378025 -72.52004   5     10     46  
1226.0  20:26:21 42.37801 -72.520035   3     11     41  
1226.0  20:26:27 42.37798 -72.52002   3     14     56  
1226.0  20:26:29 42.378025 -72.52004   5     13     43  
1226.0  20:26:37 42.377945 -72.52001   4     14     41  
1226.0  20:26:42 42.37796 -72.52003   5     17     51  
1226.0  20:26:47 42.37796 -72.52002   4     17     59  
1226.0  20:26:51 42.37795 -72.52003   4     10     41  
1227.0  20:27:00 42.377808 -72.51999   5     17     53  
1227.0  20:27:02 42.377808 -72.51999   4     15     52  
1227.0  20:27:07 42.377735 -72.51997   4     12     40  
1227.0  20:27:12 42.377716 -72.51996   5     17     46  
1227.0  20:27:13 42.377808 -72.51999   4     11     58  
1227.0  20:27:22 42.377724 -72.51995   4     10     49  
1227.0  20:27:27 42.377728 -72.51994   3     11     55  
1227.0  20:27:33 42.37773 -72.51995   3     14     49  
1227.0  20:27:35 42.37773 -72.51994   4     13     52  
1227.0  20:27:49 42.377052 -72.51994   5     16     54  
1227.0  20:27:54 42.376934 -72.519936   4     19     49  
1227.0  20:27:59 42.37681 -72.51993   4     19     47  
1228.0  20:28:00 42.37663 -72.51992   5     17     45  
1228.0  20:28:14 42.376026 -72.51989   4     18     49  
1228.0  20:28:19 42.375824 -72.5199   3     16     53  
1228.0  20:28:24 42.37575 -72.5199   5     10     42  
1228.0  20:28:29 42.37585 -72.5199   4     19     52  
1228.0  20:28:45 42.375614 -72.51976   3     14     45  
1228.0  20:28:50 42.375626 -72.5194   4     16     57  
1228.0  20:28:55 42.37564 -72.519226   4     19     42  
1228.0  20:28:56 42.375614 -72.51976   5     16     55  
1229.0  20:29:00 42.375633 -72.51922   4     13     53  
1229.0  20:29:05 42.37564 -72.51921   5     10     44  
1229.0  20:29:10 42.37565 -72.519196   5     13     44  
1229.0  20:29:15 42.375652 -72.51919   4     15     44  
1229.0  20:29:18 42.375645 -72.5192   5     13     48  
1230.0  20:30:00 42.375927 -72.51399   5     13     46  
1230.0  20:30:40 42.375824 -72.511856   3     14     52  
1230.0  20:30:45 42.375824 -72.511826   3     10     56  
1231.0  20:31:00 42.375824 -72.51095   5     17     40  
1231.0  20:31:52 42.375736 -72.507324   3     14     44  
1231.0  20:31:57 42.375736 -72.50708   3     10     53  
1232.0  20:32:00 42.375725 -72.50645   4     12     44  
1232.0  20:32:39 42.376167 -72.50155   5     11     48  
1232.0  20:32:45 42.376175 -72.50155   5     12     54  
1232.0  20:32:51 42.3762 -72.501465   4     12     44  
1233.0  20:33:00 42.37635 -72.500565   3     16     56  
1233.0  20:33:15 42.375423 -72.500694   3     14     58  
1233.0  20:33:20 42.37489 -72.5008   5     14     51  
1233.0  20:33:25 42.37437 -72.500916   3     10     52  
1233.0  20:33:33 42.37388 -72.501045   3     10     53  
1233.0  20:33:58 42.372673 -72.50136   3     19     53  
1234.0  20:34:00 42.37214 -72.50145   3     16     50  
1234.0  20:34:03 42.37214 -72.50145   3     19     52  
1234.0  20:34:08 42.37139 -72.501625   3     17     55  
1235.0  20:35:00 42.369267 -72.50056   5     15     44  
1236.0  20:36:00 42.370876 -72.49898   3     14     45  
1236.0  20:36:20 42.370983 -72.49824   4     18     59  
1236.0  20:36:25 42.370598 -72.49785   3     19     41  
1236.0  20:36:40 42.369198 -72.496185   4     16     49  
1237.0  20:37:00 42.366646 -72.49288   3     17     58  
1238.0  20:38:00 42.359196 -72.48554   4     18     55  
1239.0  20:39:00 42.353725 -72.47542   4     11     40  
1240.0  20:40:00 42.354748 -72.48018   5     13     43  
1248.0  20:48:00 42.36936 -72.49632   3     11     44  
1248.0  20:48:29 42.37097 -72.49812   3     17     54  
1248.0  20:48:52 42.37123 -72.49838   4     15     46  
1249.0  20:49:00 42.370705 -72.49913   5     14     55  
1250.0  20:50:00 42.369335 -72.500435   4     13     40  
1251.0  20:51:00 42.370857 -72.50166   5     16     43  
1251.0  20:51:04 42.371098 -72.50161   5     19     45  
1251.0  20:51:16 42.37219 -72.501335   4     17     57  
1251.0  20:51:16 42.371338 -72.50156   3     16     43  
1251.0  20:51:26 42.3726 -72.50125   3     14     43  
1251.0  20:51:31 42.37261 -72.50125   4     19     58  
1251.0  20:51:36 42.37261 -72.50125   4     10     56  
1252.0  20:52:00 42.375103 -72.50072   3     14     52  
1253.0  20:53:00 42.37628 -72.50136   4     18     47  
1253.0  20:53:34 42.375698 -72.50572   3     10     50  
1253.0  20:53:50 42.375805 -72.50719   5     19     46  
1253.0  20:53:54 42.375782 -72.50698   5     13     59  
1254.0  20:54:00 42.375805 -72.50734   3     12     56  
1254.0  20:54:01 42.37581 -72.507225   4     18     48  
1254.0  20:54:18 42.37581 -72.50785   3     12     55  
1255.0  20:55:00 42.37585 -72.512146   5     16     50  
1255.0  20:55:36 42.37592 -72.5129   3     10     59  
1255.0  20:55:59 42.375862 -72.516014   3     10     54  
1256.0  20:56:00 42.37583 -72.51777   4     16     46  
1256.0  20:56:21 42.375816 -72.51845   5     14     48  
1256.0  20:56:21 42.375725 -72.51901   3     13     54  
1256.0  20:56:31 42.37568 -72.51963   3     10     53  
1256.0  20:56:38 42.375717 -72.51964   4     17     54  
1256.0  20:56:43 42.375687 -72.51963   4     11     49  
1256.0  20:56:43 42.37572 -72.51963   3     12     44  
1256.0  20:56:53 42.3757 -72.519615   5     19     41  
1256.0  20:56:59 42.375698 -72.519615   4     15     41  
1257.0  20:57:00 42.375694 -72.519615   3     12     51  
1257.0  20:57:04 42.37569 -72.51961   3     18     46  
1257.0  20:57:05 42.3757 -72.519615   3     17     56  
1257.0  20:57:14 42.37565 -72.519585   4     16     55  
1257.0  20:57:19 42.37565 -72.51958   5     10     54  
1257.0  20:57:24 42.375675 -72.519585   3     15     42  
1257.0  20:57:27 42.37564 -72.51958   5     13     55  
1257.0  20:57:34 42.375744 -72.519615   3     18     56  
1257.0  20:57:39 42.375748 -72.51961   4     18     53  
1257.0  20:57:44 42.37575 -72.51961   4     16     46  
1257.0  20:57:49 42.375767 -72.5196   5     17     44  
1257.0  20:57:49 42.375744 -72.519615   5     14     42  
1258.0  20:58:00 42.375977 -72.51988   4     15     54  
1258.0  20:58:05 42.375904 -72.51987   5     16     43  
1258.0  20:58:10 42.376465 -72.51989   4     12     49  
1258.0  20:58:12 42.37594 -72.519875   4     12     46  
1258.0  20:58:45 42.37713 -72.51981   3     13     43  
1258.0  20:58:50 42.377377 -72.51982   5     16     40  
1258.0  20:58:51 42.376766 -72.51981   4     16     55  
1259.0  20:59:00 42.377495 -72.51983   5     12     46  
1259.0  20:59:01 42.37749 -72.51983   3     13     51  
1259.0  20:59:06 42.377487 -72.51982   4     17     41  
1259.0  20:59:12 42.377457 -72.51981   4     16     44  
1259.0  20:59:17 42.377434 -72.5198   5     16     47  
1259.0  20:59:21 42.377426 -72.5198   5     16     53  
1259.0  20:59:29 42.377464 -72.5198   3     10     59  
1259.0  20:59:39 42.37809 -72.51982   3     10     54  
1260.0  21:00:00 42.38048 -72.519325   3     13     50  
1260.0  21:00:22 42.3821 -72.51982   4     19     41  
1260.0  21:00:27 42.38259 -72.52021   5     10     56  
1260.0  21:00:42 42.38415 -72.52115   4     17     43  
1261.0  21:01:00 42.38589 -72.522194   4     16     54  
1261.0  21:01:24 42.386963 -72.522606   4     13     50  
1261.0  21:01:59 42.387684 -72.523445   3     19     59  
1262.0  21:02:00 42.3877 -72.52345   4     17     52  
1262.0  21:02:04 42.387703 -72.52346   3     12     56  
1262.0  21:02:09 42.387695 -72.523506   5     10     44  
1262.0  21:02:10 42.387684 -72.523445   4     16     59  
1262.0  21:02:19 42.38775 -72.52362   5     16     43  
1262.0  21:02:24 42.38792 -72.52384   5     12     42  
1262.0  21:02:29 42.38826 -72.52417   5     11     51  
1262.0  21:02:34 42.38869 -72.52446   4     17     45  
1263.0  21:03:00 42.39106 -72.52518   3     17     56  
1264.0  21:04:00 42.39382 -72.526054   3     18     52  
1265.0  21:05:00 42.394905 -72.52676   5     15     41  
1265.0  21:05:53 42.39797 -72.52806   5     14     50  
1265.0  21:05:58 42.398582 -72.52804   3     11     43  
1266.0  21:06:00 42.399006 -72.528015   3     12     45  
1266.0  21:06:27 42.40201 -72.52827   4     11     49  
1266.0  21:06:46 42.403755 -72.529366   4     13     41  
1266.0  21:06:51 42.403954 -72.52944   3     18     47  
1266.0  21:06:56 42.404003 -72.52948   4     10     43  
1266.0  21:06:57 42.403755 -72.529366   5     16     42  
1267.0  21:07:00 42.404015 -72.529465   3     11     57  
1267.0  21:07:06 42.40403 -72.529465   5     10     47  
1267.0  21:07:11 42.404026 -72.5295   4     15     56  
1267.0  21:07:16 42.404297 -72.529625   4     19     50  
1268.0  21:08:00 42.40641 -72.53115   5     10     55  
1268.0  21:08:09 42.406376 -72.53065   5     18     52  
1268.0  21:08:14 42.406292 -72.53157   3     13     48  
1268.0  21:08:19 42.406242 -72.53174   3     17     49  
1268.0  21:08:35 42.406178 -72.53183   3     14     45  
1269.0  21:09:00 42.405838 -72.53249   3     18     44  
1277.0  21:17:28 42.404335 -72.529655   3     17     53  
1277.0  21:17:33 42.4038 -72.52946   5     11     49  
1277.0  21:17:51 42.402027 -72.52833   4     18     53  
1278.0  21:18:00 42.400696 -72.52789   5     19     50  
1278.0  21:18:01 42.400696 -72.52789   3     19     42  
1279.0  21:19:00 42.3941 -72.52633   5     10     52  
1280.0  21:20:00 42.39343 -72.52603   4     17     45  
1281.0  21:21:00 42.39115 -72.52523   5     11     44  
1282.0  21:22:00 42.387806 -72.523865   5     13     47  
1282.0  21:22:39 42.386536 -72.52239   5     19     51  
1282.0  21:22:47 42.386368 -72.52239   4     12     46  
1283.0  21:23:00 42.386036 -72.52249   3     18     50  
1284.0  21:24:00 42.381233 -72.51929   3     16     46  
1284.0  21:24:15 42.379986 -72.519485   3     15     56  
1284.0  21:24:19 42.380642 -72.51938   3     17     57  
1284.0  21:24:26 42.37955 -72.519684   4     15     51  
1284.0  21:24:31 42.37955 -72.519684   5     14     49  
1284.0  21:24:36 42.379555 -72.51969   3     11     58  
1284.0  21:24:41 42.37956 -72.51969   3     19     56  
1284.0  21:24:41 42.37955 -72.519684   4     17     41  
1284.0  21:24:51 42.379326 -72.51977   5     18     54  
1284.0  21:24:56 42.37896 -72.51991   3     10     41  
1285.0  21:25:00 42.378593 -72.51995   3     12     53  
1285.0  21:25:01 42.378593 -72.51995   3     12     48  
1285.0  21:25:09 42.378284 -72.51995   4     14     50  
1285.0  21:25:12 42.379265 -72.519806   3     18     59  
1285.0  21:25:19 42.378098 -72.51993   3     14     40  
1285.0  21:25:24 42.378033 -72.51994   5     16     42  
1285.0  21:25:29 42.37804 -72.51994   4     18     57  
1285.0  21:25:34 42.378036 -72.51996   5     12     47  
1285.0  21:25:35 42.378033 -72.51994   5     14     55  
1285.0  21:25:44 42.377922 -72.51997   5     14     42  
1285.0  21:25:52 42.37793 -72.51997   4     13     51  
1285.0  21:25:57 42.377922 -72.51997   4     15     45  
1286.0  21:26:00 42.377903 -72.52   4     10     54  
1286.0  21:26:08 42.3779 -72.52   4     10     56  
1286.0  21:26:13 42.37789 -72.52   5     16     57  
1286.0  21:26:18 42.37789 -72.51997   5     13     51  
1286.0  21:26:18 42.3779 -72.52   4     16     52  
1286.0  21:26:28 42.377934 -72.51998   5     15     42  
1286.0  21:26:33 42.37792 -72.51997   4     19     44  
1286.0  21:26:38 42.377636 -72.51996   5     10     59  
1286.0  21:26:41 42.377945 -72.51998   5     13     45  
1286.0  21:26:48 42.37699 -72.51991   3     10     41  
1286.0  21:26:54 42.37662 -72.519875   4     19     46  
1287.0  21:27:00 42.37606 -72.51983   4     14     58  
1287.0  21:27:19 42.37553 -72.51952   4     11     48  
1287.0  21:27:24 42.375515 -72.519196   4     17     41  
1287.0  21:27:29 42.375526 -72.51944   3     12     54  
1287.0  21:27:45 42.37565 -72.51814   3     19     51  
1287.0  21:27:50 42.37565 -72.51814   3     16     49  
1287.0  21:27:56 42.37565 -72.51814   3     17     42  
1287.0  21:27:56 42.376225 -72.51984   3     18     56  
1287.0  21:27:56 42.37565 -72.51814   4     14     49  
1288.0  21:28:00 42.37565 -72.51814   5     11     41  
1288.0  21:28:06 42.37565 -72.51814   3     19     47  
1288.0  21:28:14 42.37565 -72.51814   3     19     49  
1289.0  21:29:00 42.37565 -72.51814   4     11     43  
1289.0  21:29:26 42.37565 -72.51814   5     18     40  
1289.0  21:29:30 42.37565 -72.51814   4     15     51  
1289.0  21:29:36 42.37565 -72.51814   4     13     58  
1289.0  21:29:42 42.37565 -72.51814   4     16     41  
1290.0  21:30:00 42.37565 -72.51814   4     11     52  
1290.0  21:30:22 42.37565 -72.51814   4     18     49  
1290.0  21:30:27 42.37565 -72.51814   5     10     59  
1291.0  21:31:00 42.37565 -72.51814   3     13     49  
1291.0  21:31:17 42.37565 -72.51814   3     10     53  
1291.0  21:31:20 42.37565 -72.51814   3     13     51  
1291.0  21:31:27 42.37565 -72.51814   3     17     54  
1292.0  21:32:00 42.37565 -72.51814   4     19     44  
1292.0  21:32:01 42.37565 -72.51814   5     19     44  
1293.0  21:33:00 42.37565 -72.51814   3     10     49  
1294.0  21:34:00 42.37565 -72.51814   5     16     59  
1294.0  21:34:20 42.37565 -72.51814   3     16     45  
1294.0  21:34:25 42.37565 -72.51814   3     12     47  
1294.0  21:34:30 42.37565 -72.51814   3     18     43  
1294.0  21:34:34 42.37565 -72.51814   3     19     54  
1294.0  21:34:55 42.37565 -72.51814   5     17     43  
1295.0  21:35:00 42.37565 -72.51814   4     16     59  
1295.0  21:35:31 42.37565 -72.51814   4     14     43  
1296.0  21:36:00 42.37565 -72.51814   4     15     55  
1297.0  21:37:00 42.37565 -72.51814   5     15     45  
1298.0  21:38:00 42.37565 -72.51814   3     16     55  
1299.0  21:39:00 42.37565 -72.51814   5     12     57  
1308.0  21:48:07 42.365185 -72.49095   3     15     53  
1308.0  21:48:20 42.366634 -72.492836   3     15     54  
1309.0  21:49:35 42.37023 -72.49915   5     10     54  
1309.0  21:49:40 42.37021 -72.49914   3     18     48  
1309.0  21:49:45 42.370197 -72.49913   4     11     45  
1309.0  21:49:47 42.37022 -72.499146   4     18     54  
1309.0  21:49:55 42.37018 -72.49911   3     12     42  
1310.0  21:50:00 42.37018 -72.49911   5     19     55  
1310.0  21:50:05 42.370197 -72.49911   4     12     56  
1310.0  21:50:09 42.370182 -72.49911   5     13     42  
1311.0  21:51:27 42.370907 -72.50173   5     12     51  
1311.0  21:51:46 42.372303 -72.50135   4     19     49  
1311.0  21:51:51 42.372665 -72.50126   5     13     52  
1312.0  21:52:19 42.372738 -72.50122   4     19     59  
1312.0  21:52:24 42.372738 -72.50122   4     13     42  
1312.0  21:52:35 42.37277 -72.50122   5     18     48  
1312.0  21:52:41 42.37278 -72.50122   4     16     44  
1313.0  21:53:10 42.374416 -72.500854   5     13     53  
1313.0  21:53:16 42.374966 -72.50075   4     19     53  
1316.0  21:56:23 42.375954 -72.513626   4     15     50  
1316.0  21:56:28 42.375877 -72.51462   5     16     40  
1316.0  21:56:33 42.37596 -72.51346   3     13     57  
1316.0  21:56:43 42.375805 -72.51704   4     17     49  
1316.0  21:56:48 42.375805 -72.517685   3     16     59  
1316.0  21:56:53 42.3758 -72.51817   3     10     44  
1316.0  21:56:55 42.375805 -72.51704   5     11     41  
1317.0  21:57:04 42.3758 -72.51817   4     14     44  
1317.0  21:57:16 42.3758 -72.51817   5     10     45  
1317.0  21:57:17 42.3758 -72.51817   3     12     49  
1317.0  21:57:36 42.3758 -72.51817   5     12     52  
1317.0  21:57:39 42.3758 -72.51817   3     12     47  
1317.0  21:57:47 42.3758 -72.51817   3     11     57  
1317.0  21:57:52 42.3758 -72.51817   3     17     43  
1317.0  21:57:57 42.3758 -72.51817   4     10     43  
1318.0  21:58:02 42.3758 -72.51817   5     12     53  
1318.0  21:58:04 42.3758 -72.51817   3     16     40  
1318.0  21:58:12 42.3758 -72.51817   3     19     58  
1318.0  21:58:17 42.3758 -72.51817   3     18     53  
1318.0  21:58:51 42.3758 -72.51817   4     15     58  
1319.0  21:59:14 42.3758 -72.51817   5     13     51  
1319.0  21:59:19 42.3758 -72.51817   5     13     50  
1319.0  21:59:24 42.3758 -72.51817   3     10     51  
1319.0  21:59:29 42.3758 -72.51817   5     17     53  
1319.0  21:59:34 42.3758 -72.51817   3     14     56  
1319.0  21:59:39 42.3758 -72.51817   3     16     56  
1319.0  21:59:40 42.3758 -72.51817   4     13     45  
1319.0  21:59:52 42.3758 -72.51817   4     17     50  
1320.0  22:00:16 42.3758 -72.51817   3     11     50  
1320.0  22:00:26 42.3758 -72.51817   5     12     45  
1320.0  22:00:58 42.3758 -72.51817   3     19     40  
1321.0  22:01:03 42.3758 -72.51817   3     10     57  
1321.0  22:01:18 42.3758 -72.51817   5     19     48  
1322.0  22:02:41 42.3758 -72.51817   4     17     58  
1322.0  22:02:46 42.3758 -72.51817   4     12     59  
1322.0  22:02:51 42.3758 -72.51817   4     19     40  
1322.0  22:02:55 42.3758 -72.51817   4     18     47  
1323.0  22:03:01 42.3758 -72.51817   3     10     57  
1323.0  22:03:06 42.3758 -72.51817   4     16     45  
1323.0  22:03:11 42.3758 -72.51817   4     15     52  
1323.0  22:03:16 42.3758 -72.51817   4     18     44  
1323.0  22:03:17 42.3758 -72.51817   4     19     43  
1323.0  22:03:40 42.3758 -72.51817   3     12     48  
1323.0  22:03:46 42.3758 -72.51817   3     19     50  
1323.0  22:03:51 42.3758 -72.51817   5     18     56  
1323.0  22:03:56 42.3758 -72.51817   3     18     52  
1324.0  22:04:01 42.3758 -72.51817   5     15     54  
1324.0  22:04:05 42.3758 -72.51817   3     15     42  
1328.0  22:08:15 42.3758 -72.51817   4     18     44  
1328.0  22:08:20 42.3758 -72.51817   4     10     54  
1328.0  22:08:25 42.3758 -72.51817   5     17     56  
1328.0  22:08:31 42.3758 -72.51817   3     10     58  
1328.0  22:08:31 42.3758 -72.51817   4     13     57  
1328.0  22:08:41 42.3758 -72.51817   4     18     45  
1328.0  22:08:46 42.3758 -72.51817   3     14     55  
1328.0  22:08:51 42.3758 -72.51817   4     14     53  
1328.0  22:08:53 42.3758 -72.51817   5     11     45  
1329.0  22:09:43 42.3758 -72.51817   5     17     48  
1330.0  22:10:06 42.3758 -72.51817   4     12     50  
1330.0  22:10:12 42.3758 -72.51817   5     19     46  
1330.0  22:10:17 42.3758 -72.51817   5     19     49  
1330.0  22:10:22 42.3758 -72.51817   4     15     52  
1330.0  22:10:22 42.3758 -72.51817   5     15     41  
1330.0  22:10:32 42.3758 -72.51817   3     17     41  
1330.0  22:10:37 42.3758 -72.51817   5     17     43  
1330.0  22:10:42 42.3758 -72.51817   4     18     42  
1330.0  22:10:47 42.3758 -72.51817   5     15     43  
1330.0  22:10:49 42.3758 -72.51817   3     14     45  
1330.0  22:10:57 42.3758 -72.51817   5     16     53  
1331.0  22:11:03 42.3758 -72.51817   4     13     54  
1331.0  22:11:08 42.3758 -72.51817   3     18     48  
1331.0  22:11:11 42.3758 -72.51817   3     17     58  
1331.0  22:11:18 42.3758 -72.51817   4     14     51  
1331.0  22:11:23 42.3758 -72.51817   4     16     44  
1331.0  22:11:28 42.3758 -72.51817   3     10     45  
1331.0  22:11:33 42.3758 -72.51817   4     19     57  
1331.0  22:11:43 42.3758 -72.51817   4     19     49  
1331.0  22:11:48 42.3758 -72.51817   3     12     44  
1332.0  22:12:37 42.3758 -72.51817   5     17     41  
1332.0  22:12:40 42.3758 -72.51817   5     18     47  
1332.0  22:12:47 42.3758 -72.51817   4     16     57  
1332.0  22:12:52 42.3758 -72.51817   3     11     45  
1332.0  22:12:57 42.3758 -72.51817   5     10     40  
1333.0  22:13:28 42.3758 -72.51817   3     18     55  
1333.0  22:13:51 42.3758 -72.51817   5     13     56  
1334.0  22:14:33 42.3758 -72.51817   4     10     57  
1334.0  22:14:34 42.3758 -72.51817   4     15     48  
1334.0  22:14:43 42.3758 -72.51817   4     19     54  
1334.0  22:14:49 42.3758 -72.51817   5     15     51  
1334.0  22:14:54 42.3758 -72.51817   5     11     45  
1334.0  22:14:56 42.3758 -72.51817   4     11     55  
1335.0  22:15:09 42.3758 -72.51817   4     14     59  
1335.0  22:15:14 42.3758 -72.51817   4     15     55  
1335.0  22:15:20 42.3758 -72.51817   3     15     45  
1335.0  22:15:22 42.3758 -72.51817   4     13     53  
1335.0  22:15:30 42.3758 -72.51817   5     19     51  
1335.0  22:15:38 42.3758 -72.51817   3     17     47  
1335.0  22:15:57 42.3758 -72.51817   5     13     56  
1336.0  22:16:35 42.3758 -72.51817   5     17     59  
1336.0  22:16:40 42.3758 -72.51817   5     16     56  
1336.0  22:16:45 42.3758 -72.51817   4     14     47  
1336.0  22:16:51 42.3758 -72.51817   4     14     49  
1336.0  22:16:52 42.3758 -72.51817   4     18     58  
1337.0  22:17:01 42.3758 -72.51817   3     13     58  
1337.0  22:17:19 42.3758 -72.51817   4     19     52  
1337.0  22:17:24 42.3758 -72.51817   5     10     41  
1337.0  22:17:29 42.3758 -72.51817   5     12     58  
1337.0  22:17:33 42.3758 -72.51817   4     19     51  
1337.0  22:17:55 42.3758 -72.51817   4     11     44  
1338.0  22:18:07 42.3758 -72.51817   5     13     49  
1339.0  22:19:01 42.3758 -72.51817   4     13     51  
1339.0  22:19:06 42.3758 -72.51817   4     13     42  
1339.0  22:19:11 42.3758 -72.51817   4     16     47  
1339.0  22:19:16 42.3758 -72.51817   3     11     50  
1344.0  22:24:17 42.3758 -72.51817   4     16     59  
1344.0  22:24:39 42.3758 -72.51817   3     13     57  
1346.0  22:26:11 42.3758 -72.51817   3     10     43  
1346.0  22:26:42 42.3758 -72.51817   3     13     54  
1348.0  22:28:22 42.3758 -72.51817   4     18     49  
1348.0  22:28:44 42.3758 -72.51817   4     19     49  
1349.0  22:29:06 42.3758 -72.51817   4     19     56  
1349.0  22:29:27 42.3758 -72.51817   4     16     43  
1349.0  22:29:58 42.3758 -72.51817   3     10     44  
1350.0  22:30:23 42.3758 -72.51817   5     14     50  
1350.0  22:30:48 42.3758 -72.51817   5     12     49  
1351.0  22:31:34 42.3758 -72.51817   4     18     52  
1351.0  22:31:56 42.3758 -72.51817   3     15     40  
1352.0  22:32:18 42.3758 -72.51817   4     14     50  
1352.0  22:32:40 42.3758 -72.51817   5     14     51  
1353.0  22:33:02 42.3758 -72.51817   5     18     50  
1353.0  22:33:24 42.3758 -72.51817   4     18     58  
1353.0  22:33:49 42.3758 -72.51817   4     15     48  
1354.0  22:34:11 42.3758 -72.51817   5     11     55  
1354.0  22:34:33 42.3758 -72.51817   4     13     51  
1354.0  22:34:55 42.3758 -72.51817   4     19     44  
1355.0  22:35:18 42.3758 -72.51817   4     17     48  
1355.0  22:35:40 42.3758 -72.51817   3     12     44  
1356.0  22:36:02 42.3758 -72.51817   4     15     59  
1356.0  22:36:12 42.3758 -72.51817   4     12     47  
1356.0  22:36:18 42.3758 -72.51817   4     14     53  
1356.0  22:36:23 42.3758 -72.51817   3     19     44  
1356.0  22:36:24 42.3758 -72.51817   4     15     43  
1356.0  22:36:38 42.3758 -72.51817   4     19     46  
1356.0  22:36:43 42.3758 -72.51817   4     12     43  
1356.0  22:36:48 42.3758 -72.51817   4     18     53  
1356.0  22:36:53 42.3758 -72.51817   4     10     42  
1356.0  22:36:56 42.3758 -72.51817   4     11     54  
1357.0  22:37:03 42.3758 -72.51817   4     11     45  
1357.0  22:37:08 42.3758 -72.51817   3     16     56  
1357.0  22:37:55 42.3758 -72.51817   4     15     56  
1358.0  22:38:01 42.3758 -72.51817   4     18     45  
1358.0  22:38:05 42.3758 -72.51817   4     10     44  
1358.0  22:38:29 42.3758 -72.51817   4     18     41  
1358.0  22:38:44 42.3758 -72.51817   4     15     54  
1358.0  22:38:47 42.3758 -72.51817   3     12     56  
1358.0  22:38:54 42.3758 -72.51817   4     11     54  
1358.0  22:38:59 42.3758 -72.51817   4     16     42  
1359.0  22:39:04 42.3758 -72.51817   5     11     59  
1359.0  22:39:09 42.3758 -72.51817   5     18     48  
1359.0  22:39:14 42.3758 -72.51817   3     16     41  
1359.0  22:39:16 42.3758 -72.51817   5     19     53  
1359.0  22:39:25 42.3758 -72.51817   4     13     55  
1360.0  22:40:04 42.3758 -72.51817   4     17     45  
1360.0  22:40:20 42.3758 -72.51817   4     14     58  
1360.0  22:40:25 42.3758 -72.51817   3     17     57  
1360.0  22:40:30 42.3758 -72.51817   3     19     52  
1360.0  22:40:35 42.3758 -72.51817   5     13     51  
1360.0  22:40:36 42.3758 -72.51817   4     18     47  
1360.0  22:40:46 42.3758 -72.51817   3     16     43  
1360.0  22:40:51 42.3758 -72.51817   5     17     56  
1360.0  22:40:56 42.3758 -72.51817   3     19     55  
1360.0  22:40:58 42.3758 -72.51817   4     14     59  
1361.0  22:41:38 42.3758 -72.51817   5     11     41  
1361.0  22:41:55 42.3758 -72.51817   5     14     40  
1362.0  22:42:00 42.3758 -72.51817   5     19     40  
1362.0  22:42:05 42.3758 -72.51817   4     10     41  
1362.0  22:42:11 42.3758 -72.51817   5     19     59  
1362.0  22:42:16 42.3758 -72.51817   3     19     51  
1362.0  22:42:19 42.3758 -72.51817   4     13     55  
1362.0  22:42:26 42.3758 -72.51817   4     14     46  
1362.0  22:42:31 42.3758 -72.51817   5     16     54  
1362.0  22:42:36 42.3758 -72.51817   5     10     57  
1362.0  22:42:44 42.3758 -72.51817   5     10     59  
1362.0  22:42:44 42.3758 -72.51817   5     13     55  
1362.0  22:42:55 42.3758 -72.51817   4     15     54  
1363.0  22:43:00 42.3758 -72.51817   3     19     49  
1363.0  22:43:05 42.3758 -72.51817   4     17     45  
1363.0  22:43:09 42.3758 -72.51817   3     19     50  
1363.0  22:43:15 42.3758 -72.51817   3     11     40  
1363.0  22:43:20 42.3758 -72.51817   5     11     42  
1363.0  22:43:25 42.3758 -72.51817   3     12     58  
1363.0  22:43:31 42.3758 -72.51817   5     10     47  
1363.0  22:43:53 42.3758 -72.51817   3     13     55  
1366.0  22:46:36 42.3758 -72.51817   4     16     41  
1366.0  22:46:40 42.3758 -72.51817   3     14     51  
1366.0  22:46:47 42.3758 -72.51817   4     14     40  
1366.0  22:46:55 42.3758 -72.51817   5     12     41  
1367.0  22:47:05 42.3758 -72.51817   4     10     50  
1367.0  22:47:20 42.3758 -72.51817   3     16     59  
1367.0  22:47:56 42.3758 -72.51817   3     18     59  
1368.0  22:48:18 42.3758 -72.51817   5     15     54  
1368.0  22:48:28 42.3758 -72.51817   4     19     58  
1368.0  22:48:33 42.3758 -72.51817   3     12     40  
1368.0  22:48:38 42.3758 -72.51817   4     18     46  
1368.0  22:48:40 42.3758 -72.51817   5     11     57  
1368.0  22:48:49 42.3758 -72.51817   4     16     43  
1368.0  22:48:54 42.3758 -72.51817   4     18     58  
1368.0  22:48:59 42.3758 -72.51817   3     15     54  
1369.0  22:49:02 42.3758 -72.51817   5     15     54  
1369.0  22:49:10 42.3758 -72.51817   4     11     47  
1369.0  22:49:15 42.3758 -72.51817   4     17     55  
1370.0  22:50:36 42.3758 -72.51817   3     17     42  
1371.0  22:51:29 42.3758 -72.51817   5     12     40  
1371.0  22:51:35 42.3758 -72.51817   5     15     58  
1371.0  22:51:40 42.3758 -72.51817   3     19     46  
1371.0  22:51:43 42.3758 -72.51817   3     16     53  
1371.0  22:51:50 42.3758 -72.51817   3     16     48  
1371.0  22:51:55 42.3758 -72.51817   4     12     43  
1372.0  22:52:03 42.3758 -72.51817   3     13     52  
1372.0  22:52:05 42.3758 -72.51817   3     15     41  
1372.0  22:52:14 42.3758 -72.51817   5     19     49  
1372.0  22:52:20 42.3758 -72.51817   3     17     51  
1372.0  22:52:25 42.3758 -72.51817   4     18     55  
1372.0  22:52:30 42.3758 -72.51817   3     15     46  
1372.0  22:52:32 42.3758 -72.51817   5     17     54  
1372.0  22:52:40 42.3758 -72.51817   5     15     44  
1372.0  22:52:46 42.3758 -72.51817   3     19     59  
1372.0  22:52:51 42.3758 -72.51817   4     17     47  
1372.0  22:52:56 42.3758 -72.51817   4     19     55  
1373.0  22:53:24 42.3758 -72.51817   5     18     49  
1373.0  22:53:33 42.3758 -72.51817   4     10     51  
1373.0  22:53:38 42.3758 -72.51817   3     12     40  
1373.0  22:53:41 42.3758 -72.51817   4     15     41  
1373.0  22:53:51 42.3758 -72.51817   4     17     57  
1374.0  22:54:06 42.3758 -72.51817   4     12     48  
1374.0  22:54:44 42.3758 -72.51817   5     16     49  
1374.0  22:54:54 42.3758 -72.51817   3     19     56  
1375.0  22:55:15 42.3758 -72.51817   4     13     57  
1375.0  22:55:23 42.3758 -72.51817   3     18     57  
1375.0  22:55:33 42.3758 -72.51817   5     18     49  
1376.0  22:56:25 42.3758 -72.51817   3     12     50  
1376.0  22:56:47 42.3758 -72.51817   5     12     51  
1376.0  22:56:57 42.3758 -72.51817   5     11     44  
1377.0  22:57:23 42.3758 -72.51817   4     12     58  
1377.0  22:57:28 42.3758 -72.51817   5     12     49  
1377.0  22:57:33 42.3758 -72.51817   4     17     47  
1377.0  22:57:38 42.3758 -72.51817   5     15     48  
1377.0  22:57:42 42.3758 -72.51817   5     18     59  
1377.0  22:57:53 42.3758 -72.51817   3     15     54  
1380.0  23:00:26 42.3758 -72.51817   4     14     49  
1380.0  23:00:31 42.3758 -72.51817   4     18     51  
1380.0  23:00:36 42.3758 -72.51817   3     14     40  
1383.0  23:03:30 42.3758 -72.51817   5     17     52  
1383.0  23:03:35 42.3758 -72.51817   3     17     55  
1383.0  23:03:40 42.3758 -72.51817   5     11     41  
1383.0  23:03:50 42.3758 -72.51817   5     18     58  
1383.0  23:03:55 42.3758 -72.51817   3     19     51  
1384.0  23:04:00 42.3758 -72.51817   5     16     40  
1384.0  23:04:02 42.3758 -72.51817   3     19     43  
1384.0  23:04:11 42.3758 -72.51817   3     13     54  
1384.0  23:04:19 42.3758 -72.51817   5     15     53  
1384.0  23:04:24 42.3758 -72.51817   4     18     43  
1384.0  23:04:24 42.3758 -72.51817   4     11     52  
1384.0  23:04:34 42.3758 -72.51817   5     18     49  
1384.0  23:04:39 42.3758 -72.51817   5     14     49  
1384.0  23:04:45 42.3758 -72.51817   4     11     53  
1384.0  23:04:46 42.3758 -72.51817   5     19     47  
1384.0  23:04:55 42.3758 -72.51817   3     13     40  
1385.0  23:05:00 42.3758 -72.51817   5     17     51  
1385.0  23:05:05 42.3758 -72.51817   4     14     56  
1385.0  23:05:08 42.3758 -72.51817   3     18     57  
1386.0  23:06:17 42.3758 -72.51817   3     15     47  
1387.0  23:07:23 42.3758 -72.51817   5     16     40  
1387.0  23:07:23 42.3758 -72.51817   5     13     40  
1387.0  23:07:33 42.3758 -72.51817   3     15     42  
1387.0  23:07:38 42.3758 -72.51817   3     12     51  
1387.0  23:07:44 42.3758 -72.51817   4     19     46  
1387.0  23:07:45 42.3758 -72.51817   5     14     43  
1387.0  23:07:54 42.3758 -72.51817   5     10     53  
1387.0  23:07:59 42.3758 -72.51817   3     18     42  
1388.0  23:08:04 42.3758 -72.51817   5     15     46  
1388.0  23:08:07 42.3758 -72.51817   5     18     55  
1388.0  23:08:26 42.3758 -72.51817   3     19     52  
1388.0  23:08:41 42.3758 -72.51817   3     19     40  
1388.0  23:08:43 42.3758 -72.51817   4     13     53  
1388.0  23:08:51 42.3758 -72.51817   3     15     54  
1388.0  23:08:56 42.3758 -72.51817   5     18     46  
1389.0  23:09:01 42.3758 -72.51817   5     17     55  
1389.0  23:09:05 42.3758 -72.51817   3     12     57  
1389.0  23:09:12 42.3758 -72.51817   5     10     49  
1389.0  23:09:17 42.3758 -72.51817   4     12     52  
1389.0  23:09:25 42.3758 -72.51817   3     14     45  
1389.0  23:09:27 42.3758 -72.51817   5     12     43  
1389.0  23:09:35 42.3758 -72.51817   5     18     56  
1389.0  23:09:40 42.3758 -72.51817   3     15     58  
1389.0  23:09:45 42.3758 -72.51817   4     12     59  
1389.0  23:09:49 42.3758 -72.51817   4     18     55  
1389.0  23:09:55 42.3758 -72.51817   5     17     48  
1390.0  23:10:01 42.3758 -72.51817   3     13     45  
1390.0  23:10:14 42.3758 -72.51817   4     10     57  
1390.0  23:10:14 42.3758 -72.51817   3     18     40  
1390.0  23:10:24 42.3758 -72.51817   3     14     45  
1390.0  23:10:29 42.3758 -72.51817   3     11     42  
1390.0  23:10:34 42.3758 -72.51817   4     18     46  
1390.0  23:10:36 42.3758 -72.51817   4     12     49  
1390.0  23:10:44 42.3758 -72.51817   3     18     56  
1390.0  23:10:58 42.3758 -72.51817   5     12     44  
1391.0  23:11:37 42.3758 -72.51817   3     17     43  
1391.0  23:11:55 42.3758 -72.51817   4     10     42  
1392.0  23:12:05 42.3758 -72.51817   5     11     42  
1392.0  23:12:39 42.3758 -72.51817   4     10     41  
1392.0  23:12:44 42.3758 -72.51817   3     12     40  
1392.0  23:12:49 42.3758 -72.51817   4     16     56  
1392.0  23:12:50 42.3758 -72.51817   4     18     48  
1393.0  23:13:35 42.3758 -72.51817   3     18     40  
1393.0  23:13:38 42.3758 -72.51817   5     12     47  
1393.0  23:13:46 42.3758 -72.51817   5     15     49  
1393.0  23:13:51 42.3758 -72.51817   4     12     41  
1393.0  23:13:56 42.3758 -72.51817   4     10     44  
1394.0  23:14:33 42.3758 -72.51817   3     16     55  
1394.0  23:14:50 42.3758 -72.51817   3     15     50  
1394.0  23:14:52 42.3758 -72.51817   3     18     40  
1394.0  23:14:58 42.3758 -72.51817   3     16     48  
1395.0  23:15:07 42.3758 -72.51817   4     19     45  
1395.0  23:15:12 42.3758 -72.51817   5     17     40  
1395.0  23:15:16 42.3758 -72.51817   5     19     54  
1395.0  23:15:27 42.3758 -72.51817   3     17     45  
1395.0  23:15:35 42.3758 -72.51817   5     18     59  
1395.0  23:15:58 42.3758 -72.51817   5     16     58  
1398.0  23:18:10 42.3758 -72.51817   3     10     47  
1398.0  23:18:12 42.3758 -72.51817   5     16     53  
1398.0  23:18:21 42.3758 -72.51817   5     14     56  
1398.0  23:18:36 42.3758 -72.51817   3     11     52  
1404.0  23:24:54 42.3758 -72.51817   4     17     40  
1404.0  23:24:59 42.3758 -72.51817   3     17     40  
1405.0  23:25:29 42.3758 -72.51817   4     14     46  
1406.0  23:26:23 42.3758 -72.51817   5     18     40  
1406.0  23:26:45 42.3758 -72.51817   3     14     41  
1408.0  23:28:55 42.3758 -72.51817   5     19     50  
1409.0  23:29:33 42.3758 -72.51817   5     14     56  
1410.0  23:30:16 42.3758 -72.51817   4     13     43  
1410.0  23:30:22 42.3758 -72.51817   4     14     52  
1411.0  23:31:18 42.3758 -72.51817   5     14     54  
1413.0  23:33:19 42.3758 -72.51817   5     13     51  
1413.0  23:33:24 42.3758 -72.51817   5     13     45  
1413.0  23:33:29 42.3758 -72.51817   3     14     43  
1413.0  23:33:34 42.3758 -72.51817   3     13     48  
1413.0  23:33:38 42.3758 -72.51817   5     16     41  
1413.0  23:33:44 42.3758 -72.51817   4     19     56  
1413.0  23:33:49 42.3758 -72.51817   3     16     43  
1413.0  23:33:54 42.3758 -72.51817   4     15     54  
1414.0  23:34:00 42.3758 -72.51817   3     19     47  
1414.0  23:34:00 42.3758 -72.51817   4     13     51  
1414.0  23:34:45 42.3758 -72.51817   5     18     48  
1414.0  23:34:50 42.3758 -72.51817   5     12     45  
1414.0  23:34:54 42.3758 -72.51817   3     11     57  
1415.0  23:35:00 42.3758 -72.51817   5     10     57  
1415.0  23:35:05 42.3758 -72.51817   4     17     47  
1415.0  23:35:10 42.3758 -72.51817   4     14     50  
1415.0  23:35:16 42.3758 -72.51817   3     13     48  
1415.0  23:35:21 42.3758 -72.51817   4     12     48  
1415.0  23:35:21 42.3758 -72.51817   4     18     48  
1415.0  23:35:42 42.3758 -72.51817   3     19     45  
1415.0  23:35:43 42.3758 -72.51817   4     16     49  
1415.0  23:35:52 42.3758 -72.51817   5     11     41  
1415.0  23:35:57 42.3758 -72.51817   5     18     45  
1416.0  23:36:02 42.3758 -72.51817   5     12     49  
1416.0  23:36:05 42.3758 -72.51817   5     12     47  
1416.0  23:36:12 42.3758 -72.51817   3     13     42  
1416.0  23:36:17 42.3758 -72.51817   3     18     45  
1416.0  23:36:35 42.3758 -72.51817   5     11     41  
1416.0  23:36:36 42.3758 -72.51817   5     10     50  
1416.0  23:36:45 42.3758 -72.51817   4     11     52  
1416.0  23:36:51 42.3758 -72.51817   3     19     58  
1416.0  23:36:56 42.3758 -72.51817   3     10     46  
1416.0  23:36:58 42.3758 -72.51817   4     18     55  
1417.0  23:37:06 42.3758 -72.51817   3     15     48  
1417.0  23:37:11 42.3758 -72.51817   4     15     47  
1417.0  23:37:20 42.3758 -72.51817   4     19     48  
1417.0  23:37:20 42.3758 -72.51817   5     10     46  
1417.0  23:37:46 42.3758 -72.51817   3     10     58  
1418.0  23:38:06 42.3758 -72.51817   5     13     52  
1418.0  23:38:11 42.3758 -72.51817   3     15     48  
1418.0  23:38:16 42.3758 -72.51817   5     15     46  
1419.0  23:39:50 42.3758 -72.51817   5     14     41  
1419.0  23:39:52 42.3758 -72.51817   4     10     57  
1420.0  23:40:00 42.3758 -72.51817   4     15     42  
1420.0  23:40:05 42.3758 -72.51817   5     12     49  
1420.0  23:40:10 42.3758 -72.51817   3     17     51  
1420.0  23:40:15 42.3758 -72.51817   3     11     41  
1420.0  23:40:21 42.3758 -72.51817   4     12     43  
1420.0  23:40:26 42.3758 -72.51817   3     18     43  
1420.0  23:40:31 42.3758 -72.51817   3     14     53  
1420.0  23:40:38 42.3758 -72.51817   5     13     42  
1420.0  23:40:49 42.3758 -72.51817   3     12     49  
1421.0  23:41:11 42.3758 -72.51817   5     16     53  
1423.0  23:43:59 42.3758 -72.51817   5     13     54  
1424.0  23:44:04 42.3758 -72.51817   5     19     48  
1424.0  23:44:18 42.3758 -72.51817   5     15     50  
1424.0  23:44:23 42.3758 -72.51817   4     16     51  
1424.0  23:44:29 42.3758 -72.51817   4     10     51  
1424.0  23:44:34 42.3758 -72.51817   3     19     43  
1424.0  23:44:49 42.3758 -72.51817   3     19     45  
1424.0  23:44:59 42.3758 -72.51817   4     18     53  
1425.0  23:45:03 42.3758 -72.51817   5     18     43  
1425.0  23:45:16 42.3758 -72.51817   5     13     47  
1425.0  23:45:22 42.3758 -72.51817   3     13     49  
1425.0  23:45:27 42.3758 -72.51817   3     15     54  
1425.0  23:45:30 42.3758 -72.51817   4     14     40  
1425.0  23:45:37 42.3758 -72.51817   3     18     41  
1425.0  23:45:42 42.3758 -72.51817   3     18     46  
1425.0  23:45:47 42.3758 -72.51817   3     18     47  
1425.0  23:45:52 42.3758 -72.51817   3     17     41  
1426.0  23:46:03 42.3758 -72.51817   3     10     50  
1426.0  23:46:08 42.3758 -72.51817   4     17     56  
1426.0  23:46:14 42.3758 -72.51817   3     19     45  
1426.0  23:46:14 42.3758 -72.51817   5     10     57  
1426.0  23:46:24 42.3758 -72.51817   3     16     40  
1426.0  23:46:29 42.3758 -72.51817   5     17     40  
1426.0  23:46:34 42.3758 -72.51817   5     14     44  
1426.0  23:46:36 42.3758 -72.51817   4     14     42  
1426.0  23:46:44 42.3758 -72.51817   5     11     40  
1426.0  23:46:53 42.3758 -72.51817   3     14     48  
1426.0  23:46:58 42.3758 -72.51817   4     17     59  
1426.0  23:46:59 42.3758 -72.51817   5     11     41  
1427.0  23:47:09 42.3758 -72.51817   4     13     43  
1427.0  23:47:14 42.3758 -72.51817   5     19     49  
1427.0  23:47:19 42.3758 -72.51817   4     13     54  
1427.0  23:47:21 42.3758 -72.51817   5     13     48  
1427.0  23:47:29 42.3758 -72.51817   5     18     56  
1427.0  23:47:34 42.3758 -72.51817   5     11     44  
1427.0  23:47:41 42.3758 -72.51817   4     12     51  
1427.0  23:47:43 42.3758 -72.51817   5     15     46  
1427.0  23:47:51 42.3758 -72.51817   5     10     42  
1427.0  23:47:56 42.3758 -72.51817   4     15     48  
1428.0  23:48:01 42.3758 -72.51817   5     18     45  
1428.0  23:48:07 42.3758 -72.51817   4     19     45  
1428.0  23:48:10 42.3758 -72.51817   4     11     54  
1428.0  23:48:17 42.3758 -72.51817   3     10     41  
1429.0  23:49:13 42.3758 -72.51817   3     19     49  
1429.0  23:49:36 42.3758 -72.51817   3     10     58  
1430.0  23:50:08 42.3758 -72.51817   4     19     53  
1430.0  23:50:48 42.3758 -72.51817   4     15     44  
1430.0  23:50:53 42.3758 -72.51817   3     16     44  
1430.0  23:50:58 42.3758 -72.51817   3     12     54  
1431.0  23:51:03 42.3758 -72.51817   4     16     44  
1431.0  23:51:06 42.3758 -72.51817   4     12     53  
1431.0  23:51:13 42.3758 -72.51817   3     13     51  
1431.0  23:51:18 42.3758 -72.51817   3     11     54  
1431.0  23:51:29 42.3758 -72.51817   5     17     56  
1432.0  23:52:01 42.3758 -72.51817   4     14     53  
1432.0  23:52:06 42.3758 -72.51817   5     14     52  
1432.0  23:52:18 42.3758 -72.51817   3     13     47  
1432.0  23:52:20 42.3758 -72.51817   4     10     49  
1432.0  23:52:22 42.3758 -72.51817   3     11     42  
1432.0  23:52:38 42.3758 -72.51817   3     19     57  
1432.0  23:52:46 42.3758 -72.51817   3     19     41  
1432.0  23:52:53 42.3758 -72.51817   4     15     51  
1432.0  23:52:55 42.3758 -72.51817   3     11     53  
1433.0  23:53:07 42.3758 -72.51817   4     15     41  
1433.0  23:53:15 42.3758 -72.51817   4     12     54  
1433.0  23:53:44 42.3758 -72.51817   3     17     57  
1433.0  23:53:47 42.3758 -72.51817   3     16     54  
1433.0  23:53:59 42.3758 -72.51817   5     10     56  
1434.0  23:54:14 42.3758 -72.51817   5     12     50  
1434.0  23:54:15 42.3758 -72.51817   4     18     40  
1434.0  23:54:30 42.3758 -72.51817   5     15     42  
1434.0  23:54:35 42.3758 -72.51817   3     17     46  
1434.0  23:54:58 42.3758 -72.51817   3     13     52  
1435.0  23:55:03 42.3758 -72.51817   5     10     43  
1435.0  23:55:08 42.3758 -72.51817   3     11     50  
1435.0  23:55:08 42.3758 -72.51817   3     19     49  
1435.0  23:55:18 42.3758 -72.51817   4     13     56  
1435.0  23:55:23 42.3758 -72.51817   4     17     45  
1435.0  23:55:28 42.3758 -72.51817   5     14     57  
1435.0  23:55:30 42.3758 -72.51817   5     14     48  
1435.0  23:55:38 42.3758 -72.51817   3     14     45  
1438.0  23:58:22 42.3758 -72.51817   4     15     45  
