459.0  07:39:33 0.0 -0.0   4     11     40  
459.0  07:39:46 0.0 -1.1095744E27   4     18     58  
460.0  07:40:00 0.0 -1.8111362E22   4     12     58  
460.0  07:40:12 0.0 -1.8111362E22   4     14     55  
461.0  07:41:00 42.389618 -72.53266   3     16     56  
461.0  07:41:12 42.38887 -72.5323   3     14     41  
461.0  07:41:23 42.387665 -72.53181   4     16     42  
461.0  07:41:31 42.38651 -72.531334   4     18     50  
461.0  07:41:41 42.385612 -72.53098   3     10     40  
461.0  07:41:51 42.38516 -72.531   5     13     42  
462.0  07:42:00 42.38518 -72.53102   4     15     56  
462.0  07:42:00 42.385185 -72.53103   4     18     44  
462.0  07:42:08 42.38519 -72.53103   5     18     46  
462.0  07:42:18 42.385197 -72.531006   4     17     42  
462.0  07:42:27 42.384987 -72.53075   3     16     50  
462.0  07:42:36 42.38483 -72.529755   3     10     58  
462.0  07:42:45 42.384647 -72.52872   4     15     49  
462.0  07:42:53 42.38479 -72.52739   4     12     50  
463.0  07:43:00 42.3852 -72.525696   5     12     56  
463.0  07:43:02 42.38509 -72.52616   3     19     52  
463.0  07:43:15 42.38556 -72.5243   5     16     55  
463.0  07:43:23 42.385902 -72.52277   4     19     42  
463.0  07:43:32 42.385857 -72.522766   5     15     58  
463.0  07:43:40 42.385868 -72.52279   5     14     56  
463.0  07:43:49 42.385868 -72.52276   5     12     40  
463.0  07:43:58 42.385677 -72.52217   5     13     50  
464.0  07:44:00 42.385143 -72.52176   4     10     43  
464.0  07:44:09 42.384693 -72.52154   3     12     52  
464.0  07:44:17 42.38361 -72.52094   4     19     48  
464.0  07:44:26 42.38265 -72.52039   5     14     47  
464.0  07:44:35 42.381786 -72.51969   4     19     54  
464.0  07:44:44 42.381493 -72.519356   3     17     45  
464.0  07:44:53 42.380936 -72.51937   5     18     53  
465.0  07:45:00 42.3797 -72.51964   4     14     55  
465.0  07:45:04 42.379803 -72.5196   5     19     48  
465.0  07:45:13 42.378925 -72.51997   5     14     58  
465.0  07:45:21 42.378433 -72.520004   4     18     54  
465.0  07:45:30 42.378033 -72.51999   5     19     43  
465.0  07:45:39 42.377724 -72.52   5     18     53  
465.0  07:45:47 42.377354 -72.51998   4     14     50  
465.0  07:45:58 42.376637 -72.51994   5     14     55  
466.0  07:46:00 42.37641 -72.51993   5     14     51  
466.0  07:46:07 42.376373 -72.51992   4     16     48  
466.0  07:46:16 42.37637 -72.51992   5     16     43  
466.0  07:46:24 42.37632 -72.51992   5     15     53  
466.0  07:46:33 42.376274 -72.51992   5     16     42  
466.0  07:46:41 42.37628 -72.519905   5     13     54  
466.0  07:46:51 42.375965 -72.5199   5     18     56  
467.0  07:47:00 42.37536 -72.519875   3     11     55  
467.0  07:47:00 42.37511 -72.51985   3     17     46  
467.0  07:47:09 42.37492 -72.51985   5     13     55  
467.0  07:47:17 42.37475 -72.51987   5     13     42  
467.0  07:47:26 42.374184 -72.519905   4     19     59  
467.0  07:47:35 42.373646 -72.51987   3     17     55  
467.0  07:47:46 42.373394 -72.519844   3     18     53  
467.0  07:47:54 42.373386 -72.519844   5     15     41  
468.0  07:48:00 42.3734 -72.51986   5     18     51  
468.0  07:48:03 42.3734 -72.51986   5     15     42  
468.0  07:48:12 42.373425 -72.51986   5     11     49  
468.0  07:48:20 42.373096 -72.51985   3     16     45  
468.0  07:48:30 42.37228 -72.519775   4     18     59  
469.0  07:49:00 42.36697 -72.52024   4     18     47  
469.0  07:49:03 42.370247 -72.519875   3     16     52  
469.0  07:49:17 42.36491 -72.52058   3     11     51  
469.0  07:49:25 42.363655 -72.520775   4     15     48  
469.0  07:49:35 42.36211 -72.520805   3     10     42  
469.0  07:49:47 42.360893 -72.52081   3     15     49  
469.0  07:49:59 42.35894 -72.52087   5     15     59  
470.0  07:50:00 42.35745 -72.520966   3     13     53  
470.0  07:50:08 42.357 -72.521   3     11     55  
470.0  07:50:20 42.35594 -72.52104   4     16     43  
471.0  07:51:00 42.351727 -72.52449   4     12     53  
471.0  07:51:14 42.351555 -72.525955   5     15     45  
471.0  07:51:25 42.351486 -72.52749   4     12     59  
471.0  07:51:33 42.350838 -72.52745   4     17     53  
471.0  07:51:42 42.350666 -72.527435   5     19     46  
471.0  07:51:44 42.355377 -72.52143   4     11     46  
471.0  07:51:50 42.350105 -72.52746   3     11     49  
471.0  07:51:58 42.34984 -72.527725   3     10     44  
472.0  07:52:00 42.34972 -72.527985   3     13     52  
472.0  07:52:06 42.349644 -72.52825   3     12     51  
472.0  07:52:17 42.349483 -72.52857   3     12     45  
472.0  07:52:25 42.349216 -72.52886   3     14     58  
472.0  07:52:34 42.34885 -72.5289   3     15     45  
472.0  07:52:43 42.34853 -72.52891   4     15     40  
472.0  07:52:51 42.348454 -72.529205   3     12     48  
473.0  07:53:00 42.348354 -72.52956   3     12     49  
473.0  07:53:00 42.34835 -72.529625   4     12     51  
473.0  07:53:10 42.348347 -72.52974   3     16     40  
473.0  07:53:18 42.34862 -72.53059   4     10     58  
473.0  07:53:26 42.348785 -72.530495   4     19     43  
473.0  07:53:35 42.349167 -72.530396   5     13     43  
473.0  07:53:43 42.34963 -72.53027   5     16     59  
473.0  07:53:52 42.350338 -72.53024   3     18     53  
474.0  07:54:00 42.35049 -72.53026   4     18     54  
474.0  07:54:02 42.35049 -72.53025   5     19     49  
474.0  07:54:11 42.350506 -72.53028   3     15     43  
474.0  07:54:20 42.350613 -72.53027   5     12     46  
474.0  07:54:28 42.351227 -72.530266   4     14     46  
474.0  07:54:37 42.351536 -72.53025   5     14     58  
474.0  07:54:46 42.351566 -72.52948   4     11     40  
474.0  07:54:56 42.35156 -72.52763   3     11     50  
475.0  07:55:00 42.35152 -72.52655   3     10     52  
475.0  07:55:05 42.35152 -72.52649   3     14     45  
475.0  07:55:13 42.351517 -72.52646   3     11     58  
475.0  07:55:22 42.351513 -72.52647   3     19     41  
475.0  07:55:31 42.351524 -72.52643   3     18     41  
475.0  07:55:40 42.351624 -72.52554   3     11     45  
475.0  07:55:50 42.35213 -72.52367   5     11     41  
476.0  07:56:00 42.353188 -72.522705   5     10     55  
476.0  07:56:00 42.35376 -72.52227   5     12     58  
476.0  07:56:10 42.35406 -72.522026   3     19     57  
476.0  07:56:21 42.354103 -72.52195   5     19     45  
476.0  07:56:31 42.35437 -72.52176   5     10     59  
476.0  07:56:46 42.35552 -72.5212   5     14     47  
477.0  07:57:00 42.355778 -72.520874   4     12     46  
477.0  07:57:21 42.35745 -72.52084   5     13     40  
477.0  07:57:32 42.35885 -72.520775   3     14     46  
477.0  07:57:40 42.36027 -72.5207   4     19     40  
477.0  07:57:49 42.36175 -72.5207   4     15     41  
477.0  07:57:57 42.363056 -72.52067   4     14     54  
478.0  07:58:00 42.36322 -72.52066   4     17     44  
478.0  07:58:06 42.36322 -72.52066   4     19     52  
478.0  07:58:15 42.36322 -72.52066   4     14     59  
478.0  07:58:25 42.36322 -72.52066   5     17     41  
478.0  07:58:34 42.363564 -72.5207   5     19     50  
478.0  07:58:42 42.364616 -72.52057   3     14     49  
478.0  07:58:51 42.365948 -72.52032   3     15     58  
478.0  07:58:59 42.36754 -72.52006   4     11     52  
479.0  07:59:00 42.368137 -72.51999   5     14     45  
479.0  07:59:08 42.368553 -72.519936   4     16     53  
479.0  07:59:19 42.37028 -72.51977   3     18     49  
479.0  07:59:31 42.371296 -72.51973   3     17     41  
479.0  07:59:40 42.37227 -72.5197   3     14     45  
479.0  07:59:48 42.372997 -72.51976   4     17     49  
479.0  07:59:56 42.373123 -72.51975   4     16     40  
480.0  08:00:00 42.373123 -72.519745   4     10     55  
480.0  08:00:05 42.373142 -72.519745   5     17     47  
480.0  08:00:15 42.37374 -72.51981   4     19     42  
480.0  08:00:24 42.374237 -72.51986   5     14     55  
480.0  08:00:32 42.37465 -72.519745   4     15     44  
480.0  08:00:40 42.3748 -72.519775   5     19     46  
480.0  08:00:49 42.374832 -72.5198   5     17     51  
480.0  08:00:57 42.37479 -72.5198   5     15     54  
481.0  08:01:00 42.374763 -72.51976   3     11     47  
481.0  08:01:07 42.37477 -72.519775   5     13     47  
481.0  08:01:16 42.374958 -72.51981   3     19     55  
481.0  08:01:24 42.37525 -72.51978   5     14     56  
481.0  08:01:37 42.375256 -72.51977   5     13     52  
481.0  08:01:46 42.375286 -72.51983   5     17     50  
481.0  08:01:57 42.375626 -72.51982   4     19     41  
482.0  08:02:00 42.376083 -72.519844   5     16     54  
482.0  08:02:05 42.37615 -72.51985   4     13     41  
482.0  08:02:14 42.37678 -72.51985   5     16     58  
482.0  08:02:23 42.37746 -72.51981   5     14     53  
482.0  08:02:32 42.37751 -72.51983   3     15     54  
482.0  08:02:40 42.37749 -72.51983   3     15     52  
482.0  08:02:52 42.378334 -72.51989   4     19     50  
483.0  08:03:00 42.379147 -72.51978   5     14     42  
483.0  08:03:00 42.379524 -72.51964   4     12     57  
483.0  08:03:08 42.37977 -72.5195   3     11     44  
483.0  08:03:17 42.379868 -72.519485   3     18     45  
483.0  08:03:25 42.379868 -72.519554   3     13     46  
483.0  08:03:34 42.379837 -72.519516   5     19     46  
483.0  08:03:44 42.38058 -72.5193   5     12     48  
483.0  08:03:53 42.38107 -72.51929   3     19     45  
484.0  08:04:00 42.381126 -72.51928   4     18     58  
484.0  08:04:01 42.381123 -72.51929   3     10     55  
484.0  08:04:10 42.38115 -72.51927   4     16     41  
484.0  08:04:18 42.38125 -72.51926   5     18     58  
484.0  08:04:27 42.38155 -72.51925   4     13     41  
484.0  08:04:38 42.382298 -72.52001   5     17     59  
484.0  08:04:46 42.383076 -72.5205   3     12     44  
484.0  08:04:55 42.38316 -72.520546   5     15     47  
485.0  08:05:00 42.38319 -72.52056   4     12     54  
485.0  08:05:04 42.383175 -72.52054   4     11     44  
485.0  08:05:13 42.383717 -72.52087   4     17     51  
485.0  08:05:22 42.384693 -72.52143   4     16     57  
485.0  08:05:33 42.38577 -72.52201   3     11     52  
485.0  08:05:42 42.386044 -72.52243   5     16     48  
485.0  08:05:51 42.38666 -72.52234   3     12     50  
486.0  08:06:00 42.38734 -72.52303   3     12     50  
486.0  08:06:00 42.387627 -72.523384   4     16     45  
486.0  08:06:09 42.387714 -72.52351   5     13     56  
486.0  08:06:18 42.387745 -72.52353   4     13     44  
486.0  08:06:28 42.387737 -72.52353   3     12     56  
486.0  08:06:36 42.387684 -72.523544   3     10     40  
486.0  08:06:45 42.38767 -72.52356   5     13     59  
486.0  08:06:53 42.387665 -72.52356   4     11     53  
487.0  08:07:00 42.3877 -72.523575   5     18     59  
487.0  08:07:02 42.38769 -72.52357   3     12     54  
487.0  08:07:10 42.387966 -72.523834   4     17     59  
487.0  08:07:20 42.389145 -72.52466   3     12     48  
487.0  08:07:29 42.39011 -72.524994   4     14     50  
487.0  08:07:37 42.39099 -72.52522   4     16     55  
487.0  08:07:46 42.39153 -72.52519   4     11     46  
487.0  08:07:55 42.391693 -72.52523   4     15     53  
488.0  08:08:00 42.391563 -72.52529   3     16     53  
488.0  08:08:03 42.39152 -72.5253   4     13     54  
488.0  08:08:15 42.391903 -72.52537   4     15     53  
488.0  08:08:23 42.39279 -72.52563   5     12     58  
488.0  08:08:30 42.39357 -72.52599   4     17     49  
488.0  08:08:39 42.39394 -72.52615   5     10     51  
488.0  08:08:47 42.393936 -72.52617   4     18     45  
488.0  08:08:56 42.39394 -72.5262   5     18     53  
489.0  08:09:00 42.393906 -72.52619   5     19     42  
489.0  08:09:06 42.393894 -72.526184   4     16     51  
489.0  08:09:14 42.39387 -72.52616   4     18     51  
489.0  08:09:23 42.39391 -72.52615   5     10     49  
489.0  08:09:33 42.39393 -72.52617   5     17     43  
489.0  08:09:42 42.393917 -72.52617   5     10     44  
489.0  08:09:50 42.39392 -72.52613   3     14     51  
490.0  08:10:00 42.39391 -72.52622   3     14     47  
490.0  08:10:01 42.3939 -72.52619   3     14     50  
490.0  08:10:09 42.39406 -72.52633   3     16     58  
490.0  08:10:18 42.394825 -72.526764   4     19     51  
490.0  08:10:26 42.39512 -72.52689   5     18     45  
490.0  08:10:35 42.39516 -72.52688   4     14     51  
490.0  08:10:43 42.39513 -72.52687   3     14     45  
490.0  08:10:53 42.395077 -72.526886   3     10     40  
491.0  08:11:00 42.395123 -72.52697   3     16     54  
491.0  08:11:02 42.39511 -72.52697   3     17     50  
491.0  08:11:10 42.395126 -72.526955   4     19     47  
491.0  08:11:18 42.395103 -72.52689   5     13     52  
491.0  08:11:27 42.39559 -72.527115   5     14     48  
491.0  08:11:35 42.396423 -72.52748   3     12     58  
491.0  08:11:46 42.397594 -72.52796   4     14     54  
491.0  08:11:54 42.398567 -72.528046   4     11     50  
492.0  08:12:00 42.399647 -72.52797   4     19     50  
492.0  08:12:03 42.39952 -72.52798   4     11     52  
492.0  08:12:12 42.400784 -72.52792   3     14     46  
492.0  08:12:26 42.402622 -72.52865   5     11     41  
492.0  08:12:36 42.403755 -72.52941   5     15     56  
492.0  08:12:45 42.404015 -72.529495   5     14     45  
492.0  08:12:54 42.40396 -72.52947   4     17     50  
493.0  08:13:00 42.403973 -72.52946   3     19     44  
493.0  08:13:03 42.40396 -72.52944   4     13     53  
493.0  08:13:11 42.40428 -72.5296   5     11     48  
493.0  08:13:20 42.40533 -72.52966   3     12     52  
493.0  08:13:30 42.406845 -72.529884   5     18     53  
493.0  08:13:39 42.408173 -72.5303   3     18     44  
493.0  08:13:48 42.40928 -72.53064   5     14     50  
493.0  08:13:57 42.41032 -72.530975   5     11     43  
494.0  08:14:00 42.41099 -72.531265   5     14     46  
494.0  08:14:05 42.41111 -72.531296   3     13     55  
494.0  08:14:13 42.41228 -72.53161   3     12     46  
494.0  08:14:23 42.41342 -72.531906   3     10     40  
494.0  08:14:31 42.414436 -72.53236   3     12     56  
494.0  08:14:40 42.415573 -72.53304   4     12     42  
494.0  08:14:48 42.416386 -72.53352   4     11     46  
494.0  08:14:57 42.417244 -72.53402   4     18     48  
495.0  08:15:00 42.41832 -72.534645   4     19     50  
495.0  08:15:05 42.41846 -72.53474   3     12     44  
495.0  08:15:16 42.419937 -72.53562   4     15     52  
495.0  08:15:25 42.421154 -72.53634   3     17     43  
495.0  08:15:34 42.421764 -72.53701   5     11     51  
495.0  08:15:43 42.421745 -72.53721   5     17     59  
495.0  08:15:51 42.421745 -72.53722   3     17     41  
496.0  08:16:00 42.42177 -72.53725   4     12     41  
496.0  08:16:00 42.421772 -72.53723   4     12     58  
496.0  08:16:10 42.42177 -72.53723   4     18     42  
496.0  08:16:18 42.42177 -72.53722   5     13     45  
496.0  08:16:27 42.421803 -72.53721   4     19     53  
496.0  08:16:35 42.421787 -72.53723   3     17     40  
496.0  08:16:44 42.421257 -72.53719   4     13     52  
496.0  08:16:59 42.418972 -72.53686   5     18     59  
497.0  08:17:00 42.41799 -72.53685   5     17     50  
497.0  08:17:08 42.417213 -72.53694   3     16     58  
497.0  08:17:17 42.41567 -72.53715   4     10     59  
497.0  08:17:25 42.413937 -72.53735   5     18     55  
497.0  08:17:34 42.41239 -72.53757   4     10     50  
497.0  08:17:42 42.410667 -72.53776   4     10     50  
497.0  08:17:53 42.409134 -72.53795   5     12     47  
498.0  08:18:00 42.409008 -72.53797   3     15     57  
498.0  08:18:01 42.40899 -72.53797   3     18     56  
498.0  08:18:10 42.409027 -72.53798   5     14     50  
498.0  08:18:18 42.409027 -72.53796   3     10     51  
498.0  08:18:27 42.40894 -72.53786   4     19     57  
498.0  08:18:36 42.409195 -72.536964   3     18     40  
498.0  08:18:46 42.409412 -72.53519   5     16     59  
498.0  08:18:55 42.40957 -72.53392   5     16     57  
499.0  08:19:00 42.40975 -72.53229   3     11     40  
499.0  08:19:05 42.409733 -72.532455   4     12     54  
499.0  08:19:15 42.409733 -72.532455   3     12     58  
499.0  08:19:23 42.40983 -72.53092   5     17     40  
499.0  08:19:32 42.409286 -72.53076   5     16     56  
499.0  08:19:44 42.407764 -72.53026   3     15     44  
499.0  08:19:52 42.406525 -72.5299   5     15     50  
499.0  08:19:59 42.405468 -72.52974   3     19     54  
500.0  08:20:00 42.404922 -72.5297   3     14     52  
500.0  08:20:08 42.404396 -72.52969   4     10     52  
500.0  08:20:17 42.40342 -72.52929   4     19     45  
500.0  08:20:26 42.40257 -72.52869   5     12     57  
500.0  08:20:37 42.40257 -72.52869   3     11     43  
500.0  08:20:48 42.401302 -72.52773   3     10     50  
500.0  08:20:56 42.401302 -72.52773   4     10     46  
501.0  08:21:00 42.398174 -72.52811   4     13     52  
501.0  08:21:05 42.398174 -72.52811   4     13     47  
501.0  08:21:13 42.397385 -72.527985   3     14     48  
501.0  08:21:21 42.39661 -72.52767   3     18     43  
501.0  08:21:30 42.395863 -72.527336   4     13     53  
501.0  08:21:42 42.39567 -72.52723   3     13     58  
501.0  08:21:50 42.395683 -72.52727   4     14     50  
501.0  08:21:59 42.395493 -72.52719   5     17     55  
502.0  08:22:00 42.395184 -72.52704   3     17     52  
502.0  08:22:08 42.394966 -72.52692   3     15     50  
502.0  08:22:16 42.3942 -72.526474   5     12     59  
502.0  08:22:25 42.39374 -72.52619   3     19     45  
502.0  08:22:39 42.393482 -72.5261   5     19     52  
502.0  08:22:48 42.39334 -72.526   3     11     55  
502.0  08:22:56 42.393322 -72.526   4     14     48  
503.0  08:23:00 42.39332 -72.525986   3     14     46  
503.0  08:23:05 42.39332 -72.525986   4     15     41  
503.0  08:23:13 42.393303 -72.52594   3     19     40  
503.0  08:23:22 42.3933 -72.52593   4     18     55  
503.0  08:23:32 42.39327 -72.52591   5     12     46  
503.0  08:23:40 42.39326 -72.52589   5     16     56  
503.0  08:23:49 42.39326 -72.52587   4     13     53  
503.0  08:23:57 42.393288 -72.52592   4     13     43  
504.0  08:24:00 42.39329 -72.52594   4     19     56  
504.0  08:24:05 42.393288 -72.52594   5     11     57  
504.0  08:24:14 42.39328 -72.525925   4     15     54  
504.0  08:24:24 42.393284 -72.5259   4     11     40  
504.0  08:24:33 42.393288 -72.525894   3     12     40  
504.0  08:24:41 42.393284 -72.52589   3     16     44  
504.0  08:24:50 42.393307 -72.52587   5     11     45  
504.0  08:24:59 42.393322 -72.52591   5     13     44  
505.0  08:25:00 42.393326 -72.52594   3     12     41  
505.0  08:25:07 42.393314 -72.52594   5     12     46  
505.0  08:25:18 42.393307 -72.525925   3     12     55  
505.0  08:25:26 42.39331 -72.52594   5     14     51  
505.0  08:25:35 42.393345 -72.526   5     17     42  
505.0  08:25:43 42.39334 -72.525986   5     10     52  
505.0  08:25:52 42.39334 -72.525986   4     16     59  
506.0  08:26:00 42.39332 -72.52598   4     10     48  
506.0  08:26:01 42.39331 -72.525986   3     12     50  
506.0  08:26:11 42.39332 -72.525955   3     10     52  
506.0  08:26:19 42.39332 -72.525955   5     12     40  
506.0  08:26:28 42.393333 -72.52594   5     10     43  
506.0  08:26:37 42.393333 -72.52595   3     14     54  
506.0  08:26:46 42.39333 -72.525925   4     19     54  
506.0  08:26:55 42.393326 -72.525925   4     14     46  
507.0  08:27:00 42.393326 -72.525925   5     10     47  
507.0  08:27:05 42.393326 -72.525925   3     19     41  
507.0  08:27:15 42.393314 -72.52595   3     16     53  
507.0  08:27:24 42.393303 -72.52596   4     19     41  
507.0  08:27:34 42.393322 -72.52599   5     17     56  
507.0  08:27:42 42.393322 -72.52601   4     15     50  
507.0  08:27:51 42.393307 -72.526   4     18     41  
508.0  08:28:00 42.393307 -72.52601   5     12     54  
508.0  08:28:05 42.39331 -72.52601   3     11     56  
508.0  08:28:13 42.39333 -72.52599   3     12     54  
508.0  08:28:22 42.393322 -72.52601   5     13     45  
508.0  08:28:30 42.393333 -72.52599   3     19     56  
508.0  08:28:39 42.393345 -72.52599   5     16     52  
508.0  08:28:48 42.39334 -72.526024   3     12     46  
508.0  08:28:59 42.393314 -72.525925   5     13     40  
509.0  08:29:00 42.39329 -72.52594   4     12     49  
509.0  08:29:07 42.39328 -72.52594   4     18     51  
509.0  08:29:16 42.39327 -72.52597   4     10     44  
509.0  08:29:25 42.393276 -72.525986   3     14     54  
509.0  08:29:34 42.39328 -72.525986   4     14     59  
509.0  08:29:43 42.39327 -72.525986   5     12     50  
509.0  08:29:53 42.393295 -72.52604   5     13     57  
510.0  08:30:00 42.393314 -72.526024   3     19     43  
510.0  08:30:02 42.393307 -72.52603   5     18     42  
510.0  08:30:10 42.39332 -72.52596   3     10     48  
510.0  08:30:19 42.393337 -72.526   4     18     54  
510.0  08:30:27 42.39332 -72.52605   4     12     53  
510.0  08:30:36 42.393257 -72.52594   4     16     54  
510.0  08:30:46 42.39258 -72.52565   3     13     40  
510.0  08:30:55 42.391914 -72.52544   5     10     40  
511.0  08:31:00 42.391033 -72.52525   3     19     49  
511.0  08:31:03 42.39111 -72.52525   3     12     52  
511.0  08:31:12 42.390892 -72.52525   3     17     58  
511.0  08:31:20 42.390915 -72.52527   4     14     48  
511.0  08:31:29 42.390926 -72.52527   4     18     43  
511.0  08:31:39 42.39054 -72.525116   3     15     42  
511.0  08:31:47 42.38962 -72.52492   4     19     43  
511.0  08:31:56 42.388695 -72.52459   5     13     40  
512.0  08:32:00 42.387955 -72.52411   3     12     41  
512.0  08:32:04 42.387955 -72.52411   4     14     40  
512.0  08:32:13 42.387676 -72.52386   5     17     41  
512.0  08:32:21 42.38771 -72.52385   4     15     41  
512.0  08:32:31 42.387707 -72.52379   3     18     59  
512.0  08:32:40 42.387466 -72.52343   5     18     54  
512.0  08:32:48 42.386868 -72.522675   3     10     52  
512.0  08:32:57 42.38623 -72.522415   4     18     53  
513.0  08:33:00 42.38575 -72.52247   5     13     45  
513.0  08:33:05 42.385727 -72.522385   5     13     52  
513.0  08:33:15 42.385277 -72.52183   3     18     55  
513.0  08:33:28 42.38404 -72.52114   5     10     42  
513.0  08:33:37 42.38307 -72.52064   3     18     48  
513.0  08:33:46 42.3822 -72.520065   4     19     45  
513.0  08:33:54 42.38157 -72.51945   4     14     53  
514.0  08:34:00 42.381023 -72.519325   5     14     54  
514.0  08:34:03 42.381165 -72.5193   4     11     43  
514.0  08:34:11 42.38052 -72.51939   4     16     45  
514.0  08:34:22 42.379505 -72.519684   3     11     53  
514.0  08:34:30 42.37879 -72.51994   3     19     56  
514.0  08:34:38 42.37793 -72.52001   5     16     45  
514.0  08:34:46 42.37771 -72.52004   3     10     58  
514.0  08:34:55 42.377716 -72.52003   5     14     40  
515.0  08:35:00 42.377724 -72.51996   4     11     47  
515.0  08:35:03 42.37774 -72.51996   5     10     42  
515.0  08:35:15 42.377686 -72.51997   3     12     44  
515.0  08:35:23 42.377403 -72.519936   5     17     41  
515.0  08:35:32 42.376755 -72.519905   3     12     56  
515.0  08:35:40 42.376076 -72.519875   4     14     40  
515.0  08:35:49 42.375313 -72.51984   4     13     44  
515.0  08:35:57 42.374626 -72.519844   4     15     50  
516.0  08:36:00 42.374493 -72.51986   3     13     42  
516.0  08:36:08 42.374535 -72.51984   5     12     46  
516.0  08:36:22 42.374367 -72.51984   4     11     46  
516.0  08:36:31 42.37388 -72.51982   4     13     40  
516.0  08:36:39 42.373016 -72.51978   4     16     49  
516.0  08:36:48 42.372253 -72.51972   3     11     57  
516.0  08:36:58 42.371063 -72.51976   4     10     44  
517.0  08:37:00 42.370144 -72.5198   5     17     48  
517.0  08:37:13 42.36882 -72.519966   4     15     49  
517.0  08:37:21 42.36736 -72.52017   5     17     51  
517.0  08:37:30 42.366028 -72.52035   4     19     59  
517.0  08:37:39 42.36483 -72.520546   3     18     55  
517.0  08:37:51 42.363037 -72.52074   3     16     46  
517.0  08:37:59 42.361465 -72.520744   3     17     54  
518.0  08:38:00 42.360725 -72.52074   4     18     43  
518.0  08:38:07 42.360287 -72.520744   4     10     54  
518.0  08:38:16 42.358955 -72.520775   5     17     47  
518.0  08:38:24 42.357716 -72.52085   5     12     47  
518.0  08:38:34 42.35646 -72.52091   5     17     49  
519.0  08:39:00 42.355553 -72.521225   5     13     48  
519.0  08:39:00 42.353947 -72.522385   3     12     49  
519.0  08:39:11 42.355553 -72.521225   4     13     56  
519.0  08:39:20 42.352215 -72.52396   3     13     45  
519.0  08:39:29 42.35182 -72.52537   5     16     48  
519.0  08:39:40 42.351696 -72.52705   4     13     53  
519.0  08:39:49 42.35156 -72.52744   3     19     40  
519.0  08:39:58 42.351196 -72.527405   3     18     50  
520.0  08:40:00 42.3509 -72.5274   3     15     55  
520.0  08:40:07 42.350853 -72.5274   5     19     55  
520.0  08:40:16 42.350414 -72.52737   5     13     53  
520.0  08:40:24 42.35 -72.527565   5     12     43  
520.0  08:40:35 42.34971 -72.52799   5     19     57  
520.0  08:40:44 42.349514 -72.5285   3     13     58  
520.0  08:40:53 42.34931 -72.52874   3     15     42  
521.0  08:41:00 42.348972 -72.52889   3     13     56  
521.0  08:41:03 42.3489 -72.52892   4     16     41  
521.0  08:41:12 42.348778 -72.52901   3     13     47  
521.0  08:41:19 42.34878 -72.52901   3     11     51  
521.0  08:41:29 42.348816 -72.52897   5     18     43  
521.0  08:41:38 42.348907 -72.52892   5     14     41  
521.0  08:41:47 42.348667 -72.529015   5     10     56  
521.0  08:41:55 42.34867 -72.52901   5     11     55  
522.0  08:42:00 42.348743 -72.52895   3     11     45  
522.0  08:42:04 42.34874 -72.52895   4     19     51  
522.0  08:42:13 42.34878 -72.52897   3     12     53  
522.0  08:42:23 42.348846 -72.52894   5     14     49  
522.0  08:42:32 42.34882 -72.52894   4     13     58  
522.0  08:42:41 42.348816 -72.52897   4     10     52  
522.0  08:42:49 42.34881 -72.528984   5     18     47  
522.0  08:42:58 42.348824 -72.52896   3     10     54  
523.0  08:43:00 42.348827 -72.52895   4     18     40  
523.0  08:43:06 42.348827 -72.52895   3     13     51  
523.0  08:43:17 42.34882 -72.52898   5     12     51  
523.0  08:43:26 42.348846 -72.52897   5     13     46  
523.0  08:43:35 42.348816 -72.529   5     17     56  
523.0  08:43:44 42.348812 -72.52899   4     18     40  
523.0  08:43:52 42.348797 -72.529015   4     15     43  
524.0  08:44:00 42.3488 -72.52898   4     18     55  
524.0  08:44:01 42.348797 -72.52897   3     15     44  
524.0  08:44:12 42.34882 -72.52899   5     17     57  
524.0  08:44:20 42.348827 -72.528984   5     18     45  
524.0  08:44:29 42.348824 -72.52895   5     17     58  
524.0  08:44:38 42.348846 -72.52893   5     16     57  
524.0  08:44:47 42.348793 -72.529015   4     10     49  
524.0  08:44:55 42.348816 -72.52901   5     13     46  
525.0  08:45:00 42.348827 -72.52899   3     18     43  
525.0  08:45:09 42.348827 -72.52899   5     18     52  
1136.0  18:56:04 42.39478 -72.534035   3     14     59  
1136.0  18:56:17 42.39473 -72.53406   5     13     56  
1136.0  18:56:29 42.394596 -72.53399   5     12     58  
1136.0  18:56:42 42.394615 -72.53393   5     10     49  
1137.0  18:57:51 0.0 -0.0   3     18     40  
1138.0  18:58:00 0.0 -0.0   3     14     56  
1138.0  18:58:03 0.0 -0.0   3     16     54  
1138.0  18:58:12 0.0 -0.0   5     17     54  
1138.0  18:58:21 0.0 -0.0   5     19     40  
1138.0  18:58:30 0.0 -0.0   5     11     55  
1138.0  18:58:38 0.0 -0.0   5     16     45  
1138.0  18:58:47 0.0 -0.0   3     17     43  
1138.0  18:58:59 0.0 -0.0   4     16     40  
1139.0  18:59:00 0.0 -0.0   5     11     47  
1139.0  18:59:07 0.0 -0.0   4     17     55  
1139.0  18:59:16 0.0 -0.0   3     10     43  
1139.0  18:59:25 0.0 -0.0   3     18     46  
1139.0  18:59:33 0.0 -0.0   3     14     58  
1139.0  18:59:42 0.0 -0.0   5     18     59  
1139.0  18:59:53 0.0 -0.0   4     17     54  
1140.0  19:00:00 0.0 -0.0   4     13     42  
1140.0  19:00:03 0.0 -0.0   4     17     48  
1140.0  19:00:12 0.0 -0.0   5     15     54  
1140.0  19:00:20 0.0 -0.0   4     18     58  
1140.0  19:00:31 0.0 -0.0   4     15     51  
1140.0  19:00:42 0.0 -0.0   3     16     58  
