600.0  10:00:00 42.254234 -72.5742   5     11     43  
600.0  10:00:09 42.25418 -72.57421   3     11     51  
600.0  10:00:18 42.25418 -72.57423   3     14     55  
600.0  10:00:28 42.254234 -72.5742   4     19     59  
600.0  10:00:36 42.254246 -72.57421   3     15     46  
600.0  10:00:44 42.254227 -72.574196   3     16     59  
600.0  10:00:52 42.254215 -72.57419   5     13     43  
601.0  10:01:00 42.254185 -72.57419   5     10     52  
601.0  10:01:08 42.25422 -72.57419   5     16     45  
601.0  10:01:18 42.254246 -72.57417   3     17     46  
601.0  10:01:27 42.254322 -72.57414   3     10     46  
601.0  10:01:35 42.254322 -72.57411   3     19     54  
601.0  10:01:44 42.2543 -72.57413   3     17     55  
601.0  10:01:53 42.254284 -72.5742   3     16     50  
602.0  10:02:01 42.25427 -72.57429   3     16     55  
602.0  10:02:11 42.254272 -72.57434   5     15     47  
602.0  10:02:20 42.25428 -72.574326   4     16     58  
602.0  10:02:28 42.254246 -72.5743   5     11     53  
602.0  10:02:36 42.2542 -72.57428   5     10     51  
602.0  10:02:44 42.25418 -72.57424   5     11     54  
602.0  10:02:52 42.254173 -72.5742   5     18     46  
603.0  10:03:02 42.25418 -72.57421   4     11     58  
603.0  10:03:10 42.254204 -72.574234   4     15     59  
603.0  10:03:18 42.25393 -72.57453   3     10     44  
603.0  10:03:26 42.25355 -72.574684   5     16     55  
603.0  10:03:34 42.253708 -72.57529   3     16     51  
603.0  10:03:42 42.253918 -72.57594   5     10     52  
603.0  10:03:54 42.25412 -72.57678   5     19     44  
604.0  10:04:02 42.254158 -72.577034   5     14     49  
604.0  10:04:11 42.25426 -72.5772   5     17     41  
604.0  10:04:20 42.25496 -72.57694   5     18     41  
604.0  10:04:29 42.25593 -72.57661   4     12     57  
604.0  10:04:37 42.256523 -72.576416   5     14     43  
604.0  10:04:48 42.257015 -72.57623   5     16     46  
604.0  10:04:56 42.25774 -72.57598   5     18     44  
605.0  10:05:05 42.25846 -72.57554   3     12     41  
605.0  10:05:14 42.2591 -72.57489   5     19     57  
605.0  10:05:23 42.25974 -72.57405   4     17     53  
605.0  10:05:31 42.26033 -72.57323   4     10     42  
605.0  10:05:42 42.261448 -72.57275   5     16     45  
605.0  10:05:51 42.262726 -72.57244   3     15     42  
605.0  10:05:59 42.263863 -72.572174   5     12     49  
606.0  10:06:07 42.265144 -72.57187   4     16     48  
606.0  10:06:16 42.266155 -72.57162   5     15     52  
606.0  10:06:29 42.26672 -72.57062   4     13     50  
606.0  10:06:40 42.26656 -72.568794   5     19     50  
606.0  10:06:48 42.266884 -72.56771   3     12     46  
606.0  10:06:57 42.26791 -72.56688   5     17     41  
607.0  10:07:05 42.26899 -72.566246   5     18     46  
607.0  10:07:13 42.270294 -72.5659   4     15     42  
607.0  10:07:21 42.271385 -72.565765   4     18     48  
607.0  10:07:32 42.272995 -72.565384   3     15     43  
607.0  10:07:40 42.274364 -72.56499   5     18     48  
607.0  10:07:49 42.275703 -72.5648   5     17     55  
607.0  10:07:57 42.27681 -72.56396   4     10     59  
608.0  10:08:06 42.27762 -72.56243   3     10     51  
608.0  10:08:14 42.278385 -72.56086   4     12     43  
608.0  10:08:25 42.27928 -72.55953   3     18     52  
608.0  10:08:33 42.280365 -72.558815   5     13     45  
608.0  10:08:41 42.280758 -72.55774   5     19     51  
608.0  10:08:50 42.28144 -72.55598   4     10     43  
608.0  10:08:58 42.282074 -72.55443   5     11     52  
609.0  10:09:07 42.28274 -72.55276   5     11     52  
609.0  10:09:17 42.283573 -72.55062   5     15     58  
609.0  10:09:26 42.28419 -72.549095   3     12     59  
609.0  10:09:35 42.284916 -72.547356   3     11     56  
609.0  10:09:43 42.28534 -72.54578   5     11     43  
609.0  10:09:52 42.285683 -72.54392   4     17     52  
610.0  10:10:00 42.28611 -72.5423   3     13     46  
610.0  10:10:10 42.28689 -72.540375   5     14     59  
610.0  10:10:20 42.287563 -72.53873   3     15     50  
610.0  10:10:28 42.288517 -72.5374   3     15     45  
610.0  10:10:37 42.2891 -72.53566   5     11     54  
610.0  10:10:45 42.289783 -72.53397   3     17     48  
610.0  10:10:54 42.29119 -72.53283   3     12     42  
611.0  10:11:04 42.29286 -72.53181   4     12     56  
611.0  10:11:13 42.29447 -72.5312   4     18     51  
611.0  10:11:21 42.296085 -72.53117   4     16     44  
611.0  10:11:30 42.297844 -72.53071   3     19     40  
611.0  10:11:38 42.299206 -72.52969   5     13     52  
611.0  10:11:47 42.300613 -72.528656   5     14     55  
611.0  10:11:58 42.302288 -72.52773   4     15     50  
612.0  10:12:18 42.30367 -72.52766   4     12     56  
612.0  10:12:20 42.30367 -72.52766   5     16     48  
612.0  10:12:28 42.30614 -72.5299   5     18     48  
612.0  10:12:37 42.306934 -72.530876   5     11     57  
612.0  10:12:48 42.307884 -72.53072   3     13     59  
612.0  10:12:56 42.308933 -72.52965   4     15     43  
613.0  10:13:05 42.310253 -72.52968   4     17     43  
613.0  10:13:13 42.31147 -72.53018   5     15     50  
613.0  10:13:22 42.313046 -72.53073   4     11     58  
613.0  10:13:30 42.314377 -72.53089   3     17     58  
613.0  10:13:45 42.316097 -72.53033   3     12     49  
613.0  10:13:54 42.317947 -72.52943   3     12     40  
614.0  10:14:03 42.318905 -72.528465   5     11     50  
614.0  10:14:12 42.31924 -72.528   4     16     51  
614.0  10:14:21 42.319508 -72.52847   4     10     44  
614.0  10:14:31 42.320072 -72.530136   4     13     55  
614.0  10:14:39 42.320236 -72.53198   4     11     51  
614.0  10:14:47 42.320286 -72.53346   5     13     49  
614.0  10:14:55 42.320335 -72.534386   3     17     43  
615.0  10:15:03 42.32069 -72.5344   4     15     44  
615.0  10:15:12 42.320843 -72.53393   5     17     49  
615.0  10:15:23 42.321175 -72.53377   3     19     44  
615.0  10:15:31 42.32119 -72.53423   3     17     45  
615.0  10:15:40 42.321617 -72.53425   5     15     58  
615.0  10:15:48 42.32168 -72.534256   3     14     46  
615.0  10:15:57 42.321747 -72.53375   3     16     57  
616.0  10:16:05 42.32173 -72.53258   3     18     58  
616.0  10:16:15 42.321907 -72.53139   4     18     51  
616.0  10:16:23 42.322 -72.53041   5     18     56  
616.0  10:16:31 42.322155 -72.5299   5     16     51  
616.0  10:16:39 42.32216 -72.52983   4     18     49  
616.0  10:16:48 42.322147 -72.52983   3     14     54  
616.0  10:16:56 42.322205 -72.52965   3     15     56  
617.0  10:17:08 42.32249 -72.528984   5     17     57  
617.0  10:17:17 42.323257 -72.528404   3     16     56  
617.0  10:17:25 42.324078 -72.52858   4     16     46  
617.0  10:17:34 42.32485 -72.52887   4     10     56  
617.0  10:17:43 42.325085 -72.52879   4     12     49  
617.0  10:17:51 42.325146 -72.5293   3     14     51  
618.0  10:18:01 42.325127 -72.530426   4     13     58  
618.0  10:18:09 42.32527 -72.53091   3     12     42  
618.0  10:18:17 42.325268 -72.53102   4     11     50  
618.0  10:18:25 42.325233 -72.530914   3     13     40  
618.0  10:18:34 42.325222 -72.53092   4     10     40  
618.0  10:18:43 42.325222 -72.53095   4     18     58  
618.0  10:18:54 42.325207 -72.53106   3     19     55  
619.0  10:19:02 42.324944 -72.53115   3     14     40  
619.0  10:19:11 42.32492 -72.5307   5     18     58  
619.0  10:19:20 42.3251 -72.53   3     19     55  
619.0  10:19:29 42.325108 -72.52896   5     12     51  
619.0  10:19:37 42.3251 -72.528786   5     19     47  
619.0  10:19:48 42.32465 -72.52872   4     14     49  
619.0  10:19:56 42.32378 -72.52851   3     13     42  
620.0  10:20:05 42.323006 -72.52855   5     12     44  
620.0  10:20:13 42.322407 -72.52923   3     11     55  
620.0  10:20:21 42.322197 -72.529755   4     14     45  
620.0  10:20:29 42.322132 -72.52996   5     14     50  
620.0  10:20:40 42.322056 -72.53019   4     16     49  
620.0  10:20:48 42.321926 -72.53088   5     10     49  
620.0  10:20:57 42.321857 -72.53197   3     11     54  
621.0  10:21:05 42.32168 -72.533005   5     14     54  
621.0  10:21:14 42.32174 -72.53404   5     14     58  
621.0  10:21:22 42.32153 -72.53429   5     19     51  
621.0  10:21:32 42.320812 -72.53432   4     16     44  
621.0  10:21:40 42.3208 -72.53372   5     12     41  
621.0  10:21:48 42.321102 -72.53365   3     12     59  
621.0  10:21:56 42.321167 -72.53413   5     16     52  
622.0  10:22:04 42.32105 -72.53434   4     16     54  
622.0  10:22:13 42.320465 -72.53442   4     15     41  
622.0  10:22:23 42.320343 -72.53439   4     15     45  
622.0  10:22:31 42.32032 -72.53439   3     11     44  
622.0  10:22:40 42.320328 -72.534874   3     19     49  
622.0  10:22:49 42.320423 -72.53619   3     15     46  
622.0  10:22:58 42.320168 -72.53792   3     13     52  
623.0  10:23:06 42.319763 -72.53995   4     18     41  
623.0  10:23:17 42.31952 -72.54204   4     13     56  
623.0  10:23:26 42.31982 -72.54372   3     19     56  
623.0  10:23:34 42.320297 -72.545525   3     17     53  
623.0  10:23:42 42.320847 -72.54731   5     17     58  
623.0  10:23:51 42.32122 -72.548904   5     12     58  
624.0  10:24:03 42.32157 -72.55049   5     13     49  
624.0  10:24:15 42.322807 -72.55315   3     18     50  
624.0  10:24:23 42.323883 -72.55455   3     10     44  
624.0  10:24:35 42.325 -72.55587   4     11     57  
624.0  10:24:45 42.32649 -72.55762   5     11     55  
624.0  10:24:54 42.327747 -72.55911   3     19     59  
625.0  10:25:04 42.329052 -72.56067   4     11     57  
625.0  10:25:14 42.32983 -72.56179   3     19     51  
625.0  10:25:29 42.330196 -72.56336   5     19     43  
625.0  10:25:38 42.329487 -72.566025   4     19     44  
625.0  10:25:46 42.32935 -72.567696   5     19     47  
625.0  10:25:57 42.32951 -72.56949   4     11     52  
626.0  10:26:06 42.329945 -72.57114   3     12     47  
626.0  10:26:14 42.330467 -72.57287   3     19     43  
626.0  10:26:23 42.33096 -72.57435   4     11     44  
626.0  10:26:32 42.33152 -72.57592   3     13     51  
626.0  10:26:41 42.331776 -72.57707   5     12     45  
626.0  10:26:51 42.331776 -72.57769   3     16     48  
627.0  10:27:00 42.331844 -72.57782   3     15     55  
627.0  10:27:09 42.332405 -72.5783   5     14     58  
627.0  10:27:17 42.333256 -72.57949   5     17     57  
627.0  10:27:26 42.33367 -72.58078   4     10     44  
627.0  10:27:34 42.333942 -72.58255   4     12     57  
627.0  10:27:46 42.33423 -72.584694   4     13     53  
627.0  10:27:54 42.33433 -72.5864   3     11     57  
628.0  10:28:03 42.334385 -72.587875   3     14     40  
628.0  10:28:11 42.334435 -72.5894   4     14     43  
628.0  10:28:20 42.334396 -72.59102   3     14     55  
628.0  10:28:28 42.334415 -72.59294   5     10     45  
628.0  10:28:38 42.33495 -72.59484   3     13     43  
628.0  10:28:46 42.335735 -72.596176   5     17     44  
628.0  10:28:54 42.33616 -72.5977   4     13     45  
629.0  10:29:02 42.33639 -72.59931   4     17     59  
629.0  10:29:13 42.336655 -72.60095   5     12     53  
629.0  10:29:21 42.337082 -72.60343   4     12     42  
629.0  10:29:31 42.337475 -72.60568   5     11     52  
629.0  10:29:40 42.3379 -72.60746   5     19     55  
629.0  10:29:49 42.338745 -72.60826   3     11     55  
629.0  10:29:57 42.339397 -72.60842   5     15     45  
630.0  10:30:06 42.339493 -72.608444   5     12     48  
630.0  10:30:19 42.33943 -72.6093   5     18     55  
630.0  10:30:30 42.338917 -72.61242   4     16     40  
630.0  10:30:38 42.338745 -72.61436   5     11     58  
630.0  10:30:46 42.338215 -72.61586   4     19     48  
630.0  10:30:55 42.33708 -72.617195   5     16     50  
631.0  10:31:03 42.336082 -72.618324   5     15     42  
631.0  10:31:12 42.335163 -72.61935   3     11     43  
631.0  10:31:23 42.334175 -72.62044   5     12     55  
631.0  10:31:31 42.334026 -72.6206   3     10     56  
631.0  10:31:39 42.334053 -72.620575   5     15     58  
631.0  10:31:48 42.33407 -72.62056   3     11     54  
631.0  10:31:56 42.334076 -72.62055   3     18     55  
632.0  10:32:05 42.33408 -72.620544   3     19     53  
632.0  10:32:15 42.334095 -72.62056   3     13     55  
632.0  10:32:24 42.334084 -72.620575   5     14     48  
632.0  10:32:32 42.333927 -72.62069   5     13     47  
632.0  10:32:41 42.33333 -72.62119   4     16     50  
632.0  10:32:49 42.33228 -72.62198   5     18     53  
632.0  10:32:57 42.33156 -72.62253   3     14     48  
633.0  10:33:08 42.330692 -72.62316   5     14     55  
633.0  10:33:16 42.329773 -72.62373   4     12     48  
633.0  10:33:25 42.328857 -72.62424   3     16     41  
633.0  10:33:33 42.328556 -72.62439   3     18     52  
633.0  10:33:42 42.327847 -72.62478   3     13     59  
633.0  10:33:50 42.32689 -72.62513   3     16     59  
634.0  10:34:01 42.32542 -72.62522   4     11     41  
634.0  10:34:09 42.324432 -72.62524   5     12     55  
634.0  10:34:17 42.32337 -72.62525   3     10     46  
634.0  10:34:25 42.32263 -72.62547   3     14     44  
634.0  10:34:34 42.322 -72.62639   4     18     44  
634.0  10:34:43 42.32147 -72.62724   4     13     55  
634.0  10:34:53 42.320778 -72.62814   4     14     52  
635.0  10:35:02 42.320194 -72.62866   4     11     56  
635.0  10:35:10 42.32006 -72.62877   3     11     47  
635.0  10:35:19 42.31983 -72.629074   3     18     48  
635.0  10:35:28 42.319633 -72.629425   3     15     40  
635.0  10:35:36 42.319344 -72.62987   5     11     55  
635.0  10:35:48 42.3192 -72.63027   5     11     46  
635.0  10:35:57 42.319157 -72.630226   5     10     46  
636.0  10:36:05 42.319115 -72.63023   5     18     41  
636.0  10:36:14 42.31893 -72.63044   4     19     52  
636.0  10:36:23 42.31851 -72.63116   3     14     44  
636.0  10:36:32 42.318005 -72.631744   5     16     41  
636.0  10:36:42 42.31777 -72.63276   5     10     41  
636.0  10:36:51 42.31785 -72.633575   4     19     54  
636.0  10:36:59 42.31788 -72.63356   4     11     54  
637.0  10:37:08 42.31787 -72.633644   5     15     40  
637.0  10:37:16 42.317844 -72.633705   4     16     43  
637.0  10:37:25 42.317814 -72.633865   4     18     45  
637.0  10:37:35 42.317894 -72.63477   5     11     59  
637.0  10:37:44 42.318394 -72.6355   3     17     53  
637.0  10:37:52 42.31885 -72.635956   3     15     58  
638.0  10:38:01 42.319153 -72.636536   5     10     57  
638.0  10:38:09 42.3195 -72.63724   5     13     49  
638.0  10:38:18 42.319542 -72.63732   3     17     42  
638.0  10:38:29 42.31973 -72.63759   3     14     48  
638.0  10:38:38 42.320053 -72.63782   3     16     40  
638.0  10:38:46 42.320026 -72.63789   3     15     43  
638.0  10:38:54 42.32002 -72.63795   4     19     42  
639.0  10:39:02 42.319954 -72.63806   4     16     58  
639.0  10:39:11 42.319878 -72.63806   3     10     48  
639.0  10:39:21 42.31985 -72.63792   4     13     47  
639.0  10:39:30 42.319836 -72.63789   3     16     52  
639.0  10:39:38 42.3198 -72.63783   4     14     55  
639.0  10:39:47 42.3198 -72.63772   3     18     58  
639.0  10:39:55 42.319862 -72.63763   3     13     51  
640.0  10:40:04 42.31998 -72.63764   3     19     53  
640.0  10:40:14 42.32004 -72.637665   4     15     59  
640.0  10:40:21 42.320023 -72.63767   4     19     58  
640.0  10:40:29 42.320023 -72.63763   3     14     49  
640.0  10:40:38 42.319996 -72.63763   3     17     41  
640.0  10:40:47 42.319965 -72.63765   5     17     59  
640.0  10:40:55 42.3199 -72.637695   3     10     49  
641.0  10:41:05 42.31986 -72.6377   4     12     43  
641.0  10:41:14 42.31988 -72.63772   5     17     52  
641.0  10:41:23 42.319942 -72.63774   5     11     43  
641.0  10:41:32 42.320004 -72.63774   4     12     43  
641.0  10:41:40 42.319992 -72.63773   4     18     43  
641.0  10:41:49 42.319965 -72.63774   5     16     42  
641.0  10:41:59 42.320057 -72.637726   4     14     52  
642.0  10:42:08 42.32003 -72.63776   3     13     45  
642.0  10:42:17 42.319965 -72.6377   5     14     54  
642.0  10:42:25 42.319675 -72.637215   4     17     54  
642.0  10:42:32 42.31933 -72.63661   3     19     56  
642.0  10:42:42 42.319168 -72.63629   5     13     45  
642.0  10:42:52 42.319153 -72.63624   4     17     57  
643.0  10:43:00 42.31889 -72.63588   4     12     57  
643.0  10:43:09 42.318386 -72.635414   4     19     49  
643.0  10:43:17 42.317894 -72.63501   3     16     47  
643.0  10:43:26 42.317715 -72.6344   4     19     45  
643.0  10:43:33 42.317696 -72.634384   4     15     46  
643.0  10:43:45 42.317673 -72.63441   4     14     51  
643.0  10:43:53 42.31766 -72.634415   5     13     47  
644.0  10:44:01 42.31767 -72.63441   5     17     43  
644.0  10:44:09 42.317677 -72.63441   3     14     42  
644.0  10:44:18 42.31768 -72.6344   3     13     45  
644.0  10:44:27 42.31768 -72.63439   3     10     52  
644.0  10:44:38 42.317684 -72.63439   4     11     43  
644.0  10:44:46 42.317684 -72.63434   4     11     48  
644.0  10:44:55 42.31771 -72.63369   4     10     55  
645.0  10:45:04 42.31775 -72.63324   4     19     42  
645.0  10:45:12 42.317738 -72.63316   5     17     51  
645.0  10:45:21 42.317745 -72.63313   3     15     59  
645.0  10:45:31 42.317783 -72.632645   3     11     43  
645.0  10:45:40 42.317886 -72.63194   5     11     41  
645.0  10:45:49 42.318253 -72.63137   5     12     41  
645.0  10:45:58 42.31873 -72.63088   5     17     44  
646.0  10:46:06 42.319157 -72.63027   3     12     48  
646.0  10:46:15 42.319386 -72.63002   3     16     56  
646.0  10:46:26 42.319344 -72.63009   3     10     43  
646.0  10:46:34 42.31936 -72.63008   4     11     46  
646.0  10:46:43 42.319366 -72.63007   5     11     40  
646.0  10:46:52 42.31938 -72.63002   3     17     43  
647.0  10:47:01 42.319405 -72.630005   5     15     48  
647.0  10:47:10 42.31942 -72.62994   5     17     47  
647.0  10:47:21 42.319798 -72.62932   5     17     58  
647.0  10:47:29 42.32017 -72.62875   5     13     41  
647.0  10:47:38 42.32053 -72.628456   4     18     42  
647.0  10:47:47 42.32053 -72.62837   3     10     46  
647.0  10:47:56 42.320778 -72.628136   3     10     51  
648.0  10:48:04 42.32116 -72.62774   4     11     57  
648.0  10:48:14 42.321575 -72.627144   5     11     53  
648.0  10:48:26 42.321613 -72.62705   4     14     56  
648.0  10:48:35 42.32161 -72.62704   4     12     49  
648.0  10:48:43 42.32183 -72.62677   5     13     44  
648.0  10:48:52 42.322266 -72.62606   4     11     59  
649.0  10:49:01 42.322903 -72.62519   4     18     52  
649.0  10:49:11 42.32406 -72.625175   3     12     44  
649.0  10:49:20 42.325027 -72.62517   3     17     52  
649.0  10:49:29 42.326168 -72.62515   4     11     59  
649.0  10:49:37 42.32733 -72.62501   4     17     46  
649.0  10:49:46 42.328323 -72.62459   4     12     54  
649.0  10:49:55 42.329445 -72.623955   3     18     52  
650.0  10:50:05 42.330845 -72.623085   5     14     56  
650.0  10:50:14 42.3318 -72.622284   3     12     53  
650.0  10:50:23 42.3328 -72.6214   4     17     43  
650.0  10:50:31 42.333706 -72.62068   3     18     58  
650.0  10:50:40 42.33478 -72.61968   3     12     40  
650.0  10:50:48 42.33589 -72.61845   5     13     57  
650.0  10:50:58 42.33707 -72.617096   3     11     54  
651.0  10:51:07 42.33795 -72.61608   5     17     45  
651.0  10:51:15 42.33864 -72.614525   5     19     53  
651.0  10:51:24 42.33881 -72.613045   5     15     45  
651.0  10:51:33 42.33875 -72.611565   4     11     59  
651.0  10:51:42 42.338448 -72.61025   3     14     58  
651.0  10:51:53 42.337997 -72.60835   3     19     50  
652.0  10:52:00 42.338074 -72.60781   5     13     52  
652.0  10:52:09 42.33793 -72.607445   3     16     51  
652.0  10:52:26 42.337257 -72.6044   4     15     43  
652.0  10:52:34 42.33689 -72.60242   5     12     42  
652.0  10:52:45 42.336514 -72.60012   3     17     53  
652.0  10:52:54 42.336197 -72.59814   4     15     42  
653.0  10:53:02 42.335884 -72.59648   5     10     54  
653.0  10:53:11 42.335056 -72.59493   3     12     56  
653.0  10:53:19 42.33442 -72.59321   3     19     49  
653.0  10:53:28 42.33437 -72.59148   5     18     58  
653.0  10:53:39 42.33445 -72.589355   3     19     52  
653.0  10:53:47 42.334423 -72.588165   3     19     52  
653.0  10:53:56 42.334404 -72.58793   5     19     59  
654.0  10:54:04 42.33442 -72.58793   3     14     45  
654.0  10:54:12 42.334408 -72.58737   3     18     52  
654.0  10:54:20 42.334316 -72.586136   4     11     52  
654.0  10:54:30 42.33415 -72.58398   4     17     40  
654.0  10:54:40 42.333935 -72.58241   4     19     41  
654.0  10:54:48 42.333645 -72.58062   3     11     59  
654.0  10:54:57 42.33332 -72.57938   5     13     58  
655.0  10:55:05 42.332535 -72.57837   4     15     49  
655.0  10:55:14 42.331818 -72.57774   5     12     44  
655.0  10:55:25 42.331753 -72.577675   4     19     45  
655.0  10:55:34 42.331722 -72.5768   3     15     40  
655.0  10:55:43 42.33144 -72.575516   3     19     51  
655.0  10:55:52 42.330833 -72.57382   5     12     53  
656.0  10:56:01 42.330246 -72.57204   3     13     58  
656.0  10:56:09 42.32973 -72.57028   3     16     53  
656.0  10:56:19 42.329315 -72.568344   5     18     56  
656.0  10:56:27 42.329384 -72.56675   3     14     50  
656.0  10:56:38 42.32969 -72.565125   3     17     52  
656.0  10:56:49 42.330177 -72.56291   5     10     55  
656.0  10:56:57 42.32965 -72.56142   5     17     45  
657.0  10:57:06 42.32876 -72.56019   4     14     56  
657.0  10:57:19 42.327396 -72.55858   3     18     40  
657.0  10:57:27 42.326317 -72.557304   5     10     44  
657.0  10:57:36 42.32519 -72.556   4     13     48  
657.0  10:57:45 42.324226 -72.55488   4     12     57  
657.0  10:57:54 42.323185 -72.553635   5     19     47  
658.0  10:58:02 42.32221 -72.55219   4     18     46  
658.0  10:58:14 42.32145 -72.550064   5     15     45  
658.0  10:58:22 42.32112 -72.548515   5     12     41  
658.0  10:58:31 42.32068 -72.54674   3     19     40  
658.0  10:58:40 42.320206 -72.545166   4     17     50  
658.0  10:58:48 42.31976 -72.54341   4     15     56  
659.0  10:59:00 42.319496 -72.54162   4     19     56  
659.0  10:59:12 42.31992 -72.53879   5     10     48  
659.0  10:59:25 42.320244 -72.53718   3     15     56  
659.0  10:59:35 42.32035 -72.53497   3     12     48  
659.0  10:59:47 42.320652 -72.53434   4     19     46  
659.0  10:59:55 42.320858 -72.53393   5     19     43  
660.0  11:00:05 42.3211 -72.53364   4     17     52  
660.0  11:00:14 42.32119 -72.53407   5     18     52  
660.0  11:00:22 42.321243 -72.53431   5     15     40  
660.0  11:00:30 42.32164 -72.53427   4     16     44  
660.0  11:00:38 42.321766 -72.53416   5     11     46  
660.0  11:00:47 42.321728 -72.533554   4     18     45  
660.0  11:00:57 42.321804 -72.532234   5     16     49  
661.0  11:01:06 42.32187 -72.53117   3     15     46  
661.0  11:01:14 42.321964 -72.53031   3     12     58  
661.0  11:01:23 42.322105 -72.529945   5     12     50  
661.0  11:01:32 42.322144 -72.52985   4     13     59  
661.0  11:01:40 42.322197 -72.52973   4     18     54  
661.0  11:01:50 42.32232 -72.52936   3     17     48  
661.0  11:01:58 42.322723 -72.52868   5     19     54  
662.0  11:02:06 42.3235 -72.52831   3     14     46  
662.0  11:02:14 42.324356 -72.52863   3     18     43  
662.0  11:02:22 42.324917 -72.528725   3     13     57  
662.0  11:02:31 42.3251 -72.52876   3     10     45  
662.0  11:02:42 42.32514 -72.52952   3     16     42  
662.0  11:02:50 42.32517 -72.530556   4     10     41  
662.0  11:02:59 42.325268 -72.53102   4     11     49  
663.0  11:03:07 42.325245 -72.53106   3     10     49  
663.0  11:03:16 42.325245 -72.53108   4     12     41  
663.0  11:03:26 42.325157 -72.531265   5     17     50  
663.0  11:03:37 42.324947 -72.530716   3     11     55  
663.0  11:03:45 42.325085 -72.52996   4     13     53  
663.0  11:03:54 42.325092 -72.52912   5     10     53  
664.0  11:04:02 42.32511 -72.528915   3     17     49  
664.0  11:04:10 42.325104 -72.52883   5     11     54  
664.0  11:04:18 42.324615 -72.528755   5     10     55  
664.0  11:04:29 42.323505 -72.52842   3     19     44  
664.0  11:04:37 42.32271 -72.52863   5     12     43  
664.0  11:04:46 42.322376 -72.52922   5     11     59  
664.0  11:04:54 42.32212 -72.52974   3     17     40  
665.0  11:05:03 42.322117 -72.52986   3     14     57  
665.0  11:05:12 42.322075 -72.529854   3     16     41  
665.0  11:05:23 42.322033 -72.52997   4     17     51  
665.0  11:05:32 42.321915 -72.53036   4     14     59  
665.0  11:05:40 42.32185 -72.531136   3     11     42  
665.0  11:05:48 42.32183 -72.53223   4     11     49  
665.0  11:05:57 42.321724 -72.53312   5     14     40  
666.0  11:06:05 42.321754 -72.5341   4     17     47  
666.0  11:06:16 42.32134 -72.53435   5     17     46  
666.0  11:06:25 42.320824 -72.534294   5     10     47  
666.0  11:06:34 42.320812 -72.533806   5     17     59  
666.0  11:06:42 42.32114 -72.5337   4     18     59  
666.0  11:06:51 42.321194 -72.53417   5     19     52  
666.0  11:06:59 42.32106 -72.53433   5     16     45  
667.0  11:07:10 42.32046 -72.53437   5     10     40  
667.0  11:07:19 42.32032 -72.53437   5     12     49  
667.0  11:07:27 42.320217 -72.53404   4     15     40  
667.0  11:07:36 42.32019 -72.53266   3     12     55  
667.0  11:07:44 42.320183 -72.531334   4     15     59  
667.0  11:07:53 42.319992 -72.529945   5     14     47  
668.0  11:08:03 42.319492 -72.52855   3     11     50  
668.0  11:08:12 42.31924 -72.527985   5     10     49  
668.0  11:08:21 42.31915 -72.52803   3     13     53  
668.0  11:08:30 42.318638 -72.52872   5     18     58  
668.0  11:08:38 42.317825 -72.52948   5     11     49  
668.0  11:08:46 42.316753 -72.5301   5     18     58  
668.0  11:08:57 42.314915 -72.53071   5     18     44  
669.0  11:09:05 42.313633 -72.530914   5     18     47  
669.0  11:09:14 42.312096 -72.53042   4     13     54  
669.0  11:09:23 42.31085 -72.52996   3     11     54  
669.0  11:09:31 42.309555 -72.52955   4     11     54  
669.0  11:09:40 42.30842 -72.52975   3     17     43  
669.0  11:09:50 42.307217 -72.53076   5     12     55  
669.0  11:09:59 42.306213 -72.53026   5     12     40  
670.0  11:10:07 42.305367 -72.52901   5     10     57  
670.0  11:10:16 42.304455 -72.52796   5     18     45  
670.0  11:10:34 42.302982 -72.52766   3     13     47  
670.0  11:10:38 42.302982 -72.52766   3     17     47  
670.0  11:10:50 42.299004 -72.52973   5     14     59  
670.0  11:10:58 42.297123 -72.531075   5     15     55  
671.0  11:11:07 42.29532 -72.53123   3     19     51  
671.0  11:11:16 42.29382 -72.53136   4     14     42  
671.0  11:11:24 42.29227 -72.53215   5     15     53  
671.0  11:11:33 42.29091 -72.53303   3     17     49  
671.0  11:11:44 42.289425 -72.53455   3     10     43  
671.0  11:11:53 42.288883 -72.53638   4     15     42  
672.0  11:12:02 42.28813 -72.537994   4     14     59  
672.0  11:12:10 42.287228 -72.53952   5     11     41  
672.0  11:12:19 42.286594 -72.5411   3     18     43  
672.0  11:12:28 42.28595 -72.542786   5     15     40  
672.0  11:12:38 42.285423 -72.54507   4     15     40  
672.0  11:12:47 42.285183 -72.546745   3     18     44  
672.0  11:12:55 42.284534 -72.54838   5     19     42  
673.0  11:13:04 42.283844 -72.54996   3     12     57  
673.0  11:13:12 42.283142 -72.55174   4     17     50  
673.0  11:13:21 42.282417 -72.55351   4     15     49  
673.0  11:13:31 42.28155 -72.55572   5     15     43  
673.0  11:13:40 42.280945 -72.55726   4     11     56  
673.0  11:13:48 42.28035 -72.55875   5     13     49  
673.0  11:13:57 42.279644 -72.55949   4     17     56  
674.0  11:14:06 42.278618 -72.56024   4     13     58  
674.0  11:14:15 42.27789 -72.56177   4     16     52  
674.0  11:14:26 42.277004 -72.5636   5     17     59  
674.0  11:14:34 42.27583 -72.56484   4     11     41  
674.0  11:14:43 42.274624 -72.565056   3     16     46  
674.0  11:14:51 42.273422 -72.56527   4     17     47  
675.0  11:15:00 42.27195 -72.565575   5     18     56  
675.0  11:15:08 42.270653 -72.56582   3     15     41  
675.0  11:15:19 42.268883 -72.56626   3     11     55  
675.0  11:15:31 42.26776 -72.566956   3     12     53  
675.0  11:15:40 42.266453 -72.56856   5     18     47  
675.0  11:15:48 42.2666 -72.56994   4     16     54  
675.0  11:15:57 42.26669 -72.571236   4     14     48  
676.0  11:16:05 42.26608 -72.57173   5     19     41  
676.0  11:16:16 42.264698 -72.57198   4     11     56  
676.0  11:16:24 42.26357 -72.57227   3     12     42  
676.0  11:16:35 42.262547 -72.57247   5     11     49  
676.0  11:16:44 42.261272 -72.572754   3     15     43  
676.0  11:16:52 42.26029 -72.57319   3     13     44  
677.0  11:17:01 42.259647 -72.57413   3     11     41  
677.0  11:17:11 42.25934 -72.574615   3     19     57  
677.0  11:17:20 42.259304 -72.574684   4     18     53  
677.0  11:17:29 42.259163 -72.57484   4     13     53  
677.0  11:17:37 42.258953 -72.574814   5     18     59  
677.0  11:17:45 42.258595 -72.57428   4     16     51  
677.0  11:17:54 42.25818 -72.573364   5     18     54  
678.0  11:18:05 42.258068 -72.57296   5     13     41  
678.0  11:18:14 42.258095 -72.57294   3     12     42  
678.0  11:18:23 42.258015 -72.5729   3     15     46  
678.0  11:18:32 42.257965 -72.57289   5     16     53  
678.0  11:18:40 42.257973 -72.57291   3     17     46  
678.0  11:18:49 42.25796 -72.57275   5     18     45  
679.0  11:19:00 42.257854 -72.57196   5     11     56  
679.0  11:19:08 42.257874 -72.57195   4     16     48  
679.0  11:19:17 42.257717 -72.571884   5     13     42  
679.0  11:19:25 42.257294 -72.572   5     19     43  
679.0  11:19:36 42.256622 -72.57214   3     13     44  
679.0  11:19:44 42.256306 -72.572174   5     11     47  
679.0  11:19:56 42.2559 -72.57229   4     16     45  
680.0  11:20:04 42.255226 -72.57273   4     17     48  
680.0  11:20:13 42.254715 -72.57316   4     18     48  
680.0  11:20:22 42.25429 -72.57376   4     12     53  
680.0  11:20:30 42.254173 -72.57424   5     11     50  
680.0  11:20:38 42.25417 -72.57426   3     13     43  
680.0  11:20:49 42.25415 -72.57419   4     10     47  
680.0  11:20:58 42.254215 -72.574135   3     10     48  
681.0  11:21:07 42.254246 -72.57412   5     17     42  
681.0  11:21:15 42.25425 -72.57415   3     17     41  
681.0  11:21:24 42.25423 -72.574165   4     13     53  
681.0  11:21:33 42.254227 -72.574165   4     16     42  
681.0  11:21:45 42.254223 -72.57421   3     14     56  
681.0  11:21:54 42.25418 -72.574326   5     12     54  
682.0  11:22:03 42.254128 -72.57433   3     12     41  
682.0  11:22:11 42.253765 -72.57458   5     19     44  
682.0  11:22:20 42.253536 -72.57489   3     10     51  
682.0  11:22:29 42.253803 -72.57565   4     16     53  
682.0  11:22:40 42.25401 -72.5763   5     15     40  
682.0  11:22:49 42.25404 -72.57626   5     13     53  
682.0  11:22:58 42.25406 -72.57639   4     14     56  
683.0  11:23:07 42.2542 -72.57695   4     19     59  
683.0  11:23:16 42.25418 -72.577034   3     13     52  
683.0  11:23:24 42.25416 -72.57708   3     16     53  
683.0  11:23:36 42.254547 -72.57707   5     13     52  
683.0  11:23:45 42.255642 -72.57671   4     13     52  
683.0  11:23:54 42.25635 -72.5765   4     15     43  
684.0  11:24:02 42.256813 -72.57635   3     19     58  
684.0  11:24:11 42.25738 -72.576126   4     11     49  
684.0  11:24:19 42.257664 -72.57598   3     13     50  
684.0  11:24:30 42.257687 -72.57599   4     18     43  
684.0  11:24:39 42.257957 -72.57588   3     11     51  
684.0  11:24:47 42.2584 -72.575554   4     13     56  
684.0  11:24:56 42.258835 -72.57516   5     13     40  
685.0  11:25:05 42.258984 -72.57503   4     19     54  
685.0  11:25:13 42.259403 -72.57461   4     11     51  
685.0  11:25:24 42.26032 -72.57337   4     10     51  
685.0  11:25:33 42.261215 -72.57287   5     10     45  
685.0  11:25:41 42.262222 -72.572624   5     16     43  
685.0  11:25:50 42.26348 -72.57229   5     19     42  
685.0  11:25:59 42.264603 -72.57196   3     19     55  
686.0  11:26:07 42.265835 -72.57161   5     19     49  
686.0  11:26:20 42.266705 -72.57079   3     16     54  
686.0  11:26:28 42.266598 -72.5696   3     13     58  
686.0  11:26:37 42.26659 -72.568275   3     10     58  
686.0  11:26:46 42.267113 -72.56738   5     18     42  
686.0  11:26:55 42.268482 -72.566505   5     10     51  
687.0  11:27:04 42.269703 -72.566   4     14     58  
687.0  11:27:14 42.2715 -72.56572   5     13     56  
687.0  11:27:23 42.27282 -72.56544   3     15     52  
687.0  11:27:31 42.274197 -72.565094   5     12     45  
687.0  11:27:40 42.275547 -72.56486   4     16     53  
687.0  11:27:48 42.276703 -72.56413   5     12     50  
687.0  11:27:57 42.277473 -72.562744   4     13     52  
688.0  11:28:07 42.27842 -72.5608   5     11     56  
688.0  11:28:15 42.27899 -72.55981   3     14     46  
688.0  11:28:24 42.279804 -72.55929   5     19     57  
688.0  11:28:33 42.280556 -72.5584   3     15     40  
688.0  11:28:41 42.28105 -72.55721   5     18     43  
688.0  11:28:50 42.281757 -72.55549   3     16     50  
689.0  11:29:00 42.28264 -72.55324   3     19     52  
689.0  11:29:09 42.28336 -72.55148   5     13     59  
689.0  11:29:18 42.28404 -72.549706   3     10     55  
689.0  11:29:26 42.28464 -72.548164   5     14     42  
689.0  11:29:34 42.28528 -72.546364   3     13     43  
689.0  11:29:43 42.285557 -72.54463   4     14     40  
689.0  11:29:54 42.28617 -72.54234   4     17     57  
690.0  11:30:03 42.28688 -72.540596   4     17     56  
690.0  11:30:11 42.287502 -72.539   4     10     52  
690.0  11:30:20 42.288418 -72.53759   4     19     43  
690.0  11:30:28 42.28904 -72.53611   4     10     50  
690.0  11:30:37 42.28949 -72.53458   3     19     47  
690.0  11:30:51 42.290813 -72.53307   4     13     42  
690.0  11:30:59 42.292713 -72.53193   5     11     41  
691.0  11:31:08 42.294098 -72.53128   4     14     54  
691.0  11:31:17 42.295906 -72.53115   3     19     44  
691.0  11:31:25 42.29756 -72.53087   5     14     44  
691.0  11:31:34 42.299213 -72.529724   4     17     50  
691.0  11:31:44 42.30082 -72.52854   4     13     47  
691.0  11:31:52 42.301907 -72.52788   4     17     58  
692.0  11:32:01 42.30313 -72.52763   5     19     53  
600.0  10:00:00 42.25424 -72.5742   5     11     43  
601.0  10:01:00 42.254177 -72.574196   4     10     50  
602.0  10:02:00 42.254276 -72.5743   4     12     59  
603.0  10:03:00 42.25419 -72.57421   4     15     48  
604.0  10:04:00 42.25416 -72.57705   5     19     54  
605.0  10:05:00 42.258392 -72.5756   3     19     50  
606.0  10:06:00 42.264572 -72.57201   5     10     41  
607.0  10:07:00 42.268723 -72.56638   3     10     53  
608.0  10:08:00 42.27736 -72.56295   4     18     54  
609.0  10:09:00 42.28244 -72.55349   3     16     56  
610.0  10:10:00 42.28633 -72.541725   5     12     49  
611.0  10:11:00 42.29269 -72.53191   3     10     42  
612.0  10:12:00 42.303043 -72.52761   5     11     47  
613.0  10:13:00 42.309956 -72.52957   5     12     45  
614.0  10:14:00 42.318905 -72.528465   5     15     52  
615.0  10:15:00 42.32069 -72.5344   4     13     55  
616.0  10:16:00 42.321705 -72.53283   5     12     46  
617.0  10:17:00 42.322315 -72.52939   3     18     50  
618.0  10:18:00 42.325184 -72.53058   5     14     40  
619.0  10:19:00 42.324924 -72.531105   5     18     48  
620.0  10:20:00 42.323093 -72.52851   5     12     51  
621.0  10:21:00 42.321686 -72.532875   5     15     46  
622.0  10:22:00 42.32109 -72.534325   5     16     50  
623.0  10:23:00 42.319923 -72.53915   5     19     49  
624.0  10:24:00 42.321777 -72.55126   4     19     56  
625.0  10:25:00 42.32884 -72.5604   5     13     41  
626.0  10:26:00 42.329834 -72.57077   5     18     57  
627.0  10:27:00 42.33199 -72.57792   4     18     41  
628.0  10:28:00 42.334396 -72.58804   5     15     48  
629.0  10:29:00 42.336422 -72.59951   3     16     51  
630.0  10:30:00 42.339417 -72.608406   4     18     56  
631.0  10:31:00 42.336082 -72.618324   4     14     43  
632.0  10:32:00 42.33408 -72.620544   4     15     55  
633.0  10:33:00 42.331097 -72.62286   5     19     48  
634.0  10:34:00 42.325035 -72.62524   3     11     56  
635.0  10:35:00 42.320137 -72.628716   3     16     44  
636.0  10:36:00 42.31912 -72.63023   3     18     49  
637.0  10:37:00 42.317883 -72.63355   4     19     54  
638.0  10:38:00 42.319298 -72.63682   3     12     42  
639.0  10:39:00 42.319958 -72.63806   5     15     45  
640.0  10:40:00 42.319965 -72.637634   3     12     44  
641.0  10:41:00 42.31987 -72.6377   5     17     55  
642.0  10:42:00 42.320072 -72.63774   5     15     43  
643.0  10:43:00 42.318764 -72.63574   4     17     59  
644.0  10:44:00 42.317673 -72.63441   4     10     45  
645.0  10:45:00 42.31775 -72.63324   4     17     48  
646.0  10:46:00 42.319023 -72.63047   5     11     44  
647.0  10:47:00 42.319397 -72.63   4     12     59  
648.0  10:48:00 42.321106 -72.62781   5     15     59  
649.0  10:49:00 42.323177 -72.62513   3     18     40  
650.0  10:50:00 42.330597 -72.62327   5     10     46  
651.0  10:51:00 42.337635 -72.61646   3     11     57  
652.0  10:52:00 42.33808 -72.60774   5     15     57  
653.0  10:53:00 42.335754 -72.596115   3     18     51  
654.0  10:54:00 42.33442 -72.58793   5     16     41  
655.0  10:55:00 42.33271 -72.578575   5     13     56  
656.0  10:56:00 42.33008 -72.57145   5     13     49  
657.0  10:57:00 42.32906 -72.56059   3     12     45  
658.0  10:58:00 42.322117 -72.55203   3     17     48  
659.0  10:59:00 42.31963 -72.54038   4     10     54  
660.0  11:00:00 42.32104 -72.53362   4     14     53  
661.0  11:01:00 42.321888 -72.53153   3     17     49  
662.0  11:02:00 42.32318 -72.52835   4     11     59  
663.0  11:03:00 42.32524 -72.53107   4     16     44  
664.0  11:04:00 42.325115 -72.528915   4     15     40  
665.0  11:05:00 42.322117 -72.52986   3     12     47  
666.0  11:06:00 42.321747 -72.53393   3     19     42  
667.0  11:07:00 42.320812 -72.53434   4     13     44  
668.0  11:08:00 42.319443 -72.52842   3     10     55  
669.0  11:09:00 42.313953 -72.53093   3     18     52  
670.0  11:10:00 42.305706 -72.52955   5     17     46  
671.0  11:11:00 42.2961 -72.53122   3     15     57  
672.0  11:12:00 42.287914 -72.5383   5     11     41  
673.0  11:13:00 42.283844 -72.54996   3     17     52  
674.0  11:14:00 42.27883 -72.560005   3     11     55  
675.0  11:15:00 42.2713 -72.56572   4     12     49  
676.0  11:16:00 42.26632 -72.57171   3     18     48  
677.0  11:17:00 42.259537 -72.5743   3     18     40  
678.0  11:18:00 42.25807 -72.57296   4     16     54  
679.0  11:19:00 42.257866 -72.571945   4     19     47  
680.0  11:20:00 42.255295 -72.572685   4     13     47  
681.0  11:21:00 42.25424 -72.57411   4     10     47  
682.0  11:22:00 42.254112 -72.57435   3     17     50  
683.0  11:23:00 42.254143 -72.57676   4     16     44  
684.0  11:24:00 42.25687 -72.57632   4     16     42  
685.0  11:25:00 42.258984 -72.57503   4     10     43  
686.0  11:26:00 42.265293 -72.571754   4     19     45  
687.0  11:27:00 42.269703 -72.566   3     14     51  
688.0  11:28:00 42.27809 -72.56146   4     17     43  
689.0  11:29:00 42.28294 -72.55246   5     17     40  
690.0  11:30:00 42.28696 -72.540405   4     14     47  
691.0  11:31:00 42.293217 -72.53162   5     19     42  
692.0  11:32:17 42.304634 -72.52821   5     13     44  
692.0  11:32:26 42.306053 -72.52984   5     14     57  
692.0  11:32:37 42.306866 -72.53073   3     13     58  
692.0  11:32:45 42.307842 -72.53057   3     10     47  
692.0  11:32:54 42.308605 -72.52978   4     18     47  
693.0  11:33:02 42.30962 -72.52953   3     15     59  
693.0  11:33:11 42.31069 -72.52993   4     13     40  
693.0  11:33:23 42.31069 -72.52993   3     18     48  
693.0  11:33:33 42.314354 -72.5309   5     10     54  
693.0  11:33:44 42.31583 -72.53043   4     18     54  
693.0  11:33:53 42.31748 -72.529816   4     10     51  
694.0  11:34:03 42.31837 -72.52898   3     10     54  
694.0  11:34:11 42.31913 -72.528114   3     13     50  
694.0  11:34:20 42.319202 -72.52798   5     19     51  
694.0  11:34:30 42.31944 -72.52835   3     13     41  
694.0  11:34:39 42.31973 -72.529144   3     17     47  
694.0  11:34:48 42.3201 -72.53024   5     13     54  
694.0  11:34:56 42.32023 -72.531906   4     16     51  
695.0  11:35:06 42.320267 -72.53351   3     12     43  
695.0  11:35:14 42.32035 -72.534485   3     15     43  
695.0  11:35:24 42.320843 -72.53426   3     17     46  
695.0  11:35:33 42.320873 -72.53373   3     11     51  
695.0  11:35:42 42.321056 -72.53365   3     16     45  
695.0  11:35:50 42.321056 -72.53366   4     19     56  
695.0  11:35:58 42.32107 -72.53366   4     16     41  
696.0  11:36:07 42.32118 -72.533844   4     15     45  
696.0  11:36:18 42.32117 -72.53423   5     18     51  
696.0  11:36:26 42.321346 -72.53431   3     14     41  
696.0  11:36:35 42.321663 -72.534256   3     18     58  
696.0  11:36:44 42.321774 -72.534035   3     16     53  
696.0  11:36:52 42.321724 -72.533264   4     13     56  
697.0  11:37:01 42.32182 -72.53224   3     12     58  
697.0  11:37:11 42.321896 -72.531006   5     19     47  
697.0  11:37:20 42.32201 -72.53015   4     16     58  
697.0  11:37:28 42.322132 -72.52996   3     14     56  
697.0  11:37:37 42.322186 -72.52979   5     11     45  
697.0  11:37:45 42.32228 -72.52957   3     15     47  
697.0  11:37:54 42.32258 -72.52895   4     17     42  
698.0  11:38:04 42.323357 -72.52845   5     10     42  
698.0  11:38:13 42.32417 -72.52857   4     10     52  
698.0  11:38:21 42.32488 -72.52877   3     11     41  
698.0  11:38:30 42.325096 -72.52876   4     17     48  
698.0  11:38:39 42.325184 -72.52919   3     16     40  
698.0  11:38:48 42.32515 -72.53018   5     18     48  
698.0  11:38:59 42.3253 -72.531   3     18     47  
699.0  11:39:08 42.325268 -72.53113   5     11     51  
699.0  11:39:16 42.32524 -72.53115   5     14     47  
699.0  11:39:24 42.325237 -72.53114   4     14     55  
699.0  11:39:33 42.325184 -72.53123   4     12     55  
699.0  11:39:42 42.325153 -72.53132   4     19     57  
699.0  11:39:52 42.324936 -72.530975   3     11     47  
700.0  11:40:01 42.325047 -72.53039   5     18     59  
700.0  11:40:09 42.32512 -72.52978   4     14     57  
700.0  11:40:18 42.32512 -72.52897   4     12     44  
700.0  11:40:26 42.325134 -72.52873   5     19     43  
700.0  11:40:35 42.32466 -72.528694   3     19     45  
700.0  11:40:45 42.323654 -72.52845   3     12     48  
700.0  11:40:54 42.3228 -72.52862   4     14     49  
701.0  11:41:02 42.322308 -72.52935   4     16     47  
701.0  11:41:11 42.322144 -72.52985   3     13     46  
701.0  11:41:19 42.322105 -72.53003   3     14     57  
701.0  11:41:28 42.322014 -72.530304   4     14     47  
701.0  11:41:38 42.321922 -72.53146   4     14     40  
701.0  11:41:46 42.321785 -72.53242   4     18     49  
701.0  11:41:54 42.32172 -72.53345   4     18     47  
702.0  11:42:03 42.321724 -72.53423   5     13     42  
702.0  11:42:11 42.321377 -72.53433   5     17     59  
702.0  11:42:20 42.320858 -72.53433   4     13     54  
702.0  11:42:30 42.320805 -72.53411   5     17     42  
702.0  11:42:38 42.32088 -72.53367   5     16     58  
702.0  11:42:47 42.32117 -72.53384   4     17     52  
702.0  11:42:55 42.321136 -72.53424   3     11     43  
703.0  11:43:03 42.32081 -72.53438   4     18     57  
703.0  11:43:12 42.320347 -72.5344   5     14     44  
703.0  11:43:23 42.320324 -72.53492   4     10     57  
703.0  11:43:31 42.320442 -72.53628   3     15     52  
703.0  11:43:40 42.32019 -72.53779   4     16     52  
703.0  11:43:48 42.319817 -72.53963   3     19     53  
704.0  11:44:11 42.319542 -72.54129   3     14     53  
704.0  11:44:21 42.32067 -72.54684   5     15     42  
704.0  11:44:30 42.321136 -72.548706   3     17     48  
704.0  11:44:38 42.32148 -72.55032   5     11     48  
704.0  11:44:52 42.32148 -72.55032   3     19     49  
705.0  11:45:01 42.32333 -72.553925   5     17     50  
705.0  11:45:12 42.32485 -72.555664   3     10     57  
705.0  11:45:22 42.325974 -72.55699   3     14     57  
705.0  11:45:33 42.325974 -72.55699   5     11     57  
705.0  11:45:41 42.328537 -72.55995   4     14     50  
705.0  11:45:54 42.32954 -72.56131   4     17     44  
706.0  11:46:09 42.329865 -72.564926   5     13     48  
706.0  11:46:21 42.32942 -72.566795   4     17     53  
706.0  11:46:29 42.329338 -72.56856   3     18     54  
706.0  11:46:41 42.329338 -72.56856   3     12     50  
706.0  11:46:50 42.330345 -72.57259   4     10     49  
706.0  11:46:59 42.3309 -72.57415   5     14     51  
707.0  11:47:09 42.33143 -72.57555   4     19     54  
707.0  11:47:20 42.331745 -72.577354   3     16     48  
707.0  11:47:29 42.331768 -72.57773   3     18     58  
707.0  11:47:37 42.331856 -72.57784   4     19     55  
707.0  11:47:45 42.332497 -72.57836   3     16     57  
707.0  11:47:54 42.333275 -72.57942   4     16     44  
708.0  11:48:02 42.3337 -72.580765   5     14     57  
708.0  11:48:13 42.333984 -72.58278   3     17     51  
708.0  11:48:22 42.334213 -72.58446   3     17     45  
708.0  11:48:30 42.334305 -72.58596   5     17     57  
708.0  11:48:39 42.3344 -72.58766   5     19     54  
708.0  11:48:47 42.33445 -72.58916   3     15     46  
708.0  11:48:55 42.334396 -72.59082   3     18     43  
709.0  11:49:06 42.334415 -72.593155   5     18     48  
709.0  11:49:15 42.334938 -72.59482   3     14     47  
709.0  11:49:23 42.335842 -72.59642   5     17     40  
709.0  11:49:33 42.336205 -72.598015   5     11     44  
709.0  11:49:41 42.33655 -72.60016   4     13     46  
709.0  11:49:50 42.33688 -72.602135   3     13     52  
710.0  11:50:01 42.337254 -72.60432   5     19     57  
710.0  11:50:09 42.33757 -72.606285   4     14     57  
710.0  11:50:17 42.33802 -72.60776   3     13     40  
710.0  11:50:27 42.339104 -72.60836   5     10     49  
710.0  11:50:35 42.33943 -72.60843   5     17     55  
710.0  11:50:44 42.339436 -72.60844   5     10     52  
710.0  11:50:54 42.339443 -72.60845   3     18     53  
711.0  11:51:03 42.339417 -72.60842   3     11     57  
711.0  11:51:12 42.33938 -72.60841   3     18     53  
711.0  11:51:20 42.339367 -72.60839   3     16     49  
711.0  11:51:29 42.339577 -72.60854   5     10     40  
711.0  11:51:41 42.339394 -72.609505   3     18     59  
711.0  11:51:52 42.33892 -72.61226   3     15     52  
712.0  11:52:00 42.338722 -72.61431   4     19     51  
712.0  11:52:09 42.338078 -72.61603   3     16     46  
712.0  11:52:18 42.336853 -72.61745   3     15     51  
712.0  11:52:27 42.335728 -72.61871   3     10     45  
712.0  11:52:35 42.33478 -72.61977   4     12     50  
712.0  11:52:48 42.333904 -72.6207   3     19     46  
712.0  11:52:56 42.33388 -72.62071   4     16     41  
713.0  11:53:05 42.333893 -72.6207   3     19     51  
713.0  11:53:13 42.3339 -72.62068   4     12     45  
713.0  11:53:22 42.333893 -72.620674   4     12     51  
713.0  11:53:30 42.333904 -72.62061   4     13     47  
713.0  11:53:40 42.333923 -72.620544   3     10     40  
713.0  11:53:49 42.333942 -72.62051   3     18     43  
713.0  11:53:57 42.333916 -72.62047   4     12     41  
714.0  11:54:06 42.33392 -72.62045   4     11     55  
714.0  11:54:14 42.333496 -72.62089   3     11     43  
714.0  11:54:23 42.332924 -72.62145   3     13     45  
714.0  11:54:34 42.33281 -72.6215   4     17     45  
714.0  11:54:42 42.33277 -72.621475   3     12     59  
714.0  11:54:51 42.332756 -72.62145   5     19     46  
714.0  11:54:58 42.332733 -72.62146   4     17     45  
715.0  11:55:08 42.33253 -72.62172   5     10     49  
715.0  11:55:16 42.331684 -72.6224   4     19     53  
715.0  11:55:27 42.330555 -72.623245   3     11     49  
715.0  11:55:35 42.32965 -72.62378   3     19     48  
715.0  11:55:44 42.32885 -72.62425   3     15     55  
715.0  11:55:53 42.327885 -72.62478   5     15     49  
716.0  11:56:01 42.32703 -72.6251   4     10     58  
716.0  11:56:10 42.326065 -72.62522   3     14     44  
716.0  11:56:20 42.324947 -72.6252   4     17     54  
716.0  11:56:29 42.32395 -72.6252   5     11     54  
716.0  11:56:38 42.32306 -72.62522   5     17     40  
716.0  11:56:46 42.322372 -72.625885   3     18     46  
716.0  11:56:55 42.321877 -72.62677   5     19     46  
717.0  11:57:04 42.32144 -72.6274   5     18     52  
717.0  11:57:14 42.3208 -72.628136   4     18     58  
717.0  11:57:23 42.320415 -72.6285   4     16     50  
717.0  11:57:32 42.320217 -72.6287   5     12     56  
717.0  11:57:40 42.319855 -72.62904   4     13     51  
717.0  11:57:49 42.31963 -72.629425   4     13     53  
717.0  11:57:57 42.31968 -72.62938   3     13     44  
718.0  11:58:08 42.319687 -72.62937   5     16     42  
718.0  11:58:17 42.319687 -72.62938   4     18     53  
718.0  11:58:25 42.3197 -72.62938   5     16     56  
718.0  11:58:34 42.319702 -72.62939   5     15     55  
718.0  11:58:43 42.319687 -72.62942   3     15     52  
718.0  11:58:52 42.3197 -72.629425   5     19     54  
719.0  11:59:03 42.319733 -72.629425   5     18     52  
719.0  11:59:12 42.31978 -72.62944   5     14     51  
719.0  11:59:21 42.31977 -72.629456   5     11     45  
719.0  11:59:29 42.319588 -72.62967   4     11     48  
719.0  11:59:37 42.319267 -72.63021   3     12     42  
719.0  11:59:46 42.319225 -72.63031   4     18     41  
719.0  11:59:57 42.319256 -72.63028   4     12     49  
720.0  12:00:12 42.319267 -72.630295   4     13     56  
720.0  12:00:27 42.319042 -72.630455   5     10     52  
720.0  12:00:36 42.318657 -72.63099   5     19     53  
720.0  12:00:46 42.318546 -72.63106   4     16     46  
720.0  12:00:55 42.318478 -72.63114   5     13     42  
692.0  11:32:00 42.303593 -72.5277   5     14     53  
693.0  11:33:00 42.30974 -72.52956   5     13     40  
694.0  11:34:00 42.318558 -72.52879   4     18     58  
695.0  11:35:00 42.32026 -72.53335   4     10     42  
696.0  11:36:00 42.321133 -72.53372   5     14     58  
697.0  11:37:00 42.321865 -72.532005   3     11     42  
698.0  11:38:00 42.323357 -72.52845   3     18     56  
699.0  11:39:00 42.32528 -72.53112   4     14     41  
700.0  11:40:00 42.325115 -72.53022   4     14     59  
701.0  11:41:00 42.322277 -72.52945   4     19     41  
702.0  11:42:00 42.321724 -72.53423   3     14     58  
703.0  11:43:00 42.32081 -72.53438   3     16     44  
704.0  11:44:00 42.319595 -72.542786   5     17     40  
705.0  11:45:00 42.323814 -72.5545   5     11     41  
706.0  11:46:00 42.330193 -72.56378   4     11     41  
707.0  11:47:00 42.331234 -72.57503   4     14     59  
708.0  11:48:00 42.333725 -72.58095   3     14     41  
709.0  11:49:00 42.334385 -72.592476   3     12     54  
710.0  11:50:00 42.337357 -72.60498   4     10     48  
711.0  11:51:00 42.339413 -72.60842   4     17     48  
712.0  11:52:00 42.33857 -72.615   3     15     56  
713.0  11:53:00 42.333893 -72.6207   4     19     49  
714.0  11:54:00 42.33392 -72.62046   4     12     47  
715.0  11:55:00 42.332657 -72.62157   4     17     46  
716.0  11:56:00 42.326813 -72.625145   4     18     40  
717.0  11:57:00 42.32144 -72.6274   3     10     41  
718.0  11:58:00 42.319687 -72.62939   5     14     43  
719.0  11:59:00 42.319736 -72.629425   4     17     42  
720.0  12:00:00 42.31926 -72.630295   3     11     42  
