600.0  10:00:01 42.375977 -72.51988   4     19     52  
600.0  10:00:10 42.375977 -72.519905   5     19     42  
600.0  10:00:18 42.375973 -72.51991   5     12     53  
600.0  10:00:27 42.375965 -72.51992   3     10     41  
600.0  10:00:37 42.37575 -72.519905   5     16     41  
600.0  10:00:50 42.375656 -72.51989   3     18     45  
600.0  10:00:59 42.37554 -72.519775   3     13     50  
601.0  10:01:08 42.37555 -72.51927   3     16     58  
600.0  10:00:00 42.375977 -72.51989   3     15     48  
601.0  10:01:17 42.375572 -72.51916   5     18     56  
601.0  10:01:27 42.375572 -72.519135   3     17     55  
601.0  10:01:39 42.37559 -72.51914   4     16     42  
601.0  10:01:52 42.37565 -72.51888   4     16     41  
602.0  10:02:05 42.37572 -72.51794   4     16     41  
603.0  10:03:09 42.37585 -72.5118   3     19     42  
603.0  10:03:19 42.375847 -72.51183   3     13     48  
603.0  10:03:28 42.375847 -72.5118   5     17     53  
603.0  10:03:36 42.375816 -72.51111   3     15     43  
603.0  10:03:45 42.375805 -72.51083   3     11     58  
603.0  10:03:54 42.37578 -72.509964   3     12     47  
604.0  10:04:03 42.37576 -72.50871   4     12     56  
604.0  10:04:13 42.375732 -72.50733   3     10     45  
604.0  10:04:22 42.375675 -72.50593   5     15     51  
604.0  10:04:30 42.375683 -72.50459   4     19     55  
604.0  10:04:37 42.375896 -72.503235   5     19     46  
604.0  10:04:45 42.37611 -72.50198   4     15     43  
604.0  10:04:53 42.376266 -72.501045   5     12     48  
605.0  10:05:03 42.37634 -72.50075   5     15     43  
605.0  10:05:12 42.37624 -72.50053   5     18     45  
605.0  10:05:21 42.375534 -72.500626   5     16     41  
605.0  10:05:29 42.374756 -72.50081   3     15     43  
605.0  10:05:37 42.3739 -72.501045   3     15     58  
605.0  10:05:46 42.373272 -72.50122   3     14     45  
605.0  10:05:56 42.373047 -72.5013   3     14     52  
606.0  10:06:05 42.37307 -72.50132   3     19     48  
606.0  10:06:14 42.372864 -72.50136   5     12     42  
606.0  10:06:21 42.372154 -72.50144   5     10     42  
606.0  10:06:32 42.371517 -72.50159   5     14     41  
606.0  10:06:40 42.370487 -72.5019   4     10     57  
606.0  10:06:51 42.36951 -72.502174   5     12     54  
606.0  10:06:59 42.36934 -72.50184   3     11     40  
607.0  10:07:08 42.369297 -72.501076   3     19     45  
607.0  10:07:16 42.369297 -72.50043   5     14     44  
607.0  10:07:24 42.369293 -72.50026   3     17     59  
607.0  10:07:33 42.36928 -72.49988   3     17     43  
607.0  10:07:44 42.369392 -72.49913   3     14     46  
607.0  10:07:52 42.369884 -72.49906   4     12     40  
608.0  10:08:01 42.370213 -72.499084   4     17     50  
608.0  10:08:09 42.370506 -72.49915   3     13     58  
608.0  10:08:18 42.37101 -72.498886   5     18     48  
608.0  10:08:27 42.371166 -72.49852   3     10     45  
608.0  10:08:37 42.37072 -72.498024   3     11     42  
608.0  10:08:46 42.370136 -72.49741   3     17     55  
608.0  10:08:55 42.36989 -72.49709   5     13     48  
609.0  10:09:04 42.369858 -72.497116   4     18     45  
609.0  10:09:12 42.369705 -72.4969   3     12     58  
609.0  10:09:21 42.36915 -72.49624   3     10     48  
609.0  10:09:31 42.368263 -72.495094   3     11     53  
609.0  10:09:40 42.36734 -72.49394   5     12     45  
609.0  10:09:48 42.36648 -72.49288   5     19     48  
609.0  10:09:57 42.365547 -72.49167   3     17     41  
610.0  10:10:06 42.364586 -72.49046   5     17     44  
610.0  10:10:14 42.363712 -72.48949   5     18     48  
610.0  10:10:24 42.362865 -72.48878   5     19     50  
610.0  10:10:33 42.36281 -72.4887   4     14     42  
610.0  10:10:41 42.362785 -72.488625   5     17     46  
610.0  10:10:50 42.36223 -72.488205   5     14     54  
610.0  10:10:59 42.36147 -72.487656   5     17     52  
611.0  10:11:07 42.360485 -72.486824   5     18     56  
611.0  10:11:18 42.35935 -72.48575   5     18     44  
611.0  10:11:26 42.358578 -72.484985   4     13     49  
611.0  10:11:35 42.35819 -72.48497   4     13     49  
611.0  10:11:43 42.35792 -72.4854   3     16     57  
611.0  10:11:52 42.357525 -72.485344   3     13     57  
612.0  10:12:00 42.356987 -72.48526   4     10     49  
612.0  10:12:11 42.356606 -72.48539   5     15     51  
612.0  10:12:19 42.356598 -72.485374   3     12     49  
612.0  10:12:28 42.356613 -72.48534   5     10     55  
612.0  10:12:36 42.356537 -72.48534   4     14     56  
612.0  10:12:45 42.356304 -72.48547   4     13     47  
612.0  10:12:53 42.356052 -72.48568   3     14     53  
613.0  10:13:05 42.355766 -72.48569   4     16     54  
613.0  10:13:14 42.35565 -72.48533   5     13     51  
613.0  10:13:23 42.355915 -72.485054   3     19     41  
613.0  10:13:31 42.356205 -72.485085   4     12     45  
613.0  10:13:40 42.356354 -72.48542   3     10     44  
613.0  10:13:49 42.35659 -72.485344   5     17     41  
613.0  10:13:59 42.357296 -72.48527   4     19     56  
614.0  10:14:08 42.35777 -72.485405   3     17     40  
614.0  10:14:17 42.358032 -72.48542   5     11     47  
614.0  10:14:25 42.35817 -72.48493   5     12     53  
614.0  10:14:34 42.358227 -72.48475   5     13     49  
614.0  10:14:43 42.358215 -72.48471   3     12     45  
614.0  10:14:57 42.357822 -72.48407   5     12     45  
615.0  10:15:06 42.356857 -72.48265   4     10     59  
615.0  10:15:14 42.35614 -72.48126   5     16     41  
615.0  10:15:23 42.355545 -72.479805   5     15     46  
615.0  10:15:31 42.35489 -72.47816   4     13     51  
615.0  10:15:40 42.35427 -72.47668   5     13     58  
615.0  10:15:50 42.353687 -72.47524   4     19     55  
616.0  10:16:00 42.35338 -72.47554   4     10     44  
616.0  10:16:15 42.353424 -72.47623   5     12     45  
616.0  10:16:24 42.353382 -72.47641   5     17     59  
616.0  10:16:33 42.35336 -72.47714   3     16     55  
616.0  10:16:44 42.35347 -72.47862   4     10     41  
616.0  10:16:52 42.35393 -72.479744   3     18     45  
617.0  10:17:01 42.35478 -72.4802   3     17     51  
617.0  10:17:09 42.35556 -72.48058   3     10     40  
617.0  10:17:18 42.355755 -72.48043   5     19     45  
617.0  10:17:26 42.3558 -72.480385   3     14     46  
617.0  10:17:37 42.356014 -72.48065   4     14     57  
617.0  10:17:46 42.35653 -72.48184   5     12     48  
617.0  10:17:55 42.35731 -72.48328   3     16     49  
618.0  10:18:03 42.358307 -72.48469   4     16     51  
618.0  10:18:12 42.359333 -72.48574   5     12     52  
618.0  10:18:29 42.360653 -72.486885   3     12     44  
618.0  10:18:44 42.36231 -72.488144   4     15     52  
618.0  10:18:52 42.36229 -72.48813   3     11     56  
619.0  10:19:00 42.36236 -72.48821   3     10     43  
619.0  10:19:09 42.36287 -72.48862   4     15     49  
619.0  10:19:17 42.363632 -72.48922   3     12     57  
619.0  10:19:26 42.364586 -72.49025   3     19     51  
619.0  10:19:36 42.36571 -72.49175   3     10     46  
619.0  10:19:45 42.366642 -72.492935   3     19     48  
619.0  10:19:52 42.367607 -72.49414   3     15     55  
620.0  10:20:01 42.368416 -72.495186   5     18     45  
620.0  10:20:10 42.369186 -72.496185   4     12     56  
620.0  10:20:18 42.370094 -72.49729   3     14     48  
620.0  10:20:29 42.370876 -72.498146   4     15     44  
620.0  10:20:38 42.37099 -72.49826   5     17     42  
620.0  10:20:46 42.371178 -72.498604   5     19     59  
620.0  10:20:55 42.370903 -72.49899   4     16     53  
621.0  10:21:03 42.3704 -72.49912   4     14     45  
621.0  10:21:12 42.370247 -72.49911   4     18     41  
621.0  10:21:24 42.37023 -72.499054   5     17     58  
621.0  10:21:31 42.36991 -72.499054   5     12     43  
621.0  10:21:39 42.3695 -72.49907   3     17     46  
621.0  10:21:47 42.36924 -72.49929   5     17     44  
621.0  10:21:55 42.369244 -72.4999   3     10     58  
622.0  10:22:03 42.369267 -72.5004   5     11     43  
622.0  10:22:13 42.369274 -72.50063   5     16     52  
622.0  10:22:22 42.369324 -72.5012   4     18     52  
622.0  10:22:34 42.369358 -72.50185   5     16     53  
622.0  10:22:44 42.369595 -72.50207   4     18     58  
622.0  10:22:52 42.370304 -72.50188   3     15     48  
623.0  10:23:01 42.371147 -72.50162   4     19     54  
623.0  10:23:11 42.372047 -72.50139   4     14     57  
623.0  10:23:20 42.37258 -72.5013   5     11     54  
623.0  10:23:29 42.37266 -72.5013   4     11     53  
623.0  10:23:37 42.372776 -72.50124   5     17     53  
623.0  10:23:45 42.37278 -72.50123   4     16     42  
623.0  10:23:53 42.37278 -72.50121   3     17     41  
624.0  10:24:03 42.372784 -72.501205   4     10     50  
624.0  10:24:11 42.372787 -72.501205   4     13     48  
624.0  10:24:20 42.372776 -72.50121   5     10     54  
624.0  10:24:28 42.372776 -72.50122   5     15     52  
624.0  10:24:37 42.372925 -72.50118   5     14     42  
624.0  10:24:46 42.373516 -72.50107   3     10     55  
624.0  10:24:57 42.374516 -72.50087   4     16     45  
625.0  10:25:05 42.37539 -72.500694   3     15     55  
625.0  10:25:14 42.37603 -72.500595   4     14     58  
625.0  10:25:23 42.376217 -72.500565   5     15     56  
625.0  10:25:32 42.376186 -72.50058   4     13     47  
625.0  10:25:40 42.376297 -72.500565   5     14     40  
625.0  10:25:51 42.376347 -72.50095   4     18     58  
626.0  10:26:00 42.376255 -72.50135   5     11     48  
626.0  10:26:09 42.376247 -72.50137   3     15     54  
626.0  10:26:21 42.376247 -72.50138   3     19     42  
626.0  10:26:30 42.3761 -72.50206   4     16     45  
626.0  10:26:39 42.37593 -72.50317   4     15     47  
626.0  10:26:49 42.375786 -72.50438   3     16     48  
626.0  10:26:58 42.37572 -72.50572   3     10     57  
627.0  10:27:06 42.375744 -72.506905   3     12     59  
627.0  10:27:15 42.37576 -72.50722   4     13     52  
627.0  10:27:23 42.375774 -72.50722   4     11     45  
627.0  10:27:31 42.375774 -72.507225   5     13     58  
627.0  10:27:41 42.37579 -72.50774   5     11     55  
627.0  10:27:50 42.375805 -72.50881   5     18     41  
627.0  10:27:58 42.37584 -72.510056   3     12     56  
628.0  10:28:07 42.375854 -72.51067   3     14     48  
628.0  10:28:16 42.375874 -72.51109   4     13     41  
628.0  10:28:25 42.3759 -72.512024   3     15     50  
628.0  10:28:35 42.375908 -72.5123   4     13     49  
628.0  10:28:44 42.3759 -72.5123   3     14     46  
628.0  10:28:52 42.375946 -72.512245   4     17     51  
629.0  10:29:01 42.375935 -72.51233   3     19     50  
629.0  10:29:09 42.37595 -72.51295   3     15     48  
629.0  10:29:17 42.375935 -72.51383   4     12     53  
629.0  10:29:27 42.37593 -72.51473   5     18     42  
629.0  10:29:35 42.375904 -72.51547   5     19     44  
629.0  10:29:44 42.375874 -72.516304   3     16     50  
629.0  10:29:52 42.375874 -72.51668   3     14     54  
630.0  10:30:01 42.37587 -72.51669   4     16     45  
631.0  10:31:26 42.375748 -72.51961   3     14     44  
631.0  10:31:39 42.375774 -72.51962   5     11     53  
631.0  10:31:45 42.37578 -72.51962   4     11     51  
631.0  10:31:50 42.375786 -72.51965   3     19     58  
631.0  10:31:55 42.375805 -72.51983   5     19     41  
632.0  10:32:00 42.37593 -72.51989   3     15     48  
632.0  10:32:36 42.3769 -72.51996   3     16     49  
632.0  10:32:47 42.377155 -72.519966   5     12     50  
632.0  10:32:55 42.377323 -72.519905   3     17     48  
633.0  10:33:04 42.377495 -72.519844   3     15     56  
633.0  10:33:13 42.377502 -72.51985   3     19     44  
633.0  10:33:21 42.377483 -72.51985   5     15     42  
633.0  10:33:30 42.37747 -72.51985   3     17     58  
633.0  10:33:40 42.37747 -72.51985   4     15     58  
633.0  10:33:48 42.37747 -72.51984   5     10     44  
633.0  10:33:57 42.37754 -72.51985   3     17     40  
634.0  10:34:05 42.37795 -72.51991   5     14     43  
634.0  10:34:14 42.378574 -72.51992   5     17     42  
634.0  10:34:22 42.37919 -72.519806   3     18     40  
634.0  10:34:33 42.379356 -72.51978   5     12     53  
634.0  10:34:44 42.379684 -72.519585   5     14     53  
634.0  10:34:53 42.379757 -72.51952   3     12     59  
635.0  10:35:01 42.37989 -72.5195   5     10     49  
635.0  10:35:10 42.380512 -72.51935   5     12     51  
635.0  10:35:19 42.381104 -72.519295   4     14     57  
635.0  10:35:30 42.38138 -72.51927   5     11     52  
635.0  10:35:38 42.3814 -72.51928   5     17     40  
635.0  10:35:46 42.381405 -72.51926   3     16     43  
635.0  10:35:55 42.381405 -72.519264   4     13     41  
636.0  10:36:09 42.381485 -72.51928   5     13     56  
636.0  10:36:20 42.381897 -72.51962   3     10     49  
636.0  10:36:30 42.38254 -72.52018   5     14     43  
636.0  10:36:43 42.383358 -72.5207   3     10     53  
636.0  10:36:57 42.38467 -72.521484   3     11     47  
637.0  10:37:05 42.385788 -72.522095   4     14     47  
637.0  10:37:16 42.386185 -72.522446   4     18     48  
637.0  10:37:24 42.386726 -72.522385   5     17     52  
637.0  10:37:33 42.38716 -72.522865   5     10     58  
637.0  10:37:42 42.38739 -72.523224   5     17     48  
637.0  10:37:50 42.387486 -72.52336   3     14     44  
637.0  10:37:59 42.387524 -72.52341   5     17     50  
638.0  10:38:10 42.387516 -72.52349   3     19     46  
638.0  10:38:18 42.387474 -72.52352   3     17     46  
638.0  10:38:27 42.38748 -72.523506   4     12     49  
638.0  10:38:35 42.387585 -72.52359   3     10     59  
638.0  10:38:44 42.387703 -72.52364   4     14     46  
638.0  10:38:53 42.387817 -72.52376   5     13     45  
639.0  10:39:02 42.388397 -72.524315   5     17     49  
639.0  10:39:11 42.3889 -72.52461   4     19     52  
639.0  10:39:23 42.3889 -72.52461   4     10     49  
639.0  10:39:31 42.389927 -72.52503   4     16     58  
639.0  10:39:39 42.39047 -72.52515   3     11     55  
639.0  10:39:47 42.390953 -72.525215   5     16     48  
639.0  10:39:57 42.391075 -72.52524   5     14     41  
640.0  10:40:05 42.391068 -72.52523   4     15     42  
640.0  10:40:14 42.39107 -72.52522   5     12     55  
640.0  10:40:23 42.391117 -72.52524   5     18     43  
640.0  10:40:31 42.391293 -72.52531   4     12     55  
640.0  10:40:39 42.391777 -72.52538   3     10     55  
640.0  10:40:50 42.39241 -72.5256   4     14     59  
640.0  10:40:58 42.392887 -72.52578   4     11     52  
641.0  10:41:06 42.3934 -72.526024   5     10     58  
641.0  10:41:15 42.39385 -72.526215   4     17     55  
641.0  10:41:23 42.393887 -72.526215   5     15     55  
641.0  10:41:32 42.393852 -72.5262   5     18     48  
641.0  10:41:44 42.393856 -72.5262   5     12     57  
641.0  10:41:53 42.39414 -72.52642   4     15     42  
642.0  10:42:02 42.394485 -72.5266   3     18     41  
642.0  10:42:12 42.394737 -72.52677   3     16     51  
642.0  10:42:20 42.394882 -72.526855   4     14     58  
642.0  10:42:29 42.395042 -72.52695   3     10     49  
642.0  10:42:39 42.395447 -72.52712   3     12     47  
642.0  10:42:48 42.396107 -72.52741   4     18     44  
642.0  10:42:56 42.396976 -72.52778   5     14     59  
643.0  10:43:05 42.39779 -72.528076   4     16     45  
643.0  10:43:13 42.39889 -72.52805   4     18     49  
643.0  10:43:22 42.399975 -72.52796   5     12     51  
643.0  10:43:34 42.401463 -72.52809   4     14     57  
643.0  10:43:43 42.402756 -72.52874   5     15     46  
643.0  10:43:52 42.403614 -72.52935   4     17     47  
644.0  10:44:00 42.40397 -72.52953   5     15     51  
644.0  10:44:09 42.403942 -72.52956   3     19     48  
644.0  10:44:18 42.403946 -72.52959   3     18     55  
644.0  10:44:28 42.404205 -72.52971   3     19     59  
644.0  10:44:37 42.40485 -72.529724   5     12     48  
644.0  10:44:45 42.405247 -72.52976   3     13     43  
644.0  10:44:54 42.40588 -72.52979   4     13     43  
645.0  10:45:02 42.406433 -72.529816   3     11     40  
645.0  10:45:11 42.40638 -72.530365   5     12     56  
645.0  10:45:21 42.40638 -72.53112   5     12     59  
645.0  10:45:29 42.406387 -72.53129   4     12     46  
645.0  10:45:37 42.40629 -72.53165   5     19     46  
645.0  10:45:46 42.4062 -72.53181   3     16     48  
645.0  10:45:54 42.406113 -72.53209   3     11     50  
646.0  10:46:03 42.4061 -72.532234   3     16     56  
646.0  10:46:13 42.40592 -72.5325   4     16     57  
646.0  10:46:22 42.405796 -72.53246   3     18     50  
646.0  10:46:31 42.405827 -72.532455   5     15     53  
646.0  10:46:40 42.40585 -72.532455   4     10     51  
646.0  10:46:48 42.405846 -72.53246   4     16     47  
646.0  10:46:57 42.40581 -72.532486   3     12     44  
647.0  10:47:07 42.4058 -72.5325   4     14     54  
647.0  10:47:16 42.405807 -72.53253   5     19     55  
647.0  10:47:24 42.4058 -72.53259   5     18     53  
647.0  10:47:34 42.40582 -72.532616   4     11     40  
647.0  10:47:42 42.405807 -72.53257   4     16     47  
647.0  10:47:51 42.405716 -72.53255   5     15     42  
648.0  10:48:01 42.4055 -72.53251   5     18     57  
648.0  10:48:10 42.40539 -72.53246   3     12     47  
648.0  10:48:19 42.4051 -72.53243   5     16     41  
648.0  10:48:27 42.40492 -72.532196   4     18     48  
648.0  10:48:35 42.404945 -72.53182   3     16     48  
648.0  10:48:44 42.40496 -72.53165   5     15     51  
648.0  10:48:54 42.40501 -72.53098   4     19     55  
649.0  10:49:03 42.40502 -72.53084   5     15     50  
649.0  10:49:11 42.40503 -72.53081   5     13     44  
649.0  10:49:20 42.40506 -72.5307   4     11     43  
649.0  10:49:27 42.405087 -72.53047   4     11     47  
649.0  10:49:36 42.405075 -72.53029   4     10     50  
649.0  10:49:46 42.405067 -72.52986   4     19     47  
649.0  10:49:55 42.404873 -72.52976   4     15     54  
650.0  10:50:04 42.40421 -72.529686   5     15     47  
650.0  10:50:13 42.403458 -72.52928   5     11     53  
650.0  10:50:21 42.40315 -72.529106   3     10     50  
650.0  10:50:30 42.403137 -72.52908   4     12     46  
650.0  10:50:40 42.403145 -72.529045   5     11     59  
650.0  10:50:48 42.40315 -72.5291   5     14     52  
650.0  10:50:56 42.40317 -72.52911   5     18     52  
651.0  10:51:05 42.40317 -72.52912   4     17     40  
651.0  10:51:14 42.40318 -72.52909   4     12     53  
651.0  10:51:23 42.403217 -72.52908   3     12     51  
651.0  10:51:33 42.4029 -72.528854   3     14     43  
651.0  10:51:41 42.40211 -72.52835   5     15     41  
651.0  10:51:50 42.401207 -72.52802   4     10     41  
651.0  10:51:59 42.40011 -72.52793   5     16     40  
652.0  10:52:07 42.399094 -72.52802   4     11     50  
652.0  10:52:16 42.39806 -72.528046   3     19     57  
652.0  10:52:26 42.397087 -72.52787   3     18     50  
652.0  10:52:35 42.396187 -72.52747   4     16     42  
652.0  10:52:43 42.395454 -72.52712   3     11     59  
652.0  10:52:52 42.39484 -72.526794   5     10     49  
653.0  10:53:01 42.394566 -72.52668   3     18     58  
653.0  10:53:09 42.394424 -72.52663   3     18     56  
653.0  10:53:20 42.394203 -72.526505   5     18     53  
653.0  10:53:29 42.394043 -72.52639   3     11     47  
653.0  10:53:37 42.393974 -72.52634   4     19     53  
653.0  10:53:46 42.393955 -72.52634   4     12     57  
653.0  10:53:54 42.39377 -72.52623   5     19     45  
654.0  10:54:03 42.39351 -72.5261   3     12     52  
654.0  10:54:13 42.393406 -72.52606   5     15     43  
654.0  10:54:22 42.393394 -72.52607   5     11     44  
654.0  10:54:30 42.393375 -72.52606   3     16     47  
654.0  10:54:38 42.39336 -72.52606   4     18     57  
654.0  10:54:47 42.393353 -72.52608   5     11     55  
654.0  10:54:55 42.393356 -72.52606   4     19     45  
655.0  10:55:06 42.39336 -72.52605   3     12     55  
655.0  10:55:14 42.39339 -72.526054   5     11     57  
655.0  10:55:23 42.39332 -72.52593   3     12     46  
655.0  10:55:32 42.392757 -72.52569   3     10     48  
655.0  10:55:41 42.392204 -72.52553   3     10     49  
655.0  10:55:49 42.3918 -72.52545   3     18     56  
655.0  10:55:59 42.391148 -72.525375   5     11     48  
656.0  10:56:08 42.39085 -72.52527   4     11     50  
656.0  10:56:16 42.390877 -72.52524   3     17     52  
656.0  10:56:23 42.39088 -72.525185   5     19     46  
656.0  10:56:32 42.3909 -72.525215   3     13     58  
656.0  10:56:40 42.39091 -72.52521   5     12     55  
656.0  10:56:50 42.390884 -72.52523   3     14     49  
656.0  10:56:59 42.39075 -72.52521   5     14     57  
657.0  10:57:07 42.390167 -72.52511   3     10     41  
657.0  10:57:16 42.38966 -72.52492   3     10     47  
657.0  10:57:25 42.38929 -72.52482   3     13     40  
657.0  10:57:33 42.38895 -72.524666   5     13     42  
657.0  10:57:44 42.388634 -72.5245   4     13     51  
657.0  10:57:51 42.38818 -72.52418   4     18     57  
658.0  10:58:00 42.387882 -72.52395   5     14     48  
658.0  10:58:08 42.3878 -72.52388   4     14     48  
658.0  10:58:17 42.3878 -72.52386   5     12     58  
658.0  10:58:26 42.38782 -72.52389   4     10     40  
658.0  10:58:36 42.387817 -72.523926   5     14     52  
658.0  10:58:45 42.387806 -72.523895   5     15     56  
658.0  10:58:53 42.3878 -72.52389   5     15     59  
659.0  10:59:02 42.387806 -72.52392   4     19     40  
659.0  10:59:11 42.387764 -72.523926   3     12     57  
659.0  10:59:19 42.387745 -72.52387   4     14     49  
659.0  10:59:30 42.387768 -72.523895   4     15     56  
659.0  10:59:38 42.38775 -72.52388   5     12     45  
659.0  10:59:47 42.38773 -72.52384   4     11     59  
659.0  10:59:56 42.387455 -72.523315   5     17     57  
660.0  11:00:04 42.386955 -72.52272   3     19     59  
660.0  11:00:13 42.386353 -72.5224   5     10     48  
660.0  11:00:24 42.386147 -72.52251   3     15     56  
660.0  11:00:33 42.38618 -72.522545   4     12     50  
660.0  11:00:41 42.386173 -72.52257   4     15     55  
660.0  11:00:49 42.386066 -72.52259   5     13     41  
660.0  11:00:58 42.385597 -72.52205   3     18     40  
661.0  11:01:06 42.384686 -72.52151   4     18     50  
661.0  11:01:16 42.38356 -72.520874   4     11     54  
661.0  11:01:25 42.382885 -72.52056   3     13     44  
661.0  11:01:33 42.38283 -72.52055   5     16     59  
661.0  11:01:41 42.382843 -72.52058   5     13     42  
661.0  11:01:50 42.382843 -72.52059   5     19     56  
661.0  11:01:58 42.382427 -72.52023   4     16     47  
662.0  11:02:09 42.38165 -72.51952   4     12     43  
662.0  11:02:17 42.381474 -72.519325   4     12     56  
662.0  11:02:25 42.381027 -72.51933   5     15     59  
662.0  11:02:33 42.380127 -72.519455   5     12     47  
662.0  11:02:42 42.379307 -72.51973   5     10     45  
662.0  11:02:50 42.378613 -72.51991   4     17     44  
663.0  11:03:01 42.37802 -72.51997   3     13     50  
663.0  11:03:10 42.377827 -72.520004   3     19     46  
663.0  11:03:18 42.3778 -72.52006   5     13     40  
663.0  11:03:27 42.37785 -72.520065   3     19     42  
663.0  11:03:35 42.377884 -72.52004   5     18     50  
663.0  11:03:44 42.377884 -72.52   3     13     42  
663.0  11:03:54 42.377785 -72.519936   3     14     58  
664.0  11:04:03 42.377293 -72.51995   5     10     40  
664.0  11:04:11 42.376682 -72.519936   3     16     44  
664.0  11:04:20 42.376003 -72.51988   5     15     52  
664.0  11:04:29 42.375996 -72.51984   4     11     55  
664.0  11:04:37 42.375996 -72.51981   4     11     42  
664.0  11:04:48 42.375977 -72.5198   5     10     42  
664.0  11:04:57 42.37597 -72.51978   5     13     53  
665.0  11:05:05 42.375965 -72.519775   4     18     48  
665.0  11:05:14 42.375977 -72.51972   5     17     41  
665.0  11:05:22 42.375977 -72.51976   4     17     45  
665.0  11:05:31 42.375977 -72.51979   4     17     50  
665.0  11:05:41 42.375587 -72.51975   5     12     58  
665.0  11:05:50 42.375633 -72.51926   5     16     44  
665.0  11:05:59 42.375633 -72.51918   4     14     48  
666.0  11:06:07 42.37563 -72.51916   4     15     49  
666.0  11:06:16 42.375732 -72.51867   5     18     47  
666.0  11:06:25 42.375805 -72.517494   4     14     55  
666.0  11:06:36 42.375854 -72.51633   4     16     55  
666.0  11:06:46 42.375923 -72.51468   3     18     47  
666.0  11:06:54 42.375946 -72.513306   5     15     44  
667.0  11:07:03 42.375954 -72.51212   5     12     49  
667.0  11:07:12 42.3759 -72.511795   3     16     49  
667.0  11:07:20 42.375885 -72.51183   5     12     48  
667.0  11:07:30 42.37591 -72.511696   4     11     55  
667.0  11:07:39 42.375893 -72.51133   4     13     46  
667.0  11:07:47 42.375862 -72.51099   4     18     43  
667.0  11:07:55 42.375835 -72.5102   5     15     55  
668.0  11:08:03 42.375843 -72.50908   4     10     55  
668.0  11:08:11 42.375793 -72.507675   3     12     58  
668.0  11:08:21 42.37574 -72.50735   3     16     41  
668.0  11:08:29 42.375713 -72.507355   3     13     48  
668.0  11:08:37 42.375725 -72.50735   4     13     41  
668.0  11:08:46 42.375736 -72.50657   3     19     41  
668.0  11:08:54 42.3757 -72.504845   5     16     45  
669.0  11:09:03 42.37588 -72.503365   4     12     50  
669.0  11:09:13 42.37615 -72.50168   3     13     55  
669.0  11:09:22 42.37619 -72.50151   5     16     56  
669.0  11:09:36 42.376225 -72.50155   4     12     51  
669.0  11:09:44 42.37633 -72.50096   3     19     55  
669.0  11:09:53 42.376278 -72.500984   5     13     56  
670.0  11:10:03 42.37627 -72.50099   3     15     46  
670.0  11:10:12 42.376102 -72.500565   5     15     50  
670.0  11:10:21 42.37509 -72.50051   3     18     46  
670.0  11:10:30 42.37381 -72.50097   4     19     43  
670.0  11:10:38 42.373127 -72.50122   4     14     43  
670.0  11:10:46 42.37307 -72.50124   5     16     47  
670.0  11:10:57 42.373085 -72.50129   3     19     44  
671.0  11:11:06 42.372982 -72.5013   5     15     59  
671.0  11:11:14 42.37216 -72.50144   4     14     49  
671.0  11:11:23 42.370903 -72.50174   3     16     48  
671.0  11:11:33 42.36972 -72.50201   4     14     52  
671.0  11:11:44 42.36972 -72.50201   3     11     57  
671.0  11:11:55 42.369274 -72.50055   3     18     42  
672.0  11:12:04 42.36928 -72.50008   4     13     56  
672.0  11:12:13 42.369328 -72.49915   5     13     43  
672.0  11:12:21 42.369938 -72.4991   5     18     53  
672.0  11:12:30 42.37014 -72.49912   4     12     59  
672.0  11:12:39 42.37015 -72.49913   4     14     45  
672.0  11:12:50 42.37024 -72.499115   5     10     49  
672.0  11:12:59 42.370956 -72.49902   3     14     56  
673.0  11:13:10 42.370956 -72.49902   5     18     50  
673.0  11:13:19 42.370625 -72.497856   4     16     49  
673.0  11:13:28 42.369595 -72.49664   3     14     54  
673.0  11:13:36 42.36837 -72.495094   3     15     49  
673.0  11:13:47 42.366833 -72.49318   3     15     43  
673.0  11:13:55 42.365753 -72.49178   4     16     55  
674.0  11:14:04 42.364487 -72.490204   3     11     58  
674.0  11:14:13 42.363194 -72.488945   3     17     46  
674.0  11:14:21 42.36278 -72.488625   5     11     49  
674.0  11:14:29 42.362835 -72.48863   4     11     54  
674.0  11:14:40 42.36268 -72.48849   5     18     54  
674.0  11:14:49 42.361885 -72.487854   5     13     42  
674.0  11:14:58 42.360626 -72.486786   5     18     55  
675.0  11:15:07 42.359104 -72.48545   3     19     49  
675.0  11:15:15 42.35842 -72.484825   3     18     54  
675.0  11:15:24 42.358055 -72.48526   5     11     45  
675.0  11:15:35 42.357243 -72.48529   4     12     42  
675.0  11:15:44 42.356556 -72.48538   4     13     45  
675.0  11:15:52 42.35599 -72.48579   5     12     57  
676.0  11:16:01 42.355793 -72.48564   5     11     42  
676.0  11:16:09 42.355774 -72.4852   4     11     58  
676.0  11:16:18 42.35623 -72.48504   5     11     54  
676.0  11:16:29 42.356567 -72.48537   5     11     55  
676.0  11:16:38 42.357475 -72.485306   4     10     40  
676.0  11:16:46 42.35804 -72.48541   5     18     42  
676.0  11:16:55 42.358246 -72.48473   5     10     41  
677.0  11:17:05 42.358055 -72.48425   4     12     57  
677.0  11:17:14 42.357014 -72.482796   5     10     58  
677.0  11:17:25 42.35596 -72.4807   4     19     57  
677.0  11:17:34 42.355015 -72.4785   5     17     48  
677.0  11:17:43 42.354057 -72.47616   5     16     58  
677.0  11:17:52 42.353565 -72.47517   4     17     59  
678.0  11:18:01 42.353416 -72.47598   3     12     57  
678.0  11:18:10 42.35344 -72.47638   5     19     46  
678.0  11:18:24 42.353382 -72.47637   4     10     44  
678.0  11:18:35 42.35334 -72.478   5     19     58  
678.0  11:18:43 42.353848 -72.4797   4     18     55  
678.0  11:18:52 42.354958 -72.48042   5     18     55  
679.0  11:19:01 42.355743 -72.48058   4     19     51  
679.0  11:19:10 42.35575 -72.48047   4     15     43  
679.0  11:19:19 42.35597 -72.48056   5     16     41  
679.0  11:19:30 42.35683 -72.482475   3     18     45  
679.0  11:19:39 42.35795 -72.4842   3     11     59  
679.0  11:19:47 42.359085 -72.48552   4     13     46  
679.0  11:19:57 42.360268 -72.486565   3     16     52  
680.0  11:20:05 42.36148 -72.48757   5     12     42  
680.0  11:20:13 42.3622 -72.4881   5     17     53  
680.0  11:20:24 42.362274 -72.4881   3     15     54  
680.0  11:20:33 42.36239 -72.48826   5     17     50  
680.0  11:20:41 42.36294 -72.48872   5     14     44  
680.0  11:20:50 42.3636 -72.48925   4     11     47  
680.0  11:20:59 42.364384 -72.490105   3     15     42  
681.0  11:21:08 42.36541 -72.49137   5     10     57  
681.0  11:21:19 42.36656 -72.49287   4     16     50  
681.0  11:21:27 42.36754 -72.49411   4     13     51  
681.0  11:21:36 42.368477 -72.49529   5     14     59  
681.0  11:21:45 42.369392 -72.49644   4     18     59  
681.0  11:21:53 42.370193 -72.49744   5     16     54  
682.0  11:22:03 42.37103 -72.498314   5     12     57  
682.0  11:22:14 42.370926 -72.49902   5     11     40  
682.0  11:22:22 42.370247 -72.49917   4     18     58  
682.0  11:22:31 42.370327 -72.49915   3     10     54  
682.0  11:22:39 42.370243 -72.49914   5     15     47  
682.0  11:22:48 42.369396 -72.4992   4     17     55  
682.0  11:22:57 42.369263 -72.50019   3     14     53  
683.0  11:23:08 42.36928 -72.5012   4     14     57  
683.0  11:23:18 42.369358 -72.502106   5     17     52  
683.0  11:23:27 42.36985 -72.502045   5     10     49  
683.0  11:23:35 42.371117 -72.50168   4     16     44  
683.0  11:23:44 42.372272 -72.50138   5     12     55  
683.0  11:23:52 42.37272 -72.50126   3     15     55  
684.0  11:24:03 42.37293 -72.50123   5     18     44  
684.0  11:24:11 42.373837 -72.50102   5     17     55  
684.0  11:24:20 42.37499 -72.50079   5     16     49  
684.0  11:24:28 42.375927 -72.50062   3     16     41  
684.0  11:24:36 42.376305 -72.500626   5     18     45  
684.0  11:24:45 42.376278 -72.50062   4     19     43  
684.0  11:24:56 42.376274 -72.50053   3     12     52  
685.0  11:25:04 42.37644 -72.500626   5     11     48  
685.0  11:25:13 42.37638 -72.50093   5     17     55  
685.0  11:25:22 42.376255 -72.501366   3     18     59  
685.0  11:25:31 42.376232 -72.50131   3     13     53  
685.0  11:25:40 42.3761 -72.50181   3     19     56  
685.0  11:25:51 42.375736 -72.50419   4     13     53  
686.0  11:26:00 42.375706 -72.506134   3     13     52  
686.0  11:26:08 42.37575 -72.50798   5     15     45  
686.0  11:26:17 42.3758 -72.509674   5     19     50  
686.0  11:26:25 42.37582 -72.51061   4     15     55  
686.0  11:26:34 42.37584 -72.51102   3     10     59  
686.0  11:26:45 42.375866 -72.51224   5     18     41  
686.0  11:26:56 42.375896 -72.51223   4     19     58  
687.0  11:27:04 42.375866 -72.5129   5     17     47  
687.0  11:27:12 42.37586 -72.51422   3     15     50  
687.0  11:27:20 42.375847 -72.515755   5     11     51  
687.0  11:27:28 42.375797 -72.51716   4     13     48  
687.0  11:27:53 42.375725 -72.51839   5     10     48  
688.0  11:28:02 42.37565 -72.51937   5     19     48  
688.0  11:28:08 42.37566 -72.51941   3     15     45  
688.0  11:28:13 42.37565 -72.519394   4     16     50  
688.0  11:28:18 42.37564 -72.51938   4     18     44  
688.0  11:28:23 42.37562 -72.51936   4     19     54  
688.0  11:28:28 42.375618 -72.519356   4     10     42  
688.0  11:28:33 42.375618 -72.51936   4     13     57  
688.0  11:28:38 42.375618 -72.51954   3     14     53  
688.0  11:28:43 42.375652 -72.51983   5     19     53  
688.0  11:28:59 42.376286 -72.51999   4     15     48  
689.0  11:29:00 42.375893 -72.519936   3     13     54  
689.0  11:29:05 42.375854 -72.51993   5     13     50  
689.0  11:29:09 42.376938 -72.519936   4     16     44  
689.0  11:29:14 42.377045 -72.51992   3     13     41  
689.0  11:29:14 42.377014 -72.51993   3     15     54  
689.0  11:29:23 42.37734 -72.519905   5     16     55  
689.0  11:29:32 42.37741 -72.51995   5     13     48  
689.0  11:29:41 42.377434 -72.51995   4     12     48  
689.0  11:29:50 42.377445 -72.51993   4     10     50  
690.0  11:30:00 42.377525 -72.51996   3     16     56  
690.0  11:30:08 42.37755 -72.51995   4     18     43  
690.0  11:30:17 42.377758 -72.519966   5     19     51  
690.0  11:30:25 42.378693 -72.51996   5     14     44  
690.0  11:30:34 42.379463 -72.519714   3     11     50  
690.0  11:30:47 42.37979 -72.51954   3     19     51  
691.0  11:31:02 42.37993 -72.51953   3     19     45  
691.0  11:31:11 42.38086 -72.519356   3     16     51  
691.0  11:31:19 42.38141 -72.5193   5     14     43  
691.0  11:31:28 42.38141 -72.51931   4     16     45  
691.0  11:31:39 42.381405 -72.51928   4     12     57  
691.0  11:31:47 42.3814 -72.51928   3     18     59  
692.0  11:32:00 42.38149 -72.5193   4     12     52  
692.0  11:32:10 42.381992 -72.51983   5     16     54  
692.0  11:32:18 42.382957 -72.52054   4     15     40  
692.0  11:32:28 42.38411 -72.521194   4     13     56  
692.0  11:32:36 42.385067 -72.52174   5     19     47  
692.0  11:32:45 42.385757 -72.52207   5     18     56  
692.0  11:32:56 42.38618 -72.5225   5     12     58  
693.0  11:33:04 42.38689 -72.52264   5     17     51  
693.0  11:33:13 42.387356 -72.52318   3     19     47  
693.0  11:33:21 42.387554 -72.523445   4     16     48  
693.0  11:33:29 42.387547 -72.523445   3     12     45  
693.0  11:33:40 42.387547 -72.523445   4     12     46  
693.0  11:33:55 42.387573 -72.52334   5     15     40  
694.0  11:34:05 42.387695 -72.52385   4     15     44  
694.0  11:34:14 42.388187 -72.52423   5     14     50  
694.0  11:34:22 42.38891 -72.52465   4     19     44  
694.0  11:34:30 42.389854 -72.52507   5     12     42  
694.0  11:34:38 42.390575 -72.52519   4     13     48  
694.0  11:34:47 42.390892 -72.52526   3     19     55  
694.0  11:34:56 42.391006 -72.52532   3     17     45  
695.0  11:35:05 42.391113 -72.52534   5     11     51  
695.0  11:35:13 42.3911 -72.52533   4     14     43  
695.0  11:35:21 42.39109 -72.52532   3     16     49  
695.0  11:35:29 42.391087 -72.52532   3     11     49  
695.0  11:35:37 42.391087 -72.52527   4     11     55  
695.0  11:35:47 42.391247 -72.52533   3     13     55  
695.0  11:35:56 42.39204 -72.525475   5     17     58  
696.0  11:36:04 42.392944 -72.5257   5     13     43  
696.0  11:36:13 42.393726 -72.52608   3     16     51  
696.0  11:36:21 42.393894 -72.52622   5     17     50  
696.0  11:36:29 42.39389 -72.52624   5     17     57  
696.0  11:36:40 42.3939 -72.526306   3     16     59  
696.0  11:36:48 42.393936 -72.52627   3     12     59  
696.0  11:36:57 42.39431 -72.526474   4     15     49  
697.0  11:37:06 42.39508 -72.52692   5     13     51  
697.0  11:37:14 42.395885 -72.52729   4     12     55  
697.0  11:37:23 42.396923 -72.52776   5     14     50  
697.0  11:37:33 42.397602 -72.52798   4     10     43  
697.0  11:37:42 42.39765 -72.527985   4     17     42  
697.0  11:37:50 42.39763 -72.52796   4     11     55  
697.0  11:37:58 42.397636 -72.52801   5     13     50  
698.0  11:38:07 42.397636 -72.52804   3     15     56  
698.0  11:38:15 42.397648 -72.52802   4     19     41  
698.0  11:38:26 42.397827 -72.528076   5     14     49  
698.0  11:38:34 42.39897 -72.52804   4     14     57  
698.0  11:38:42 42.40028 -72.52791   3     18     45  
698.0  11:38:51 42.40161 -72.52815   4     15     49  
698.0  11:38:59 42.402576 -72.528656   5     17     57  
699.0  11:39:07 42.403297 -72.52915   5     18     49  
699.0  11:39:17 42.40395 -72.52954   4     13     48  
699.0  11:39:26 42.40397 -72.52954   4     10     42  
699.0  11:39:35 42.403984 -72.529594   3     15     44  
699.0  11:39:43 42.40481 -72.52977   4     16     53  
699.0  11:39:51 42.406017 -72.52981   4     12     45  
700.0  11:40:00 42.406445 -72.53006   3     14     47  
700.0  11:40:10 42.406406 -72.53104   4     13     44  
700.0  11:40:19 42.40636 -72.53139   3     12     41  
700.0  11:40:28 42.406204 -72.531845   4     19     40  
700.0  11:40:36 42.406082 -72.532234   3     16     45  
700.0  11:40:45 42.406013 -72.532555   5     17     40  
700.0  11:40:54 42.405827 -72.53254   5     11     59  
701.0  11:41:04 42.405815 -72.53251   5     14     50  
701.0  11:41:12 42.40582 -72.53249   5     19     50  
701.0  11:41:20 42.405827 -72.532486   5     18     54  
701.0  11:41:28 42.405834 -72.53248   4     19     59  
701.0  11:41:36 42.405838 -72.532455   4     11     44  
701.0  11:41:45 42.40583 -72.532455   4     13     45  
701.0  11:41:55 42.40582 -72.532455   3     14     46  
702.0  11:42:04 42.405804 -72.53246   5     18     54  
702.0  11:42:12 42.405796 -72.53246   4     14     51  
702.0  11:42:21 42.40581 -72.53246   3     10     55  
702.0  11:42:30 42.405823 -72.532455   3     16     40  
702.0  11:42:39 42.405815 -72.53244   3     16     47  
702.0  11:42:49 42.405804 -72.532425   5     17     48  
702.0  11:42:58 42.405796 -72.532425   3     19     53  
703.0  11:43:06 42.40579 -72.532425   5     10     49  
703.0  11:43:15 42.405785 -72.532425   4     12     51  
703.0  11:43:27 42.40578 -72.532425   3     19     42  
703.0  11:43:36 42.405792 -72.532425   5     18     53  
703.0  11:43:46 42.40579 -72.53241   4     10     56  
703.0  11:43:55 42.405777 -72.5324   3     18     48  
704.0  11:44:03 42.405773 -72.53241   4     15     56  
704.0  11:44:12 42.405773 -72.53241   3     15     52  
704.0  11:44:21 42.40576 -72.53241   5     13     54  
704.0  11:44:30 42.40577 -72.53241   4     12     41  
704.0  11:44:40 42.40576 -72.53241   3     17     46  
704.0  11:44:48 42.405773 -72.53244   4     16     48  
704.0  11:44:57 42.405758 -72.532425   5     14     55  
705.0  11:45:09 42.405758 -72.53242   4     16     59  
705.0  11:45:18 42.405754 -72.5324   5     17     43  
705.0  11:45:27 42.40576 -72.532425   3     14     53  
705.0  11:45:37 42.405766 -72.53248   4     14     46  
705.0  11:45:46 42.40578 -72.53248   4     11     52  
705.0  11:45:54 42.405785 -72.53246   3     14     59  
706.0  11:46:02 42.40579 -72.53243   3     17     59  
706.0  11:46:10 42.40571 -72.53241   5     18     44  
706.0  11:46:19 42.405487 -72.532364   5     18     50  
706.0  11:46:29 42.40518 -72.53235   3     11     45  
706.0  11:46:38 42.40493 -72.53227   5     10     55  
706.0  11:46:46 42.40489 -72.53182   4     18     47  
706.0  11:46:55 42.40491 -72.53158   3     15     46  
707.0  11:47:03 42.40497 -72.53088   3     15     45  
707.0  11:47:12 42.40496 -72.53086   3     10     58  
707.0  11:47:22 42.40504 -72.53057   4     14     54  
707.0  11:47:30 42.40506 -72.52998   3     19     54  
707.0  11:47:39 42.404964 -72.52966   5     10     46  
707.0  11:47:47 42.40401 -72.52961   4     12     50  
707.0  11:47:56 42.403286 -72.52914   3     10     44  
708.0  11:48:04 42.403225 -72.52909   5     18     49  
708.0  11:48:15 42.40322 -72.5292   4     16     59  
708.0  11:48:23 42.40292 -72.5289   5     12     51  
708.0  11:48:32 42.401867 -72.52832   3     12     48  
708.0  11:48:40 42.40058 -72.527885   5     19     55  
708.0  11:48:48 42.399406 -72.52799   5     15     46  
708.0  11:48:57 42.398323 -72.52805   4     13     55  
709.0  11:49:07 42.397015 -72.52784   4     11     41  
709.0  11:49:17 42.395958 -72.52734   5     17     55  
709.0  11:49:26 42.395367 -72.52708   4     18     52  
709.0  11:49:35 42.395405 -72.52708   4     12     55  
709.0  11:49:43 42.39547 -72.52704   3     14     55  
709.0  11:49:52 42.39554 -72.527   3     17     49  
710.0  11:50:02 42.395523 -72.527   5     14     51  
710.0  11:50:11 42.39545 -72.527   3     13     53  
710.0  11:50:19 42.394894 -72.52667   4     17     52  
710.0  11:50:27 42.39406 -72.52624   4     10     52  
710.0  11:50:36 42.39362 -72.52606   5     15     55  
710.0  11:50:44 42.393436 -72.52599   3     13     57  
710.0  11:50:55 42.393383 -72.52603   3     10     56  
711.0  11:51:04 42.39339 -72.52606   4     17     48  
711.0  11:51:12 42.393394 -72.52601   4     16     41  
711.0  11:51:21 42.393307 -72.52588   5     16     55  
711.0  11:51:30 42.392796 -72.52565   5     10     47  
711.0  11:51:39 42.39215 -72.52543   5     17     55  
711.0  11:51:49 42.391388 -72.5253   4     17     53  
711.0  11:51:57 42.390915 -72.52527   3     18     56  
712.0  11:52:06 42.390896 -72.52523   4     15     51  
712.0  11:52:14 42.390877 -72.52522   3     16     48  
712.0  11:52:23 42.390842 -72.52517   5     12     50  
712.0  11:52:31 42.39065 -72.52508   3     18     46  
712.0  11:52:42 42.38975 -72.52497   5     16     53  
712.0  11:52:51 42.389282 -72.52482   4     19     41  
712.0  11:52:59 42.38846 -72.52437   3     17     50  
713.0  11:53:08 42.387897 -72.52396   4     16     49  
713.0  11:53:16 42.387787 -72.5238   3     19     55  
713.0  11:53:25 42.387783 -72.52377   5     13     47  
713.0  11:53:35 42.3878 -72.52375   5     12     53  
713.0  11:53:44 42.387352 -72.52316   4     19     40  
713.0  11:53:56 42.38675 -72.52252   4     19     40  
714.0  11:54:05 42.386143 -72.52247   4     16     51  
714.0  11:54:14 42.386116 -72.52254   4     14     44  
714.0  11:54:23 42.38597 -72.522606   4     11     45  
714.0  11:54:33 42.385315 -72.52181   3     18     42  
714.0  11:54:41 42.384514 -72.521385   5     12     55  
714.0  11:54:50 42.3836 -72.52088   4     19     42  
714.0  11:54:58 42.3828 -72.52043   3     12     53  
715.0  11:55:06 42.381992 -72.519875   4     13     41  
715.0  11:55:18 42.381416 -72.51923   5     13     50  
715.0  11:55:30 42.380207 -72.519394   4     17     53  
715.0  11:55:39 42.37961 -72.51962   3     13     46  
715.0  11:55:48 42.379536 -72.51965   5     13     42  
715.0  11:55:56 42.37915 -72.519844   5     18     43  
716.0  11:56:06 42.378468 -72.519966   4     13     54  
716.0  11:56:14 42.37816 -72.51997   3     12     42  
716.0  11:56:25 42.377903 -72.51996   5     10     53  
716.0  11:56:34 42.377888 -72.519966   4     10     44  
716.0  11:56:41 42.37787 -72.519966   4     12     48  
716.0  11:56:49 42.377705 -72.51996   5     12     52  
716.0  11:56:57 42.377007 -72.51994   4     16     46  
717.0  11:57:05 42.376392 -72.51992   4     13     45  
717.0  11:57:15 42.376015 -72.51991   3     19     53  
717.0  11:57:23 42.37599 -72.51998   4     14     48  
717.0  11:57:32 42.375946 -72.520096   3     12     44  
717.0  11:57:40 42.375908 -72.520164   4     17     58  
717.0  11:57:49 42.375893 -72.52017   4     11     42  
717.0  11:57:58 42.375862 -72.5202   3     18     44  
718.0  11:58:09 42.37571 -72.520065   4     16     44  
718.0  11:58:17 42.37557 -72.519646   3     11     50  
718.0  11:58:26 42.375626 -72.51927   5     17     44  
718.0  11:58:34 42.375683 -72.519295   5     16     47  
718.0  11:58:43 42.375664 -72.51928   5     19     56  
718.0  11:58:52 42.37571 -72.51913   5     13     42  
719.0  11:59:02 42.375782 -72.51858   3     14     43  
719.0  11:59:11 42.375797 -72.51795   4     11     50  
719.0  11:59:20 42.375828 -72.517006   5     13     43  
719.0  11:59:29 42.375843 -72.51606   3     10     43  
719.0  11:59:38 42.37591 -72.51469   3     17     49  
719.0  11:59:47 42.375885 -72.51371   3     16     58  
719.0  11:59:58 42.37586 -72.51356   3     10     44  
720.0  12:00:07 42.375885 -72.51355   3     18     54  
720.0  12:00:16 42.375896 -72.51325   4     13     54  
720.0  12:00:24 42.37587 -72.51211   5     11     51  
720.0  12:00:33 42.37585 -72.51109   5     17     55  
720.0  12:00:42 42.375828 -72.51075   3     18     45  
720.0  12:00:52 42.37578 -72.50907   3     19     52  
601.0  10:01:00 42.375534 -72.51947   3     18     49  
602.0  10:02:00 42.375732 -72.51779   5     11     47  
603.0  10:03:00 42.375847 -72.511795   3     17     44  
604.0  10:04:00 42.37575 -72.50856   3     18     45  
605.0  10:05:00 42.37634 -72.50075   4     11     54  
606.0  10:06:00 42.373066 -72.50131   4     16     42  
607.0  10:07:00 42.369324 -72.501495   5     17     47  
608.0  10:08:00 42.370296 -72.49909   5     11     50  
609.0  10:09:00 42.36985 -72.49711   3     15     56  
610.0  10:10:00 42.364796 -72.49073   3     18     50  
611.0  10:11:00 42.36083 -72.48711   5     19     44  
612.0  10:12:00 42.35679 -72.48532   4     10     44  
613.0  10:13:00 42.355804 -72.485756   5     17     45  
614.0  10:14:00 42.357548 -72.48532   3     18     53  
615.0  10:15:00 42.357025 -72.482925   4     16     48  
616.0  10:16:00 42.353413 -72.475975   4     17     44  
617.0  10:17:00 42.355083 -72.48036   5     14     55  
618.0  10:18:00 42.358307 -72.48469   5     19     59  
619.0  10:19:00 42.362507 -72.48834   5     12     54  
620.0  10:20:00 42.368702 -72.49556   3     10     45  
621.0  10:21:00 42.370354 -72.499115   4     17     57  
622.0  10:22:00 42.369263 -72.500435   4     17     44  
623.0  10:23:00 42.371418 -72.50156   4     12     57  
624.0  10:24:00 42.372784 -72.501205   5     18     58  
625.0  10:25:00 42.375298 -72.50071   5     12     55  
626.0  10:26:00 42.37625 -72.50136   5     12     47  
627.0  10:27:00 42.375736 -72.506584   5     12     41  
628.0  10:28:00 42.37585 -72.51053   3     10     45  
629.0  10:29:00 42.37593 -72.51247   3     18     42  
630.0  10:30:00 42.37587 -72.5167   5     12     45  
631.0  10:31:00 42.37572 -72.51957   3     16     42  
632.0  10:32:00 42.376003 -72.51989   5     11     47  
633.0  10:33:00 42.377495 -72.519844   4     18     57  
634.0  10:34:00 42.377888 -72.51991   3     13     52  
635.0  10:35:00 42.380062 -72.51945   3     19     45  
636.0  10:36:00 42.381485 -72.51928   4     17     55  
637.0  10:37:00 42.38567 -72.522   3     13     41  
638.0  10:38:00 42.387558 -72.52343   3     16     50  
639.0  10:39:00 42.388454 -72.52436   5     12     58  
640.0  10:40:00 42.39107 -72.52523   4     17     42  
641.0  10:41:00 42.39328 -72.525955   3     17     41  
642.0  10:42:00 42.394585 -72.52667   3     17     44  
643.0  10:43:00 42.39768 -72.52805   5     14     54  
644.0  10:44:00 42.40396 -72.52953   5     19     50  
645.0  10:45:00 42.406456 -72.52984   3     12     40  
646.0  10:46:00 42.4061 -72.53225   5     14     57  
647.0  10:47:00 42.4058 -72.53249   3     13     49  
648.0  10:48:00 42.40547 -72.53249   5     19     55  
649.0  10:49:00 42.405025 -72.53084   4     17     48  
650.0  10:50:00 42.404118 -72.529655   4     15     55  
651.0  10:51:00 42.403164 -72.52913   4     14     59  
652.0  10:52:00 42.399464 -72.528   4     17     52  
653.0  10:53:00 42.394485 -72.52664   5     10     53  
654.0  10:54:00 42.39351 -72.5261   4     18     47  
655.0  10:55:00 42.39336 -72.52605   5     15     46  
656.0  10:56:00 42.390953 -72.52533   5     11     42  
657.0  10:57:00 42.39041 -72.52517   4     19     52  
658.0  10:58:00 42.387814 -72.52388   3     11     54  
659.0  10:59:00 42.387806 -72.523926   3     10     44  
660.0  11:00:00 42.386955 -72.52272   5     18     55  
661.0  11:01:00 42.38493 -72.52163   5     12     51  
662.0  11:02:00 42.381916 -72.51979   5     17     48  
663.0  11:03:00 42.377903 -72.52   4     16     52  
664.0  11:04:00 42.377243 -72.51995   3     15     45  
665.0  11:05:00 42.37597 -72.519775   4     17     41  
666.0  11:06:00 42.375626 -72.519165   3     12     50  
667.0  11:07:00 42.37595 -72.51205   3     19     59  
668.0  11:08:00 42.375843 -72.50908   5     12     57  
669.0  11:09:00 42.375908 -72.50319   4     15     43  
670.0  11:10:00 42.376274 -72.50098   4     11     50  
671.0  11:11:00 42.373066 -72.50129   4     11     47  
672.0  11:12:00 42.36928 -72.50008   4     17     57  
673.0  11:13:00 42.37113 -72.49875   5     18     53  
674.0  11:14:00 42.364487 -72.490204   4     11     43  
675.0  11:15:00 42.359505 -72.48582   3     13     40  
676.0  11:16:00 42.35574 -72.48553   5     19     53  
677.0  11:17:00 42.358055 -72.48425   5     17     48  
678.0  11:18:00 42.35344 -72.47625   3     18     48  
679.0  11:19:00 42.355755 -72.48051   4     17     46  
680.0  11:20:00 42.361233 -72.48737   4     10     50  
681.0  11:21:00 42.3651 -72.49097   4     14     50  
682.0  11:22:00 42.37116 -72.4985   5     18     46  
683.0  11:23:00 42.36928 -72.50071   5     14     51  
684.0  11:24:00 42.373013 -72.501205   3     13     50  
685.0  11:25:00 42.37644 -72.500626   3     15     57  
686.0  11:26:00 42.375725 -72.50705   4     16     55  
687.0  11:27:00 42.37587 -72.51278   3     15     54  
688.0  11:28:00 42.37564 -72.519356   3     16     44  
689.0  11:29:00 42.376507 -72.51998   4     16     51  
690.0  11:30:00 42.377544 -72.51996   3     17     43  
691.0  11:31:00 42.38003 -72.51951   4     19     44  
692.0  11:32:00 42.38171 -72.51953   3     15     43  
693.0  11:33:00 42.38689 -72.52264   3     12     42  
694.0  11:34:00 42.387665 -72.52383   5     10     47  
695.0  11:35:00 42.391117 -72.52535   3     15     47  
696.0  11:36:00 42.392944 -72.5257   4     15     52  
697.0  11:37:00 42.394997 -72.52686   4     10     50  
698.0  11:38:00 42.397636 -72.52803   3     10     54  
699.0  11:39:00 42.40304 -72.52899   4     11     44  
700.0  11:40:00 42.406414 -72.53025   3     16     45  
701.0  11:41:00 42.405815 -72.5325   4     17     49  
702.0  11:42:00 42.405804 -72.53246   3     11     46  
703.0  11:43:00 42.40579 -72.532425   3     17     54  
704.0  11:44:00 42.405773 -72.53241   5     12     48  
705.0  11:45:00 42.405758 -72.532425   4     19     40  
706.0  11:46:00 42.40579 -72.53243   5     11     40  
707.0  11:47:00 42.40497 -72.53088   5     10     54  
708.0  11:48:00 42.40321 -72.52908   5     19     48  
709.0  11:49:00 42.397415 -72.527985   3     11     56  
710.0  11:50:00 42.395527 -72.52701   4     18     43  
711.0  11:51:00 42.39339 -72.52606   3     18     59  
712.0  11:52:00 42.3909 -72.52522   4     14     56  
713.0  11:53:00 42.388115 -72.52411   5     10     58  
714.0  11:54:00 42.386166 -72.522446   4     14     44  
715.0  11:55:00 42.38218 -72.52002   3     14     55  
716.0  11:56:00 42.3785 -72.51997   4     18     46  
717.0  11:57:00 42.37648 -72.51992   5     17     49  
718.0  11:58:00 42.375713 -72.52008   3     10     53  
719.0  11:59:00 42.375782 -72.51852   5     19     44  
720.0  12:00:00 42.375877 -72.51356   3     14     43  
