600.0  10:00:12 42.325283 -72.53097   4     12     59  
600.0  10:00:24 42.32523 -72.530975   5     13     44  
600.0  10:00:37 42.325054 -72.53116   3     19     56  
600.0  10:00:49 42.324917 -72.530785   5     19     51  
601.0  10:01:54 42.32246 -72.5291   3     17     56  
602.0  10:02:04 42.322147 -72.52977   3     19     50  
602.0  10:02:12 42.322075 -72.52998   3     14     54  
602.0  10:02:20 42.321983 -72.5302   5     16     54  
602.0  10:02:28 42.321865 -72.53095   4     10     43  
602.0  10:02:36 42.32184 -72.531944   3     11     41  
602.0  10:02:44 42.321682 -72.53301   3     13     53  
602.0  10:02:55 42.3217 -72.53423   4     17     50  
603.0  10:03:03 42.32117 -72.53431   5     13     46  
603.0  10:03:12 42.32086 -72.534325   5     17     46  
603.0  10:03:20 42.32079 -72.53385   4     16     54  
603.0  10:03:28 42.3211 -72.53369   4     18     57  
603.0  10:03:37 42.32115 -72.53414   5     13     57  
603.0  10:03:48 42.320847 -72.53433   3     13     58  
603.0  10:03:56 42.320587 -72.534355   4     11     42  
604.0  10:04:05 42.32037 -72.53437   4     17     49  
604.0  10:04:13 42.32033 -72.534355   4     15     51  
604.0  10:04:22 42.320232 -72.53336   5     13     43  
604.0  10:04:30 42.320198 -72.53191   4     18     57  
604.0  10:04:41 42.31998 -72.529884   3     17     53  
604.0  10:04:49 42.31954 -72.528656   5     15     53  
604.0  10:04:58 42.319336 -72.52818   4     13     48  
605.0  10:05:06 42.3193 -72.52813   3     17     50  
605.0  10:05:15 42.31922 -72.52804   5     13     59  
605.0  10:05:23 42.319145 -72.528   5     10     43  
605.0  10:05:34 42.318466 -72.5288   5     17     52  
605.0  10:05:42 42.317642 -72.529594   4     16     47  
605.0  10:05:51 42.316372 -72.5302   3     17     47  
605.0  10:05:59 42.31512 -72.5306   5     12     42  
606.0  10:06:07 42.313774 -72.53091   5     16     50  
606.0  10:06:16 42.31266 -72.53061   3     19     54  
606.0  10:06:27 42.311096 -72.53014   4     17     45  
606.0  10:06:39 42.30999 -72.52973   4     14     51  
606.0  10:06:48 42.308247 -72.52981   5     18     59  
606.0  10:06:56 42.307354 -72.530754   4     19     52  
607.0  10:07:05 42.30616 -72.53045   4     14     52  
607.0  10:07:14 42.305473 -72.52919   3     12     58  
607.0  10:07:44 42.30307 -72.52754   3     18     50  
607.0  10:07:46 42.30307 -72.52754   4     16     41  
607.0  10:07:54 42.299862 -72.528854   5     19     45  
608.0  10:08:03 42.29873 -72.529816   5     10     49  
608.0  10:08:11 42.29739 -72.53089   5     15     46  
608.0  10:08:22 42.295464 -72.5312   5     17     41  
608.0  10:08:31 42.293873 -72.531235   3     16     54  
608.0  10:08:39 42.292583 -72.53187   5     15     42  
608.0  10:08:47 42.291656 -72.53248   5     15     40  
608.0  10:08:56 42.290977 -72.53292   3     18     42  
609.0  10:09:04 42.290325 -72.53333   4     12     45  
609.0  10:09:15 42.28914 -72.53516   3     15     41  
609.0  10:09:23 42.288673 -72.53706   5     12     44  
609.0  10:09:31 42.287716 -72.53857   3     18     55  
609.0  10:09:40 42.28676 -72.54057   4     15     51  
609.0  10:09:48 42.28609 -72.54227   5     15     52  
609.0  10:09:57 42.28559 -72.54423   5     18     59  
610.0  10:10:07 42.28519 -72.54653   4     17     56  
610.0  10:10:16 42.28454 -72.548386   3     12     42  
610.0  10:10:24 42.28378 -72.55014   4     14     57  
610.0  10:10:33 42.28299 -72.552155   3     16     54  
610.0  10:10:41 42.282337 -72.55372   3     16     51  
610.0  10:10:50 42.281628 -72.55552   3     15     50  
611.0  10:11:01 42.28074 -72.557724   4     14     45  
611.0  10:11:09 42.28017 -72.55908   4     18     58  
611.0  10:11:18 42.279156 -72.55969   3     13     42  
611.0  10:11:26 42.278385 -72.560585   4     17     40  
611.0  10:11:34 42.277687 -72.56206   4     14     42  
611.0  10:11:43 42.27683 -72.5637   5     17     49  
611.0  10:11:53 42.275562 -72.56489   3     16     54  
612.0  10:12:02 42.274246 -72.56512   3     14     48  
612.0  10:12:10 42.273075 -72.565285   4     10     47  
612.0  10:12:19 42.27159 -72.565674   5     15     41  
612.0  10:12:28 42.270252 -72.56592   4     19     59  
612.0  10:12:36 42.2687 -72.56628   5     11     42  
612.0  10:12:49 42.267258 -72.5673   4     18     48  
612.0  10:12:57 42.26632 -72.56904   5     17     40  
613.0  10:13:06 42.26651 -72.57055   3     19     42  
613.0  10:13:14 42.26651 -72.57144   5     17     41  
613.0  10:13:23 42.265705 -72.57175   5     14     46  
613.0  10:13:31 42.264675 -72.57199   3     13     54  
613.0  10:13:41 42.26328 -72.57231   3     16     50  
613.0  10:13:50 42.261944 -72.57264   5     14     51  
613.0  10:13:57 42.260803 -72.57292   4     12     45  
614.0  10:14:05 42.25991 -72.573715   4     11     53  
614.0  10:14:14 42.259285 -72.57464   4     14     44  
614.0  10:14:22 42.259087 -72.574875   3     14     48  
614.0  10:14:33 42.25878 -72.574715   5     12     50  
614.0  10:14:42 42.258312 -72.57411   3     18     58  
614.0  10:14:50 42.25802 -72.573235   3     13     45  
614.0  10:14:59 42.257816 -72.572174   4     16     52  
615.0  10:15:08 42.257607 -72.57191   3     12     41  
615.0  10:15:20 42.25704 -72.57205   3     12     58  
615.0  10:15:32 42.256233 -72.57217   5     14     42  
615.0  10:15:40 42.255676 -72.57242   4     17     40  
615.0  10:15:49 42.25504 -72.57285   5     14     45  
615.0  10:15:58 42.254406 -72.57348   5     13     53  
616.0  10:16:06 42.254288 -72.57374   4     15     52  
616.0  10:16:15 42.25421 -72.574   3     15     52  
616.0  10:16:25 42.25419 -72.574104   3     10     41  
616.0  10:16:33 42.2542 -72.5741   3     13     57  
616.0  10:16:41 42.254192 -72.5741   4     12     44  
616.0  10:16:50 42.254173 -72.57411   5     17     55  
616.0  10:16:58 42.254158 -72.57413   5     17     42  
617.0  10:17:07 42.254154 -72.57412   3     10     55  
617.0  10:17:17 42.254166 -72.57412   4     10     40  
617.0  10:17:26 42.254173 -72.57411   3     12     46  
617.0  10:17:35 42.254196 -72.5741   5     12     47  
617.0  10:17:44 42.254196 -72.57409   5     11     50  
617.0  10:17:53 42.254185 -72.57409   5     16     57  
618.0  10:18:00 42.254158 -72.57409   4     11     43  
618.0  10:18:11 42.254147 -72.574104   3     10     48  
618.0  10:18:19 42.25417 -72.57411   5     16     40  
618.0  10:18:27 42.25418 -72.57411   5     17     55  
618.0  10:18:35 42.25418 -72.5741   3     12     42  
618.0  10:18:43 42.254185 -72.574104   4     11     55  
618.0  10:18:52 42.25419 -72.574104   4     16     46  
619.0  10:19:03 42.2542 -72.5741   4     14     52  
619.0  10:19:12 42.254192 -72.5741   3     10     42  
619.0  10:19:20 42.254185 -72.5741   4     19     57  
619.0  10:19:29 42.254173 -72.574104   3     19     56  
619.0  10:19:37 42.25418 -72.57411   4     18     41  
619.0  10:19:45 42.25418 -72.57412   4     11     42  
619.0  10:19:55 42.25418 -72.57411   4     12     58  
620.0  10:20:03 42.25418 -72.57411   4     15     44  
620.0  10:20:12 42.25418 -72.57412   5     11     45  
620.0  10:20:20 42.254177 -72.574104   4     10     41  
620.0  10:20:28 42.254173 -72.5741   4     18     40  
620.0  10:20:36 42.254147 -72.57412   4     17     40  
620.0  10:20:47 42.254036 -72.57426   3     16     46  
620.0  10:20:56 42.254066 -72.57427   5     14     50  
621.0  10:21:05 42.254032 -72.574425   4     12     46  
621.0  10:21:13 42.253647 -72.574615   3     12     55  
621.0  10:21:22 42.25358 -72.57495   5     17     46  
621.0  10:21:31 42.253853 -72.575714   5     12     55  
621.0  10:21:41 42.254025 -72.5763   4     12     50  
621.0  10:21:49 42.25397 -72.576195   5     14     47  
621.0  10:21:58 42.25404 -72.57648   3     15     44  
622.0  10:22:06 42.254158 -72.57706   5     11     57  
622.0  10:22:14 42.254368 -72.577194   4     17     41  
622.0  10:22:22 42.254982 -72.57697   5     11     45  
622.0  10:22:32 42.25599 -72.57658   4     15     57  
622.0  10:22:41 42.256462 -72.57638   4     10     51  
622.0  10:22:50 42.256893 -72.57627   3     16     49  
622.0  10:22:58 42.257355 -72.57614   4     12     40  
623.0  10:23:06 42.25766 -72.575905   3     19     53  
623.0  10:23:15 42.257618 -72.575836   3     12     42  
623.0  10:23:25 42.257603 -72.57575   3     11     58  
623.0  10:23:33 42.257614 -72.575745   4     18     51  
623.0  10:23:41 42.257687 -72.57582   4     10     53  
623.0  10:23:50 42.25823 -72.575615   4     15     57  
623.0  10:23:59 42.258842 -72.57508   4     16     44  
624.0  10:24:07 42.25945 -72.574425   5     16     44  
624.0  10:24:19 42.260323 -72.5732   5     13     55  
624.0  10:24:28 42.261597 -72.57267   5     18     55  
624.0  10:24:37 42.262867 -72.572365   3     19     42  
624.0  10:24:46 42.264194 -72.572044   3     12     53  
624.0  10:24:54 42.26538 -72.571724   3     18     44  
625.0  10:25:03 42.26647 -72.57143   5     19     41  
625.0  10:25:13 42.26667 -72.57038   5     12     57  
625.0  10:25:21 42.26652 -72.56909   4     18     41  
625.0  10:25:30 42.266586 -72.56795   3     16     56  
625.0  10:25:38 42.267654 -72.56696   4     14     59  
625.0  10:25:46 42.268784 -72.56629   3     12     43  
625.0  10:25:55 42.26984 -72.56594   4     10     52  
626.0  10:26:05 42.27161 -72.565636   3     12     46  
626.0  10:26:14 42.27305 -72.56528   3     11     50  
626.0  10:26:22 42.27452 -72.56494   3     11     59  
626.0  10:26:31 42.27583 -72.56469   3     11     41  
626.0  10:26:39 42.277027 -72.56359   4     10     51  
626.0  10:26:48 42.277813 -72.562   4     13     51  
626.0  10:26:58 42.278786 -72.56003   5     18     51  
627.0  10:27:06 42.27963 -72.559265   3     15     57  
627.0  10:27:15 42.280537 -72.558464   3     10     44  
627.0  10:27:23 42.281033 -72.55698   3     12     50  
627.0  10:27:32 42.28177 -72.55512   4     12     56  
627.0  10:27:40 42.28241 -72.55353   4     18     49  
627.0  10:27:50 42.28327 -72.55134   4     14     49  
627.0  10:27:59 42.283928 -72.549675   3     12     48  
628.0  10:28:08 42.284683 -72.547874   4     19     45  
628.0  10:28:16 42.285255 -72.54629   3     19     53  
628.0  10:28:25 42.28559 -72.544235   5     15     56  
628.0  10:28:33 42.28606 -72.54245   3     14     44  
628.0  10:28:44 42.286934 -72.54022   5     11     40  
628.0  10:28:52 42.28763 -72.538574   5     17     55  
629.0  10:29:01 42.28859 -72.53724   3     16     57  
629.0  10:29:09 42.28908 -72.53577   3     11     53  
629.0  10:29:18 42.289783 -72.53395   3     15     46  
629.0  10:29:27 42.290955 -72.53291   3     15     49  
629.0  10:29:37 42.29273 -72.531944   3     19     51  
629.0  10:29:46 42.294357 -72.531235   3     17     56  
629.0  10:29:55 42.295994 -72.53117   5     11     57  
630.0  10:30:03 42.29779 -72.53069   5     15     54  
630.0  10:30:12 42.29914 -72.52969   3     13     53  
630.0  10:30:20 42.300545 -72.52866   5     12     54  
630.0  10:30:31 42.30215 -72.527756   5     13     45  
630.0  10:30:48 42.30351 -72.52766   3     17     58  
630.0  10:30:52 42.30351 -72.52766   3     11     46  
631.0  10:31:00 42.30611 -72.52974   4     17     56  
631.0  10:31:09 42.306908 -72.53076   4     16     48  
631.0  10:31:17 42.30785 -72.530556   3     19     56  
631.0  10:31:29 42.309166 -72.52937   5     16     44  
631.0  10:31:37 42.310547 -72.52976   4     17     53  
631.0  10:31:46 42.31191 -72.530266   3     14     48  
631.0  10:31:54 42.313477 -72.53077   3     15     57  
632.0  10:32:03 42.315117 -72.53062   4     11     40  
632.0  10:32:12 42.316574 -72.53014   5     11     53  
632.0  10:32:23 42.31819 -72.52915   5     13     53  
632.0  10:32:32 42.31909 -72.528175   5     15     53  
632.0  10:32:40 42.31922 -72.52789   3     10     46  
632.0  10:32:49 42.319492 -72.52821   5     15     52  
632.0  10:32:58 42.31994 -72.529526   5     19     56  
633.0  10:33:07 42.32023 -72.53102   5     17     43  
633.0  10:33:20 42.32028 -72.53339   3     18     57  
633.0  10:33:29 42.320366 -72.53442   4     17     59  
633.0  10:33:38 42.3208 -72.534325   4     13     59  
633.0  10:33:47 42.320843 -72.53376   3     19     40  
633.0  10:33:56 42.321125 -72.53368   5     13     48  
634.0  10:34:04 42.32115 -72.53414   5     11     43  
634.0  10:34:15 42.321518 -72.53424   4     19     52  
634.0  10:34:24 42.321762 -72.53418   3     10     56  
634.0  10:34:32 42.321728 -72.533325   5     10     47  
634.0  10:34:40 42.32177 -72.53239   4     17     47  
634.0  10:34:49 42.321903 -72.531235   4     15     42  
634.0  10:34:58 42.32199 -72.53014   3     15     54  
635.0  10:35:09 42.322155 -72.52977   5     13     44  
635.0  10:35:17 42.322227 -72.5296   3     15     43  
635.0  10:35:26 42.32247 -72.52906   3     19     56  
635.0  10:35:34 42.32316 -72.52836   5     19     43  
635.0  10:35:42 42.324062 -72.528496   4     16     51  
635.0  10:35:51 42.324867 -72.528694   3     16     42  
636.0  10:36:02 42.325153 -72.52902   4     16     59  
636.0  10:36:11 42.325134 -72.529976   4     16     44  
636.0  10:36:19 42.325275 -72.53064   5     19     55  
636.0  10:36:28 42.325294 -72.53076   5     13     49  
636.0  10:36:37 42.325302 -72.53075   5     14     56  
636.0  10:36:46 42.325283 -72.530754   5     19     52  
636.0  10:36:56 42.325268 -72.53075   3     16     46  
637.0  10:37:04 42.32526 -72.53073   3     19     40  
637.0  10:37:13 42.32526 -72.53074   5     14     40  
637.0  10:37:22 42.325256 -72.53075   5     12     47  
637.0  10:37:31 42.32527 -72.530716   3     11     43  
637.0  10:37:40 42.325268 -72.53072   3     13     44  
637.0  10:37:50 42.325253 -72.530754   4     12     59  
637.0  10:37:59 42.325233 -72.5308   5     17     50  
638.0  10:38:08 42.32526 -72.530754   4     17     40  
638.0  10:38:16 42.32526 -72.530754   5     19     46  
638.0  10:38:25 42.325275 -72.53073   4     15     53  
638.0  10:38:33 42.32527 -72.53075   4     11     54  
638.0  10:38:43 42.325233 -72.53085   4     16     51  
638.0  10:38:52 42.325226 -72.53085   3     15     53  
639.0  10:39:01 42.325222 -72.530846   4     19     40  
639.0  10:39:09 42.32519 -72.530876   4     13     58  
639.0  10:39:18 42.325188 -72.53088   5     13     45  
639.0  10:39:26 42.325245 -72.53082   4     15     50  
639.0  10:39:37 42.325283 -72.53076   5     11     46  
639.0  10:39:46 42.325268 -72.53078   5     12     53  
639.0  10:39:54 42.325264 -72.5308   5     10     52  
640.0  10:40:03 42.32529 -72.53076   5     19     50  
640.0  10:40:12 42.325245 -72.53082   4     19     57  
640.0  10:40:20 42.325245 -72.53079   4     12     45  
640.0  10:40:30 42.325222 -72.53101   5     17     40  
640.0  10:40:39 42.325066 -72.53118   4     18     48  
640.0  10:40:48 42.3249 -72.53091   3     17     56  
640.0  10:40:56 42.324974 -72.53052   3     17     54  
641.0  10:41:05 42.324978 -72.53055   4     15     40  
641.0  10:41:13 42.324997 -72.530556   5     14     55  
641.0  10:41:23 42.324997 -72.53056   3     10     41  
641.0  10:41:31 42.325127 -72.53015   3     16     54  
641.0  10:41:40 42.325115 -72.5293   3     19     59  
641.0  10:41:49 42.32512 -72.528824   4     13     45  
641.0  10:41:57 42.32513 -72.52816   5     17     45  
642.0  10:42:06 42.324715 -72.52702   3     16     45  
642.0  10:42:17 42.323475 -72.5263   3     15     42  
642.0  10:42:25 42.323277 -72.52498   4     10     48  
642.0  10:42:34 42.323254 -72.52472   5     15     59  
642.0  10:42:42 42.323376 -72.524635   3     11     42  
642.0  10:42:51 42.32417 -72.524605   5     10     49  
642.0  10:42:59 42.325333 -72.52451   3     13     45  
643.0  10:43:10 42.327198 -72.52437   3     16     55  
643.0  10:43:18 42.328705 -72.5242   5     13     47  
643.0  10:43:27 42.33045 -72.52395   3     18     52  
643.0  10:43:36 42.33192 -72.52374   5     11     40  
643.0  10:43:44 42.333008 -72.52361   5     18     44  
643.0  10:43:52 42.333187 -72.52354   4     19     54  
644.0  10:44:03 42.3332 -72.52355   4     17     40  
644.0  10:44:12 42.33322 -72.52354   3     17     57  
644.0  10:44:20 42.333763 -72.5235   4     14     54  
644.0  10:44:29 42.33488 -72.52329   5     14     42  
644.0  10:44:38 42.33613 -72.52277   3     10     41  
644.0  10:44:47 42.3374 -72.52174   3     19     54  
644.0  10:44:58 42.339046 -72.520676   5     14     41  
645.0  10:45:06 42.340256 -72.52011   5     10     56  
645.0  10:45:15 42.340763 -72.51993   5     10     54  
645.0  10:45:24 42.34067 -72.519966   4     18     46  
645.0  10:45:33 42.34068 -72.51998   3     12     47  
645.0  10:45:41 42.341278 -72.519905   3     13     52  
645.0  10:45:53 42.34286 -72.520195   5     14     45  
646.0  10:46:01 42.344353 -72.52047   4     13     58  
646.0  10:46:09 42.34563 -72.520485   5     19     47  
646.0  10:46:18 42.34697 -72.52036   4     14     48  
646.0  10:46:27 42.34743 -72.520195   5     19     44  
646.0  10:46:35 42.347416 -72.52018   5     17     57  
646.0  10:46:47 42.347454 -72.520164   4     17     52  
646.0  10:46:55 42.347538 -72.52017   3     14     48  
647.0  10:47:04 42.34827 -72.52004   5     13     54  
647.0  10:47:13 42.349323 -72.519905   3     11     48  
647.0  10:47:22 42.350426 -72.519905   3     17     41  
647.0  10:47:31 42.3518 -72.52049   3     15     51  
647.0  10:47:42 42.35344 -72.52076   5     12     52  
647.0  10:47:51 42.354645 -72.520874   3     17     45  
648.0  10:48:00 42.354984 -72.520836   4     17     59  
648.0  10:48:08 42.354984 -72.52072   5     11     48  
648.0  10:48:17 42.355434 -72.52083   3     11     51  
648.0  10:48:26 42.356594 -72.52097   3     16     56  
648.0  10:48:36 42.357986 -72.52094   3     13     42  
648.0  10:48:45 42.35924 -72.52087   5     10     43  
648.0  10:48:54 42.360676 -72.520805   4     13     51  
649.0  10:49:04 42.36225 -72.52077   4     18     40  
649.0  10:49:18 42.363888 -72.52073   4     10     50  
649.0  10:49:28 42.36658 -72.52024   4     16     49  
649.0  10:49:36 42.367893 -72.52004   4     17     53  
649.0  10:49:44 42.369186 -72.51991   4     16     47  
649.0  10:49:53 42.37019 -72.519806   4     15     59  
650.0  10:50:02 42.37139 -72.519745   4     14     57  
650.0  10:50:10 42.37216 -72.519714   3     18     49  
650.0  10:50:21 42.372173 -72.51932   4     13     41  
650.0  10:50:29 42.37221 -72.51878   4     15     59  
650.0  10:50:38 42.372787 -72.518845   5     17     45  
650.0  10:50:47 42.37294 -72.51884   5     17     42  
650.0  10:50:55 42.372917 -72.5188   3     15     52  
651.0  10:51:04 42.372917 -72.5188   5     12     48  
651.0  10:51:15 42.37293 -72.518814   5     10     48  
651.0  10:51:23 42.37301 -72.518875   4     13     59  
651.0  10:51:32 42.37311 -72.51893   4     19     58  
651.0  10:51:41 42.37311 -72.518936   4     15     43  
651.0  10:51:49 42.373108 -72.51895   5     13     43  
651.0  10:51:58 42.373108 -72.51896   3     13     57  
652.0  10:52:09 42.373096 -72.51897   4     15     56  
652.0  10:52:18 42.37309 -72.51898   5     14     47  
652.0  10:52:26 42.37311 -72.51896   4     14     51  
652.0  10:52:35 42.37312 -72.518936   3     13     42  
652.0  10:52:44 42.37312 -72.51892   3     17     52  
652.0  10:52:52 42.373116 -72.5189   5     12     53  
653.0  10:53:03 42.37311 -72.518875   5     13     55  
653.0  10:53:12 42.37313 -72.518875   5     14     59  
653.0  10:53:20 42.373142 -72.518875   4     15     55  
653.0  10:53:29 42.373146 -72.5189   4     12     40  
653.0  10:53:37 42.37315 -72.518906   3     12     45  
653.0  10:53:46 42.373142 -72.51891   5     11     59  
653.0  10:53:56 42.373127 -72.51892   5     19     48  
654.0  10:54:05 42.373154 -72.51891   4     10     55  
654.0  10:54:14 42.373226 -72.519035   5     18     47  
654.0  10:54:23 42.37325 -72.51967   3     14     42  
654.0  10:54:35 42.373604 -72.51978   3     16     53  
654.0  10:54:44 42.374485 -72.51981   4     17     45  
654.0  10:54:55 42.374626 -72.51972   3     13     53  
655.0  10:55:04 42.374622 -72.51968   3     11     58  
655.0  10:55:12 42.37512 -72.51978   3     13     47  
655.0  10:55:21 42.375313 -72.51984   3     15     58  
655.0  10:55:30 42.37537 -72.51992   5     14     58  
655.0  10:55:38 42.375385 -72.519936   3     12     59  
655.0  10:55:49 42.375774 -72.519936   3     19     54  
655.0  10:55:57 42.376434 -72.51995   5     12     41  
656.0  10:56:06 42.376816 -72.51994   4     16     59  
656.0  10:56:14 42.377186 -72.51994   3     17     54  
656.0  10:56:23 42.37724 -72.51996   5     16     50  
656.0  10:56:31 42.37726 -72.51994   5     19     50  
656.0  10:56:42 42.377266 -72.519905   3     10     50  
656.0  10:56:50 42.377285 -72.51988   4     12     58  
656.0  10:56:59 42.377426 -72.519875   5     19     59  
657.0  10:57:07 42.377438 -72.51987   4     12     57  
657.0  10:57:15 42.377426 -72.519905   3     17     50  
657.0  10:57:23 42.37742 -72.519905   4     14     41  
657.0  10:57:33 42.377407 -72.5199   4     19     48  
657.0  10:57:42 42.377403 -72.5199   4     13     57  
657.0  10:57:51 42.37743 -72.51987   3     14     43  
657.0  10:57:59 42.377457 -72.51984   4     13     47  
658.0  10:58:08 42.377457 -72.519875   4     18     49  
658.0  10:58:17 42.377735 -72.519905   5     14     54  
658.0  10:58:29 42.37827 -72.51997   4     15     44  
658.0  10:58:38 42.37829 -72.52001   3     13     43  
658.0  10:58:47 42.3788 -72.51997   3     13     54  
658.0  10:58:56 42.379604 -72.51965   5     10     49  
659.0  10:59:04 42.379795 -72.519554   3     19     49  
659.0  10:59:13 42.3798 -72.51955   4     10     42  
659.0  10:59:24 42.380024 -72.51949   5     14     54  
659.0  10:59:33 42.38079 -72.51937   4     13     44  
659.0  10:59:41 42.381382 -72.519295   3     15     47  
659.0  10:59:50 42.38138 -72.51936   4     14     51  
659.0  10:59:58 42.381344 -72.51933   4     17     46  
660.0  11:00:07 42.381317 -72.519264   4     11     56  
660.0  11:00:16 42.381287 -72.51917   3     14     47  
660.0  11:00:25 42.381313 -72.51922   4     12     41  
660.0  11:00:34 42.38141 -72.51927   3     18     40  
660.0  11:00:42 42.381775 -72.519585   3     17     40  
660.0  11:00:51 42.382553 -72.52027   5     17     59  
660.0  11:00:59 42.38342 -72.520805   3     15     57  
661.0  11:01:09 42.384506 -72.52138   5     12     48  
661.0  11:01:18 42.385456 -72.52185   5     19     58  
661.0  11:01:26 42.38602 -72.52256   5     11     40  
661.0  11:01:35 42.38608 -72.52351   5     13     53  
661.0  11:01:44 42.385994 -72.523865   3     17     52  
661.0  11:01:53 42.38576 -72.52468   3     14     47  
662.0  11:02:03 42.385674 -72.52493   3     14     42  
662.0  11:02:12 42.385662 -72.52506   3     12     49  
662.0  11:02:20 42.38571 -72.52515   3     13     50  
662.0  11:02:29 42.38591 -72.525246   3     16     56  
662.0  11:02:37 42.386215 -72.52537   5     14     52  
662.0  11:02:46 42.386734 -72.52556   3     11     47  
662.0  11:02:57 42.387238 -72.52587   4     12     44  
663.0  11:03:07 42.387215 -72.526375   4     15     41  
663.0  11:03:18 42.387157 -72.52645   4     12     58  
663.0  11:03:27 42.387142 -72.52655   5     10     57  
663.0  11:03:35 42.387165 -72.52654   4     16     43  
663.0  11:03:47 42.387173 -72.52648   5     16     47  
663.0  11:03:55 42.387188 -72.52642   4     18     52  
664.0  11:04:05 42.387157 -72.526436   3     16     59  
664.0  11:04:13 42.38715 -72.52644   5     16     43  
664.0  11:04:22 42.38715 -72.52646   5     18     49  
664.0  11:04:31 42.387165 -72.526474   4     15     49  
664.0  11:04:41 42.387184 -72.526474   4     15     47  
664.0  11:04:50 42.387135 -72.52649   4     13     57  
664.0  11:04:59 42.38714 -72.526505   3     14     58  
665.0  11:05:07 42.38714 -72.52653   3     11     47  
665.0  11:05:16 42.38714 -72.52651   4     13     40  
665.0  11:05:25 42.387016 -72.526474   3     10     46  
665.0  11:05:35 42.386734 -72.526306   5     18     45  
665.0  11:05:44 42.38665 -72.52625   5     18     50  
665.0  11:05:52 42.386425 -72.52618   3     16     59  
666.0  11:06:01 42.386147 -72.52607   5     12     42  
666.0  11:06:09 42.38594 -72.52601   4     19     40  
666.0  11:06:18 42.385784 -72.525955   4     16     45  
666.0  11:06:33 42.385666 -72.52593   5     10     53  
666.0  11:06:41 42.385662 -72.52591   3     13     52  
666.0  11:06:50 42.3856 -72.52591   3     12     40  
666.0  11:06:58 42.385315 -72.52578   3     11     53  
667.0  11:07:06 42.385395 -72.52515   4     10     53  
667.0  11:07:14 42.385635 -72.52419   4     18     42  
667.0  11:07:25 42.385876 -72.52307   3     10     53  
667.0  11:07:34 42.385937 -72.52283   5     15     58  
667.0  11:07:42 42.385895 -72.52246   5     16     59  
667.0  11:07:51 42.38541 -72.521835   5     16     51  
668.0  11:08:01 42.384388 -72.52134   4     15     53  
668.0  11:08:09 42.383472 -72.5209   5     18     48  
668.0  11:08:20 42.38234 -72.52017   3     17     49  
668.0  11:08:29 42.381596 -72.51946   4     15     43  
668.0  11:08:37 42.381107 -72.5193   4     19     41  
668.0  11:08:46 42.380257 -72.519424   3     13     55  
668.0  11:08:54 42.379566 -72.519646   3     19     52  
669.0  11:09:03 42.378815 -72.519936   3     12     45  
669.0  11:09:14 42.378227 -72.51993   3     14     44  
669.0  11:09:23 42.377857 -72.51997   3     11     43  
669.0  11:09:31 42.37786 -72.51992   4     15     48  
669.0  11:09:40 42.377884 -72.519905   5     16     48  
669.0  11:09:49 42.377758 -72.51993   3     10     41  
669.0  11:09:58 42.37768 -72.519966   5     17     48  
670.0  11:10:08 42.377262 -72.520004   4     10     59  
670.0  11:10:17 42.376476 -72.51996   3     14     56  
670.0  11:10:26 42.376022 -72.519905   3     12     45  
670.0  11:10:35 42.375988 -72.519844   5     11     49  
670.0  11:10:44 42.375984 -72.51985   4     14     48  
670.0  11:10:52 42.375988 -72.519875   5     11     53  
671.0  11:11:02 42.375412 -72.519875   4     15     45  
671.0  11:11:11 42.374756 -72.51982   5     14     44  
671.0  11:11:20 42.37444 -72.519875   5     14     42  
671.0  11:11:28 42.374393 -72.51987   5     16     51  
671.0  11:11:37 42.37378 -72.519844   3     19     44  
671.0  11:11:46 42.3734 -72.51984   5     17     56  
671.0  11:11:57 42.372463 -72.51978   3     18     50  
672.0  11:12:06 42.37219 -72.51951   3     10     40  
672.0  11:12:17 42.372055 -72.51891   5     12     50  
672.0  11:12:26 42.372787 -72.51886   3     18     49  
672.0  11:12:34 42.373096 -72.518845   5     19     43  
672.0  11:12:43 42.373093 -72.51881   5     18     50  
672.0  11:12:53 42.373096 -72.51876   5     15     50  
673.0  11:13:02 42.373165 -72.518875   3     14     47  
673.0  11:13:10 42.37319 -72.518906   3     15     42  
673.0  11:13:19 42.373245 -72.51941   3     11     44  
673.0  11:13:28 42.37323 -72.51968   4     15     46  
673.0  11:13:36 42.37323 -72.519714   4     10     48  
673.0  11:13:47 42.373234 -72.519745   5     12     54  
673.0  11:13:55 42.373215 -72.51977   4     14     51  
674.0  11:14:04 42.372654 -72.51985   4     10     42  
674.0  11:14:12 42.371735 -72.51977   4     12     57  
674.0  11:14:21 42.370533 -72.51985   5     17     55  
674.0  11:14:32 42.369385 -72.519936   5     17     59  
674.0  11:14:44 42.36729 -72.520226   3     15     56  
674.0  11:14:53 42.365795 -72.52045   3     10     58  
675.0  11:15:01 42.36432 -72.5207   5     13     58  
675.0  11:15:09 42.363014 -72.52079   3     17     45  
675.0  11:15:17 42.36172 -72.520805   3     13     55  
675.0  11:15:26 42.360214 -72.52082   4     18     54  
675.0  11:15:38 42.35861 -72.52088   5     16     58  
675.0  11:15:47 42.358067 -72.52094   5     14     56  
675.0  11:15:55 42.357998 -72.520935   5     19     48  
676.0  11:16:04 42.357296 -72.521   3     17     55  
676.0  11:16:12 42.35623 -72.521   5     11     57  
676.0  11:16:20 42.35514 -72.52085   3     11     54  
676.0  11:16:31 42.355007 -72.520805   3     18     42  
676.0  11:16:40 42.354996 -72.5208   4     11     56  
676.0  11:16:49 42.354755 -72.52076   3     11     55  
676.0  11:16:58 42.35371 -72.52062   3     17     47  
677.0  11:17:06 42.35241 -72.5207   5     18     57  
677.0  11:17:15 42.35128 -72.52036   3     17     50  
677.0  11:17:26 42.349724 -72.51998   5     16     55  
677.0  11:17:34 42.348457 -72.52008   4     12     46  
677.0  11:17:42 42.34705 -72.52037   4     10     43  
677.0  11:17:51 42.345905 -72.52049   5     17     44  
677.0  11:17:59 42.34501 -72.52052   3     14     42  
678.0  11:18:08 42.344845 -72.52055   3     19     47  
678.0  11:18:18 42.3448 -72.520515   5     16     40  
678.0  11:18:26 42.344784 -72.5205   5     17     54  
678.0  11:18:35 42.344696 -72.52049   3     17     49  
678.0  11:18:44 42.34383 -72.52044   3     19     48  
678.0  11:18:52 42.342594 -72.52013   4     13     50  
679.0  11:19:00 42.34145 -72.51996   3     18     48  
679.0  11:19:10 42.340435 -72.52013   5     13     48  
679.0  11:19:19 42.340294 -72.52022   5     10     44  
679.0  11:19:27 42.34026 -72.52026   5     18     42  
679.0  11:19:35 42.340214 -72.52023   3     10     46  
679.0  11:19:44 42.340225 -72.52021   3     14     53  
679.0  11:19:52 42.33996 -72.52029   5     15     58  
680.0  11:20:03 42.33888 -72.52082   5     18     48  
680.0  11:20:11 42.33769 -72.52155   3     13     46  
680.0  11:20:20 42.336643 -72.52236   4     14     50  
680.0  11:20:28 42.335526 -72.52305   5     12     52  
680.0  11:20:37 42.334145 -72.52345   3     13     57  
680.0  11:20:46 42.33232 -72.52365   5     13     47  
680.0  11:20:56 42.33036 -72.52393   5     17     51  
681.0  11:21:04 42.328796 -72.524155   3     12     57  
681.0  11:21:13 42.32706 -72.52438   3     13     56  
681.0  11:21:21 42.32567 -72.524506   3     11     42  
681.0  11:21:29 42.32446 -72.52464   4     13     40  
681.0  11:21:38 42.323437 -72.524765   3     12     44  
681.0  11:21:49 42.32336 -72.52554   3     15     52  
681.0  11:21:57 42.32368 -72.52651   5     15     56  
682.0  11:22:06 42.32461 -72.527054   4     13     40  
682.0  11:22:14 42.32517 -72.52802   3     15     51  
682.0  11:22:23 42.32515 -72.528595   3     13     46  
682.0  11:22:32 42.325138 -72.52909   3     11     56  
682.0  11:22:42 42.32513 -72.53032   3     13     44  
682.0  11:22:50 42.325302 -72.53101   5     16     57  
682.0  11:22:59 42.325302 -72.53109   5     18     59  
683.0  11:23:08 42.325294 -72.53104   3     11     46  
683.0  11:23:16 42.325245 -72.531006   3     11     59  
683.0  11:23:27 42.325226 -72.53098   4     19     48  
683.0  11:23:38 42.325253 -72.53106   5     14     55  
683.0  11:23:46 42.32527 -72.53105   4     11     43  
683.0  11:23:55 42.325275 -72.53105   5     19     51  
684.0  11:24:04 42.325268 -72.53106   4     18     52  
684.0  11:24:12 42.32527 -72.53109   3     13     57  
684.0  11:24:20 42.325275 -72.53107   5     13     57  
684.0  11:24:40 42.32526 -72.531075   3     17     51  
684.0  11:24:50 42.32523 -72.531044   5     16     54  
684.0  11:24:59 42.32522 -72.53106   5     17     41  
685.0  11:25:07 42.325226 -72.531075   5     14     55  
685.0  11:25:16 42.325253 -72.53112   4     17     40  
685.0  11:25:24 42.32528 -72.53115   4     15     59  
685.0  11:25:32 42.325283 -72.53121   4     12     54  
685.0  11:25:43 42.325302 -72.53124   5     10     47  
685.0  11:25:51 42.325287 -72.53123   5     12     41  
688.0  11:28:12 42.3252 -72.53114   4     13     57  
688.0  11:28:25 42.32534 -72.53113   5     15     49  
688.0  11:28:37 42.32539 -72.53113   5     11     55  
688.0  11:28:50 42.325336 -72.53114   5     15     50  
689.0  11:29:46 42.325333 -72.53107   4     15     49  
689.0  11:29:51 42.325325 -72.531075   3     19     58  
690.0  11:30:02 42.32529 -72.53111   3     15     42  
690.0  11:30:11 42.32497 -72.53113   3     15     42  
690.0  11:30:20 42.32506 -72.530396   5     19     47  
690.0  11:30:31 42.325115 -72.5294   4     16     42  
690.0  11:30:39 42.32511 -72.52882   4     12     59  
690.0  11:30:48 42.32468 -72.528694   5     12     48  
690.0  11:30:58 42.323494 -72.5284   3     13     52  
691.0  11:31:06 42.32274 -72.52872   4     10     46  
691.0  11:31:14 42.322243 -72.52971   4     14     52  
602.0  10:02:00 42.322147 -72.52977   5     12     42  
603.0  10:03:00 42.321095 -72.53432   4     17     50  
604.0  10:04:00 42.320374 -72.53437   3     12     48  
605.0  10:05:00 42.319324 -72.52816   4     15     57  
606.0  10:06:00 42.314358 -72.53084   3     19     44  
607.0  10:07:00 42.306244 -72.53064   4     18     48  
608.0  10:08:00 42.29858 -72.52995   3     17     44  
609.0  10:09:00 42.290447 -72.533226   4     19     55  
610.0  10:10:00 42.285313 -72.54562   3     17     41  
611.0  10:11:00 42.28059 -72.5581   5     14     44  
612.0  10:12:00 42.274105 -72.56513   3     13     46  
613.0  10:13:00 42.26644 -72.570145   5     15     41  
614.0  10:14:00 42.260185 -72.573326   3     11     54  
615.0  10:15:00 42.257736 -72.57194   5     14     59  
616.0  10:16:00 42.254303 -72.57371   5     14     58  
617.0  10:17:00 42.25415 -72.57413   5     16     56  
618.0  10:18:00 42.254154 -72.57409   3     19     49  
619.0  10:19:00 42.2542 -72.5741   4     12     56  
620.0  10:20:00 42.25418 -72.57411   5     19     50  
621.0  10:21:00 42.254066 -72.57439   3     17     53  
622.0  10:22:00 42.254147 -72.57696   3     10     52  
623.0  10:23:00 42.257584 -72.575935   5     18     41  
624.0  10:24:00 42.25915 -72.57479   5     13     55  
625.0  10:25:00 42.26655 -72.57137   4     14     55  
626.0  10:26:00 42.27145 -72.565674   5     17     44  
627.0  10:27:00 42.27936 -72.559395   5     17     45  
628.0  10:28:00 42.284355 -72.54866   3     17     50  
629.0  10:29:00 42.288757 -72.53695   3     15     46  
630.0  10:30:00 42.29779 -72.53069   3     10     50  
631.0  10:31:00 42.30641 -72.53015   4     15     50  
632.0  10:32:00 42.315117 -72.53062   5     14     52  
633.0  10:33:00 42.32017 -72.530495   5     11     49  
634.0  10:34:00 42.32115 -72.53414   5     12     46  
635.0  10:35:00 42.32211 -72.529884   4     10     55  
636.0  10:36:00 42.325153 -72.52912   3     13     40  
637.0  10:37:00 42.325264 -72.53072   4     19     54  
638.0  10:38:00 42.325245 -72.530785   5     19     40  
639.0  10:39:00 42.32521 -72.53085   5     11     40  
640.0  10:40:00 42.325294 -72.53076   3     15     55  
641.0  10:41:00 42.324978 -72.53054   3     12     50  
642.0  10:42:00 42.324905 -72.52722   4     19     44  
643.0  10:43:00 42.326153 -72.52444   4     12     58  
644.0  10:44:00 42.3332 -72.52355   5     11     46  
645.0  10:45:00 42.33989 -72.52023   3     13     45  
646.0  10:46:00 42.34468 -72.52047   4     14     40  
647.0  10:47:00 42.348167 -72.520065   3     16     53  
648.0  10:48:00 42.35498 -72.520775   4     12     45  
649.0  10:49:00 42.36225 -72.52077   4     10     54  
650.0  10:50:00 42.37162 -72.519745   5     17     49  
651.0  10:51:00 42.372917 -72.5188   3     10     59  
652.0  10:52:00 42.373104 -72.51896   5     15     42  
653.0  10:53:00 42.37311 -72.518875   3     17     44  
654.0  10:54:00 42.373158 -72.518906   4     13     43  
655.0  10:55:00 42.374622 -72.51968   3     13     49  
656.0  10:56:00 42.376766 -72.51994   3     16     52  
657.0  10:57:00 42.37743 -72.51987   3     13     52  
658.0  10:58:00 42.37746 -72.51985   3     11     46  
659.0  10:59:00 42.379795 -72.519554   5     17     41  
660.0  11:00:00 42.38133 -72.51931   4     12     56  
661.0  11:01:00 42.383854 -72.521034   3     13     54  
662.0  11:02:00 42.385674 -72.52493   4     19     52  
663.0  11:03:00 42.387257 -72.52632   3     11     58  
664.0  11:04:00 42.387165 -72.52643   3     11     58  
665.0  11:05:00 42.387157 -72.5265   3     16     47  
666.0  11:06:00 42.386093 -72.526054   3     15     58  
667.0  11:07:00 42.38531 -72.52545   4     18     41  
668.0  11:08:00 42.383984 -72.52114   5     11     52  
669.0  11:09:00 42.378735 -72.51994   3     12     59  
670.0  11:10:00 42.377605 -72.52   4     18     43  
671.0  11:11:00 42.375324 -72.519875   3     16     42  
672.0  11:12:00 42.372215 -72.51962   5     17     59  
673.0  11:13:00 42.373173 -72.51888   5     10     57  
674.0  11:14:00 42.372753 -72.51987   4     18     48  
675.0  11:15:00 42.363987 -72.520744   3     10     51  
676.0  11:16:00 42.357296 -72.521   3     16     51  
677.0  11:17:00 42.35285 -72.52068   5     15     47  
678.0  11:18:00 42.344837 -72.52055   3     10     44  
679.0  11:19:00 42.34105 -72.51998   3     13     40  
680.0  11:20:00 42.338753 -72.520905   5     15     56  
681.0  11:21:00 42.328796 -72.524155   5     10     43  
682.0  11:22:00 42.324398 -72.52695   4     12     58  
683.0  11:23:00 42.325317 -72.53105   5     12     41  
684.0  11:24:00 42.32527 -72.53106   5     14     56  
685.0  11:25:00 42.32522 -72.53107   4     19     54  
691.0  11:31:22 42.32221 -72.52981   5     11     53  
691.0  11:31:31 42.322197 -72.52988   5     10     47  
691.0  11:31:40 42.322147 -72.53009   4     16     56  
691.0  11:31:50 42.322006 -72.53079   5     11     54  
691.0  11:31:58 42.321945 -72.53195   5     12     42  
692.0  11:32:07 42.321762 -72.53319   3     11     55  
692.0  11:32:15 42.321804 -72.53409   5     18     54  
692.0  11:32:24 42.32162 -72.534256   5     15     48  
692.0  11:32:32 42.32105 -72.53432   3     17     53  
692.0  11:32:43 42.32084 -72.534164   4     16     43  
692.0  11:32:51 42.320927 -72.53367   5     12     48  
693.0  11:33:00 42.321083 -72.53366   4     17     46  
693.0  11:33:08 42.321186 -72.53411   3     18     50  
693.0  11:33:17 42.321117 -72.53428   4     17     52  
693.0  11:33:25 42.32061 -72.53436   4     14     56  
693.0  11:33:35 42.320335 -72.53434   5     12     45  
693.0  11:33:43 42.320255 -72.533585   5     11     46  
693.0  11:33:52 42.320217 -72.532166   5     18     55  
694.0  11:34:00 42.320156 -72.53078   5     15     46  
694.0  11:34:09 42.319843 -72.52944   3     17     45  
694.0  11:34:17 42.319374 -72.52825   3     18     41  
694.0  11:34:28 42.31913 -72.52809   5     10     42  
694.0  11:34:36 42.318634 -72.5287   5     19     54  
694.0  11:34:47 42.31764 -72.52964   4     16     55  
694.0  11:34:56 42.31596 -72.530365   3     14     51  
695.0  11:35:05 42.31465 -72.530785   4     18     51  
695.0  11:35:13 42.31311 -72.53078   3     11     55  
695.0  11:35:23 42.311512 -72.530205   3     10     55  
695.0  11:35:31 42.310246 -72.52982   5     17     45  
695.0  11:35:40 42.309116 -72.52955   3     17     49  
695.0  11:35:48 42.308098 -72.53008   5     10     51  
695.0  11:35:57 42.30709 -72.530785   4     10     52  
696.0  11:36:05 42.3062 -72.5302   4     17     45  
696.0  11:36:20 42.30531 -72.528824   3     19     52  
696.0  11:36:29 42.30341 -72.52762   4     12     40  
696.0  11:36:43 42.302166 -72.52776   5     14     59  
696.0  11:36:50 42.299885 -72.52916   4     16     53  
696.0  11:36:59 42.298405 -72.530266   3     11     49  
697.0  11:37:09 42.29655 -72.53119   5     16     59  
697.0  11:37:18 42.29472 -72.53128   5     15     48  
697.0  11:37:27 42.2932 -72.53156   5     13     40  
697.0  11:37:35 42.291725 -72.5325   3     16     52  
697.0  11:37:43 42.29055 -72.53332   5     12     56  
697.0  11:37:52 42.289513 -72.53442   3     16     52  
698.0  11:38:06 42.28854 -72.53746   4     14     58  
698.0  11:38:18 42.287354 -72.53943   5     12     55  
698.0  11:38:26 42.286617 -72.54125   4     10     54  
698.0  11:38:35 42.285946 -72.54302   3     19     47  
698.0  11:38:44 42.28556 -72.54473   4     16     42  
698.0  11:38:53 42.285248 -72.546646   4     15     46  
699.0  11:39:01 42.28458 -72.54838   5     10     59  
699.0  11:39:12 42.283787 -72.5503   5     14     46  
699.0  11:39:21 42.2831 -72.55204   3     18     52  
699.0  11:39:29 42.282436 -72.55376   3     16     42  
699.0  11:39:37 42.281826 -72.55531   3     13     58  
699.0  11:39:46 42.281208 -72.556816   5     10     41  
699.0  11:39:57 42.28059 -72.55839   4     10     47  
700.0  11:40:08 42.27931 -72.559616   5     11     55  
700.0  11:40:17 42.278378 -72.560776   5     18     44  
700.0  11:40:26 42.27748 -72.56259   3     13     53  
700.0  11:40:34 42.276752 -72.564   3     17     45  
700.0  11:40:42 42.27555 -72.56493   5     12     48  
700.0  11:40:51 42.274277 -72.56506   3     12     50  
701.0  11:41:02 42.27255 -72.56549   3     12     53  
701.0  11:41:10 42.271336 -72.565765   4     15     44  
701.0  11:41:19 42.269913 -72.566025   3     11     52  
701.0  11:41:28 42.268578 -72.56648   5     13     58  
701.0  11:41:39 42.267387 -72.56729   5     13     42  
701.0  11:41:48 42.26646 -72.56869   3     19     45  
701.0  11:41:58 42.26667 -72.57037   3     19     52  
702.0  11:42:06 42.266582 -72.57148   5     15     41  
702.0  11:42:15 42.26588 -72.571754   4     17     42  
702.0  11:42:24 42.265045 -72.57187   4     16     50  
702.0  11:42:32 42.26391 -72.57216   5     15     59  
702.0  11:42:40 42.26297 -72.572426   3     15     52  
702.0  11:42:53 42.261295 -72.57283   4     13     50  
703.0  11:43:03 42.260197 -72.57341   4     11     52  
703.0  11:43:11 42.259605 -72.57423   3     19     41  
703.0  11:43:20 42.259167 -72.57479   5     10     43  
703.0  11:43:28 42.25876 -72.57462   3     11     51  
703.0  11:43:36 42.258377 -72.57405   3     14     54  
703.0  11:43:44 42.258125 -72.57331   5     15     44  
703.0  11:43:59 42.258 -72.57281   4     10     41  
704.0  11:44:08 42.258003 -72.57284   3     19     41  
704.0  11:44:16 42.2579 -72.572205   4     17     49  
704.0  11:44:25 42.257473 -72.571976   4     10     59  
704.0  11:44:35 42.256756 -72.57218   4     11     59  
704.0  11:44:45 42.25632 -72.57223   3     15     42  
704.0  11:44:54 42.255917 -72.57234   4     17     51  
705.0  11:45:03 42.255245 -72.57278   4     10     44  
705.0  11:45:11 42.25452 -72.57338   4     18     55  
705.0  11:45:21 42.25421 -72.57415   3     17     57  
705.0  11:45:30 42.25419 -72.57422   5     18     49  
705.0  11:45:41 42.254246 -72.57423   4     12     50  
705.0  11:45:49 42.254265 -72.57419   5     13     41  
705.0  11:45:57 42.25425 -72.57415   4     19     40  
706.0  11:46:05 42.25426 -72.574165   4     14     40  
706.0  11:46:14 42.25421 -72.57426   3     13     41  
706.0  11:46:23 42.25419 -72.57427   3     11     55  
706.0  11:46:33 42.254154 -72.57423   3     17     45  
706.0  11:46:42 42.254154 -72.57415   5     14     59  
706.0  11:46:51 42.254173 -72.57412   3     19     48  
707.0  11:47:03 42.254177 -72.57416   5     12     47  
707.0  11:47:11 42.25422 -72.57411   5     11     50  
707.0  11:47:20 42.254265 -72.57411   5     16     54  
707.0  11:47:31 42.254288 -72.5742   5     12     54  
707.0  11:47:40 42.25429 -72.57426   5     14     52  
707.0  11:47:49 42.254284 -72.574295   3     10     44  
707.0  11:47:58 42.25427 -72.57426   5     15     50  
708.0  11:48:11 42.254265 -72.57424   4     17     55  
708.0  11:48:21 42.25426 -72.57421   5     10     40  
708.0  11:48:29 42.254253 -72.5742   4     11     55  
708.0  11:48:37 42.254223 -72.57416   4     15     43  
708.0  11:48:45 42.254215 -72.57414   3     15     46  
708.0  11:48:54 42.254215 -72.57419   3     17     50  
709.0  11:49:02 42.254208 -72.57421   4     12     43  
709.0  11:49:12 42.254253 -72.57425   5     15     43  
709.0  11:49:21 42.254276 -72.57427   3     17     41  
709.0  11:49:29 42.254272 -72.57427   4     11     44  
709.0  11:49:40 42.254234 -72.574196   5     15     50  
709.0  11:49:49 42.25419 -72.57412   3     19     41  
709.0  11:49:57 42.25416 -72.574066   5     17     49  
710.0  11:50:09 42.254143 -72.57418   5     13     45  
710.0  11:50:17 42.253716 -72.574524   4     14     49  
710.0  11:50:26 42.253586 -72.57489   5     16     46  
710.0  11:50:35 42.253838 -72.57567   3     10     51  
710.0  11:50:48 42.254074 -72.57662   5     19     58  
710.0  11:50:59 42.254585 -72.57713   4     16     48  
711.0  11:51:07 42.255116 -72.57691   4     14     56  
711.0  11:51:16 42.255733 -72.57665   3     16     57  
711.0  11:51:24 42.256287 -72.57644   4     17     59  
711.0  11:51:33 42.25641 -72.57639   3     18     49  
711.0  11:51:42 42.25646 -72.57637   5     12     53  
711.0  11:51:52 42.256474 -72.57637   3     12     57  
712.0  11:52:01 42.25647 -72.57637   5     10     46  
712.0  11:52:10 42.256557 -72.57634   5     11     41  
712.0  11:52:18 42.25694 -72.57624   5     18     54  
712.0  11:52:27 42.257305 -72.576164   4     14     45  
712.0  11:52:35 42.257656 -72.57588   3     11     50  
712.0  11:52:45 42.257675 -72.57594   5     13     50  
712.0  11:52:53 42.257683 -72.576004   5     11     57  
713.0  11:53:02 42.257687 -72.57602   4     10     42  
713.0  11:53:14 42.257977 -72.575935   5     11     45  
713.0  11:53:23 42.258602 -72.57538   4     17     48  
713.0  11:53:30 42.25876 -72.57523   5     17     45  
713.0  11:53:42 42.258762 -72.57525   3     19     58  
713.0  11:53:50 42.25902 -72.57496   5     19     55  
713.0  11:53:58 42.259605 -72.57422   3     15     44  
714.0  11:54:07 42.26017 -72.573425   4     17     50  
714.0  11:54:15 42.260834 -72.57289   3     10     49  
714.0  11:54:23 42.26187 -72.572655   5     19     56  
714.0  11:54:33 42.2635 -72.57225   5     15     56  
714.0  11:54:42 42.264637 -72.57194   5     12     45  
714.0  11:54:50 42.265663 -72.57171   5     15     42  
714.0  11:54:59 42.266586 -72.5714   3     11     53  
715.0  11:55:08 42.2667 -72.57047   5     15     53  
715.0  11:55:16 42.26659 -72.569084   5     16     45  
715.0  11:55:26 42.266857 -72.56778   5     16     54  
715.0  11:55:34 42.267902 -72.56689   5     15     57  
715.0  11:55:43 42.269066 -72.56621   5     18     50  
715.0  11:55:51 42.270355 -72.565895   4     10     52  
716.0  11:56:00 42.27182 -72.56561   4     14     50  
716.0  11:56:08 42.27316 -72.56529   4     13     53  
716.0  11:56:18 42.274788 -72.56493   3     18     57  
716.0  11:56:27 42.276016 -72.564644   5     13     50  
716.0  11:56:35 42.277126 -72.56346   3     14     56  
716.0  11:56:43 42.277855 -72.56195   4     18     54  
716.0  11:56:52 42.278637 -72.56034   5     12     57  
717.0  11:57:01 42.279514 -72.55939   3     11     54  
717.0  11:57:12 42.28065 -72.55817   4     18     42  
717.0  11:57:21 42.281315 -72.55649   5     15     45  
717.0  11:57:29 42.282032 -72.55474   5     18     42  
717.0  11:57:38 42.282715 -72.553   3     11     58  
717.0  11:57:46 42.283375 -72.55144   5     18     59  
717.0  11:57:55 42.284065 -72.54963   4     16     49  
718.0  11:58:05 42.284843 -72.54763   4     15     48  
718.0  11:58:13 42.285355 -72.54575   3     16     51  
718.0  11:58:22 42.28568 -72.54401   3     18     48  
718.0  11:58:30 42.286133 -72.542336   3     11     56  
718.0  11:58:39 42.28687 -72.54056   4     16     44  
718.0  11:58:47 42.287495 -72.53902   5     19     53  
718.0  11:58:59 42.28856 -72.537285   4     18     58  
719.0  11:59:07 42.28916 -72.53554   5     15     40  
719.0  11:59:16 42.289925 -72.5338   4     17     43  
719.0  11:59:25 42.291145 -72.53284   5     16     48  
719.0  11:59:34 42.29274 -72.53183   4     14     46  
719.0  11:59:42 42.29442 -72.5312   3     15     54  
719.0  11:59:58 42.29667 -72.531105   3     14     49  
720.0  12:00:06 42.29904 -72.52982   4     18     49  
720.0  12:00:14 42.30028 -72.52888   4     18     44  
720.0  12:00:23 42.301315 -72.528145   3     19     57  
720.0  12:00:31 42.30249 -72.52767   4     12     54  
720.0  12:00:46 42.303642 -72.52767   5     13     46  
720.0  12:00:56 42.30579 -72.52931   4     17     48  
690.0  11:30:00 42.32526 -72.53115   3     15     59  
691.0  11:31:00 42.32292 -72.528564   5     11     42  
692.0  11:32:00 42.321777 -72.53275   4     17     41  
693.0  11:33:00 42.32117 -72.53379   5     11     56  
694.0  11:34:00 42.32004 -72.53011   3     19     53  
695.0  11:35:00 42.31465 -72.530785   3     11     45  
696.0  11:36:00 42.306396 -72.530426   3     19     49  
697.0  11:37:00 42.297676 -72.530785   5     17     52  
698.0  11:38:00 42.28878 -72.53691   5     10     59  
699.0  11:39:00 42.284412 -72.54876   4     13     53  
700.0  11:40:00 42.27979 -72.55937   4     10     57  
701.0  11:41:00 42.272255 -72.56557   5     18     56  
702.0  11:42:00 42.266705 -72.571175   3     15     45  
703.0  11:43:00 42.260117 -72.57352   5     17     52  
704.0  11:44:00 42.258 -72.57286   3     11     54  
705.0  11:45:00 42.255074 -72.5729   4     16     41  
706.0  11:46:00 42.25426 -72.574165   3     10     45  
707.0  11:47:00 42.25417 -72.574135   4     12     44  
708.0  11:48:00 42.254265 -72.57424   5     19     51  
709.0  11:49:00 42.25421 -72.57421   5     12     49  
710.0  11:50:00 42.25415 -72.57408   5     12     56  
711.0  11:51:00 42.254875 -72.57701   5     19     53  
712.0  11:52:00 42.25647 -72.57637   3     18     41  
713.0  11:53:00 42.257694 -72.57602   3     11     46  
714.0  11:54:00 42.25997 -72.57372   3     13     41  
715.0  11:55:00 42.266743 -72.57088   4     14     50  
716.0  11:56:00 42.272484 -72.565445   5     11     45  
717.0  11:57:00 42.280037 -72.5591   5     14     54  
718.0  11:58:00 42.284763 -72.54783   5     10     55  
719.0  11:59:00 42.288937 -72.53636   4     19     45  
720.0  12:00:00 42.29855 -72.53022   3     10     52  
