680.0  11:20:00 42.3657 -72.53874   3     10     41  
680.0  11:20:07 42.3657 -72.538734   4     12     50  
680.0  11:20:17 42.3657 -72.53874   3     14     41  
680.0  11:20:25 42.3657 -72.53874   4     11     59  
680.0  11:20:33 42.3657 -72.53874   3     15     41  
680.0  11:20:44 42.365704 -72.53874   3     19     42  
680.0  11:20:52 42.365704 -72.538734   3     14     52  
681.0  11:21:00 42.365707 -72.53873   3     16     55  
681.0  11:21:00 42.365707 -72.53873   4     16     47  
681.0  11:21:10 42.365707 -72.53872   5     19     46  
681.0  11:21:18 42.365707 -72.53872   3     19     54  
681.0  11:21:26 42.365707 -72.53872   4     13     44  
681.0  11:21:35 42.365707 -72.53871   5     14     50  
681.0  11:21:44 42.365704 -72.53871   3     16     41  
681.0  11:21:52 42.365704 -72.53871   3     11     48  
682.0  11:22:00 42.3657 -72.53872   5     17     40  
682.0  11:22:03 42.3657 -72.53872   4     16     58  
682.0  11:22:11 42.365696 -72.53872   5     19     55  
682.0  11:22:22 42.365692 -72.53873   5     14     57  
682.0  11:22:31 42.365692 -72.53871   4     16     48  
682.0  11:22:40 42.3657 -72.53869   3     11     48  
682.0  11:22:49 42.3657 -72.53867   5     17     57  
683.0  11:23:00 42.365696 -72.53868   5     19     54  
683.0  11:23:00 42.3657 -72.53866   5     17     51  
683.0  11:23:08 42.3657 -72.53865   4     16     52  
683.0  11:23:18 42.3657 -72.53864   3     11     48  
683.0  11:23:27 42.365692 -72.53865   5     10     48  
683.0  11:23:41 42.36569 -72.538666   3     18     57  
683.0  11:23:52 42.365677 -72.53869   3     10     44  
684.0  11:24:00 42.36567 -72.5387   3     11     44  
684.0  11:24:01 42.365673 -72.5387   4     18     59  
684.0  11:24:36 42.365665 -72.53869   3     19     58  
684.0  11:24:47 42.36567 -72.53869   4     12     46  
684.0  11:24:55 42.36567 -72.53869   5     15     59  
685.0  11:25:00 42.36567 -72.53869   4     18     44  
685.0  11:25:04 42.36567 -72.53869   4     13     52  
685.0  11:25:12 42.36567 -72.53869   5     11     51  
685.0  11:25:21 42.365665 -72.53869   5     18     55  
685.0  11:25:30 42.365665 -72.5387   3     18     51  
685.0  11:25:40 42.365665 -72.5387   5     18     46  
685.0  11:25:49 42.365665 -72.538704   3     19     42  
685.0  11:25:57 42.365665 -72.538704   3     15     49  
686.0  11:26:00 42.365665 -72.538704   5     12     58  
686.0  11:26:06 42.365665 -72.538704   5     10     47  
686.0  11:26:14 42.36567 -72.538704   4     14     46  
686.0  11:26:23 42.36567 -72.538704   4     19     46  
686.0  11:26:33 42.36567 -72.5387   3     19     58  
686.0  11:26:42 42.365673 -72.5387   3     17     43  
686.0  11:26:51 42.365673 -72.5387   3     13     57  
687.0  11:27:00 42.365673 -72.5387   4     10     53  
687.0  11:27:10 42.365673 -72.5387   3     11     41  
687.0  11:27:19 42.365677 -72.5387   5     10     49  
687.0  11:27:29 42.365673 -72.5387   3     14     50  
687.0  11:27:37 42.365673 -72.53869   4     18     53  
687.0  11:27:46 42.365673 -72.53868   3     16     54  
687.0  11:27:54 42.36567 -72.53869   5     13     57  
688.0  11:28:00 42.365673 -72.53867   5     13     54  
688.0  11:28:03 42.365673 -72.53867   4     19     48  
688.0  11:28:12 42.365673 -72.53867   4     13     43  
688.0  11:28:23 42.365677 -72.53867   4     18     41  
688.0  11:28:31 42.365677 -72.53869   4     15     44  
688.0  11:28:40 42.365677 -72.538704   3     10     43  
688.0  11:28:49 42.365677 -72.53871   5     13     53  
688.0  11:28:58 42.365677 -72.53871   3     17     49  
689.0  11:29:00 42.36568 -72.53871   5     13     55  
689.0  11:29:07 42.36568 -72.53871   5     17     57  
689.0  11:29:17 42.36568 -72.538704   3     12     59  
689.0  11:29:26 42.365677 -72.538704   5     14     48  
689.0  11:29:35 42.365677 -72.5387   3     12     43  
689.0  11:29:43 42.365677 -72.5387   4     16     45  
689.0  11:29:52 42.36568 -72.5387   3     19     45  
690.0  11:30:00 42.36568 -72.5387   5     15     55  
690.0  11:30:00 42.36568 -72.5387   4     11     41  
690.0  11:30:11 42.36568 -72.5387   4     19     47  
690.0  11:30:19 42.36568 -72.5387   3     10     48  
690.0  11:30:28 42.36568 -72.5387   4     19     55  
690.0  11:30:37 42.36568 -72.538704   3     18     50  
