786.0  13:06:05 0.0 -0.0   22     22     21  
786.0  13:06:32 0.0 -0.0   22     23     24  
786.0  13:06:49 0.0 -0.0   23     20     21  
786.0  13:06:58 0.0 -0.0   22     20     23  
787.0  13:07:08 0.0 -0.0   20     23     24  
787.0  13:07:21 0.0 -0.0   24     22     21  
787.0  13:07:43 0.0 -0.0   23     20     24  
788.0  13:08:00 0.0 -0.0   24     22     21  
788.0  13:08:10 0.0 -0.0   23     22     21  
788.0  13:08:37 0.0 -0.0   24     20     22  
788.0  13:08:49 0.0 -0.0   24     22     23  
788.0  13:08:58 0.0 -0.0   20     24     22  
789.0  13:09:00 0.0 -0.0   24     22     24  
789.0  13:09:07 0.0 -0.0   20     22     24  
789.0  13:09:18 0.0 -0.0   20     22     21  
789.0  13:09:32 0.0 -0.0   24     24     22  
789.0  13:09:47 0.0 -0.0   22     21     24  
789.0  13:09:56 0.0 -0.0   24     23     20  
790.0  13:10:00 0.0 -0.0   22     24     20  
790.0  13:10:05 0.0 -0.0   24     20     21  
790.0  13:10:14 0.0 -0.0   20     20     24  
790.0  13:10:22 0.0 -0.0   21     24     22  
790.0  13:10:30 0.0 -0.0   21     20     23  
790.0  13:10:38 0.0 -0.0   23     24     22  
790.0  13:10:46 0.0 -0.0   24     24     24  
790.0  13:10:54 0.0 -0.0   23     24     20  
791.0  13:11:00 0.0 -0.0   20     21     22  
791.0  13:11:00 0.0 -0.0   24     22     21  
791.0  13:11:09 0.0 -0.0   21     22     24  
791.0  13:11:17 0.0 -0.0   23     20     21  
791.0  13:11:25 0.0 -0.0   20     22     20  
791.0  13:11:33 0.0 -0.0   21     20     23  
791.0  13:11:41 0.0 -0.0   23     21     21  
791.0  13:11:49 0.0 -0.0   22     24     24  
791.0  13:11:57 0.0 -0.0   24     22     24  
792.0  13:12:00 0.0 -0.0   20     21     24  
792.0  13:12:00 0.0 -0.0   21     24     24  
792.0  13:12:05 0.0 -0.0   22     23     24  
792.0  13:12:14 0.0 -0.0   20     24     20  
792.0  13:12:22 0.0 -0.0   23     24     24  
792.0  13:12:32 0.0 -0.0   24     20     24  
792.0  13:12:41 0.0 -0.0   21     24     20  
792.0  13:12:56 0.0 -0.0   21     24     21  
793.0  13:13:00 0.0 -0.0   22     20     22  
793.0  13:13:07 0.0 -0.0   24     24     22  
793.0  13:13:16 0.0 -0.0   24     20     24  
793.0  13:13:24 0.0 -0.0   24     21     24  
793.0  13:13:34 0.0 -0.0   22     24     21  
793.0  13:13:48 42.3935 -72.532486   20     22     24  
793.0  13:13:57 42.393536 -72.532486   23     23     24  
794.0  13:14:00 42.39346 -72.53249   23     20     21  
794.0  13:14:07 42.393436 -72.5325   21     22     22  
794.0  13:14:16 42.393414 -72.53252   21     23     22  
794.0  13:14:25 42.393433 -72.53251   22     24     24  
794.0  13:14:41 42.393497 -72.532455   20     24     23  
794.0  13:14:50 42.393578 -72.5324   23     20     24  
794.0  13:14:59 42.393555 -72.532425   20     20     21  
795.0  13:15:00 42.39356 -72.53244   22     24     22  
795.0  13:15:09 42.39353 -72.53248   21     23     23  
795.0  13:15:17 42.39352 -72.532486   21     22     21  
795.0  13:15:29 42.393505 -72.53251   21     23     23  
795.0  13:15:37 42.393486 -72.53255   20     24     24  
795.0  13:15:46 42.39348 -72.53257   20     23     23  
795.0  13:15:55 42.393475 -72.53258   21     22     21  
796.0  13:16:00 42.393505 -72.53255   24     24     22  
796.0  13:16:05 42.393513 -72.53254   23     21     22  
796.0  13:16:15 42.393555 -72.53248   22     23     22  
796.0  13:16:28 42.393543 -72.5325   23     20     21  
796.0  13:16:37 42.393475 -72.5326   24     21     21  
796.0  13:16:46 42.393463 -72.53263   24     23     24  
796.0  13:16:55 42.393482 -72.53262   20     21     21  
797.0  13:17:00 42.393566 -72.532555   21     20     23  
797.0  13:17:05 42.39357 -72.53255   20     23     24  
797.0  13:17:14 42.393555 -72.53257   20     22     22  
797.0  13:17:25 42.39355 -72.53256   22     20     20  
797.0  13:17:34 42.39354 -72.532555   23     24     22  
797.0  13:17:43 42.39357 -72.53249   23     21     24  
797.0  13:17:51 42.39358 -72.532455   20     23     22  
798.0  13:18:00 42.39357 -72.53243   21     23     20  
798.0  13:18:00 42.39358 -72.53243   20     20     24  
798.0  13:18:08 42.3935 -72.532394   21     23     24  
798.0  13:18:19 42.39323 -72.53239   24     23     24  
798.0  13:18:29 42.393044 -72.53285   24     21     22  
798.0  13:18:38 42.392754 -72.53368   23     20     21  
798.0  13:18:47 42.39281 -72.534   23     21     23  
798.0  13:18:55 42.39339 -72.534225   22     20     21  
799.0  13:19:00 42.394295 -72.53429   22     21     24  
799.0  13:19:04 42.394295 -72.53429   21     22     21  
799.0  13:19:15 42.395214 -72.53385   20     20     21  
799.0  13:19:24 42.395382 -72.53286   21     21     24  
799.0  13:19:32 42.39555 -72.53197   22     20     21  
799.0  13:19:41 42.3958 -72.53107   22     20     22  
799.0  13:19:49 42.395775 -72.530426   21     21     22  
799.0  13:19:59 42.39532 -72.529564   22     24     20  
800.0  13:20:00 42.39502 -72.52912   24     24     22  
800.0  13:20:12 42.394775 -72.52832   20     22     21  
800.0  13:20:20 42.39492 -72.527405   21     21     23  
800.0  13:20:29 42.3951 -72.52686   23     23     23  
800.0  13:20:37 42.394993 -72.526764   24     24     22  
800.0  13:20:46 42.394863 -72.52673   20     24     23  
800.0  13:20:55 42.39476 -72.526665   21     22     22  
801.0  13:21:00 42.39464 -72.5266   20     23     24  
801.0  13:21:07 42.39466 -72.52657   20     23     24  
801.0  13:21:15 42.394505 -72.52672   20     20     20  
801.0  13:21:23 42.394382 -72.526886   23     22     24  
801.0  13:21:32 42.3943 -72.527   20     21     20  
801.0  13:21:41 42.394356 -72.52678   23     20     23  
801.0  13:21:50 42.394154 -72.526505   23     22     20  
802.0  13:22:00 42.39401 -72.52633   23     21     23  
802.0  13:22:00 42.393993 -72.526306   22     20     22  
802.0  13:22:09 42.39392 -72.52627   20     21     22  
802.0  13:22:17 42.393925 -72.52614   21     20     20  
802.0  13:22:26 42.393696 -72.52603   21     24     24  
802.0  13:22:35 42.39362 -72.526115   24     22     23  
802.0  13:22:44 42.393654 -72.52606   22     21     22  
802.0  13:22:55 42.393517 -72.525986   23     24     22  
803.0  13:23:00 42.39347 -72.52596   23     21     23  
803.0  13:23:03 42.39347 -72.52596   23     20     24  
803.0  13:23:11 42.393314 -72.52588   24     21     23  
803.0  13:23:20 42.392868 -72.52584   21     20     24  
803.0  13:23:29 42.39251 -72.52558   24     22     24  
803.0  13:23:38 42.39199 -72.52534   23     24     22  
803.0  13:23:48 42.391796 -72.52532   20     22     23  
803.0  13:23:57 42.391514 -72.5253   23     22     20  
804.0  13:24:00 42.391083 -72.52531   21     20     23  
804.0  13:24:05 42.390972 -72.52528   21     21     23  
804.0  13:24:14 42.390766 -72.52527   20     20     21  
804.0  13:24:23 42.39076 -72.525246   21     22     23  
804.0  13:24:32 42.3907 -72.525154   23     20     24  
804.0  13:24:43 42.389965 -72.52498   22     22     24  
804.0  13:24:52 42.389423 -72.52483   23     24     22  
805.0  13:25:00 42.38883 -72.52458   22     21     24  
805.0  13:25:00 42.38871 -72.52452   24     20     20  
805.0  13:25:08 42.388664 -72.52446   20     22     20  
805.0  13:25:17 42.38855 -72.52441   22     21     24  
805.0  13:25:25 42.38811 -72.5241   23     21     23  
805.0  13:25:36 42.387604 -72.52355   20     20     24  
805.0  13:25:45 42.387203 -72.52301   20     21     23  
805.0  13:25:54 42.38699 -72.52278   23     21     20  
806.0  13:26:00 42.3869 -72.52252   21     20     20  
806.0  13:26:03 42.386917 -72.52256   23     24     23  
806.0  13:26:12 42.38653 -72.52228   21     22     22  
806.0  13:26:21 42.38613 -72.52244   24     24     21  
806.0  13:26:32 42.38608 -72.52253   24     22     21  
806.0  13:26:41 42.385983 -72.522675   20     22     21  
806.0  13:26:50 42.386105 -72.52327   24     24     21  
806.0  13:26:57 42.386005 -72.52381   24     21     24  
807.0  13:27:00 42.3859 -72.52422   23     21     23  
807.0  13:27:05 42.385845 -72.52443   23     21     22  
807.0  13:27:13 42.38563 -72.525276   20     21     20  
807.0  13:27:24 42.385406 -72.52632   22     24     24  
807.0  13:27:35 42.385166 -72.5272   23     24     21  
807.0  13:27:44 42.38491 -72.52827   20     20     20  
807.0  13:27:56 42.384865 -72.528694   21     20     24  
808.0  13:28:00 42.38495 -72.52986   24     22     22  
808.0  13:28:05 42.38497 -72.52996   20     21     24  
808.0  13:28:15 42.385136 -72.530685   23     22     22  
808.0  13:28:32 42.38514 -72.5308   23     24     21  
808.0  13:28:41 42.385223 -72.53067   23     20     23  
808.0  13:28:50 42.385277 -72.53092   23     21     24  
808.0  13:28:59 42.38592 -72.53102   23     21     24  
809.0  13:29:00 42.386417 -72.531204   20     21     24  
809.0  13:29:11 42.387096 -72.531456   24     24     22  
809.0  13:29:19 42.387814 -72.531746   24     23     24  
809.0  13:29:27 42.38856 -72.53207   24     20     20  
809.0  13:29:36 42.38919 -72.53233   24     23     20  
809.0  13:29:45 42.389885 -72.53265   21     21     21  
809.0  13:29:54 42.39055 -72.53291   22     20     20  
810.0  13:30:00 42.39094 -72.53307   22     21     22  
810.0  13:30:06 42.39099 -72.53309   24     23     23  
810.0  13:30:15 42.391754 -72.53339   22     22     23  
810.0  13:30:24 42.392273 -72.53364   20     20     23  
810.0  13:30:32 42.392395 -72.5337   23     20     21  
810.0  13:30:40 42.39266 -72.53369   23     22     21  
810.0  13:30:49 42.39291 -72.53302   21     24     22  
811.0  13:31:00 42.393333 -72.53242   24     21     24  
811.0  13:31:00 42.393494 -72.53249   20     24     23  
811.0  13:31:08 42.393635 -72.532585   24     24     20  
811.0  13:31:17 42.39393 -72.53274   23     24     24  
811.0  13:31:26 42.394226 -72.53288   22     23     23  
811.0  13:31:34 42.394463 -72.53298   20     24     24  
811.0  13:31:43 42.394726 -72.53309   24     22     24  
811.0  13:31:54 42.39491 -72.53339   24     24     21  
812.0  13:32:00 42.39461 -72.53339   23     24     20  
812.0  13:32:03 42.39461 -72.53339   21     22     23  
812.0  13:32:11 42.394646 -72.53338   24     22     22  
812.0  13:32:19 42.39473 -72.53342   22     22     23  
812.0  13:32:28 42.39474 -72.53341   20     20     23  
812.0  13:32:36 42.394756 -72.53342   23     23     21  
812.0  13:32:49 42.394684 -72.53332   24     24     23  
812.0  13:32:57 42.394676 -72.533325   20     21     24  
813.0  13:33:00 42.394638 -72.53334   23     20     20  
813.0  13:33:06 42.39463 -72.53334   22     24     23  
813.0  13:33:15 42.394577 -72.53335   21     21     21  
813.0  13:33:23 42.394573 -72.533356   20     21     24  
813.0  13:33:32 42.39467 -72.53337   22     20     21  
813.0  13:33:43 42.39473 -72.5334   20     22     23  
813.0  13:33:51 42.39475 -72.533394   23     22     22  
814.0  13:34:00 42.39477 -72.53339   21     23     23  
814.0  13:34:00 42.394764 -72.53338   22     22     22  
814.0  13:34:08 42.394787 -72.53337   21     21     23  
814.0  13:34:17 42.394814 -72.533356   21     21     24  
814.0  13:34:25 42.39484 -72.533356   22     20     22  
814.0  13:34:36 42.394966 -72.5334   23     24     22  
814.0  13:34:45 42.395004 -72.5334   22     23     21  
814.0  13:34:53 42.394985 -72.53342   23     20     20  
815.0  13:35:00 42.394943 -72.533424   20     20     23  
815.0  13:35:02 42.394966 -72.53343   22     21     24  
815.0  13:35:10 42.39488 -72.53341   20     21     23  
815.0  13:35:19 42.394783 -72.533394   20     20     20  
815.0  13:35:30 42.394703 -72.533394   23     22     23  
815.0  13:35:39 42.394684 -72.53338   23     21     24  
815.0  13:35:47 42.394688 -72.53338   22     23     22  
815.0  13:35:56 42.39468 -72.53338   23     20     24  
816.0  13:36:00 42.394634 -72.53337   22     22     24  
816.0  13:36:05 42.394634 -72.53337   24     24     21  
816.0  13:36:14 42.39465 -72.53337   22     23     20  
816.0  13:36:24 42.394684 -72.53338   22     21     22  
816.0  13:36:33 42.39468 -72.53337   20     21     20  
816.0  13:36:41 42.39467 -72.53337   22     21     21  
816.0  13:36:50 42.394707 -72.53337   22     24     23  
816.0  13:36:59 42.394695 -72.53338   23     20     21  
817.0  13:37:00 42.394684 -72.53338   20     22     20  
817.0  13:37:09 42.394657 -72.53337   24     21     20  
817.0  13:37:19 42.394592 -72.53338   24     20     21  
817.0  13:37:29 42.39462 -72.53338   21     21     24  
817.0  13:37:38 42.394615 -72.53339   21     22     24  
817.0  13:37:47 42.394657 -72.533394   21     21     21  
817.0  13:37:56 42.394714 -72.533394   23     23     24  
818.0  13:38:00 42.39471 -72.533394   20     24     20  
818.0  13:38:06 42.39471 -72.533394   20     23     23  
818.0  13:38:17 42.39466 -72.53339   21     23     23  
818.0  13:38:27 42.39465 -72.53339   24     23     21  
818.0  13:38:36 42.394665 -72.53338   22     24     23  
818.0  13:38:44 42.3947 -72.53339   20     24     20  
818.0  13:38:53 42.394714 -72.53339   22     21     22  
819.0  13:39:00 42.394703 -72.53339   21     24     23  
819.0  13:39:01 42.394707 -72.53339   21     20     23  
819.0  13:39:11 42.394653 -72.53339   21     20     20  
819.0  13:39:20 42.394615 -72.53338   24     23     20  
819.0  13:39:30 42.3946 -72.53339   24     21     22  
819.0  13:39:39 42.39458 -72.533394   20     20     20  
819.0  13:39:47 42.394596 -72.533394   22     22     20  
819.0  13:39:56 42.394615 -72.5334   23     24     21  
820.0  13:40:00 42.39462 -72.53341   23     20     23  
820.0  13:40:07 42.394623 -72.53341   21     24     20  
820.0  13:40:16 42.39462 -72.53341   21     22     21  
820.0  13:40:24 42.394615 -72.53342   21     20     24  
820.0  13:40:33 42.39466 -72.533424   21     22     20  
820.0  13:40:42 42.3947 -72.53343   21     24     21  
820.0  13:40:50 42.39473 -72.53343   23     22     22  
821.0  13:41:00 42.394688 -72.53341   23     21     21  
821.0  13:41:00 42.394665 -72.53341   24     24     22  
821.0  13:41:08 42.394646 -72.5334   21     24     20  
821.0  13:41:17 42.394592 -72.533394   22     23     22  
821.0  13:41:26 42.394505 -72.53337   24     22     24  
821.0  13:41:34 42.39449 -72.53338   21     24     21  
821.0  13:41:43 42.39454 -72.53339   22     21     23  
821.0  13:41:53 42.394596 -72.5334   21     20     23  
822.0  13:42:00 42.394665 -72.53343   21     24     24  
822.0  13:42:02 42.394657 -72.533424   22     20     23  
822.0  13:42:11 42.394634 -72.533424   24     21     22  
822.0  13:42:22 42.394684 -72.533424   21     23     22  
822.0  13:42:31 42.394684 -72.53342   21     24     23  
822.0  13:42:39 42.394688 -72.53342   21     20     24  
822.0  13:42:51 42.394684 -72.53342   22     20     20  
822.0  13:42:59 42.39472 -72.533424   23     22     21  
823.0  13:43:00 42.394695 -72.53342   21     20     24  
823.0  13:43:08 42.394684 -72.53342   22     21     21  
823.0  13:43:17 42.394676 -72.53342   24     23     24  
823.0  13:43:26 42.39466 -72.53341   23     23     23  
823.0  13:43:34 42.394638 -72.5334   22     21     23  
823.0  13:43:45 42.39467 -72.5334   21     22     20  
823.0  13:43:54 42.394665 -72.53338   20     22     20  
824.0  13:44:00 42.39468 -72.53338   22     22     24  
824.0  13:44:03 42.39468 -72.53338   23     21     22  
824.0  13:44:11 42.39467 -72.53336   22     21     21  
824.0  13:44:20 42.39466 -72.53336   24     23     23  
824.0  13:44:28 42.394627 -72.53336   21     24     24  
824.0  13:44:39 42.3946 -72.53339   22     21     20  
824.0  13:44:48 42.394627 -72.533394   22     22     20  
824.0  13:44:56 42.394627 -72.53338   22     23     22  
825.0  13:45:00 42.394566 -72.5334   20     24     21  
825.0  13:45:05 42.39455 -72.53341   24     22     22  
825.0  13:45:14 42.394527 -72.53344   23     22     22  
825.0  13:45:22 42.39454 -72.53343   20     22     20  
825.0  13:45:33 42.39462 -72.53336   24     20     21  
825.0  13:45:42 42.394646 -72.53333   24     23     21  
825.0  13:45:51 42.39467 -72.533325   22     22     21  
826.0  13:46:00 42.394695 -72.53337   22     24     20  
826.0  13:46:00 42.394695 -72.53339   23     23     24  
826.0  13:46:10 42.394707 -72.53339   24     20     23  
826.0  13:46:18 42.39472 -72.533394   24     24     22  
826.0  13:46:29 42.39469 -72.53341   23     24     24  
826.0  13:46:38 42.394672 -72.5334   23     20     23  
826.0  13:46:47 42.394665 -72.53342   21     22     21  
826.0  13:46:56 42.394657 -72.533424   21     20     24  
827.0  13:47:00 42.39464 -72.533424   20     22     23  
827.0  13:47:05 42.394638 -72.533424   21     22     24  
827.0  13:47:13 42.394585 -72.533455   22     20     22  
827.0  13:47:24 42.39459 -72.53345   24     22     21  
827.0  13:47:32 42.39463 -72.53345   23     22     22  
827.0  13:47:41 42.394646 -72.533424   20     21     23  
827.0  13:47:49 42.394627 -72.5334   21     23     20  
827.0  13:47:58 42.394615 -72.53339   23     20     21  
828.0  13:48:00 42.3946 -72.5334   20     21     21  
828.0  13:48:07 42.3946 -72.5334   21     24     22  
828.0  13:48:18 42.3946 -72.5334   22     23     21  
828.0  13:48:28 42.39462 -72.53348   20     22     21  
828.0  13:48:37 42.394634 -72.533485   20     22     24  
828.0  13:48:45 42.39463 -72.53347   20     21     22  
828.0  13:48:54 42.394623 -72.53347   20     24     24  
829.0  13:49:00 42.394604 -72.53345   22     23     23  
829.0  13:49:02 42.39461 -72.53345   23     24     22  
829.0  13:49:11 42.394615 -72.533455   24     24     24  
829.0  13:49:21 42.3946 -72.53342   22     23     21  
829.0  13:49:30 42.39459 -72.53337   20     20     24  
829.0  13:49:38 42.394592 -72.5334   24     23     24  
829.0  13:49:48 42.394585 -72.53343   20     20     20  
829.0  13:49:57 42.394573 -72.533424   22     21     21  
830.0  13:50:00 42.394592 -72.53344   24     22     21  
830.0  13:50:05 42.394596 -72.53345   24     24     23  
830.0  13:50:15 42.394592 -72.53346   23     24     22  
830.0  13:50:24 42.39456 -72.53346   20     22     22  
830.0  13:50:32 42.394535 -72.533455   24     24     20  
830.0  13:50:41 42.394535 -72.533455   20     21     23  
830.0  13:50:50 42.394547 -72.53345   21     20     23  
830.0  13:50:58 42.394577 -72.533455   24     23     23  
831.0  13:51:00 42.39458 -72.53346   24     21     22  
831.0  13:51:09 42.394596 -72.53347   21     24     22  
831.0  13:51:17 42.39462 -72.533455   21     20     22  
831.0  13:51:26 42.394615 -72.53346   23     23     21  
831.0  13:51:35 42.39463 -72.533485   20     21     24  
831.0  13:51:44 42.39464 -72.53346   23     24     22  
831.0  13:51:53 42.394638 -72.53346   21     23     22  
832.0  13:52:00 42.394634 -72.53345   22     21     24  
832.0  13:52:05 42.394634 -72.53345   23     21     22  
832.0  13:52:14 42.39465 -72.53344   23     24     21  
832.0  13:52:22 42.39464 -72.53344   23     22     20  
832.0  13:52:31 42.394615 -72.53343   24     23     22  
832.0  13:52:39 42.39458 -72.53347   24     23     22  
832.0  13:52:48 42.39456 -72.5335   21     21     24  
832.0  13:52:58 42.394527 -72.5335   20     22     20  
833.0  13:53:00 42.394535 -72.5335   24     21     21  
833.0  13:53:06 42.39453 -72.5335   21     24     23  
833.0  13:53:15 42.394527 -72.533485   21     22     22  
833.0  13:53:24 42.39457 -72.5335   24     22     24  
833.0  13:53:33 42.394623 -72.53353   24     20     20  
833.0  13:53:42 42.39463 -72.53355   23     23     24  
833.0  13:53:53 42.394615 -72.533554   20     23     24  
834.0  13:54:00 42.3946 -72.53356   24     24     22  
834.0  13:54:01 42.39461 -72.53358   22     22     23  
834.0  13:54:10 42.3946 -72.533516   21     23     22  
834.0  13:54:19 42.394608 -72.53343   24     21     20  
834.0  13:54:27 42.394596 -72.53338   24     23     23  
834.0  13:54:35 42.39459 -72.53342   20     23     23  
834.0  13:54:46 42.394566 -72.53349   20     22     21  
834.0  13:54:55 42.394524 -72.53357   23     23     24  
835.0  13:55:00 42.394535 -72.53358   23     23     24  
835.0  13:55:03 42.394535 -72.53358   22     23     21  
835.0  13:55:12 42.394566 -72.53357   21     22     22  
835.0  13:55:21 42.394558 -72.53354   20     22     21  
835.0  13:55:29 42.394554 -72.53353   22     20     20  
835.0  13:55:39 42.394596 -72.53349   21     22     20  
835.0  13:55:48 42.39461 -72.53343   24     23     22  
835.0  13:55:57 42.394615 -72.53338   23     22     23  
836.0  13:56:00 42.394608 -72.53341   20     23     22  
836.0  13:56:05 42.394608 -72.53341   23     24     22  
836.0  13:56:14 42.394623 -72.53343   21     23     23  
836.0  13:56:23 42.394627 -72.533394   20     21     20  
836.0  13:56:34 42.394657 -72.53342   20     21     20  
836.0  13:56:42 42.394646 -72.533424   22     24     22  
836.0  13:56:51 42.394646 -72.53344   21     23     20  
836.0  13:56:59 42.394665 -72.53346   21     24     20  
837.0  13:57:00 42.39467 -72.53347   21     20     23  
837.0  13:57:08 42.394657 -72.53347   21     22     21  
837.0  13:57:16 42.394657 -72.533485   21     20     21  
837.0  13:57:27 42.394634 -72.5335   24     21     22  
837.0  13:57:36 42.39461 -72.53347   23     21     20  
837.0  13:57:44 42.394634 -72.53347   22     22     20  
837.0  13:57:53 42.39464 -72.53347   22     24     20  
838.0  13:58:00 42.394623 -72.53344   22     20     21  
838.0  13:58:01 42.39462 -72.53344   23     21     21  
838.0  13:58:10 42.394627 -72.53343   20     22     23  
838.0  13:58:21 42.39459 -72.53344   23     23     22  
838.0  13:58:30 42.39457 -72.53344   23     20     22  
838.0  13:58:39 42.394585 -72.53344   20     24     24  
838.0  13:58:47 42.39459 -72.53344   24     22     23  
838.0  13:58:56 42.39458 -72.53342   20     23     21  
839.0  13:59:00 42.394558 -72.53344   20     23     21  
839.0  13:59:05 42.394554 -72.53344   20     23     20  
839.0  13:59:15 42.394566 -72.53351   20     23     23  
839.0  13:59:24 42.39454 -72.53351   23     22     20  
839.0  13:59:32 42.394543 -72.533516   22     22     24  
839.0  13:59:41 42.394543 -72.53351   22     20     20  
839.0  13:59:49 42.394554 -72.53352   24     21     23  
839.0  13:59:58 42.39456 -72.53353   21     24     24  
840.0  14:00:00 42.394573 -72.53354   22     21     23  
840.0  14:00:10 42.39457 -72.53354   20     20     23  
840.0  14:00:20 42.394585 -72.53352   24     23     24  
840.0  14:00:30 42.394604 -72.53351   21     20     23  
840.0  14:00:39 42.3946 -72.5335   21     20     24  
840.0  14:00:47 42.394604 -72.53349   23     24     23  
840.0  14:00:58 42.39462 -72.53348   22     22     21  
841.0  14:01:00 42.394604 -72.53347   21     20     20  
841.0  14:01:07 42.394596 -72.53346   20     21     20  
841.0  14:01:16 42.39459 -72.533455   23     22     24  
841.0  14:01:25 42.394623 -72.53344   24     24     24  
841.0  14:01:34 42.394627 -72.53342   22     20     24  
841.0  14:01:42 42.394627 -72.533394   20     21     21  
841.0  14:01:57 42.39461 -72.5334   21     22     24  
842.0  14:02:00 42.394577 -72.53338   20     23     21  
842.0  14:02:06 42.394577 -72.53338   22     20     22  
842.0  14:02:14 42.394592 -72.53341   20     23     23  
842.0  14:02:23 42.3946 -72.533424   23     24     22  
842.0  14:02:31 42.394577 -72.53344   20     22     22  
842.0  14:02:42 42.39459 -72.53345   23     23     22  
842.0  14:02:50 42.39465 -72.53346   20     21     24  
842.0  14:02:59 42.39463 -72.53346   20     23     22  
843.0  14:03:00 42.394608 -72.53346   22     21     21  
843.0  14:03:07 42.394596 -72.53346   20     22     20  
843.0  14:03:16 42.394646 -72.53346   22     21     23  
843.0  14:03:25 42.394653 -72.53346   21     20     20  
843.0  14:03:36 42.394676 -72.53346   21     20     23  
843.0  14:03:45 42.394627 -72.53346   21     21     23  
843.0  14:03:53 42.394653 -72.53344   22     21     21  
844.0  14:04:00 42.394703 -72.53343   21     21     20  
844.0  14:04:02 42.394684 -72.53343   24     23     20  
844.0  14:04:12 42.394707 -72.53344   20     20     22  
844.0  14:04:20 42.394684 -72.53345   22     22     23  
844.0  14:04:31 42.394672 -72.533455   20     24     22  
844.0  14:04:40 42.394657 -72.53346   24     23     23  
844.0  14:04:48 42.394653 -72.53346   23     24     20  
844.0  14:04:57 42.394657 -72.53347   20     22     20  
845.0  14:05:00 42.394653 -72.53347   21     21     21  
845.0  14:05:06 42.394653 -72.53347   22     22     20  
845.0  14:05:14 42.394623 -72.53346   23     23     20  
845.0  14:05:26 42.394604 -72.53345   20     21     22  
845.0  14:05:34 42.394604 -72.53345   23     21     21  
845.0  14:05:44 42.39461 -72.53346   24     24     20  
845.0  14:05:53 42.39464 -72.53347   21     23     24  
846.0  14:06:00 42.394672 -72.53347   24     24     24  
846.0  14:06:03 42.394665 -72.53347   20     22     23  
846.0  14:06:11 42.394646 -72.53346   20     20     24  
846.0  14:06:22 42.39461 -72.533455   24     21     22  
846.0  14:06:31 42.394623 -72.53346   23     21     22  
846.0  14:06:41 42.394615 -72.533455   23     24     22  
846.0  14:06:49 42.39461 -72.533455   21     23     20  
846.0  14:06:59 42.394627 -72.53344   20     21     24  
847.0  14:07:00 42.394634 -72.53343   22     23     20  
847.0  14:07:08 42.39464 -72.53343   24     21     22  
847.0  14:07:18 42.39464 -72.53343   24     21     21  
847.0  14:07:27 42.394623 -72.53344   22     22     23  
847.0  14:07:42 42.394623 -72.53344   20     23     22  
847.0  14:07:50 42.3946 -72.533424   24     21     23  
847.0  14:07:59 42.39459 -72.53343   21     23     23  
848.0  14:08:00 42.39459 -72.53344   20     22     23  
848.0  14:08:14 42.3946 -72.533455   21     24     21  
848.0  14:08:22 42.394585 -72.533455   23     22     20  
848.0  14:08:30 42.394573 -72.53346   21     22     20  
848.0  14:08:39 42.3946 -72.53347   21     20     22  
848.0  14:08:48 42.39462 -72.533485   23     21     23  
848.0  14:08:56 42.394623 -72.53351   23     22     24  
849.0  14:09:00 42.39464 -72.53352   23     24     24  
849.0  14:09:06 42.394634 -72.53352   24     23     23  
849.0  14:09:15 42.394615 -72.53353   22     22     22  
849.0  14:09:24 42.3946 -72.53356   20     21     20  
849.0  14:09:33 42.39459 -72.53356   23     23     22  
849.0  14:09:42 42.394585 -72.53358   20     24     23  
849.0  14:09:50 42.39461 -72.53357   23     20     23  
850.0  14:10:00 42.39459 -72.5335   20     22     24  
850.0  14:10:01 42.394592 -72.533485   24     24     22  
850.0  14:10:09 42.394573 -72.53347   21     23     20  
850.0  14:10:17 42.394547 -72.53348   24     24     20  
850.0  14:10:26 42.394566 -72.53351   20     22     23  
850.0  14:10:35 42.394566 -72.53351   20     24     22  
850.0  14:10:43 42.394596 -72.53353   23     23     21  
850.0  14:10:55 42.394604 -72.53352   22     22     23  
851.0  14:11:00 42.3946 -72.53351   20     20     20  
851.0  14:11:04 42.3946 -72.53351   20     23     20  
851.0  14:11:12 42.39463 -72.533516   24     22     24  
851.0  14:11:21 42.394646 -72.53352   21     23     20  
851.0  14:11:29 42.394646 -72.533516   24     20     24  
851.0  14:11:38 42.39464 -72.53351   20     22     20  
851.0  14:11:48 42.3946 -72.533485   21     22     21  
851.0  14:11:57 42.39459 -72.533485   23     20     22  
852.0  14:12:00 42.394596 -72.53349   20     23     22  
852.0  14:12:05 42.3946 -72.53349   23     24     22  
852.0  14:12:13 42.394608 -72.53351   20     24     22  
852.0  14:12:22 42.39461 -72.53351   20     20     24  
852.0  14:12:31 42.394596 -72.53349   24     21     22  
852.0  14:12:41 42.394585 -72.533485   20     24     20  
852.0  14:12:50 42.39459 -72.53345   24     22     20  
852.0  14:12:58 42.394585 -72.533455   23     23     21  
853.0  14:13:00 42.39458 -72.533455   21     21     21  
853.0  14:13:07 42.39458 -72.53345   21     24     22  
853.0  14:13:16 42.39459 -72.53342   20     20     20  
853.0  14:13:25 42.3946 -72.53338   23     24     20  
853.0  14:13:36 42.3946 -72.5334   24     20     21  
853.0  14:13:44 42.394585 -72.533455   23     24     22  
853.0  14:13:54 42.394577 -72.533485   24     21     21  
854.0  14:14:00 42.394573 -72.53349   23     24     22  
854.0  14:14:03 42.394573 -72.53349   22     23     22  
854.0  14:14:11 42.39457 -72.53349   21     22     24  
854.0  14:14:20 42.394573 -72.533485   21     23     24  
854.0  14:14:31 42.39457 -72.53347   20     22     20  
854.0  14:14:39 42.39457 -72.53346   21     24     24  
854.0  14:14:48 42.39457 -72.53346   23     20     20  
854.0  14:14:57 42.39457 -72.53346   23     21     20  
855.0  14:15:00 42.39457 -72.53347   22     24     21  
855.0  14:15:05 42.39457 -72.53347   22     20     22  
855.0  14:15:14 42.394566 -72.53347   20     21     20  
855.0  14:15:25 42.39456 -72.53347   24     24     22  
855.0  14:15:34 42.394547 -72.53346   21     23     22  
855.0  14:15:42 42.39455 -72.53344   22     23     22  
855.0  14:15:51 42.39455 -72.533394   23     24     24  
855.0  14:15:59 42.394543 -72.53337   22     23     21  
856.0  14:16:00 42.394543 -72.53337   20     23     23  
856.0  14:16:08 42.394547 -72.53338   20     21     20  
856.0  14:16:18 42.39455 -72.53338   23     22     20  
856.0  14:16:27 42.394554 -72.533424   22     23     24  
856.0  14:16:36 42.394547 -72.53344   20     20     23  
856.0  14:16:45 42.39453 -72.53345   24     21     22  
856.0  14:16:53 42.394516 -72.53346   24     24     23  
857.0  14:17:00 42.394524 -72.53347   24     22     24  
857.0  14:17:06 42.39452 -72.53346   22     24     22  
857.0  14:17:17 42.3945 -72.53344   21     22     22  
857.0  14:17:25 42.394505 -72.53345   23     21     23  
857.0  14:17:34 42.3945 -72.53344   22     23     22  
857.0  14:17:42 42.394485 -72.53344   22     22     24  
857.0  14:17:51 42.39451 -72.533455   22     21     23  
857.0  14:17:59 42.394535 -72.53346   22     20     20  
858.0  14:18:00 42.394524 -72.533455   21     23     23  
858.0  14:18:10 42.39452 -72.533455   24     23     23  
858.0  14:18:19 42.39452 -72.53345   20     21     21  
858.0  14:18:27 42.39451 -72.53344   23     22     22  
858.0  14:18:36 42.394527 -72.533455   22     24     22  
858.0  14:18:44 42.394547 -72.53347   24     20     23  
858.0  14:18:53 42.394573 -72.53345   22     22     23  
859.0  14:19:00 42.394543 -72.53341   23     22     22  
859.0  14:19:03 42.394547 -72.53341   22     21     22  
859.0  14:19:11 42.39453 -72.53343   22     24     22  
859.0  14:19:19 42.394524 -72.533455   21     21     20  
859.0  14:19:28 42.394527 -72.53348   22     24     21  
859.0  14:19:37 42.39454 -72.53341   22     20     21  
859.0  14:19:45 42.394543 -72.53341   20     20     24  
859.0  14:19:55 42.394558 -72.53341   20     20     21  
860.0  14:20:00 42.394535 -72.53342   24     24     24  
860.0  14:20:04 42.394535 -72.53342   20     24     24  
860.0  14:20:13 42.39453 -72.53342   20     22     24  
860.0  14:20:21 42.39453 -72.533424   22     23     23  
860.0  14:20:30 42.39452 -72.53341   23     20     24  
860.0  14:20:38 42.394524 -72.533394   21     23     20  
860.0  14:20:51 42.394543 -72.53338   22     24     21  
861.0  14:21:00 42.39456 -72.53342   21     22     22  
861.0  14:21:00 42.394554 -72.53345   22     23     21  
861.0  14:21:08 42.394543 -72.53348   23     24     21  
861.0  14:21:17 42.39454 -72.53348   21     22     24  
861.0  14:21:26 42.39454 -72.53347   24     20     23  
861.0  14:21:34 42.394524 -72.533455   24     23     20  
861.0  14:21:45 42.394535 -72.533455   24     22     24  
861.0  14:21:53 42.39454 -72.533455   20     21     24  
862.0  14:22:00 42.39454 -72.53343   20     21     24  
862.0  14:22:02 42.39454 -72.53343   24     20     24  
862.0  14:22:10 42.394547 -72.53343   21     20     20  
862.0  14:22:19 42.394554 -72.533424   23     20     22  
862.0  14:22:27 42.394554 -72.5334   21     22     24  
862.0  14:22:39 42.39455 -72.533295   22     22     21  
862.0  14:22:47 42.39455 -72.53331   23     20     20  
862.0  14:22:56 42.39456 -72.53337   21     20     23  
863.0  14:23:00 42.394554 -72.53337   24     23     24  
863.0  14:23:04 42.394554 -72.53337   23     23     21  
863.0  14:23:13 42.394573 -72.53339   23     24     23  
863.0  14:23:21 42.394566 -72.533394   22     21     23  
863.0  14:23:32 42.39458 -72.53342   22     20     23  
863.0  14:23:40 42.394573 -72.53342   20     24     20  
863.0  14:23:49 42.394577 -72.533424   23     23     23  
863.0  14:23:58 42.39456 -72.533424   22     24     24  
864.0  14:24:00 42.39453 -72.53343   20     20     24  
864.0  14:24:06 42.394527 -72.53344   21     23     21  
864.0  14:24:15 42.394535 -72.53343   23     24     22  
864.0  14:24:25 42.39454 -72.53344   23     20     22  
864.0  14:24:34 42.394554 -72.53345   24     21     20  
864.0  14:24:43 42.394573 -72.533455   20     22     21  
864.0  14:24:51 42.39456 -72.533455   24     23     24  
865.0  14:25:00 42.394573 -72.53345   23     23     24  
865.0  14:25:00 42.394577 -72.53344   22     22     20  
865.0  14:25:10 42.394585 -72.53345   20     21     21  
865.0  14:25:21 42.394577 -72.53344   22     24     23  
865.0  14:25:30 42.39459 -72.53343   23     20     21  
865.0  14:25:39 42.39457 -72.533394   24     24     20  
865.0  14:25:49 42.394566 -72.533394   20     21     23  
865.0  14:25:58 42.39456 -72.53342   20     20     24  
866.0  14:26:00 42.394573 -72.53343   23     20     21  
866.0  14:26:07 42.394573 -72.53345   20     20     23  
866.0  14:26:20 42.394558 -72.53346   20     23     21  
866.0  14:26:29 42.394547 -72.53346   20     24     21  
866.0  14:26:41 42.394558 -72.533455   23     20     20  
866.0  14:26:49 42.39454 -72.533424   20     22     24  
866.0  14:26:59 42.394547 -72.53342   23     24     23  
867.0  14:27:00 42.394547 -72.53342   23     23     20  
867.0  14:27:12 42.394547 -72.53342   23     21     24  
867.0  14:27:21 42.394547 -72.533424   20     21     24  
867.0  14:27:31 42.39454 -72.53342   23     23     22  
867.0  14:27:41 42.394543 -72.533424   23     20     23  
867.0  14:27:49 42.394543 -72.53342   22     20     21  
867.0  14:27:59 42.394543 -72.53342   24     20     22  
868.0  14:28:00 42.39454 -72.53342   21     21     22  
868.0  14:28:08 42.394535 -72.53342   21     24     20  
868.0  14:28:16 42.394535 -72.53342   20     24     24  
868.0  14:28:26 42.394535 -72.53342   21     24     24  
868.0  14:28:37 42.39454 -72.533424   20     21     20  
868.0  14:28:47 42.394547 -72.533424   21     21     22  
869.0  14:29:00 42.39455 -72.53342   21     20     21  
869.0  14:29:00 42.394554 -72.53342   20     21     21  
869.0  14:29:08 42.39456 -72.53341   23     22     24  
869.0  14:29:17 42.39456 -72.53339   22     22     20  
869.0  14:29:27 42.394577 -72.53335   23     20     23  
869.0  14:29:35 42.394585 -72.53331   22     20     23  
869.0  14:29:44 42.394577 -72.53331   22     20     21  
869.0  14:29:54 42.39457 -72.53335   24     20     22  
870.0  14:30:00 42.394554 -72.53338   21     22     23  
870.0  14:30:03 42.394554 -72.53338   23     22     20  
870.0  14:30:12 42.394547 -72.533394   20     20     20  
870.0  14:30:20 42.394547 -72.5334   23     21     21  
870.0  14:30:29 42.394554 -72.53342   20     21     21  
870.0  14:30:38 42.394558 -72.53342   23     24     20  
870.0  14:30:49 42.39456 -72.533424   21     20     24  
870.0  14:30:58 42.394558 -72.53342   23     22     21  
871.0  14:31:00 42.39456 -72.533424   24     23     23  
871.0  14:31:07 42.394566 -72.533424   24     23     20  
871.0  14:31:16 42.39456 -72.533424   20     22     20  
871.0  14:31:25 42.394573 -72.533424   20     24     23  
871.0  14:31:33 42.394573 -72.53342   24     20     23  
871.0  14:31:45 42.394577 -72.53342   20     21     22  
871.0  14:31:54 42.39457 -72.53341   24     23     24  
872.0  14:32:00 42.39456 -72.53341   24     20     21  
872.0  14:32:02 42.39456 -72.5334   22     22     22  
872.0  14:32:11 42.39456 -72.53342   22     20     20  
872.0  14:32:19 42.394566 -72.533424   22     22     20  
872.0  14:32:28 42.394577 -72.533424   21     22     20  
872.0  14:32:40 42.394573 -72.53342   20     21     24  
872.0  14:32:49 42.39459 -72.53341   23     20     23  
872.0  14:32:57 42.394592 -72.53337   20     23     24  
873.0  14:33:00 42.394592 -72.53334   21     23     20  
873.0  14:33:06 42.394596 -72.533325   20     23     23  
873.0  14:33:15 42.394592 -72.533325   23     20     21  
873.0  14:33:23 42.394585 -72.53336   24     23     22  
873.0  14:33:34 42.39459 -72.533356   21     20     24  
873.0  14:33:43 42.394592 -72.533325   23     23     20  
873.0  14:33:51 42.394596 -72.53334   20     24     21  
874.0  14:34:00 42.394592 -72.53333   24     22     20  
874.0  14:34:01 42.3946 -72.53334   20     21     21  
874.0  14:34:09 42.394596 -72.53333   21     21     20  
874.0  14:34:18 42.39456 -72.53332   23     22     24  
874.0  14:34:29 42.39454 -72.53328   21     21     24  
874.0  14:34:38 42.39454 -72.53332   21     23     21  
874.0  14:34:47 42.394535 -72.53336   23     24     22  
874.0  14:34:55 42.394516 -72.53337   24     23     22  
875.0  14:35:00 42.394516 -72.53336   21     24     22  
875.0  14:35:04 42.394516 -72.53336   20     23     24  
875.0  14:35:13 42.39448 -72.53338   24     24     20  
875.0  14:35:24 42.394493 -72.53342   24     23     24  
875.0  14:35:32 42.39453 -72.53344   24     20     24  
875.0  14:35:42 42.394554 -72.53344   23     20     23  
875.0  14:35:50 42.39456 -72.53345   20     20     23  
875.0  14:35:59 42.39457 -72.533455   22     22     22  
876.0  14:36:00 42.394573 -72.53346   23     24     20  
876.0  14:36:08 42.39457 -72.53346   22     24     22  
876.0  14:36:19 42.394547 -72.53344   22     22     24  
876.0  14:36:28 42.394527 -72.53344   21     22     20  
876.0  14:36:37 42.394527 -72.53344   24     22     21  
876.0  14:36:45 42.39454 -72.533424   23     21     24  
876.0  14:36:54 42.394527 -72.53342   23     23     24  
877.0  14:37:00 42.394535 -72.53341   22     23     24  
877.0  14:37:06 42.394527 -72.53342   23     24     24  
877.0  14:37:17 42.394535 -72.53344   21     23     23  
877.0  14:37:26 42.39452 -72.53348   21     24     23  
877.0  14:37:34 42.39456 -72.53347   21     23     22  
877.0  14:37:43 42.39455 -72.53348   23     20     20  
877.0  14:37:53 42.394527 -72.533485   22     20     21  
878.0  14:38:00 42.39453 -72.533485   23     24     24  
878.0  14:38:01 42.39452 -72.53349   24     21     20  
878.0  14:38:12 42.39454 -72.533485   23     21     20  
878.0  14:38:21 42.39456 -72.53348   23     22     22  
878.0  14:38:30 42.394604 -72.533455   20     21     23  
878.0  14:38:39 42.394577 -72.533455   20     22     20  
878.0  14:38:48 42.394573 -72.53344   23     20     24  
878.0  14:38:56 42.39466 -72.53342   23     21     22  
879.0  14:39:00 42.394707 -72.533424   23     20     23  
879.0  14:39:07 42.394714 -72.533424   21     22     23  
879.0  14:39:16 42.39468 -72.53342   22     23     22  
879.0  14:39:24 42.39466 -72.53342   24     21     22  
879.0  14:39:33 42.39464 -72.53342   23     21     20  
879.0  14:39:41 42.394627 -72.533424   23     20     21  
879.0  14:39:50 42.3946 -72.53342   22     20     20  
880.0  14:40:00 42.39462 -72.53341   21     24     20  
880.0  14:40:00 42.39462 -72.53341   22     21     22  
880.0  14:40:09 42.394596 -72.5334   21     23     22  
880.0  14:40:18 42.394615 -72.53341   21     21     22  
880.0  14:40:26 42.394604 -72.53342   20     23     20  
880.0  14:40:35 42.394615 -72.53341   20     20     21  
880.0  14:40:44 42.3946 -72.5334   21     23     22  
880.0  14:40:54 42.394554 -72.53336   23     21     22  
881.0  14:41:00 42.39459 -72.53336   20     23     20  
881.0  14:41:02 42.394577 -72.53336   24     22     23  
881.0  14:41:11 42.394608 -72.53334   22     20     21  
881.0  14:41:20 42.39461 -72.53334   22     23     22  
881.0  14:41:29 42.3946 -72.5334   20     24     22  
881.0  14:41:37 42.394592 -72.53343   22     21     21  
881.0  14:41:49 42.3946 -72.533455   24     20     24  
881.0  14:41:58 42.394608 -72.533455   23     22     24  
882.0  14:42:00 42.394608 -72.53345   21     24     22  
882.0  14:42:07 42.394608 -72.53345   20     20     23  
882.0  14:42:14 42.394608 -72.53345   24     23     23  
882.0  14:42:24 42.39458 -72.53345   24     22     20  
882.0  14:42:32 42.394608 -72.533455   23     24     21  
882.0  14:42:44 42.394604 -72.533455   21     22     24  
882.0  14:42:52 42.394608 -72.53343   20     22     21  
883.0  14:43:00 42.39463 -72.53338   23     24     22  
883.0  14:43:01 42.39462 -72.53339   20     20     23  
883.0  14:43:09 42.39464 -72.53334   20     20     22  
883.0  14:43:17 42.394627 -72.533356   22     23     22  
883.0  14:43:26 42.39462 -72.53335   20     23     20  
883.0  14:43:37 42.3946 -72.533325   21     20     23  
883.0  14:43:46 42.394573 -72.53334   24     21     20  
883.0  14:43:54 42.394516 -72.53335   23     22     22  
884.0  14:44:00 42.39447 -72.53338   20     21     21  
884.0  14:44:03 42.394474 -72.53338   22     21     24  
884.0  14:44:11 42.39452 -72.53343   23     22     23  
884.0  14:44:20 42.3946 -72.533485   21     21     22  
884.0  14:44:30 42.39453 -72.53344   24     24     24  
884.0  14:44:39 42.39449 -72.533424   24     21     23  
884.0  14:44:48 42.39448 -72.53344   22     20     20  
884.0  14:44:56 42.394485 -72.53344   22     21     22  
885.0  14:45:00 42.394497 -72.53343   22     24     22  
885.0  14:45:04 42.394497 -72.533424   23     21     21  
885.0  14:45:13 42.39451 -72.5334   23     23     23  
885.0  14:45:24 42.394543 -72.53335   23     23     22  
885.0  14:45:32 42.394547 -72.533356   24     21     22  
885.0  14:45:41 42.39456 -72.53337   21     21     24  
885.0  14:45:50 42.394577 -72.53341   21     24     20  
885.0  14:45:58 42.394596 -72.53345   21     20     24  
886.0  14:46:00 42.394592 -72.53346   24     20     24  
886.0  14:46:06 42.394592 -72.53347   23     23     21  
886.0  14:46:17 42.39458 -72.53347   20     24     24  
886.0  14:46:25 42.394577 -72.53347   24     21     24  
886.0  14:46:34 42.394585 -72.53347   23     23     23  
886.0  14:46:43 42.39456 -72.53346   24     23     22  
886.0  14:46:51 42.394554 -72.53346   20     21     23  
887.0  14:47:00 42.39456 -72.53346   21     24     23  
887.0  14:47:00 42.39456 -72.53346   24     22     23  
887.0  14:47:10 42.394573 -72.533455   22     21     23  
887.0  14:47:18 42.394577 -72.533424   21     23     21  
887.0  14:47:27 42.39459 -72.533394   20     23     22  
887.0  14:47:36 42.39461 -72.533356   23     21     21  
887.0  14:47:44 42.394627 -72.53333   24     22     22  
887.0  14:47:53 42.394627 -72.53333   22     20     24  
888.0  14:48:00 42.394623 -72.53334   22     20     23  
888.0  14:48:04 42.394623 -72.53334   20     24     24  
888.0  14:48:13 42.39462 -72.53335   24     23     20  
888.0  14:48:21 42.394615 -72.53337   20     21     24  
888.0  14:48:30 42.394592 -72.5334   24     22     21  
888.0  14:48:38 42.39456 -72.53341   22     21     21  
888.0  14:48:46 42.394547 -72.53341   22     24     22  
888.0  14:48:57 42.394558 -72.53342   22     22     20  
889.0  14:49:00 42.394558 -72.53342   21     23     21  
889.0  14:49:06 42.394554 -72.533424   24     23     20  
889.0  14:49:14 42.394524 -72.53342   23     22     20  
889.0  14:49:23 42.39453 -72.533424   23     23     24  
889.0  14:49:31 42.394543 -72.533424   20     22     20  
889.0  14:49:40 42.39454 -72.533424   22     23     22  
889.0  14:49:52 42.39453 -72.53342   20     24     23  
890.0  14:50:00 42.39451 -72.53341   21     23     20  
890.0  14:50:00 42.39451 -72.53341   21     24     23  
890.0  14:50:09 42.39451 -72.53341   20     23     24  
890.0  14:50:17 42.39451 -72.5334   22     22     20  
890.0  14:50:25 42.394516 -72.5334   21     24     20  
890.0  14:50:34 42.394497 -72.53341   23     22     22  
890.0  14:50:45 42.394474 -72.53341   23     22     22  
890.0  14:50:53 42.394485 -72.53341   20     22     21  
891.0  14:51:00 42.39447 -72.53342   23     21     23  
891.0  14:51:02 42.394474 -72.53341   22     22     22  
891.0  14:51:10 42.39447 -72.53342   21     23     23  
891.0  14:51:19 42.394466 -72.53342   22     24     22  
891.0  14:51:28 42.394455 -72.53342   22     22     23  
891.0  14:51:38 42.394455 -72.53342   24     20     20  
891.0  14:51:47 42.39446 -72.53341   24     21     21  
891.0  14:51:55 42.39444 -72.53339   20     23     22  
892.0  14:52:00 42.394466 -72.53336   23     24     24  
892.0  14:52:04 42.394466 -72.53336   23     22     23  
892.0  14:52:12 42.394455 -72.533394   24     24     22  
892.0  14:52:21 42.394444 -72.53343   24     20     21  
892.0  14:52:31 42.394463 -72.533455   22     22     21  
892.0  14:52:40 42.39449 -72.53347   24     23     22  
892.0  14:52:48 42.394512 -72.533485   21     21     24  
892.0  14:52:56 42.394497 -72.53347   20     22     20  
893.0  14:53:00 42.394516 -72.53347   23     22     20  
893.0  14:53:05 42.39452 -72.53347   23     21     24  
893.0  14:53:14 42.39456 -72.53347   24     23     24  
893.0  14:53:25 42.394573 -72.533485   24     23     21  
893.0  14:53:34 42.394554 -72.533485   21     23     22  
893.0  14:53:42 42.394516 -72.533485   22     21     20  
893.0  14:53:51 42.39448 -72.53349   23     24     21  
894.0  14:54:00 42.39442 -72.53348   20     23     21  
894.0  14:54:00 42.394417 -72.53348   23     23     22  
894.0  14:54:08 42.394463 -72.5335   24     20     23  
894.0  14:54:19 42.39454 -72.53348   20     21     24  
894.0  14:54:28 42.39459 -72.533455   21     20     23  
894.0  14:54:36 42.394684 -72.533424   21     24     20  
894.0  14:54:45 42.39479 -72.53348   24     24     20  
894.0  14:54:54 42.39478 -72.53345   24     24     24  
895.0  14:55:00 42.39471 -72.5334   24     24     20  
895.0  14:55:02 42.394714 -72.53341   24     20     22  
895.0  14:55:12 42.394737 -72.53341   24     24     22  
895.0  14:55:21 42.394634 -72.53341   24     21     24  
895.0  14:55:30 42.394527 -72.533424   20     22     20  
895.0  14:55:39 42.39446 -72.533455   23     23     21  
895.0  14:55:47 42.39438 -72.533455   23     23     24  
895.0  14:55:56 42.39434 -72.5334   21     20     21  
896.0  14:56:00 42.39433 -72.53343   20     23     20  
896.0  14:56:07 42.394337 -72.53343   21     23     23  
896.0  14:56:16 42.394356 -72.53341   24     23     24  
896.0  14:56:24 42.39435 -72.5334   21     21     20  
896.0  14:56:33 42.394352 -72.53342   23     23     21  
896.0  14:56:41 42.39433 -72.53345   21     21     22  
896.0  14:56:49 42.394337 -72.53346   22     22     24  
897.0  14:57:00 42.394394 -72.53339   21     24     20  
897.0  14:57:00 42.394417 -72.53337   20     21     23  
897.0  14:57:09 42.39442 -72.53337   20     23     22  
897.0  14:57:17 42.3944 -72.53331   21     21     21  
897.0  14:57:26 42.39442 -72.53325   24     21     20  
897.0  14:57:34 42.394417 -72.5332   20     24     23  
897.0  14:57:43 42.39446 -72.53327   24     21     22  
897.0  14:57:53 42.39453 -72.533325   23     21     23  
898.0  14:58:00 42.394527 -72.53332   23     20     24  
898.0  14:58:02 42.39453 -72.5333   23     20     23  
898.0  14:58:10 42.394535 -72.53334   21     24     23  
898.0  14:58:19 42.394527 -72.53336   20     23     24  
898.0  14:58:27 42.394524 -72.53334   22     24     21  
898.0  14:58:35 42.394527 -72.53337   21     24     23  
898.0  14:58:46 42.394535 -72.533394   23     23     22  
898.0  14:58:55 42.394497 -72.53342   20     23     22  
899.0  14:59:00 42.394455 -72.53345   21     24     24  
899.0  14:59:04 42.394455 -72.53345   22     20     21  
899.0  14:59:12 42.39446 -72.53347   24     20     21  
899.0  14:59:21 42.394463 -72.533485   22     23     22  
899.0  14:59:29 42.394424 -72.5335   23     24     20  
899.0  14:59:39 42.394375 -72.53349   24     20     22  
899.0  14:59:48 42.39436 -72.533485   20     20     20  
899.0  14:59:56 42.394344 -72.53347   20     21     24  
900.0  15:00:00 42.394306 -72.533455   22     24     20  
900.0  15:00:05 42.394302 -72.533455   23     23     23  
900.0  15:00:13 42.394302 -72.53344   22     20     24  
900.0  15:00:22 42.394283 -72.53344   23     24     22  
900.0  15:00:33 42.39429 -72.53342   23     23     24  
900.0  15:00:41 42.39431 -72.5334   24     20     22  
900.0  15:00:50 42.39435 -72.53338   24     20     21  
900.0  15:00:58 42.39439 -72.53336   20     22     23  
901.0  15:01:00 42.394432 -72.53336   21     22     23  
901.0  15:01:07 42.394444 -72.53336   21     22     24  
901.0  15:01:15 42.394436 -72.53336   21     24     20  
901.0  15:01:26 42.394394 -72.53336   20     24     23  
901.0  15:01:34 42.3944 -72.53337   23     24     23  
901.0  15:01:43 42.39448 -72.53338   20     23     21  
901.0  15:01:52 42.394444 -72.53337   24     20     22  
902.0  15:02:00 42.394466 -72.53338   21     22     21  
902.0  15:02:00 42.39447 -72.53338   24     21     20  
902.0  15:02:09 42.39451 -72.53338   24     23     22  
902.0  15:02:19 42.394527 -72.53339   20     23     24  
902.0  15:02:27 42.394566 -72.53337   23     20     20  
902.0  15:02:36 42.3946 -72.53337   23     21     20  
902.0  15:02:45 42.39462 -72.53336   21     22     23  
902.0  15:02:53 42.394573 -72.53334   21     20     23  
903.0  15:03:00 42.394493 -72.533295   24     24     22  
903.0  15:03:01 42.394505 -72.533295   21     21     20  
903.0  15:03:12 42.394444 -72.53327   20     22     22  
903.0  15:03:21 42.394394 -72.53327   20     23     21  
903.0  15:03:30 42.39442 -72.53331   21     23     21  
903.0  15:03:39 42.394436 -72.533356   20     20     24  
903.0  15:03:48 42.39448 -72.53341   21     21     21  
903.0  15:03:56 42.39455 -72.533455   24     22     23  
904.0  15:04:00 42.394547 -72.53345   21     21     23  
904.0  15:04:07 42.394547 -72.53346   21     20     23  
904.0  15:04:16 42.39455 -72.533455   24     21     20  
904.0  15:04:25 42.394547 -72.533455   22     22     24  
904.0  15:04:33 42.394547 -72.533455   23     20     22  
904.0  15:04:42 42.39452 -72.53345   24     24     20  
904.0  15:04:50 42.39448 -72.53344   22     23     21  
905.0  15:05:00 42.394505 -72.53345   21     24     20  
905.0  15:05:00 42.394497 -72.53344   24     21     24  
905.0  15:05:09 42.394444 -72.533424   24     20     20  
905.0  15:05:18 42.39442 -72.533424   20     20     23  
905.0  15:05:26 42.394356 -72.533394   24     22     24  
905.0  15:05:35 42.39428 -72.53335   20     21     23  
905.0  15:05:43 42.394226 -72.53333   24     22     23  
905.0  15:05:54 42.39418 -72.533325   20     20     23  
906.0  15:06:00 42.39415 -72.533325   21     23     23  
906.0  15:06:03 42.39415 -72.53332   22     21     22  
906.0  15:06:12 42.394127 -72.53332   21     21     24  
906.0  15:06:20 42.394085 -72.533295   20     20     23  
906.0  15:06:29 42.39404 -72.533264   24     20     21  
906.0  15:06:37 42.39406 -72.53329   23     23     21  
906.0  15:06:48 42.394073 -72.5333   24     24     24  
906.0  15:06:57 42.394028 -72.53328   23     23     23  
907.0  15:07:00 42.39397 -72.533264   23     22     23  
907.0  15:07:05 42.393944 -72.533264   20     22     24  
907.0  15:07:15 42.39395 -72.53331   22     20     24  
907.0  15:07:24 42.393967 -72.533295   23     22     24  
907.0  15:07:32 42.39415 -72.533325   24     20     20  
907.0  15:07:43 42.395157 -72.53354   23     24     21  
907.0  15:07:51 42.395023 -72.533455   24     20     20  
908.0  15:08:00 42.394966 -72.53345   22     23     22  
908.0  15:08:00 42.39501 -72.53347   22     20     23  
908.0  15:08:08 42.395035 -72.53347   20     22     21  
908.0  15:08:17 42.395092 -72.53352   23     21     22  
908.0  15:08:26 42.395126 -72.53354   24     21     23  
908.0  15:08:36 42.395027 -72.5335   20     24     21  
908.0  15:08:45 42.394997 -72.53349   23     22     23  
908.0  15:08:53 42.395042 -72.53351   23     22     23  
909.0  15:09:00 42.395065 -72.53349   21     24     24  
909.0  15:09:02 42.395065 -72.53349   20     22     24  
909.0  15:09:10 42.395023 -72.53347   22     24     22  
909.0  15:09:19 42.39496 -72.53344   23     22     23  
909.0  15:09:29 42.39502 -72.53349   23     22     21  
909.0  15:09:38 42.39511 -72.53357   20     23     23  
909.0  15:09:46 42.39513 -72.53363   24     24     23  
909.0  15:09:55 42.395077 -72.533615   24     22     21  
910.0  15:10:00 42.394905 -72.53358   23     20     23  
910.0  15:10:03 42.394905 -72.53358   20     20     20  
910.0  15:10:12 42.394775 -72.533516   22     23     23  
910.0  15:10:23 42.394657 -72.533424   23     22     21  
910.0  15:10:31 42.39448 -72.53338   21     21     21  
910.0  15:10:40 42.39429 -72.533356   20     22     22  
910.0  15:10:49 42.39426 -72.53335   23     24     23  
910.0  15:10:57 42.394188 -72.533325   20     23     23  
911.0  15:11:00 42.394173 -72.53333   20     23     24  
911.0  15:11:06 42.394062 -72.53331   24     22     21  
911.0  15:11:16 42.393932 -72.533325   23     23     21  
911.0  15:11:25 42.393677 -72.53334   21     22     21  
911.0  15:11:33 42.393517 -72.53334   20     23     20  
911.0  15:11:42 42.393505 -72.53336   21     21     23  
911.0  15:11:51 42.39348 -72.533356   22     21     24  
911.0  15:11:59 42.3935 -72.53336   23     24     22  
912.0  15:12:00 42.393547 -72.53339   22     24     20  
912.0  15:12:09 42.393585 -72.53341   21     22     20  
912.0  15:12:18 42.393585 -72.533424   24     24     21  
912.0  15:12:26 42.393536 -72.53342   22     20     21  
912.0  15:12:35 42.3935 -72.5334   23     24     24  
912.0  15:12:44 42.393494 -72.5334   20     22     24  
912.0  15:12:53 42.393505 -72.5334   21     24     20  
913.0  15:13:03 42.393364 -72.53335   22     24     24  
913.0  15:13:11 42.393505 -72.53334   23     23     21  
913.0  15:13:20 42.393215 -72.53324   20     24     22  
913.0  15:13:28 42.39341 -72.533264   22     21     21  
913.0  15:13:37 42.393543 -72.53327   24     21     24  
913.0  15:13:45 42.39341 -72.53322   24     22     21  
913.0  15:13:56 42.39337 -72.533195   23     23     21  
914.0  15:14:00 42.393394 -72.5332   23     20     21  
914.0  15:14:05 42.393425 -72.53321   24     20     20  
914.0  15:14:13 42.39369 -72.53327   23     22     20  
914.0  15:14:22 42.39373 -72.53328   24     23     23  
978.0  16:18:00 0.0 -0.0   21     22     21  
978.0  16:18:03 0.0 -0.0   22     21     23  
978.0  16:18:15 0.0 -0.0   22     20     20  
978.0  16:18:23 0.0 -0.0   23     21     24  
978.0  16:18:32 0.0 -0.0   22     24     20  
978.0  16:18:40 0.0 -0.0   24     20     23  
978.0  16:18:48 0.0 -0.0   22     22     21  
978.0  16:18:57 0.0 -0.0   23     20     20  
979.0  16:19:00 0.0 -0.0   20     21     20  
979.0  16:19:16 0.0 -0.0   21     21     21  
979.0  16:19:24 0.0 -0.0   22     21     20  
979.0  16:19:32 0.0 -0.0   20     20     21  
979.0  16:19:40 0.0 -0.0   20     21     21  
979.0  16:19:49 0.0 -0.0   23     22     23  
979.0  16:19:59 0.0 -0.0   23     20     20  
980.0  16:20:00 0.0 -0.0   23     22     21  
980.0  16:20:09 0.0 -0.0   20     23     20  
980.0  16:20:18 0.0 -0.0   22     21     22  
980.0  16:20:27 0.0 -0.0   20     22     22  
980.0  16:20:36 0.0 -0.0   22     20     20  
980.0  16:20:44 0.0 -0.0   22     20     22  
980.0  16:20:55 0.0 -0.0   24     24     21  
981.0  16:21:00 0.0 -0.0   21     24     23  
981.0  16:21:03 0.0 -0.0   22     24     23  
981.0  16:21:12 0.0 -0.0   20     23     22  
981.0  16:21:21 0.0 -0.0   23     24     22  
981.0  16:21:30 0.0 -0.0   21     23     22  
981.0  16:21:39 0.0 -0.0   22     23     22  
981.0  16:21:50 0.0 -0.0   22     23     22  
981.0  16:21:59 0.0 -0.0   22     20     23  
982.0  16:22:00 0.0 -0.0   21     23     23  
982.0  16:22:08 0.0 -0.0   20     24     21  
982.0  16:22:17 0.0 -0.0   20     22     22  
982.0  16:22:25 0.0 -0.0   21     21     20  
982.0  16:22:35 0.0 -0.0   20     24     23  
982.0  16:22:45 0.0 -0.0   21     21     24  
982.0  16:22:54 0.0 -0.0   22     22     23  
983.0  16:23:00 0.0 -0.0   22     22     22  
983.0  16:23:03 0.0 -0.0   24     20     22  
983.0  16:23:11 0.0 -0.0   21     21     23  
983.0  16:23:20 0.0 -0.0   23     22     23  
