478.0  07:58:04 0.0 -0.0   4     12     51  
478.0  07:58:16 42.40568 -72.53238   5     13     48  
478.0  07:58:29 42.40572 -72.53234   5     12     57  
478.0  07:58:41 42.405754 -72.53246   5     16     57  
479.0  07:59:42 42.40579 -72.53246   3     19     49  
479.0  07:59:52 42.405785 -72.532455   3     14     45  
480.0  08:00:00 42.405773 -72.53245   4     16     40  
480.0  08:00:01 42.405777 -72.53245   4     19     46  
480.0  08:00:09 42.405773 -72.53245   5     14     54  
480.0  08:00:17 42.405773 -72.53245   4     15     57  
480.0  08:00:25 42.405777 -72.53245   4     19     50  
480.0  08:00:33 42.405785 -72.532455   4     10     55  
480.0  08:00:42 42.40579 -72.53246   4     11     50  
480.0  08:00:50 42.40579 -72.53246   3     16     52  
480.0  08:00:58 42.405704 -72.53243   5     16     54  
481.0  08:01:00 42.405594 -72.5324   5     15     53  
481.0  08:01:06 42.4055 -72.53238   4     15     48  
481.0  08:01:14 42.40537 -72.53236   5     16     43  
481.0  08:01:22 42.405117 -72.53231   4     16     47  
481.0  08:01:30 42.404854 -72.53216   5     13     50  
481.0  08:01:40 42.404877 -72.5317   4     12     50  
481.0  08:01:48 42.404903 -72.53133   5     19     45  
481.0  08:01:56 42.404957 -72.53085   3     13     49  
482.0  08:02:00 42.40495 -72.53082   5     18     50  
482.0  08:02:04 42.40495 -72.53082   4     15     59  
482.0  08:02:12 42.404957 -72.53078   4     11     43  
482.0  08:02:20 42.405052 -72.53048   4     12     59  
482.0  08:02:30 42.40506 -72.53005   5     18     45  
482.0  08:02:38 42.405037 -72.52978   4     13     40  
482.0  08:02:47 42.405037 -72.52977   5     11     40  
482.0  08:02:55 42.40501 -72.52971   3     10     48  
483.0  08:03:00 42.404377 -72.5297   5     17     53  
483.0  08:03:03 42.404377 -72.5297   5     18     52  
483.0  08:03:11 42.40352 -72.52932   4     17     58  
483.0  08:03:20 42.403095 -72.52911   3     17     56  
483.0  08:03:28 42.403088 -72.52911   3     17     58  
483.0  08:03:37 42.403057 -72.52899   5     19     43  
483.0  08:03:45 42.402573 -72.52863   5     16     53  
483.0  08:03:53 42.40173 -72.528206   5     13     57  
484.0  08:04:00 42.400497 -72.527885   5     17     43  
484.0  08:04:01 42.40076 -72.5279   5     12     49  
484.0  08:04:11 42.39939 -72.52798   4     15     46  
484.0  08:04:20 42.398407 -72.52806   3     10     41  
484.0  08:04:28 42.39765 -72.52804   4     16     58  
484.0  08:04:37 42.39685 -72.52773   5     19     43  
484.0  08:04:45 42.39601 -72.52738   3     17     59  
484.0  08:04:53 42.39539 -72.527115   5     13     46  
485.0  08:05:00 42.395256 -72.52706   5     14     54  
485.0  08:05:02 42.395256 -72.52706   3     18     46  
485.0  08:05:15 42.395256 -72.52708   5     16     53  
485.0  08:05:23 42.395237 -72.52706   4     14     56  
485.0  08:05:32 42.395233 -72.52706   4     15     47  
485.0  08:05:40 42.395256 -72.52706   3     11     46  
485.0  08:05:48 42.39519 -72.52702   3     14     43  
485.0  08:05:57 42.3945 -72.52663   4     16     59  
486.0  08:06:00 42.39425 -72.52647   5     19     55  
486.0  08:06:06 42.39409 -72.526375   3     13     46  
486.0  08:06:13 42.393505 -72.52605   5     13     41  
486.0  08:06:22 42.393303 -72.52597   5     13     41  
486.0  08:06:30 42.39331 -72.52598   3     13     40  
486.0  08:06:38 42.39329 -72.525955   5     18     52  
486.0  08:06:48 42.39297 -72.52575   4     15     40  
486.0  08:06:56 42.39232 -72.52553   3     12     47  
487.0  08:07:00 42.39172 -72.52537   4     12     42  
487.0  08:07:04 42.39164 -72.52535   3     12     43  
487.0  08:07:12 42.39104 -72.52527   3     17     53  
487.0  08:07:20 42.390858 -72.525276   3     19     57  
487.0  08:07:29 42.390858 -72.52527   4     14     56  
487.0  08:07:39 42.390408 -72.525116   5     19     45  
487.0  08:07:48 42.38957 -72.52491   3     17     44  
487.0  08:07:56 42.388695 -72.52451   5     13     59  
488.0  08:08:00 42.388092 -72.52414   5     16     55  
488.0  08:08:04 42.38802 -72.52409   3     17     42  
488.0  08:08:12 42.38774 -72.523865   4     19     50  
488.0  08:08:20 42.38774 -72.52386   4     12     47  
488.0  08:08:30 42.3877 -72.52374   3     18     53  
488.0  08:08:43 42.387283 -72.52313   4     18     47  
488.0  08:08:52 42.386284 -72.522385   3     13     44  
489.0  08:09:00 42.386074 -72.52247   4     17     46  
489.0  08:09:00 42.386093 -72.5225   5     15     49  
489.0  08:09:08 42.3861 -72.52253   4     16     53  
489.0  08:09:16 42.386158 -72.52257   5     13     51  
489.0  08:09:27 42.38621 -72.5226   3     10     53  
489.0  08:09:35 42.38598 -72.52255   3     13     52  
489.0  08:09:44 42.38565 -72.52213   3     12     42  
489.0  08:09:55 42.38472 -72.52154   5     13     59  
490.0  08:10:00 42.383457 -72.52087   5     17     41  
490.0  08:10:04 42.383457 -72.52087   3     11     51  
490.0  08:10:12 42.38253 -72.52031   5     19     48  
490.0  08:10:27 42.3817 -72.51957   3     11     40  
490.0  08:10:35 42.381527 -72.519394   5     15     55  
490.0  08:10:43 42.381527 -72.519394   3     15     42  
490.0  08:10:51 42.381527 -72.519394   3     18     48  
490.0  08:10:59 42.38127 -72.51929   5     19     56  
491.0  08:11:00 42.380917 -72.51935   5     17     48  
491.0  08:11:07 42.38052 -72.5194   4     13     58  
491.0  08:11:16 42.379604 -72.51964   5     19     45  
491.0  08:11:25 42.379032 -72.5199   4     14     44  
491.0  08:11:34 42.378292 -72.51999   3     16     43  
491.0  08:11:43 42.377865 -72.52   5     12     52  
491.0  08:11:52 42.377884 -72.52001   4     11     43  
492.0  08:12:00 42.37792 -72.52002   5     16     57  
492.0  08:12:01 42.377907 -72.52002   3     14     55  
492.0  08:12:11 42.37792 -72.52001   3     18     54  
492.0  08:12:20 42.377888 -72.520004   3     11     52  
492.0  08:12:28 42.377388 -72.519966   3     15     59  
492.0  08:12:37 42.376675 -72.51994   5     10     49  
492.0  08:12:46 42.376133 -72.5199   4     18     40  
492.0  08:12:54 42.376038 -72.51987   3     14     55  
493.0  08:13:00 42.376003 -72.51983   3     15     49  
493.0  08:13:05 42.37598 -72.51983   4     14     46  
493.0  08:13:14 42.37565 -72.519875   3     18     53  
493.0  08:13:22 42.375584 -72.51926   4     17     40  
493.0  08:13:31 42.375637 -72.51907   3     13     55  
493.0  08:13:40 42.375736 -72.518265   4     10     52  
493.0  08:13:49 42.37578 -72.517265   3     14     41  
494.0  08:14:00 42.375847 -72.515396   5     18     50  
494.0  08:14:01 42.37583 -72.51609   4     16     59  
494.0  08:14:10 42.37589 -72.51461   5     13     42  
494.0  08:14:18 42.375904 -72.51377   5     12     56  
494.0  08:14:27 42.375908 -72.51366   4     13     42  
494.0  08:14:35 42.3759 -72.51366   4     10     58  
494.0  08:14:44 42.375893 -72.513565   3     13     48  
494.0  08:14:54 42.375874 -72.512764   4     16     40  
495.0  08:15:00 42.37584 -72.51181   3     16     54  
495.0  08:15:03 42.375843 -72.5119   3     12     51  
495.0  08:15:12 42.375828 -72.51114   4     18     59  
495.0  08:15:21 42.375797 -72.51082   4     15     40  
495.0  08:15:29 42.37578 -72.51015   4     10     51  
495.0  08:15:38 42.37575 -72.50878   4     18     48  
495.0  08:15:49 42.3757 -72.50679   5     19     47  
495.0  08:15:58 42.375668 -72.505104   3     17     59  
496.0  08:16:00 42.37576 -72.50403   4     13     40  
496.0  08:16:07 42.37583 -72.5035   5     10     54  
496.0  08:16:15 42.376072 -72.50194   5     10     46  
496.0  08:16:23 42.37622 -72.50104   3     12     47  
496.0  08:16:32 42.376335 -72.500626   5     13     43  
496.0  08:16:44 42.375595 -72.50062   3     15     45  
496.0  08:16:57 42.37478 -72.500824   4     16     52  
497.0  08:17:00 42.37432 -72.500946   5     11     56  
497.0  08:17:05 42.374325 -72.500946   5     14     40  
497.0  08:17:14 42.374302 -72.50095   3     19     54  
497.0  08:17:22 42.373806 -72.50108   5     16     56  
497.0  08:17:34 42.373253 -72.50123   3     18     48  
497.0  08:17:43 42.373203 -72.50124   4     18     51  
497.0  08:17:51 42.37318 -72.50127   5     17     54  
498.0  08:18:00 42.37259 -72.50137   5     19     57  
498.0  08:18:00 42.37211 -72.50145   3     10     55  
498.0  08:18:09 42.371494 -72.50158   5     15     50  
498.0  08:18:17 42.370384 -72.50188   4     18     58  
498.0  08:18:29 42.369404 -72.50216   5     16     43  
498.0  08:18:37 42.369255 -72.501396   4     15     40  
498.0  08:18:46 42.369217 -72.50045   5     15     50  
498.0  08:18:53 42.369213 -72.50012   4     14     56  
499.0  08:19:00 42.3692 -72.49933   4     19     54  
499.0  08:19:02 42.369198 -72.499504   3     17     59  
499.0  08:19:10 42.36955 -72.49896   5     16     57  
499.0  08:19:21 42.370277 -72.49902   3     16     41  
499.0  08:19:29 42.370876 -72.49896   4     18     51  
499.0  08:19:38 42.370922 -72.49888   5     14     52  
499.0  08:19:49 42.371063 -72.49867   4     19     50  
499.0  08:19:58 42.37105 -72.49828   4     17     46  
500.0  08:20:00 42.370636 -72.49787   5     11     59  
500.0  08:20:07 42.37034 -72.497574   3     12     48  
500.0  08:20:17 42.369205 -72.49624   5     17     50  
500.0  08:20:26 42.36812 -72.494865   5     13     56  
500.0  08:20:34 42.367184 -72.493675   3     13     50  
500.0  08:20:43 42.366116 -72.492325   4     12     46  
500.0  08:20:51 42.36518 -72.49112   4     19     42  
500.0  08:20:59 42.36406 -72.48977   5     18     54  
501.0  08:21:00 42.363586 -72.48931   5     14     52  
501.0  08:21:09 42.36285 -72.48869   5     17     59  
501.0  08:21:18 42.361782 -72.48783   4     19     53  
501.0  08:21:27 42.360527 -72.48677   4     10     57  
501.0  08:21:35 42.359383 -72.48576   3     15     56  
501.0  08:21:47 42.358475 -72.48488   3     11     47  
501.0  08:21:55 42.35799 -72.4854   5     10     45  
502.0  08:22:00 42.357468 -72.48534   5     18     40  
502.0  08:22:06 42.357292 -72.48529   4     14     53  
502.0  08:22:14 42.356693 -72.48538   3     11     47  
502.0  08:22:24 42.35663 -72.48541   3     11     46  
502.0  08:22:32 42.356636 -72.48542   3     14     40  
502.0  08:22:41 42.35663 -72.48542   3     10     48  
502.0  08:22:49 42.35627 -72.48558   5     12     46  
503.0  08:23:00 42.35571 -72.48562   4     19     40  
503.0  08:23:01 42.355785 -72.48581   5     14     56  
503.0  08:23:09 42.355625 -72.48527   5     11     48  
503.0  08:23:21 42.355965 -72.484985   4     15     55  
503.0  08:23:29 42.35628 -72.48532   4     13     45  
503.0  08:23:38 42.356464 -72.48544   4     10     53  
503.0  08:23:46 42.35684 -72.485176   5     11     59  
503.0  08:23:57 42.357403 -72.48524   3     13     43  
504.0  08:24:00 42.357765 -72.48534   4     16     47  
504.0  08:24:06 42.35781 -72.48535   3     12     49  
504.0  08:24:14 42.358093 -72.48513   5     17     45  
504.0  08:24:23 42.35821 -72.48467   4     19     42  
504.0  08:24:31 42.35818 -72.48447   4     19     51  
504.0  08:24:40 42.35767 -72.48383   5     14     58  
504.0  08:24:50 42.35677 -72.482445   4     12     56  
504.0  08:24:58 42.355976 -72.48083   5     10     53  
505.0  08:25:00 42.35557 -72.47986   4     10     40  
505.0  08:25:06 42.3554 -72.479454   3     14     54  
505.0  08:25:14 42.35468 -72.4777   3     18     56  
505.0  08:25:27 42.354023 -72.47619   5     13     58  
505.0  08:25:36 42.353394 -72.47534   5     19     48  
505.0  08:25:49 42.35346 -72.47656   3     11     57  
506.0  08:26:00 42.353386 -72.47861   5     18     53  
506.0  08:26:02 42.353268 -72.47777   5     16     57  
506.0  08:26:11 42.353737 -72.47946   4     18     42  
506.0  08:26:19 42.35447 -72.47997   5     10     40  
506.0  08:26:29 42.35476 -72.48009   5     14     54  
506.0  08:26:39 42.354733 -72.4801   4     17     52  
506.0  08:26:48 42.35472 -72.48012   4     17     44  
506.0  08:26:57 42.354744 -72.4801   4     11     43  
507.0  08:27:00 42.354794 -72.4801   5     16     51  
507.0  08:27:05 42.354794 -72.480095   5     19     55  
507.0  08:27:14 42.354782 -72.48012   3     14     59  
507.0  08:27:22 42.35478 -72.480095   3     18     47  
507.0  08:27:33 42.3547 -72.480095   4     16     45  
507.0  08:27:42 42.35471 -72.48011   4     17     54  
507.0  08:27:50 42.35467 -72.48013   3     11     48  
507.0  08:27:59 42.354786 -72.480125   3     14     56  
508.0  08:28:00 42.354794 -72.480095   3     14     48  
508.0  08:28:08 42.35484 -72.4801   3     18     57  
508.0  08:28:16 42.354893 -72.4801   3     19     49  
508.0  08:28:26 42.354816 -72.48015   4     14     50  
508.0  08:28:34 42.354816 -72.48015   5     10     57  
508.0  08:28:43 42.354816 -72.48015   3     18     47  
508.0  08:28:51 42.355045 -72.48031   4     19     58  
509.0  08:29:00 42.355614 -72.480515   5     19     46  
509.0  08:29:00 42.35569 -72.48046   4     10     45  
509.0  08:29:08 42.3557 -72.48042   5     18     58  
509.0  08:29:19 42.35576 -72.48037   4     10     47  
509.0  08:29:28 42.355778 -72.48035   5     12     55  
509.0  08:29:36 42.355804 -72.48033   3     18     54  
509.0  08:29:45 42.35607 -72.48078   4     14     44  
509.0  08:29:53 42.35667 -72.48221   4     14     49  
510.0  08:30:00 42.357777 -72.48391   4     12     53  
510.0  08:30:02 42.357536 -72.48359   5     16     41  
510.0  08:30:13 42.35882 -72.48513   4     12     53  
510.0  08:30:21 42.360012 -72.48624   3     13     58  
510.0  08:30:30 42.361107 -72.48719   4     13     44  
510.0  08:30:39 42.362076 -72.48796   4     14     40  
510.0  08:30:47 42.3623 -72.48809   4     19     55  
510.0  08:30:56 42.36229 -72.48809   5     17     51  
511.0  08:31:00 42.362316 -72.48807   3     13     43  
511.0  08:31:07 42.36232 -72.48807   5     17     47  
511.0  08:31:15 42.3624 -72.488205   5     11     42  
511.0  08:31:23 42.362637 -72.4884   4     13     58  
511.0  08:31:32 42.362617 -72.48842   5     15     47  
511.0  08:31:41 42.36261 -72.48843   4     12     47  
511.0  08:31:50 42.362637 -72.488434   3     17     46  
512.0  08:32:00 42.36323 -72.48885   3     16     55  
512.0  08:32:00 42.363632 -72.4892   5     17     54  
512.0  08:32:09 42.364136 -72.48973   5     19     54  
512.0  08:32:18 42.365055 -72.49084   4     11     44  
512.0  08:32:26 42.365784 -72.49178   3     19     44  
512.0  08:32:35 42.366577 -72.492775   4     13     43  
512.0  08:32:45 42.367462 -72.49389   4     14     44  
512.0  08:32:58 42.368786 -72.49558   4     11     41  
513.0  08:33:00 42.36942 -72.49638   3     12     51  
513.0  08:33:07 42.36968 -72.49671   3     13     59  
513.0  08:33:15 42.370125 -72.49729   3     12     53  
513.0  08:33:24 42.37061 -72.49782   4     12     49  
513.0  08:33:32 42.3711 -72.498344   3     19     57  
513.0  08:33:40 42.37117 -72.49846   3     17     59  
513.0  08:33:51 42.37114 -72.4987   4     17     55  
514.0  08:34:00 42.37067 -72.499115   3     17     55  
514.0  08:34:00 42.37042 -72.499115   4     16     51  
514.0  08:34:08 42.370224 -72.499115   4     12     40  
514.0  08:34:17 42.37017 -72.49913   5     17     56  
514.0  08:34:25 42.37016 -72.499176   5     19     41  
514.0  08:34:34 42.370155 -72.49919   4     18     54  
514.0  08:34:44 42.37004 -72.49918   3     15     52  
514.0  08:34:52 42.36953 -72.499176   5     17     55  
515.0  08:35:00 42.36922 -72.499695   5     10     40  
515.0  08:35:01 42.369205 -72.49945   5     13     50  
515.0  08:35:10 42.369247 -72.50018   4     10     51  
515.0  08:35:28 42.36926 -72.5005   5     17     46  
515.0  08:35:57 42.369404 -72.50204   5     18     43  
516.0  08:36:00 42.369465 -72.50211   5     18     57  
516.0  08:36:07 42.36958 -72.50206   4     18     55  
516.0  08:36:16 42.370422 -72.5018   5     10     46  
516.0  08:36:24 42.37139 -72.50157   3     10     57  
516.0  08:36:32 42.371986 -72.50139   5     18     54  
516.0  08:36:41 42.3724 -72.50128   3     15     45  
516.0  08:36:51 42.37248 -72.50126   3     11     45  
517.0  08:37:00 42.37292 -72.50114   5     18     57  
517.0  08:37:01 42.37271 -72.50119   3     18     45  
517.0  08:37:10 42.3734 -72.50102   3     17     41  
517.0  08:37:18 42.37383 -72.500946   4     19     41  
517.0  08:37:27 42.37382 -72.50093   5     11     57  
517.0  08:37:35 42.373837 -72.50092   4     18     40  
517.0  08:37:44 42.373867 -72.50094   4     10     45  
517.0  08:37:54 42.37393 -72.50095   4     12     46  
518.0  08:38:00 42.37393 -72.500916   5     14     54  
518.0  08:38:03 42.37394 -72.500916   5     19     47  
518.0  08:38:11 42.37393 -72.50086   4     15     52  
518.0  08:38:20 42.37438 -72.50076   3     11     56  
518.0  08:38:29 42.37456 -72.50073   3     18     48  
518.0  08:38:37 42.37465 -72.50071   3     16     59  
518.0  08:38:47 42.37472 -72.50074   5     19     54  
518.0  08:38:56 42.374886 -72.50069   5     13     53  
519.0  08:39:00 42.374996 -72.50068   3     11     54  
519.0  08:39:04 42.374996 -72.50068   5     16     44  
519.0  08:39:13 42.37499 -72.50069   4     16     47  
519.0  08:39:21 42.375 -72.50066   4     14     48  
519.0  08:39:30 42.374973 -72.50066   5     10     44  
519.0  08:39:40 42.374992 -72.50068   3     17     40  
519.0  08:39:48 42.375076 -72.50065   5     10     42  
519.0  08:39:57 42.37516 -72.50062   3     19     45  
520.0  08:40:00 42.375183 -72.500626   3     11     56  
520.0  08:40:06 42.37519 -72.50062   5     10     44  
520.0  08:40:14 42.37521 -72.50058   5     19     46  
520.0  08:40:23 42.375248 -72.50056   4     15     54  
520.0  08:40:33 42.375317 -72.50057   4     13     50  
520.0  08:40:41 42.375404 -72.50058   5     19     44  
520.0  08:40:49 42.375675 -72.50057   3     10     54  
520.0  08:40:57 42.37574 -72.50054   5     17     50  
521.0  08:41:00 42.37575 -72.50054   5     14     41  
521.0  08:41:05 42.375763 -72.50054   5     15     41  
521.0  08:41:15 42.375843 -72.50054   5     14     54  
521.0  08:41:25 42.375896 -72.50053   4     10     57  
521.0  08:41:33 42.375946 -72.50052   3     12     52  
521.0  08:41:42 42.376007 -72.50051   4     12     58  
521.0  08:41:51 42.3762 -72.50049   3     14     54  
521.0  08:41:59 42.37623 -72.50049   4     12     51  
522.0  08:42:00 42.376225 -72.500496   3     11     59  
522.0  08:42:08 42.376217 -72.5005   4     11     54  
522.0  08:42:18 42.376217 -72.500496   4     12     41  
522.0  08:42:26 42.37625 -72.50049   3     16     44  
522.0  08:42:35 42.3764 -72.500824   4     15     43  
522.0  08:42:43 42.376263 -72.50134   5     19     40  
522.0  08:42:53 42.376286 -72.501366   4     19     48  
523.0  08:43:00 42.376217 -72.5017   5     16     57  
523.0  08:43:01 42.376244 -72.50154   3     18     43  
523.0  08:43:12 42.375984 -72.50286   5     16     56  
523.0  08:43:24 42.375744 -72.50441   5     17     49  
523.0  08:43:33 42.375675 -72.505905   3     15     52  
523.0  08:43:41 42.3757 -72.506676   3     15     47  
523.0  08:43:49 42.37577 -72.50713   3     10     41  
523.0  08:43:58 42.375847 -72.50718   5     14     48  
524.0  08:44:00 42.37587 -72.507195   3     15     50  
524.0  08:44:08 42.375874 -72.507195   5     18     46  
524.0  08:44:16 42.375874 -72.5072   3     14     46  
524.0  08:44:24 42.375862 -72.50735   4     17     42  
524.0  08:44:33 42.37583 -72.5082   3     19     49  
524.0  08:44:41 42.37584 -72.509315   5     14     53  
524.0  08:44:50 42.37582 -72.510414   4     16     50  
525.0  08:45:00 42.375835 -72.51071   5     12     52  
525.0  08:45:00 42.375862 -72.510925   3     18     44  
525.0  08:45:09 42.375874 -72.51134   5     15     50  
525.0  08:45:17 42.37591 -72.51221   5     15     40  
525.0  08:45:26 42.37591 -72.51229   5     19     41  
525.0  08:45:34 42.375946 -72.51228   3     18     57  
525.0  08:45:42 42.375908 -72.5125   4     16     46  
525.0  08:45:52 42.375862 -72.51254   4     15     56  
526.0  08:46:00 42.37591 -72.513   5     16     55  
526.0  08:46:01 42.375893 -72.512764   5     10     57  
526.0  08:46:09 42.37592 -72.51339   5     14     53  
526.0  08:46:18 42.375984 -72.51434   5     10     53  
526.0  08:46:26 42.37594 -72.51546   3     12     45  
526.0  08:46:35 42.375904 -72.516464   5     15     48  
526.0  08:46:45 42.375835 -72.51658   5     19     41  
526.0  08:46:53 42.375816 -72.51675   5     17     46  
527.0  08:47:00 42.375793 -72.51745   5     15     40  
527.0  08:47:02 42.3758 -72.517365   5     16     48  
527.0  08:47:11 42.37579 -72.517685   3     12     53  
527.0  08:47:19 42.37578 -72.518364   5     13     40  
527.0  08:47:27 42.375694 -72.519165   3     14     52  
527.0  08:47:37 42.375687 -72.51938   4     12     47  
527.0  08:47:46 42.375713 -72.51939   5     16     55  
527.0  08:47:54 42.375725 -72.519424   3     10     53  
528.0  08:48:00 42.37586 -72.519875   3     13     54  
528.0  08:48:03 42.375805 -72.51987   4     16     44  
528.0  08:48:12 42.37635 -72.51986   5     12     52  
528.0  08:48:21 42.37693 -72.51984   4     14     45  
528.0  08:48:34 42.377407 -72.5198   4     17     59  
528.0  08:48:44 42.377453 -72.51982   4     15     58  
528.0  08:48:53 42.377457 -72.51982   3     14     48  
529.0  08:49:00 42.37746 -72.5198   3     17     53  
529.0  08:49:01 42.377457 -72.51981   3     15     55  
529.0  08:49:10 42.377457 -72.519806   4     12     50  
529.0  08:49:18 42.377533 -72.51984   3     12     59  
529.0  08:49:29 42.377956 -72.51986   4     18     47  
529.0  08:49:38 42.37813 -72.51986   4     18     48  
529.0  08:49:47 42.378685 -72.519875   5     12     52  
529.0  08:49:56 42.37936 -72.5197   3     10     54  
530.0  08:50:00 42.379795 -72.51944   5     19     55  
530.0  08:50:04 42.379807 -72.51943   3     18     55  
530.0  08:50:13 42.379803 -72.51944   3     15     51  
530.0  08:50:33 42.379864 -72.51944   5     10     58  
530.0  08:50:42 42.380547 -72.519295   4     16     41  
530.0  08:50:54 42.38109 -72.519264   3     11     43  
531.0  08:51:00 42.381203 -72.51923   5     11     57  
531.0  08:51:09 42.38121 -72.51924   3     16     42  
531.0  08:51:33 42.381245 -72.5192   4     15     53  
531.0  08:51:45 42.381973 -72.51971   3     15     56  
532.0  08:52:00 42.381973 -72.51971   3     12     50  
532.0  08:52:00 42.383392 -72.5207   5     18     58  
532.0  08:52:09 42.38397 -72.521034   3     19     45  
532.0  08:52:18 42.384815 -72.521515   4     18     40  
532.0  08:52:26 42.385582 -72.52188   5     17     54  
532.0  08:52:37 42.385906 -72.52221   3     18     45  
532.0  08:52:46 42.3863 -72.52234   5     11     53  
532.0  08:52:55 42.38687 -72.52254   4     13     53  
533.0  08:53:00 42.387123 -72.52282   4     16     55  
533.0  08:53:06 42.387123 -72.52282   5     16     47  
533.0  08:53:14 42.38768 -72.523506   5     17     42  
533.0  08:53:23 42.387707 -72.52354   4     12     51  
533.0  08:53:34 42.387703 -72.52353   4     19     46  
533.0  08:53:43 42.387695 -72.52352   5     12     53  
533.0  08:53:51 42.387695 -72.52354   4     11     57  
534.0  08:54:00 42.38771 -72.52357   5     15     51  
534.0  08:54:00 42.387714 -72.52361   3     15     51  
534.0  08:54:08 42.38783 -72.52379   5     13     49  
534.0  08:54:18 42.38834 -72.52427   4     13     48  
534.0  08:54:30 42.388916 -72.52458   4     15     52  
534.0  08:54:39 42.38962 -72.52489   4     18     55  
534.0  08:54:47 42.38991 -72.52494   5     14     59  
534.0  08:54:56 42.390354 -72.52503   5     15     52  
535.0  08:55:00 42.39061 -72.52508   3     12     52  
535.0  08:55:04 42.390625 -72.52508   4     10     50  
535.0  08:55:13 42.390705 -72.525085   5     13     59  
535.0  08:55:23 42.391315 -72.525185   3     16     44  
535.0  08:55:32 42.39154 -72.525185   5     18     55  
535.0  08:55:41 42.391537 -72.52519   3     10     40  
535.0  08:55:49 42.39153 -72.525185   5     13     59  
535.0  08:55:56 42.391644 -72.5253   3     13     47  
536.0  08:56:00 42.392056 -72.525406   3     15     50  
536.0  08:56:05 42.392128 -72.52543   5     16     50  
536.0  08:56:16 42.392654 -72.525566   4     13     45  
536.0  08:56:24 42.393044 -72.52569   3     18     43  
536.0  08:56:32 42.393383 -72.52585   4     14     43  
536.0  08:56:41 42.393715 -72.52602   4     16     50  
536.0  08:56:50 42.39387 -72.526115   5     11     48  
536.0  08:56:58 42.393887 -72.526115   4     12     47  
537.0  08:57:00 42.393887 -72.526115   3     12     58  
537.0  08:57:09 42.393887 -72.526115   3     19     52  
537.0  08:57:17 42.393887 -72.52612   3     10     51  
537.0  08:57:25 42.39403 -72.52626   3     17     46  
537.0  08:57:34 42.394283 -72.5264   3     10     50  
537.0  08:57:42 42.39431 -72.52644   3     11     48  
537.0  08:57:51 42.39456 -72.52657   5     15     56  
538.0  08:58:00 42.39482 -72.526726   5     18     53  
538.0  08:58:02 42.39477 -72.526695   4     11     48  
538.0  08:58:11 42.395138 -72.52689   5     12     42  
538.0  08:58:19 42.395824 -72.52722   5     13     47  
538.0  08:58:28 42.39653 -72.52753   3     15     40  
538.0  08:58:36 42.39739 -72.527885   3     18     53  
538.0  08:58:45 42.397697 -72.52795   5     16     49  
538.0  08:58:55 42.39776 -72.52796   5     12     44  
539.0  08:59:00 42.39843 -72.52803   3     18     57  
539.0  08:59:04 42.39843 -72.52803   5     14     40  
539.0  08:59:12 42.39934 -72.527985   4     11     47  
539.0  08:59:21 42.40032 -72.52792   4     15     54  
539.0  08:59:31 42.40098 -72.527885   4     16     59  
539.0  08:59:39 42.402164 -72.528336   3     18     42  
539.0  08:59:50 42.403397 -72.529144   3     11     41  
539.0  08:59:58 42.4039 -72.52946   4     18     46  
540.0  09:00:00 42.403946 -72.529526   5     18     53  
540.0  09:00:07 42.404076 -72.5296   5     19     42  
540.0  09:00:16 42.405033 -72.52967   5     17     57  
540.0  09:00:25 42.405968 -72.52974   4     12     48  
540.0  09:00:33 42.406425 -72.529785   5     18     59  
540.0  09:00:44 42.40642 -72.530174   5     17     54  
540.0  09:00:52 42.406403 -72.53094   3     19     52  
541.0  09:01:00 42.406357 -72.53144   4     19     51  
541.0  09:01:02 42.406395 -72.53129   5     17     53  
541.0  09:01:10 42.40625 -72.531784   3     13     54  
541.0  09:01:19 42.406155 -72.53212   5     10     50  
541.0  09:01:27 42.406116 -72.53246   5     16     51  
541.0  09:01:38 42.4058 -72.53252   3     17     53  
541.0  09:01:46 42.405743 -72.53253   4     19     43  
541.0  09:01:54 42.405697 -72.53254   5     16     56  
542.0  09:02:00 42.40568 -72.53254   4     12     42  
542.0  09:02:03 42.40568 -72.53254   4     18     58  
542.0  09:02:12 42.40572 -72.53251   3     15     56  
542.0  09:02:21 42.405525 -72.53245   4     15     46  
542.0  09:02:30 42.405308 -72.5324   4     18     51  
542.0  09:02:40 42.404976 -72.53236   5     10     51  
542.0  09:02:48 42.404816 -72.53195   3     16     46  
542.0  09:02:57 42.404827 -72.53159   5     16     50  
543.0  09:03:00 42.404846 -72.531166   5     12     56  
543.0  09:03:05 42.404858 -72.53101   3     12     44  
543.0  09:03:14 42.40491 -72.53078   3     17     53  
543.0  09:03:24 42.404903 -72.53073   3     12     50  
543.0  09:03:33 42.404915 -72.53073   5     13     53  
543.0  09:03:42 42.404926 -72.53072   4     13     53  
543.0  09:03:50 42.404934 -72.53071   5     10     52  
543.0  09:03:59 42.405018 -72.53045   4     19     54  
544.0  09:04:00 42.405025 -72.53035   4     14     49  
544.0  09:04:08 42.40503 -72.530235   3     14     44  
544.0  09:04:18 42.404987 -72.52976   3     17     54  
544.0  09:04:27 42.404953 -72.52978   5     10     40  
544.0  09:04:35 42.404736 -72.52964   4     12     42  
544.0  09:04:43 42.40374 -72.52945   3     17     48  
544.0  09:04:52 42.403152 -72.529144   5     13     54  
545.0  09:05:00 42.403053 -72.52916   5     11     41  
545.0  09:05:00 42.40303 -72.5292   5     14     40  
545.0  09:05:10 42.40296 -72.52923   3     14     46  
545.0  09:05:19 42.402897 -72.529106   3     12     59  
545.0  09:05:27 42.402386 -72.52858   3     16     48  
545.0  09:05:35 42.401516 -72.52813   4     14     56  
545.0  09:05:43 42.40036 -72.5279   4     17     52  
545.0  09:05:52 42.399265 -72.52799   4     11     42  
546.0  09:06:00 42.397823 -72.52809   5     12     53  
546.0  09:06:02 42.398037 -72.528114   3     14     40  
546.0  09:06:10 42.397156 -72.527855   5     14     42  
546.0  09:06:21 42.39657 -72.52766   3     15     50  
546.0  09:06:29 42.396362 -72.5276   5     14     45  
546.0  09:06:37 42.39635 -72.52763   4     14     50  
546.0  09:06:46 42.396336 -72.52763   4     19     53  
546.0  09:06:56 42.39632 -72.52761   4     10     43  
547.0  09:07:00 42.39612 -72.527435   3     18     54  
547.0  09:07:05 42.39606 -72.52742   5     19     44  
547.0  09:07:13 42.39559 -72.527214   5     15     58  
547.0  09:07:22 42.3955 -72.52717   5     18     45  
547.0  09:07:31 42.395493 -72.52715   3     19     52  
547.0  09:07:39 42.395515 -72.52716   5     12     56  
547.0  09:07:49 42.3955 -72.52718   5     17     47  
547.0  09:07:58 42.395473 -72.527214   4     17     44  
548.0  09:08:00 42.39546 -72.52721   5     14     42  
548.0  09:08:06 42.395447 -72.5272   3     15     44  
548.0  09:08:15 42.395092 -72.52703   3     16     50  
548.0  09:08:24 42.39444 -72.52665   5     13     55  
548.0  09:08:37 42.393734 -72.526215   3     18     43  
548.0  09:08:47 42.393345 -72.52606   5     17     51  
548.0  09:08:56 42.393333 -72.52606   3     18     46  
549.0  09:09:00 42.3933 -72.52607   3     12     57  
549.0  09:09:04 42.3933 -72.52607   5     17     54  
549.0  09:09:12 42.393307 -72.52606   3     16     58  
549.0  09:09:21 42.393303 -72.52604   4     16     46  
549.0  09:09:29 42.39303 -72.52582   3     15     46  
549.0  09:09:40 42.39226 -72.52548   3     14     58  
549.0  09:09:49 42.391544 -72.52532   5     12     57  
549.0  09:09:57 42.390938 -72.525276   4     12     40  
550.0  09:10:00 42.390823 -72.52527   3     10     58  
550.0  09:10:05 42.390823 -72.52528   4     11     59  
550.0  09:10:14 42.39084 -72.52528   4     18     47  
550.0  09:10:22 42.390823 -72.52529   5     10     46  
550.0  09:10:33 42.390797 -72.52526   3     16     55  
550.0  09:10:41 42.390392 -72.52516   4     17     42  
550.0  09:10:50 42.389748 -72.525   3     14     48  
550.0  09:10:59 42.38903 -72.52471   3     12     56  
551.0  09:11:00 42.388596 -72.52449   3     19     50  
551.0  09:11:07 42.38834 -72.52433   3     17     55  
551.0  09:11:15 42.38778 -72.52391   3     14     54  
551.0  09:11:26 42.38777 -72.52391   4     11     43  
551.0  09:11:34 42.3878 -72.52388   4     17     57  
551.0  09:11:43 42.387745 -72.523735   5     14     58  
551.0  09:11:52 42.38727 -72.523094   3     17     49  
552.0  09:12:00 42.38667 -72.522484   3     14     49  
552.0  09:12:00 42.38641 -72.52241   4     16     41  
552.0  09:12:09 42.386223 -72.522415   3     15     42  
552.0  09:12:20 42.385624 -72.522125   4     17     56  
552.0  09:12:28 42.384922 -72.52163   4     12     55  
552.0  09:12:37 42.38401 -72.52113   4     15     41  
552.0  09:12:45 42.383163 -72.52076   5     18     51  
552.0  09:12:54 42.38272 -72.52052   5     15     51  
553.0  09:13:00 42.382015 -72.51993   4     13     48  
553.0  09:13:04 42.382103 -72.52001   3     15     44  
553.0  09:13:20 42.381016 -72.51933   5     16     52  
553.0  09:13:29 42.3802 -72.519424   4     19     51  
553.0  09:13:38 42.379356 -72.51973   5     16     57  
553.0  09:13:46 42.37862 -72.51994   4     18     40  
553.0  09:13:55 42.378002 -72.51998   4     17     50  
554.0  09:14:00 42.377834 -72.52005   4     15     42  
554.0  09:14:06 42.377834 -72.52005   4     12     44  
554.0  09:14:15 42.377724 -72.52   3     19     52  
554.0  09:14:23 42.377617 -72.52002   5     15     45  
554.0  09:14:32 42.377598 -72.520035   3     19     40  
554.0  09:14:40 42.377617 -72.52002   4     14     45  
554.0  09:14:49 42.377563 -72.52   4     11     59  
555.0  09:15:00 42.37691 -72.519966   4     16     48  
555.0  09:15:00 42.376526 -72.519936   3     13     43  
555.0  09:15:09 42.376156 -72.5199   5     10     52  
555.0  09:15:18 42.375942 -72.51987   4     15     56  
555.0  09:15:26 42.375946 -72.51985   3     14     54  
555.0  09:15:35 42.37596 -72.51983   4     18     52  
555.0  09:15:44 42.375957 -72.51986   3     14     54  
555.0  09:15:56 42.375954 -72.519875   4     15     59  
556.0  09:16:00 42.375874 -72.51992   3     18     57  
556.0  09:16:04 42.375874 -72.51992   3     17     45  
556.0  09:16:13 42.375607 -72.51988   3     14     46  
556.0  09:16:22 42.37557 -72.519905   3     15     50  
556.0  09:16:30 42.375515 -72.51992   4     11     51  
556.0  09:16:39 42.375523 -72.519424   5     10     48  
556.0  09:16:54 42.375584 -72.5191   3     19     59  
557.0  09:17:00 42.375683 -72.51874   5     16     56  
557.0  09:17:02 42.37566 -72.51887   4     18     51  
557.0  09:17:11 42.375736 -72.51809   4     16     54  
557.0  09:17:19 42.37578 -72.51704   4     13     41  
557.0  09:17:28 42.375828 -72.51562   4     16     56  
557.0  09:17:36 42.37589 -72.51447   3     19     51  
557.0  09:17:51 42.375828 -72.51347   4     18     46  
557.0  09:17:59 42.375828 -72.51337   4     16     43  
558.0  09:18:00 42.375813 -72.51335   3     11     47  
558.0  09:18:07 42.37581 -72.51335   3     14     42  
558.0  09:18:15 42.375813 -72.513145   4     16     59  
558.0  09:18:25 42.375835 -72.512245   4     17     45  
558.0  09:18:35 42.375782 -72.51174   5     18     58  
558.0  09:18:49 42.375797 -72.511566   5     18     48  
558.0  09:18:58 42.37578 -72.51091   3     12     48  
559.0  09:19:00 42.37579 -72.51078   3     15     56  
559.0  09:19:07 42.375793 -72.510635   4     17     59  
559.0  09:19:15 42.37575 -72.50962   3     15     56  
559.0  09:19:24 42.375694 -72.50821   5     15     41  
559.0  09:19:32 42.375656 -72.50659   3     17     41  
559.0  09:19:42 42.375633 -72.50494   5     19     49  
559.0  09:19:51 42.375816 -72.50325   5     11     49  
560.0  09:20:00 42.37608 -72.50172   3     14     55  
560.0  09:20:00 42.376186 -72.50119   4     11     49  
560.0  09:20:08 42.376278 -72.50076   4     13     54  
560.0  09:20:16 42.376007 -72.50053   5     13     46  
560.0  09:20:25 42.37527 -72.50064   3     11     58  
560.0  09:20:35 42.374 -72.50095   5     17     53  
560.0  09:20:44 42.373367 -72.50117   4     15     42  
560.0  09:20:52 42.37326 -72.501205   4     11     48  
561.0  09:21:00 42.37325 -72.50125   4     12     46  
561.0  09:21:01 42.373245 -72.50124   4     11     45  
561.0  09:21:09 42.373253 -72.50125   3     11     42  
561.0  09:21:18 42.373222 -72.50126   3     17     45  
561.0  09:21:28 42.37256 -72.501396   5     17     46  
561.0  09:21:37 42.37161 -72.50154   3     16     53  
561.0  09:21:46 42.3707 -72.50178   5     18     53  
561.0  09:21:55 42.369774 -72.50204   3     10     42  
562.0  09:22:00 42.369293 -72.50187   5     10     48  
562.0  09:22:03 42.369293 -72.50197   4     16     47  
562.0  09:22:12 42.36924 -72.500984   5     13     54  
562.0  09:22:23 42.369213 -72.500084   3     19     46  
562.0  09:22:31 42.36921 -72.499344   5     15     46  
562.0  09:22:39 42.369812 -72.49903   4     10     53  
562.0  09:22:48 42.37055 -72.49905   4     18     48  
562.0  09:22:56 42.371037 -72.49877   4     16     49  
563.0  09:23:00 42.371162 -72.4985   4     14     48  
563.0  09:23:05 42.371162 -72.49849   5     10     58  
563.0  09:23:15 42.371143 -72.4983   3     13     41  
563.0  09:23:24 42.370323 -72.49752   4     19     50  
563.0  09:23:33 42.36939 -72.49641   4     12     46  
563.0  09:23:41 42.368305 -72.49506   4     18     48  
563.0  09:23:50 42.36723 -72.49374   4     17     47  
563.0  09:23:58 42.36627 -72.49245   3     16     48  
564.0  09:24:00 42.365475 -72.49148   3     10     51  
564.0  09:24:09 42.364937 -72.4908   3     17     42  
564.0  09:24:17 42.363766 -72.489494   5     16     40  
564.0  09:24:26 42.362705 -72.48859   5     19     44  
564.0  09:24:34 42.36177 -72.48783   3     10     52  
564.0  09:24:43 42.36075 -72.48698   4     16     42  
564.0  09:24:51 42.359596 -72.485954   3     16     45  
565.0  09:25:00 42.358307 -72.48478   3     10     42  
565.0  09:25:01 42.358475 -72.48485   5     11     51  
565.0  09:25:10 42.358128 -72.48508   3     10     46  
565.0  09:25:18 42.357815 -72.48545   3     15     55  
565.0  09:25:27 42.357224 -72.48526   3     12     50  
565.0  09:25:36 42.35674 -72.48532   4     17     42  
565.0  09:25:45 42.35628 -72.48552   5     11     56  
565.0  09:25:55 42.355923 -72.48583   5     16     56  
566.0  09:26:00 42.3557 -72.485565   4     10     47  
566.0  09:26:04 42.355717 -72.48561   5     14     40  
566.0  09:26:12 42.35568 -72.4852   3     18     54  
566.0  09:26:23 42.35607 -72.484924   4     18     54  
566.0  09:26:31 42.356323 -72.485374   4     17     59  
566.0  09:26:40 42.356735 -72.4852   3     17     59  
566.0  09:26:50 42.357525 -72.485245   4     19     48  
566.0  09:26:59 42.35803 -72.48536   3     18     43  
567.0  09:27:00 42.358116 -72.485115   5     13     59  
567.0  09:27:08 42.358215 -72.48476   3     19     55  
567.0  09:27:16 42.35815 -72.48442   4     11     47  
567.0  09:27:25 42.357464 -72.4836   5     15     58  
567.0  09:27:33 42.35677 -72.48246   4     18     55  
567.0  09:27:45 42.355843 -72.480545   3     13     47  
567.0  09:27:53 42.355087 -72.47873   5     16     54  
568.0  09:28:00 42.35425 -72.47672   4     14     43  
568.0  09:28:02 42.354336 -72.47691   5     16     55  
568.0  09:28:12 42.35376 -72.47555   5     16     40  
568.0  09:28:21 42.353275 -72.47545   5     13     45  
568.0  09:28:32 42.35337 -72.476776   4     13     46  
568.0  09:28:43 42.353424 -72.478615   5     19     49  
568.0  09:28:52 42.353817 -72.47964   4     18     43  
569.0  09:29:00 42.355026 -72.48036   3     19     43  
569.0  09:29:01 42.35472 -72.48022   4     18     44  
569.0  09:29:09 42.355522 -72.48056   4     14     56  
569.0  09:29:18 42.355743 -72.48043   4     11     50  
569.0  09:29:27 42.355865 -72.480385   4     16     46  
569.0  09:29:37 42.356464 -72.48176   3     19     57  
569.0  09:29:46 42.35688 -72.482445   4     12     48  
569.0  09:29:55 42.356865 -72.48247   3     15     48  
570.0  09:30:00 42.356907 -72.48252   5     17     46  
570.0  09:30:03 42.356907 -72.48252   5     18     40  
570.0  09:30:12 42.357155 -72.48308   5     14     57  
570.0  09:30:21 42.35802 -72.48431   4     18     45  
570.0  09:30:31 42.359413 -72.48573   4     15     54  
570.0  09:30:39 42.360523 -72.48668   5     16     52  
570.0  09:30:48 42.361656 -72.48765   3     17     40  
570.0  09:30:57 42.362244 -72.488045   3     16     48  
571.0  09:31:00 42.362293 -72.48808   5     19     56  
571.0  09:31:05 42.36229 -72.488075   4     11     42  
571.0  09:31:14 42.36229 -72.48807   4     18     51  
571.0  09:31:24 42.36232 -72.48813   5     10     45  
571.0  09:31:33 42.362846 -72.48856   3     10     56  
571.0  09:31:42 42.36306 -72.48872   5     10     57  
571.0  09:31:50 42.363552 -72.48913   5     15     43  
571.0  09:31:59 42.364426 -72.49009   5     10     43  
572.0  09:32:00 42.364998 -72.490814   3     10     40  
572.0  09:32:08 42.365475 -72.49142   4     12     53  
572.0  09:32:18 42.36675 -72.49307   5     10     58  
572.0  09:32:27 42.36772 -72.49432   5     17     41  
572.0  09:32:36 42.368813 -72.495674   3     10     45  
572.0  09:32:43 42.3699 -72.49701   5     11     43  
572.0  09:32:52 42.37075 -72.497955   5     13     51  
573.0  09:33:00 42.37124 -72.49855   4     13     51  
573.0  09:33:01 42.37124 -72.49846   4     16     51  
573.0  09:33:12 42.37083 -72.49907   3     12     56  
573.0  09:33:21 42.3703 -72.49916   3     13     40  
573.0  09:33:29 42.37026 -72.49919   5     13     44  
573.0  09:33:37 42.369843 -72.499146   4     16     40  
573.0  09:33:46 42.3693 -72.49922   5     12     42  
573.0  09:33:55 42.36924 -72.49993   4     13     56  
574.0  09:34:00 42.369267 -72.50045   5     16     50  
574.0  09:34:06 42.369274 -72.500496   5     13     42  
574.0  09:34:14 42.36928 -72.50096   3     17     51  
574.0  09:34:23 42.369354 -72.50167   3     17     47  
574.0  09:34:33 42.36937 -72.50176   3     13     54  
574.0  09:34:41 42.3694 -72.50203   5     19     48  
574.0  09:34:50 42.369553 -72.502174   3     17     41  
575.0  09:35:00 42.371063 -72.50169   4     13     46  
575.0  09:35:01 42.37069 -72.50181   4     19     49  
575.0  09:35:10 42.371754 -72.50148   4     14     51  
575.0  09:35:18 42.372646 -72.50125   5     12     44  
575.0  09:35:27 42.373547 -72.50102   4     14     53  
575.0  09:35:35 42.374565 -72.500786   4     19     47  
575.0  09:35:44 42.37546 -72.500595   5     12     52  
575.0  09:35:54 42.376083 -72.50053   4     19     51  
576.0  09:36:00 42.376217 -72.50049   4     10     55  
576.0  09:36:03 42.37621 -72.5005   5     11     46  
576.0  09:36:11 42.376423 -72.50061   5     10     51  
576.0  09:36:20 42.376293 -72.50122   3     15     58  
576.0  09:36:29 42.376293 -72.50132   3     16     53  
576.0  09:36:38 42.37628 -72.50134   5     15     48  
576.0  09:36:49 42.376167 -72.50188   5     10     54  
576.0  09:36:58 42.37594 -72.503235   3     10     46  
577.0  09:37:00 42.37578 -72.504364   3     10     49  
577.0  09:37:06 42.375736 -72.50468   3     17     50  
577.0  09:37:15 42.375725 -72.50598   3     15     52  
577.0  09:37:24 42.37576 -72.507   3     15     42  
577.0  09:37:33 42.375763 -72.50711   3     16     59  
577.0  09:37:46 42.37574 -72.5071   4     16     48  
577.0  09:37:55 42.37575 -72.50741   5     18     43  
578.0  09:38:00 42.375786 -72.50835   3     15     44  
578.0  09:38:03 42.375786 -72.50835   5     14     54  
578.0  09:38:14 42.375847 -72.50965   5     15     46  
578.0  09:38:24 42.375874 -72.51066   3     14     43  
578.0  09:38:32 42.375874 -72.51083   3     12     44  
578.0  09:38:44 42.375904 -72.5119   5     15     55  
578.0  09:38:54 42.37593 -72.51225   5     11     42  
579.0  09:39:00 42.375942 -72.512276   5     19     44  
579.0  09:39:02 42.375946 -72.51225   3     17     45  
579.0  09:39:11 42.37594 -72.512634   5     14     58  
579.0  09:39:21 42.375957 -72.51389   3     12     42  
579.0  09:39:30 42.375854 -72.51512   3     12     54  
579.0  09:39:42 42.3758 -72.516716   4     18     49  
579.0  09:39:50 42.375793 -72.5178   4     16     57  
579.0  09:39:59 42.37576 -72.51872   3     15     59  
580.0  09:40:00 42.375706 -72.51929   4     11     56  
580.0  09:40:12 42.375698 -72.51963   5     19     57  
580.0  09:40:20 42.375725 -72.51968   5     16     55  
580.0  09:40:31 42.375744 -72.51969   4     12     53  
580.0  09:40:40 42.37575 -72.51969   4     15     41  
580.0  09:40:48 42.37574 -72.519684   3     11     48  
580.0  09:40:56 42.375732 -72.51968   3     16     56  
581.0  09:41:00 42.37573 -72.51967   5     16     43  
581.0  09:41:05 42.37573 -72.51967   5     19     54  
581.0  09:41:13 42.375736 -72.51967   5     16     47  
581.0  09:41:24 42.37577 -72.51983   5     14     56  
581.0  09:41:32 42.376205 -72.51987   5     18     57  
581.0  09:41:41 42.37681 -72.51989   5     10     52  
581.0  09:41:50 42.377335 -72.519844   4     18     49  
581.0  09:41:58 42.377464 -72.51981   5     12     59  
582.0  09:42:00 42.37747 -72.51979   3     16     53  
582.0  09:42:07 42.37747 -72.519775   3     14     42  
582.0  09:42:17 42.377453 -72.5198   5     15     44  
582.0  09:42:29 42.377438 -72.51985   4     10     44  
582.0  09:42:40 42.377956 -72.51989   4     19     54  
582.0  09:42:54 42.378742 -72.51988   5     19     57  
583.0  09:43:00 42.379646 -72.51957   3     14     54  
583.0  09:43:08 42.3797 -72.51953   5     17     41  
583.0  09:43:20 42.37984 -72.519455   5     19     53  
583.0  09:43:30 42.380104 -72.5194   3     19     53  
583.0  09:43:40 42.3811 -72.51927   3     19     51  
583.0  09:43:49 42.38154 -72.51923   3     13     50  
583.0  09:43:59 42.382107 -72.519875   3     15     51  
584.0  09:44:00 42.382614 -72.520256   4     18     42  
584.0  09:44:11 42.38299 -72.52044   4     15     58  
584.0  09:44:19 42.3831 -72.52046   5     19     40  
584.0  09:44:28 42.383137 -72.52046   4     19     42  
584.0  09:44:38 42.383602 -72.52086   4     15     43  
584.0  09:44:47 42.384632 -72.52145   5     17     58  
584.0  09:44:55 42.385475 -72.52186   3     18     52  
585.0  09:45:00 42.385994 -72.52237   4     18     48  
585.0  09:45:06 42.38603 -72.52241   3     16     45  
585.0  09:45:16 42.38665 -72.522385   3     10     59  
585.0  09:45:25 42.387295 -72.523   3     13     56  
585.0  09:45:34 42.38774 -72.523506   3     14     50  
585.0  09:45:43 42.387722 -72.52352   5     10     46  
585.0  09:45:53 42.387707 -72.52354   5     17     42  
586.0  09:46:00 42.38773 -72.523605   3     13     41  
586.0  09:46:04 42.387733 -72.52362   4     15     51  
586.0  09:46:14 42.387917 -72.52387   5     17     42  
586.0  09:46:36 42.388573 -72.524414   3     11     54  
586.0  09:46:51 42.391113 -72.52518   5     19     56  
587.0  09:47:00 42.391403 -72.52521   5     19     53  
587.0  09:47:01 42.391308 -72.52523   5     18     43  
587.0  09:47:10 42.39152 -72.52523   4     17     50  
587.0  09:47:19 42.391537 -72.52522   4     12     52  
587.0  09:47:28 42.391514 -72.52524   3     10     55  
587.0  09:47:37 42.391544 -72.52531   4     19     43  
587.0  09:47:46 42.392143 -72.52545   3     15     56  
587.0  09:47:56 42.392876 -72.525665   5     16     43  
588.0  09:48:00 42.39329 -72.52583   3     15     56  
588.0  09:48:04 42.39329 -72.52583   5     19     55  
588.0  09:48:13 42.39377 -72.52605   4     12     48  
588.0  09:48:22 42.393852 -72.52612   4     15     58  
588.0  09:48:31 42.393837 -72.52613   4     17     42  
588.0  09:48:40 42.393967 -72.52628   4     13     52  
588.0  09:48:51 42.394653 -72.52665   3     19     52  
588.0  09:48:59 42.395042 -72.52687   4     15     59  
589.0  09:49:00 42.395046 -72.52688   5     17     56  
589.0  09:49:08 42.39503 -72.52688   4     12     53  
589.0  09:49:16 42.39509 -72.52691   4     15     53  
589.0  09:49:24 42.395695 -72.52718   5     16     57  
589.0  09:49:33 42.39662 -72.52761   5     17     46  
589.0  09:49:44 42.39775 -72.52804   4     16     40  
589.0  09:49:53 42.398705 -72.52806   5     17     46  
590.0  09:50:00 42.400192 -72.52793   4     18     47  
590.0  09:50:06 42.399803 -72.52797   5     10     48  
590.0  09:50:15 42.401802 -72.528206   3     13     59  
590.0  09:50:23 42.40291 -72.528824   5     11     55  
590.0  09:50:34 42.403793 -72.52939   5     15     56  
590.0  09:50:42 42.403812 -72.52943   3     18     50  
590.0  09:50:51 42.403835 -72.52947   5     16     43  
591.0  09:51:00 42.404495 -72.52971   4     19     59  
591.0  09:51:00 42.40502 -72.5297   3     14     50  
591.0  09:51:09 42.405685 -72.52973   4     12     56  
591.0  09:51:18 42.40635 -72.52982   3     13     40  
591.0  09:51:28 42.40637 -72.53056   4     16     41  
591.0  09:51:36 42.406403 -72.5312   5     11     54  
591.0  09:51:45 42.406303 -72.53153   5     15     55  
591.0  09:51:54 42.406223 -72.53179   5     16     56  
592.0  09:52:00 42.406116 -72.53218   5     18     58  
592.0  09:52:02 42.406124 -72.532135   4     15     48  
592.0  09:52:11 42.406086 -72.53244   4     17     42  
592.0  09:52:22 42.405777 -72.53255   5     14     46  
592.0  09:52:31 42.40574 -72.53256   3     17     56  
1006.0  16:46:15 0.0 -0.0   3     18     52  
1006.0  16:46:27 0.0 -1.1095744E27   4     15     54  
1006.0  16:46:40 0.0 -1.8111362E22   4     10     51  
1006.0  16:46:53 0.0 -1.8111362E22   3     19     53  
1007.0  16:47:51 42.404713 -72.52963   3     10     40  
1008.0  16:48:00 42.40323 -72.5292   3     15     46  
1008.0  16:48:05 42.40336 -72.52926   5     12     45  
1008.0  16:48:14 42.40309 -72.52919   5     19     47  
1008.0  16:48:22 42.40298 -72.52897   3     17     54  
1008.0  16:48:31 42.40239 -72.52835   5     18     58  
1008.0  16:48:39 42.401028 -72.527855   5     19     58  
1008.0  16:48:48 42.399918 -72.5276   5     10     58  
1008.0  16:48:58 42.398476 -72.52752   3     11     53  
1009.0  16:49:00 42.398033 -72.526985   5     10     56  
1009.0  16:49:07 42.39768 -72.52683   3     13     40  
1009.0  16:49:21 42.39608 -72.52687   3     17     49  
1009.0  16:49:29 42.39595 -72.526924   4     13     50  
1009.0  16:49:37 42.395782 -72.52692   3     12     51  
1009.0  16:49:49 42.395023 -72.526405   4     13     47  
1009.0  16:49:58 42.394245 -72.52617   3     11     52  
1010.0  16:50:00 42.393856 -72.52618   3     16     49  
1010.0  16:50:06 42.393707 -72.52614   4     14     58  
1010.0  16:50:15 42.39338 -72.52605   4     19     41  
1010.0  16:50:23 42.393394 -72.52604   3     18     51  
1010.0  16:50:32 42.393406 -72.52606   3     12     42  
1010.0  16:50:43 42.39331 -72.5261   5     17     48  
1010.0  16:50:52 42.393276 -72.52609   5     14     42  
1011.0  16:51:00 42.393238 -72.52601   5     12     49  
1011.0  16:51:00 42.393127 -72.52592   5     19     48  
1011.0  16:51:08 42.39274 -72.52574   3     18     55  
1011.0  16:51:17 42.391853 -72.52545   5     14     40  
1011.0  16:51:30 42.391113 -72.5252   4     13     53  
1011.0  16:51:40 42.390934 -72.52536   5     19     42  
1011.0  16:51:49 42.390938 -72.52537   4     12     41  
1011.0  16:51:58 42.3909 -72.52536   5     16     45  
1012.0  16:52:00 42.390705 -72.52524   5     19     50  
1012.0  16:52:07 42.39046 -72.52519   4     10     55  
1012.0  16:52:16 42.389545 -72.52493   3     14     55  
1012.0  16:52:25 42.388767 -72.52457   4     12     52  
1012.0  16:52:36 42.38866 -72.52453   3     16     57  
1012.0  16:52:44 42.388287 -72.52428   4     11     53  
1012.0  16:52:53 42.387787 -72.5239   3     13     42  
1013.0  16:53:00 42.387787 -72.5239   4     18     50  
1013.0  16:53:04 42.387783 -72.5239   5     12     56  
1013.0  16:53:12 42.387802 -72.5239   4     12     47  
1013.0  16:53:21 42.387806 -72.5239   3     10     53  
1013.0  16:53:31 42.38754 -72.52347   5     18     56  
1013.0  16:53:39 42.386906 -72.522675   4     10     45  
1013.0  16:53:48 42.38621 -72.52245   4     16     46  
1013.0  16:53:57 42.385674 -72.52228   4     18     52  
1014.0  16:54:00 42.385166 -72.52177   4     12     49  
1014.0  16:54:06 42.384937 -72.52165   3     16     43  
1014.0  16:54:14 42.383945 -72.52111   5     12     53  
1014.0  16:54:26 42.382797 -72.52049   5     16     54  
1014.0  16:54:35 42.381893 -72.51984   4     13     45  
1014.0  16:54:49 42.38129 -72.5193   4     15     51  
1014.0  16:54:58 42.38009 -72.519485   5     10     47  
1015.0  16:55:00 42.379677 -72.519684   3     11     47  
1015.0  16:55:07 42.379543 -72.5198   5     11     52  
1015.0  16:55:19 42.37953 -72.5199   5     11     55  
1015.0  16:55:27 42.3794 -72.51989   5     14     42  
1015.0  16:55:35 42.37891 -72.52006   4     18     54  
1015.0  16:55:43 42.37834 -72.52005   3     15     55  
1015.0  16:55:51 42.37805 -72.52006   4     10     50  
1016.0  16:56:00 42.37784 -72.52006   3     19     52  
1016.0  16:56:02 42.37786 -72.52007   4     15     46  
1016.0  16:56:12 42.37781 -72.520035   4     15     50  
1016.0  16:56:22 42.377644 -72.52004   5     18     40  
1016.0  16:56:32 42.377617 -72.52008   5     13     42  
1016.0  16:56:41 42.377583 -72.520065   4     12     42  
1016.0  16:56:50 42.377472 -72.520035   3     10     57  
1016.0  16:56:59 42.376915 -72.52002   3     17     48  
1017.0  16:57:00 42.376465 -72.519966   3     10     41  
1017.0  16:57:10 42.376045 -72.51993   5     17     51  
1017.0  16:57:18 42.375984 -72.51995   5     15     50  
1017.0  16:57:27 42.375965 -72.520004   4     10     58  
1017.0  16:57:36 42.375977 -72.51998   5     17     50  
1017.0  16:57:45 42.375977 -72.51994   3     18     40  
1017.0  16:57:53 42.37599 -72.51992   4     19     43  
1018.0  16:58:00 42.37599 -72.519905   4     19     52  
1018.0  16:58:04 42.37599 -72.519905   3     19     51  
1018.0  16:58:12 42.37575 -72.51985   4     14     50  
1018.0  16:58:20 42.375725 -72.51992   4     18     52  
1018.0  16:58:29 42.37572 -72.519936   3     14     57  
1018.0  16:58:37 42.37571 -72.51996   3     16     43  
1018.0  16:58:45 42.37561 -72.5196   3     17     44  
1018.0  16:58:56 42.37564 -72.519165   5     11     41  
1019.0  16:59:00 42.375664 -72.51918   4     11     57  
1019.0  16:59:04 42.375664 -72.51917   3     12     47  
1019.0  16:59:13 42.375683 -72.5191   4     16     56  
1019.0  16:59:22 42.37575 -72.51878   4     15     51  
1019.0  16:59:31 42.375774 -72.51821   3     17     48  
1019.0  16:59:40 42.375824 -72.51706   4     15     40  
1019.0  16:59:55 42.375904 -72.51464   5     19     56  
1020.0  17:00:00 42.375927 -72.51388   4     16     53  
1020.0  17:00:05 42.375923 -72.51379   3     16     57  
1020.0  17:00:17 42.37593 -72.51286   4     17     56  
1020.0  17:00:25 42.375835 -72.51186   4     17     55  
1020.0  17:00:34 42.37583 -72.51181   5     15     46  
1020.0  17:00:42 42.375843 -72.51182   5     16     51  
1020.0  17:00:50 42.37585 -72.51179   4     11     58  
1021.0  17:01:00 42.37583 -72.51087   3     16     50  
1021.0  17:01:01 42.375843 -72.51113   5     15     55  
1021.0  17:01:09 42.375835 -72.51083   5     15     52  
1021.0  17:01:17 42.37581 -72.50984   5     13     56  
1021.0  17:01:26 42.375763 -72.50827   3     16     54  
1021.0  17:01:35 42.375706 -72.50725   5     15     59  
1021.0  17:01:43 42.375717 -72.50728   4     15     44  
1021.0  17:01:53 42.375748 -72.50715   4     18     58  
1022.0  17:02:00 42.375706 -72.5057   3     14     49  
1022.0  17:02:02 42.37572 -72.50607   4     17     59  
1022.0  17:02:10 42.37573 -72.504524   4     14     44  
1022.0  17:02:19 42.37599 -72.502716   4     17     57  
1022.0  17:02:28 42.3762 -72.50152   5     19     55  
1022.0  17:02:37 42.37624 -72.50119   5     13     58  
1022.0  17:02:47 42.376263 -72.50113   3     14     50  
1022.0  17:02:56 42.37635 -72.50077   4     13     44  
1023.0  17:03:00 42.376335 -72.50081   3     13     42  
1023.0  17:03:04 42.376335 -72.50082   4     13     40  
1023.0  17:03:12 42.37633 -72.500824   4     14     59  
1023.0  17:03:21 42.376343 -72.50073   3     10     44  
1023.0  17:03:30 42.37595 -72.50066   3     15     41  
1023.0  17:03:40 42.37481 -72.50086   3     19     55  
1023.0  17:03:49 42.373695 -72.50108   3     16     47  
1023.0  17:03:57 42.372875 -72.50125   4     19     46  
1024.0  17:04:00 42.37219 -72.50143   3     16     43  
1024.0  17:04:06 42.371937 -72.501465   3     14     49  
1024.0  17:04:15 42.370823 -72.50179   5     12     57  
1024.0  17:04:23 42.369976 -72.50204   5     16     52  
1024.0  17:04:34 42.36932 -72.5021   4     12     56  
1024.0  17:04:47 42.36927 -72.501564   5     12     51  
1024.0  17:04:55 42.36928 -72.5013   4     10     43  
1025.0  17:05:00 42.369255 -72.50041   4     13     58  
1025.0  17:05:03 42.369255 -72.50048   4     10     58  
1025.0  17:05:11 42.369247 -72.50019   3     13     52  
1025.0  17:05:20 42.369232 -72.499405   5     19     50  
1025.0  17:05:36 42.36997 -72.49904   4     17     54  
1025.0  17:05:45 42.370193 -72.49901   4     12     49  
1025.0  17:05:53 42.370483 -72.499   4     17     59  
1026.0  17:06:00 42.371117 -72.498665   3     12     46  
1026.0  17:06:05 42.37105 -72.49878   3     19     52  
1026.0  17:06:16 42.371174 -72.498535   5     12     45  
1026.0  17:06:26 42.371174 -72.49849   4     19     57  
1026.0  17:06:36 42.371147 -72.49853   3     13     53  
1026.0  17:06:48 42.371174 -72.498474   3     10     59  
1026.0  17:06:56 42.371235 -72.498405   3     13     41  
1027.0  17:07:00 42.37126 -72.49838   3     12     44  
1027.0  17:07:05 42.371265 -72.498375   3     17     43  
1027.0  17:07:16 42.37129 -72.49825   5     15     45  
1027.0  17:07:25 42.371304 -72.498215   5     12     49  
1027.0  17:07:33 42.37126 -72.49829   5     10     51  
1027.0  17:07:42 42.371254 -72.49834   3     19     51  
1027.0  17:07:51 42.371227 -72.498375   5     11     50  
1027.0  17:07:59 42.37113 -72.498276   5     17     49  
1028.0  17:08:00 42.37088 -72.49807   4     18     54  
1028.0  17:08:10 42.370193 -72.49735   4     12     57  
1028.0  17:08:23 42.36921 -72.4962   4     13     53  
1028.0  17:08:31 42.367607 -72.49421   3     14     43  
1028.0  17:08:40 42.36653 -72.49281   5     14     52  
1028.0  17:08:48 42.365578 -72.491615   5     18     49  
1028.0  17:08:57 42.364613 -72.49043   4     17     43  
1029.0  17:09:00 42.363716 -72.48947   3     11     50  
1029.0  17:09:07 42.363346 -72.48914   3     19     59  
1029.0  17:09:15 42.36281 -72.48873   5     18     56  
1029.0  17:09:24 42.36283 -72.48875   3     19     43  
1029.0  17:09:33 42.362675 -72.4886   4     12     48  
1029.0  17:09:42 42.36191 -72.48798   4     12     44  
1029.0  17:09:50 42.36078 -72.487015   5     19     56  
1030.0  17:10:00 42.359303 -72.48571   5     12     53  
1030.0  17:10:00 42.3589 -72.485344   3     10     58  
1030.0  17:10:09 42.35841 -72.48485   4     11     49  
1030.0  17:10:18 42.35805 -72.48527   4     17     59  
1030.0  17:10:27 42.357468 -72.485344   4     17     48  
1030.0  17:10:35 42.35671 -72.48536   4     14     41  
1030.0  17:10:45 42.356205 -72.48565   5     15     55  
1030.0  17:10:56 42.355705 -72.48557   3     13     48  
1031.0  17:11:00 42.3559 -72.48506   5     16     59  
1031.0  17:11:04 42.355965 -72.48501   3     13     53  
1031.0  17:11:13 42.35633 -72.48531   4     15     41  
1031.0  17:11:22 42.356625 -72.485306   5     10     48  
1031.0  17:11:31 42.357487 -72.485245   4     13     57  
1031.0  17:11:42 42.358074 -72.485374   4     15     53  
1031.0  17:11:52 42.358257 -72.48469   3     17     50  
1032.0  17:12:00 42.358242 -72.48469   5     18     41  
1032.0  17:12:01 42.358242 -72.484695   4     18     56  
1032.0  17:12:09 42.35819 -72.48447   5     17     57  
1032.0  17:12:18 42.357628 -72.48375   3     11     42  
1032.0  17:12:30 42.356773 -72.482445   3     18     40  
1032.0  17:12:40 42.35568 -72.480095   3     13     43  
1032.0  17:12:50 42.354553 -72.47739   4     14     57  
1032.0  17:12:58 42.353867 -72.475746   5     10     58  
1033.0  17:13:00 42.35361 -72.47516   5     10     52  
1033.0  17:13:13 42.35347 -72.47512   3     10     48  
1033.0  17:13:24 42.353397 -72.47718   3     15     56  
1033.0  17:13:33 42.353546 -72.478775   5     12     42  
1033.0  17:13:43 42.354366 -72.47993   3     14     56  
1033.0  17:13:52 42.354805 -72.480125   4     13     56  
1082.0  18:02:27 42.40392 -72.52953   4     17     59  
1082.0  18:02:39 42.402725 -72.528755   3     12     58  
1082.0  18:02:47 42.401733 -72.52824   5     14     52  
1082.0  18:02:55 42.40066 -72.52793   5     17     46  
1083.0  18:03:00 42.399357 -72.52805   3     14     53  
1083.0  18:03:04 42.399494 -72.52804   3     14     43  
1083.0  18:03:12 42.398308 -72.52811   3     16     49  
1083.0  18:03:21 42.397213 -72.52796   4     19     49  
1083.0  18:03:35 42.395744 -72.5273   3     18     52  
1083.0  18:03:44 42.395317 -72.52711   3     19     55  
1083.0  18:03:52 42.394726 -72.52676   3     14     40  
1084.0  18:04:00 42.393913 -72.5263   5     10     55  
1084.0  18:04:01 42.394047 -72.526375   4     15     52  
1084.0  18:04:09 42.393555 -72.52611   3     17     41  
1084.0  18:04:18 42.39343 -72.52608   3     11     40  
1084.0  18:04:28 42.393326 -72.52601   4     16     45  
1084.0  18:04:37 42.39332 -72.52598   3     18     50  
1084.0  18:04:46 42.393227 -72.5259   5     11     53  
1084.0  18:04:54 42.392555 -72.52567   4     14     42  
1085.0  18:05:00 42.39176 -72.52543   4     12     46  
1085.0  18:05:02 42.391846 -72.52546   5     15     49  
1085.0  18:05:11 42.391174 -72.52527   4     18     56  
1085.0  18:05:22 42.39098 -72.525276   3     18     57  
1085.0  18:05:33 42.39094 -72.52533   5     15     54  
1085.0  18:05:42 42.3907 -72.525215   3     17     47  
1085.0  18:05:50 42.389877 -72.525055   3     14     48  
1085.0  18:05:59 42.389027 -72.52471   4     11     49  
1086.0  18:06:00 42.388554 -72.524475   4     14     48  
1086.0  18:06:07 42.388218 -72.524254   3     11     51  
1086.0  18:06:18 42.387756 -72.52389   4     17     47  
1086.0  18:06:26 42.38776 -72.52388   3     17     44  
1086.0  18:06:35 42.387764 -72.52388   3     15     46  
1086.0  18:06:43 42.387764 -72.52388   4     15     43  
1086.0  18:06:52 42.387775 -72.523895   3     12     41  
1087.0  18:07:00 42.387775 -72.52388   3     11     57  
1087.0  18:07:00 42.387737 -72.52375   3     12     53  
1087.0  18:07:12 42.387268 -72.523094   5     13     57  
1087.0  18:07:21 42.387085 -72.52288   4     12     43  
1087.0  18:07:30 42.38705 -72.522865   5     15     40  
1087.0  18:07:39 42.386665 -72.52252   4     10     56  
1087.0  18:07:47 42.3861 -72.522545   3     16     42  
1087.0  18:07:56 42.385994 -72.522606   3     18     47  
1088.0  18:08:00 42.385944 -72.52263   3     19     47  
1088.0  18:08:06 42.385902 -72.52273   3     19     41  
1088.0  18:08:14 42.385975 -72.52346   3     16     48  
1088.0  18:08:22 42.385883 -72.52426   4     15     53  
1088.0  18:08:30 42.385757 -72.524925   3     19     59  
1088.0  18:08:38 42.385693 -72.5253   4     12     42  
1088.0  18:08:46 42.385456 -72.52631   5     18     57  
1088.0  18:08:57 42.385143 -72.52776   5     12     54  
1089.0  18:09:00 42.385014 -72.52838   5     12     47  
1089.0  18:09:16 42.384987 -72.528496   5     10     52  
1089.0  18:09:18 42.384987 -72.528496   3     14     54  
1089.0  18:09:27 42.385273 -72.530655   3     16     44  
1089.0  18:09:37 42.385307 -72.530754   5     16     48  
1089.0  18:09:49 42.38565 -72.531   3     17     45  
1089.0  18:09:57 42.386612 -72.53129   5     15     51  
1090.0  18:10:00 42.387276 -72.531555   4     10     57  
1090.0  18:10:07 42.387493 -72.53165   4     12     46  
1090.0  18:10:15 42.388645 -72.53212   4     11     56  
1090.0  18:10:24 42.389576 -72.53249   5     14     50  
1090.0  18:10:32 42.39022 -72.53275   4     15     58  
1090.0  18:10:43 42.39013 -72.53273   3     18     57  
1090.0  18:10:51 42.390102 -72.53272   4     19     46  
1091.0  18:11:00 42.39052 -72.53288   3     18     57  
1091.0  18:11:00 42.390934 -72.53306   3     12     40  
1091.0  18:11:09 42.39155 -72.533295   5     19     58  
1091.0  18:11:17 42.39246 -72.533676   5     15     59  
1091.0  18:11:25 42.392815 -72.53333   4     17     55  
1091.0  18:11:37 42.393364 -72.53243   5     18     53  
1091.0  18:11:47 42.393913 -72.53269   3     16     47  
1091.0  18:11:55 42.39439 -72.53292   3     17     41  
1092.0  18:12:00 42.394592 -72.53309   4     12     48  
1092.0  18:12:04 42.394592 -72.53309   3     18     53  
1092.0  18:12:12 42.39493 -72.533394   3     14     44  
1092.0  18:12:21 42.394936 -72.53371   4     15     49  
1092.0  18:12:32 42.39493 -72.53373   3     17     57  
1092.0  18:12:40 42.394947 -72.53377   5     10     51  
1092.0  18:12:49 42.394985 -72.53381   3     17     52  
1092.0  18:12:57 42.395004 -72.53384   3     17     52  
1093.0  18:13:00 42.395008 -72.53384   5     13     51  
1096.0  18:16:24 42.39497 -72.53397   4     15     50  
1096.0  18:16:38 42.3947 -72.53397   3     19     51  
1097.0  18:17:04 42.394714 -72.533966   5     15     51  
1104.0  18:24:00 42.39421 -72.53296   3     10     41  
1104.0  18:24:20 42.39436 -72.5329   5     11     42  
1104.0  18:24:31 42.394253 -72.53278   4     16     47  
1104.0  18:24:39 42.39425 -72.53274   4     12     51  
1104.0  18:24:47 42.39421 -72.53271   4     13     55  
1104.0  18:24:55 42.394222 -72.53268   3     12     51  
1105.0  18:25:00 42.39353 -72.53183   5     18     40  
1105.0  18:25:03 42.39353 -72.53183   3     19     55  
1105.0  18:25:12 42.391933 -72.530975   5     11     45  
