0.0  00:00:00 42.457584 -72.58186   21     24     20  
9.0  00:09:00 42.458763 -72.57478   24     24     23  
10.0  00:10:00 42.454487 -72.56705   20     21     23  
11.0  00:11:00 42.451485 -72.56278   20     21     21  
12.0  00:12:00 42.447407 -72.55585   24     22     24  
13.0  00:13:00 42.43814 -72.54777   21     24     22  
14.0  00:14:00 42.430996 -72.54332   23     24     20  
15.0  00:15:00 42.420467 -72.537025   20     23     23  
16.0  00:16:00 42.40962 -72.53782   24     22     22  
17.0  00:17:00 42.40964 -72.533134   20     22     24  
18.0  00:18:00 42.405785 -72.52985   21     24     24  
19.0  00:19:00 42.398746 -72.52805   21     24     22  
20.0  00:20:00 42.395367 -72.527115   22     21     21  
21.0  00:21:00 42.393402 -72.52601   23     22     22  
22.0  00:22:00 42.390827 -72.525215   24     24     22  
23.0  00:23:00 42.387478 -72.52335   20     22     23  
24.0  00:24:00 42.38577 -72.52522   23     20     23  
25.0  00:25:00 42.387203 -72.52646   23     22     23  
26.0  00:26:00 42.38529 -72.5266   21     22     20  
27.0  00:27:00 42.385223 -72.53098   23     21     24  
28.0  00:28:00 42.391827 -72.533455   21     20     20  
29.0  00:29:00 42.394512 -72.53301   22     20     22  
30.0  00:30:00 42.394783 -72.533936   24     22     20  
31.0  00:31:00 42.39481 -72.53393   23     22     23  
32.0  00:32:00 42.394833 -72.53393   24     23     24  
33.0  00:33:00 42.39485 -72.53393   21     24     21  
34.0  00:34:00 42.394814 -72.53399   22     24     20  
35.0  00:35:00 42.39477 -72.534   23     22     21  
36.0  00:36:00 42.39474 -72.53398   21     20     20  
37.0  00:37:00 42.39477 -72.534004   22     21     23  
38.0  00:38:00 42.394753 -72.53401   23     20     20  
39.0  00:39:00 42.394695 -72.53397   22     23     20  
40.0  00:40:00 42.394722 -72.533966   20     23     24  
41.0  00:41:00 42.394848 -72.534035   21     20     23  
718.0  11:58:00 0.0 -0.0   21     21     22  
719.0  11:59:00 0.0 -0.0   23     22     22  
720.0  12:00:00 0.0 -0.0   23     21     20  
