23.0  00:23:57 0.0 -1.8111362E22   20     22     23  
26.0  00:26:08 0.0 -1.8111362E22   21     23     22  
26.0  00:26:55 0.0 -1.8111362E22   22     24     22  
508.0  08:28:00 42.39373 -72.53344   24     24     22  
509.0  08:29:00 42.394886 -72.533676   21     22     20  
510.0  08:30:00 42.39469 -72.53373   20     20     22  
511.0  08:31:00 42.39445 -72.533714   22     21     24  
583.0  09:43:30 42.394547 -72.53382   20     23     22  
583.0  09:43:43 42.39453 -72.53389   22     20     24  
583.0  09:43:55 42.394527 -72.53384   22     24     24  
584.0  09:44:08 42.394566 -72.53381   24     20     24  
703.0  11:43:23 0.0 -0.0   21     21     20  
703.0  11:43:36 0.0 -1.1095744E27   22     22     24  
703.0  11:43:48 0.0 -1.8111362E22   23     21     22  
704.0  11:44:01 0.0 -1.8111362E22   21     22     22  
705.0  11:45:00 42.393433 -72.53306   24     21     23  
705.0  11:45:03 42.393433 -72.53306   21     23     20  
705.0  11:45:17 42.39349 -72.53275   22     23     21  
705.0  11:45:25 42.39366 -72.532776   21     21     22  
726.0  12:06:31 42.39374 -72.53261   21     22     20  
726.0  12:06:42 42.39371 -72.53266   21     22     21  
726.0  12:06:53 42.393715 -72.53265   20     23     24  
727.0  12:07:00 42.39372 -72.532646   23     23     21  
727.0  12:07:05 42.39372 -72.532646   24     22     24  
727.0  12:07:15 42.393715 -72.532646   22     23     24  
727.0  12:07:24 42.39371 -72.532646   24     20     21  
727.0  12:07:36 42.39372 -72.5326   23     24     23  
727.0  12:07:44 42.393723 -72.53258   24     20     21  
727.0  12:07:53 42.39371 -72.532646   24     22     23  
728.0  12:08:04 42.393696 -72.532715   23     21     23  
780.0  13:00:43 42.27755 -72.40074   23     21     24  
780.0  13:00:56 42.27729 -72.400566   24     23     20  
781.0  13:01:08 42.27709 -72.40103   23     20     22  
781.0  13:01:21 42.278175 -72.40192   21     22     20  
782.0  13:02:21 42.284893 -72.40663   23     22     24  
782.0  13:02:31 42.28627 -72.406746   22     20     23  
782.0  13:02:39 42.2875 -72.40674   22     22     20  
782.0  13:02:47 42.28846 -72.40677   20     21     20  
782.0  13:02:56 42.28889 -72.40679   22     21     22  
783.0  13:03:00 42.28946 -72.406906   21     20     21  
783.0  13:03:03 42.28946 -72.406906   24     24     23  
783.0  13:03:11 42.289845 -72.40735   20     21     23  
783.0  13:03:21 42.29036 -72.40799   22     21     23  
783.0  13:03:29 42.290867 -72.40852   21     22     24  
783.0  13:03:37 42.291466 -72.409195   22     22     20  
783.0  13:03:44 42.292248 -72.40998   21     21     21  
783.0  13:03:53 42.2933 -72.41092   24     24     24  
784.0  13:04:00 42.29461 -72.41219   20     22     20  
784.0  13:04:02 42.29439 -72.411934   22     23     24  
784.0  13:04:13 42.295403 -72.41357   21     20     22  
784.0  13:04:21 42.29635 -72.4145   21     21     20  
784.0  13:04:30 42.297546 -72.4153   22     20     23  
784.0  13:04:38 42.298622 -72.416046   21     23     24  
784.0  13:04:47 42.299828 -72.41692   24     22     24  
784.0  13:04:55 42.300884 -72.417854   21     21     24  
785.0  13:05:00 42.302197 -72.4189   20     20     23  
785.0  13:05:06 42.302498 -72.41912   23     24     21  
785.0  13:05:14 42.303673 -72.42004   20     21     24  
785.0  13:05:22 42.30493 -72.42082   23     21     21  
785.0  13:05:31 42.306297 -72.420815   24     21     24  
785.0  13:05:39 42.307625 -72.42141   20     21     20  
785.0  13:05:47 42.30917 -72.422104   23     20     24  
785.0  13:05:58 42.310875 -72.4226   21     24     20  
786.0  13:06:00 42.311527 -72.42293   20     21     21  
786.0  13:06:07 42.31164 -72.42302   23     20     22  
786.0  13:06:15 42.311714 -72.423035   21     21     23  
786.0  13:06:24 42.3117 -72.42303   23     23     20  
786.0  13:06:32 42.311867 -72.42318   20     22     20  
786.0  13:06:40 42.312653 -72.42379   21     20     21  
786.0  13:06:50 42.31398 -72.42479   23     20     20  
786.0  13:06:58 42.315243 -72.42555   21     21     24  
787.0  13:07:00 42.31585 -72.42576   21     24     20  
787.0  13:07:07 42.31595 -72.42579   21     20     20  
787.0  13:07:15 42.315933 -72.42579   24     21     20  
787.0  13:07:24 42.31604 -72.42586   21     21     23  
787.0  13:07:33 42.316654 -72.42603   21     20     24  
787.0  13:07:43 42.318283 -72.426506   23     22     23  
787.0  13:07:51 42.319645 -72.42687   22     23     20  
788.0  13:08:00 42.321804 -72.42814   24     22     24  
788.0  13:08:01 42.320965 -72.427605   24     23     21  
788.0  13:08:18 42.322823 -72.42877   24     20     23  
788.0  13:08:27 42.325176 -72.43119   22     22     22  
788.0  13:08:37 42.325115 -72.43363   24     23     21  
788.0  13:08:46 42.32483 -72.43579   20     20     24  
788.0  13:08:55 42.325207 -72.43758   24     23     22  
789.0  13:09:00 42.325565 -72.43971   21     24     21  
789.0  13:09:03 42.32555 -72.4395   23     22     22  
789.0  13:09:15 42.32581 -72.441154   22     20     20  
789.0  13:09:23 42.327087 -72.443474   22     21     21  
789.0  13:09:34 42.328396 -72.445465   23     22     22  
789.0  13:09:43 42.329327 -72.44717   21     20     22  
789.0  13:09:51 42.32987 -72.449104   21     22     24  
790.0  13:10:00 42.33034 -72.45085   23     21     21  
790.0  13:10:00 42.330708 -72.45194   20     24     21  
790.0  13:10:08 42.33108 -72.4528   20     24     21  
790.0  13:10:17 42.33183 -72.454346   21     21     22  
790.0  13:10:28 42.33313 -72.455795   21     22     20  
790.0  13:10:38 42.334133 -72.4564   23     20     23  
790.0  13:10:47 42.33573 -72.4566   20     21     24  
790.0  13:10:56 42.33738 -72.4571   20     20     22  
791.0  13:11:00 42.338684 -72.45751   20     21     23  
791.0  13:11:04 42.33885 -72.45757   21     23     21  
791.0  13:11:12 42.340115 -72.45823   23     20     24  
791.0  13:11:23 42.341717 -72.459305   20     22     23  
791.0  13:11:31 42.34287 -72.46035   23     21     20  
791.0  13:11:40 42.34359 -72.46117   21     21     23  
791.0  13:11:49 42.343487 -72.4618   22     23     23  
791.0  13:11:57 42.343575 -72.46262   20     21     21  
792.0  13:12:00 42.343697 -72.46336   21     23     24  
792.0  13:12:06 42.343746 -72.463554   21     24     23  
792.0  13:12:17 42.344036 -72.46445   22     21     24  
792.0  13:12:25 42.34446 -72.46541   23     22     20  
792.0  13:12:34 42.344856 -72.4661   21     23     22  
792.0  13:12:43 42.3453 -72.46687   21     22     22  
792.0  13:12:51 42.345856 -72.46752   23     21     24  
793.0  13:13:00 42.346622 -72.468185   21     22     24  
793.0  13:13:00 42.346962 -72.46849   22     22     21  
793.0  13:13:10 42.347565 -72.46896   24     20     22  
793.0  13:13:19 42.34835 -72.46921   22     21     20  
793.0  13:13:27 42.34926 -72.4695   20     22     20  
793.0  13:13:36 42.349854 -72.46956   24     21     21  
793.0  13:13:45 42.350006 -72.4694   24     23     24  
793.0  13:13:57 42.35067 -72.47014   24     20     24  
794.0  13:14:00 42.35188 -72.47176   24     21     22  
794.0  13:14:08 42.352375 -72.472534   24     23     23  
794.0  13:14:17 42.353336 -72.47439   21     20     22  
794.0  13:14:25 42.35409 -72.4762   20     22     21  
794.0  13:14:34 42.35494 -72.47823   20     22     24  
794.0  13:14:45 42.355743 -72.480156   23     24     23  
794.0  13:14:54 42.35679 -72.482376   20     22     22  
795.0  13:15:00 42.357964 -72.48421   23     21     24  
795.0  13:15:04 42.357964 -72.48421   21     23     22  
795.0  13:15:13 42.35922 -72.48556   20     24     20  
795.0  13:15:21 42.360416 -72.48662   21     21     22  
795.0  13:15:30 42.361572 -72.4876   21     24     20  
795.0  13:15:38 42.362514 -72.48835   22     20     20  
795.0  13:15:47 42.363235 -72.48879   20     23     23  
795.0  13:15:57 42.363384 -72.48787   20     20     23  
796.0  13:16:00 42.363815 -72.48711   24     22     20  
796.0  13:16:06 42.364014 -72.486946   22     21     21  
796.0  13:16:14 42.36478 -72.485954   24     23     22  
796.0  13:16:23 42.36508 -72.48477   24     22     24  
796.0  13:16:32 42.36508 -72.484276   23     20     22  
796.0  13:16:40 42.36504 -72.48421   23     22     23  
796.0  13:16:49 42.364895 -72.48351   24     21     21  
796.0  13:16:58 42.36503 -72.48316   24     20     24  
797.0  13:17:00 42.365494 -72.48266   20     22     23  
797.0  13:17:06 42.365673 -72.48246   20     22     22  
797.0  13:17:15 42.366215 -72.48141   22     20     20  
797.0  13:17:24 42.366688 -72.48044   20     23     24  
797.0  13:17:32 42.367435 -72.4797   24     22     20  
797.0  13:17:43 42.36768 -72.4796   20     24     22  
797.0  13:17:51 42.368076 -72.48004   22     24     23  
798.0  13:18:00 42.36892 -72.48018   20     20     23  
798.0  13:18:00 42.36949 -72.48009   20     20     20  
798.0  13:18:08 42.369953 -72.480034   21     24     20  
798.0  13:18:17 42.370827 -72.479935   23     20     21  
798.0  13:18:25 42.371822 -72.48006   21     23     22  
798.0  13:18:36 42.372826 -72.48056   20     23     24  
798.0  13:18:54 42.373726 -72.480705   21     22     23  
799.0  13:19:00 42.375523 -72.481125   20     24     23  
799.0  13:19:04 42.37533 -72.48111   21     20     22  
799.0  13:19:24 42.375973 -72.48116   21     21     21  
799.0  13:19:38 42.37619 -72.48124   22     20     24  
799.0  13:19:46 42.3762 -72.481186   20     22     22  
799.0  13:19:56 42.37629 -72.48107   24     21     20  
800.0  13:20:00 42.376305 -72.48108   22     22     20  
800.0  13:20:09 42.376305 -72.48108   23     24     21  
800.0  13:20:18 42.376392 -72.48138   24     20     23  
800.0  13:20:29 42.376427 -72.48324   21     24     23  
800.0  13:20:38 42.37645 -72.48511   24     22     21  
800.0  13:20:47 42.376476 -72.48696   22     24     24  
800.0  13:20:57 42.376575 -72.48884   22     22     21  
801.0  13:21:00 42.376648 -72.49047   22     20     20  
801.0  13:21:06 42.376656 -72.49068   22     22     22  
801.0  13:21:18 42.37677 -72.492775   24     22     23  
801.0  13:21:29 42.37677 -72.492775   24     23     22  
801.0  13:21:39 42.37694 -72.49805   24     23     21  
801.0  13:21:48 42.376873 -72.49943   22     20     23  
801.0  13:21:57 42.376522 -72.50045   23     22     24  
802.0  13:22:00 42.37628 -72.50128   20     22     24  
802.0  13:22:06 42.376255 -72.501396   22     22     21  
802.0  13:22:16 42.376003 -72.502655   24     21     21  
802.0  13:22:25 42.37573 -72.50458   20     22     24  
802.0  13:22:35 42.37574 -72.506386   23     24     21  
802.0  13:22:43 42.37579 -72.5077   21     24     20  
802.0  13:22:52 42.375843 -72.50926   22     24     21  
803.0  13:23:00 42.37587 -72.51061   21     20     24  
803.0  13:23:00 42.375874 -72.51067   23     24     21  
803.0  13:23:09 42.37588 -72.51069   24     21     21  
803.0  13:23:18 42.375916 -72.51151   23     23     22  
803.0  13:23:28 42.375935 -72.51229   24     21     20  
803.0  13:23:36 42.375965 -72.512344   23     21     24  
803.0  13:23:45 42.375973 -72.51283   21     24     24  
803.0  13:23:53 42.37598 -72.51351   23     20     24  
804.0  13:24:00 42.375965 -72.514694   21     23     22  
804.0  13:24:02 42.375977 -72.51434   21     21     22  
804.0  13:24:10 42.375935 -72.5154   20     21     24  
804.0  13:24:21 42.375893 -72.51643   23     20     20  
804.0  13:24:30 42.375946 -72.5166   22     20     24  
804.0  13:24:41 42.37595 -72.51662   23     22     20  
804.0  13:24:49 42.375923 -72.51661   24     24     23  
804.0  13:24:58 42.375874 -72.51677   23     21     24  
805.0  13:25:00 42.37587 -72.51697   24     21     20  
805.0  13:25:07 42.375862 -72.51712   22     24     21  
805.0  13:25:23 42.375805 -72.51841   21     22     24  
805.0  13:25:33 42.375793 -72.51875   21     20     22  
805.0  13:25:41 42.37574 -72.51928   20     22     20  
826.0  13:46:58 42.387478 -72.531746   23     23     20  
827.0  13:47:00 42.38676 -72.53144   23     21     20  
827.0  13:47:08 42.38629 -72.53123   22     22     22  
827.0  13:47:17 42.385475 -72.53098   22     22     24  
827.0  13:47:27 42.385345 -72.53101   22     22     24  
827.0  13:47:37 42.385025 -72.530716   21     23     24  
858.0  14:18:40 42.477085 -72.60745   23     22     20  
858.0  14:18:53 42.47711 -72.60745   23     24     22  
859.0  14:19:06 42.477097 -72.60747   21     22     24  
859.0  14:19:18 42.477085 -72.607506   20     23     20  
860.0  14:20:24 42.477657 -72.60786   22     23     22  
860.0  14:20:35 42.47766 -72.60784   23     22     24  
860.0  14:20:46 42.47768 -72.6079   24     20     22  
860.0  14:20:55 42.4776 -72.608086   22     23     20  
861.0  14:21:00 42.47754 -72.60815   24     23     22  
861.0  14:21:03 42.477554 -72.60812   22     20     24  
861.0  14:21:11 42.47744 -72.60827   23     21     22  
861.0  14:21:20 42.47744 -72.60831   24     24     22  
861.0  14:21:32 42.47722 -72.608154   20     21     22  
861.0  14:21:40 42.4768 -72.607475   24     20     21  
861.0  14:21:49 42.476192 -72.60663   21     22     24  
861.0  14:21:57 42.47545 -72.60557   23     24     24  
862.0  14:22:00 42.474937 -72.604836   22     21     21  
862.0  14:22:05 42.474754 -72.60459   24     23     23  
862.0  14:22:14 42.47402 -72.60358   24     21     20  
862.0  14:22:26 42.47311 -72.602325   24     20     20  
862.0  14:22:34 42.472397 -72.60132   23     23     23  
862.0  14:22:43 42.472366 -72.60135   23     21     20  
862.0  14:22:52 42.472073 -72.60093   21     23     23  
863.0  14:23:00 42.47125 -72.59975   21     22     20  
863.0  14:23:00 42.47097 -72.59935   21     21     20  
863.0  14:23:08 42.47056 -72.59879   20     24     23  
863.0  14:23:18 42.47019 -72.59827   20     21     21  
863.0  14:23:27 42.469955 -72.59796   20     20     20  
863.0  14:23:36 42.469257 -72.59703   21     20     21  
863.0  14:23:45 42.468452 -72.59604   20     22     23  
863.0  14:23:54 42.4677 -72.59517   24     24     24  
864.0  14:24:00 42.467323 -72.59473   21     22     21  
864.0  14:24:06 42.46741 -72.59478   22     20     21  
864.0  14:24:17 42.46736 -72.59332   21     20     24  
864.0  14:24:26 42.467686 -72.59131   20     20     22  
864.0  14:24:34 42.46815 -72.58951   23     21     20  
864.0  14:24:42 42.468372 -72.58781   23     20     22  
864.0  14:24:50 42.467968 -72.58614   23     24     20  
864.0  14:24:59 42.467484 -72.584526   22     23     20  
865.0  14:25:00 42.46717 -72.58349   22     22     23  
865.0  14:25:09 42.466896 -72.582535   22     24     23  
865.0  14:25:17 42.4666 -72.581184   23     24     24  
865.0  14:25:26 42.466454 -72.58009   24     23     21  
865.0  14:25:34 42.46644 -72.57987   22     21     24  
865.0  14:25:43 42.46632 -72.57923   23     24     21  
865.0  14:25:51 42.46604 -72.57787   24     23     22  
866.0  14:26:00 42.465275 -72.57595   20     20     20  
866.0  14:26:01 42.46544 -72.57626   20     22     24  
866.0  14:26:10 42.4647 -72.575066   23     21     24  
866.0  14:26:19 42.46365 -72.573975   23     21     24  
866.0  14:26:27 42.462463 -72.573265   22     24     20  
866.0  14:26:36 42.46089 -72.572365   23     20     23  
866.0  14:26:45 42.459267 -72.57109   23     23     22  
866.0  14:26:55 42.45756 -72.56946   22     22     24  
867.0  14:27:00 42.456215 -72.56817   24     22     23  
867.0  14:27:04 42.456215 -72.56817   22     23     22  
867.0  14:27:12 42.45517 -72.56716   20     21     22  
867.0  14:27:20 42.454075 -72.56614   21     23     21  
867.0  14:27:29 42.45329 -72.5653   24     23     22  
867.0  14:27:37 42.452457 -72.56415   22     22     20  
867.0  14:27:47 42.45168 -72.56302   20     20     22  
867.0  14:27:56 42.45148 -72.56278   22     24     20  
868.0  14:28:00 42.451485 -72.56278   20     23     23  
868.0  14:28:04 42.451485 -72.56278   20     23     24  
868.0  14:28:13 42.451317 -72.56246   21     20     22  
868.0  14:28:22 42.450554 -72.56138   23     23     24  
868.0  14:28:30 42.449608 -72.55995   20     21     23  
868.0  14:28:41 42.44878 -72.55838   23     24     24  
868.0  14:28:50 42.44781 -72.55648   24     21     21  
868.0  14:28:58 42.446766 -72.55505   23     23     21  
869.0  14:29:00 42.445698 -72.554276   20     24     23  
869.0  14:29:07 42.44533 -72.554054   22     22     22  
869.0  14:29:15 42.443768 -72.55301   22     22     23  
869.0  14:29:24 42.44274 -72.55212   24     22     24  
869.0  14:29:35 42.441628 -72.55091   22     22     21  
869.0  14:29:43 42.44032 -72.549515   22     21     20  
869.0  14:29:51 42.438744 -72.548256   20     24     22  
870.0  14:30:00 42.437275 -72.54734   24     20     24  
870.0  14:30:00 42.43651 -72.54692   20     20     21  
870.0  14:30:09 42.435753 -72.54653   22     23     23  
870.0  14:30:17 42.434082 -72.54567   22     20     23  
870.0  14:30:28 42.432354 -72.54453   21     22     23  
870.0  14:30:37 42.431057 -72.54341   22     23     21  
870.0  14:30:45 42.429596 -72.54214   22     23     23  
870.0  14:30:54 42.428257 -72.54104   22     21     24  
871.0  14:31:00 42.426334 -72.53973   23     20     21  
871.0  14:31:02 42.426685 -72.539955   24     22     20  
871.0  14:31:11 42.42531 -72.539055   21     24     23  
871.0  14:31:21 42.42347 -72.538   22     24     22  
959.0  15:59:32 42.393883 -72.532974   20     22     24  
959.0  15:59:44 42.393913 -72.53299   24     21     20  
959.0  15:59:57 42.393917 -72.53299   24     20     20  
960.0  16:00:09 42.393887 -72.532974   21     24     23  
961.0  16:01:00 42.393723 -72.533   24     20     23  
961.0  16:01:08 42.393703 -72.53299   21     23     22  
961.0  16:01:20 42.39368 -72.53297   24     22     21  
961.0  16:01:29 42.393723 -72.53294   21     20     23  
1121.0  18:41:00 42.39489 -72.53407   24     24     22  
1121.0  18:41:11 42.39492 -72.53409   22     23     23  
