552.0  09:12:55 0.0 -0.0   5     16     59  
553.0  09:13:00 0.0 -0.0   4     11     58  
553.0  09:13:05 0.0 -0.0   3     15     40  
553.0  09:13:14 0.0 -0.0   4     19     47  
553.0  09:13:22 0.0 -0.0   5     19     55  
553.0  09:13:30 0.0 -0.0   5     12     55  
553.0  09:13:38 0.0 -0.0   3     12     47  
553.0  09:13:47 0.0 -0.0   5     12     55  
553.0  09:13:55 0.0 -0.0   3     13     41  
554.0  09:14:00 0.0 -0.0   4     12     48  
554.0  09:14:04 0.0 -0.0   5     12     55  
554.0  09:14:12 0.0 -0.0   3     13     55  
554.0  09:14:20 0.0 -0.0   5     14     56  
554.0  09:14:31 0.0 -0.0   4     17     42  
554.0  09:14:41 0.0 -0.0   4     12     52  
554.0  09:14:50 0.0 -0.0   4     11     49  
554.0  09:14:59 0.0 -0.0   3     13     45  
555.0  09:15:00 0.0 -0.0   5     16     40  
555.0  09:15:08 0.0 -0.0   5     11     45  
555.0  09:15:17 0.0 -0.0   4     18     51  
555.0  09:15:25 0.0 -0.0   4     15     58  
555.0  09:15:34 0.0 -0.0   3     10     47  
555.0  09:15:44 0.0 -0.0   4     11     48  
555.0  09:15:53 0.0 -0.0   4     13     41  
556.0  09:16:00 0.0 -0.0   5     17     43  
556.0  09:16:02 0.0 -0.0   3     11     45  
556.0  09:16:11 0.0 -0.0   4     19     42  
556.0  09:16:19 0.0 -0.0   4     14     53  
933.0  15:33:54 0.0 -0.0   4     10     51  
934.0  15:34:00 0.0 -0.0   5     19     49  
934.0  15:34:04 0.0 -0.0   5     12     44  
934.0  15:34:13 0.0 -0.0   4     19     42  
982.0  16:22:00 0.0 -0.0   5     17     42  
982.0  16:22:10 0.0 -0.0   3     15     47  
982.0  16:22:22 0.0 -0.0   5     12     53  
982.0  16:22:30 0.0 -0.0   3     16     46  
982.0  16:22:39 0.0 -0.0   3     15     50  
982.0  16:22:47 0.0 -0.0   3     19     46  
982.0  16:22:55 0.0 -0.0   4     16     43  
983.0  16:23:00 0.0 -0.0   4     16     41  
983.0  16:23:03 0.0 -0.0   5     11     50  
983.0  16:23:13 0.0 -0.0   5     17     43  
983.0  16:23:21 0.0 -0.0   5     16     43  
983.0  16:23:29 0.0 -0.0   3     11     57  
983.0  16:23:37 0.0 -0.0   5     10     54  
983.0  16:23:46 0.0 -0.0   4     15     51  
983.0  16:23:54 0.0 -0.0   5     18     53  
984.0  16:24:00 0.0 -0.0   5     14     45  
984.0  16:24:05 0.0 -0.0   3     19     45  
984.0  16:24:13 0.0 -0.0   5     10     42  
984.0  16:24:21 0.0 -0.0   5     11     49  
984.0  16:24:30 0.0 -0.0   4     12     40  
984.0  16:24:38 0.0 -0.0   5     17     59  
984.0  16:24:47 0.0 -0.0   5     14     58  
984.0  16:24:57 0.0 -0.0   3     18     47  
985.0  16:25:00 0.0 -0.0   4     14     44  
985.0  16:25:06 0.0 -0.0   5     10     50  
985.0  16:25:14 0.0 -0.0   3     19     45  
985.0  16:25:22 0.0 -0.0   4     19     41  
985.0  16:25:31 0.0 -0.0   4     16     57  
985.0  16:25:38 0.0 -0.0   4     15     53  
985.0  16:25:49 0.0 -0.0   5     11     50  
985.0  16:25:57 0.0 -0.0   5     16     58  
986.0  16:26:00 0.0 -0.0   5     18     42  
986.0  16:26:05 0.0 -0.0   3     18     53  
986.0  16:26:14 0.0 -0.0   5     12     51  
986.0  16:26:22 0.0 -0.0   3     11     54  
986.0  16:26:31 0.0 -0.0   4     12     47  
986.0  16:26:41 0.0 -0.0   3     11     49  
986.0  16:26:50 0.0 -0.0   5     13     46  
986.0  16:26:59 0.0 -0.0   4     19     53  
987.0  16:27:00 0.0 -0.0   3     15     44  
987.0  16:27:07 0.0 -0.0   5     16     47  
987.0  16:27:15 0.0 -0.0   5     19     45  
987.0  16:27:23 0.0 -0.0   5     12     46  
987.0  16:27:33 0.0 -0.0   3     17     59  
987.0  16:27:42 0.0 -0.0   4     19     40  
987.0  16:27:50 0.0 -0.0   4     16     41  
987.0  16:27:58 0.0 -0.0   4     13     43  
988.0  16:28:00 0.0 -0.0   4     10     53  
988.0  16:28:07 0.0 -0.0   4     14     41  
988.0  16:28:15 0.0 -0.0   3     17     40  
988.0  16:28:27 0.0 -0.0   4     14     58  
988.0  16:28:36 0.0 -0.0   4     12     49  
988.0  16:28:44 0.0 -0.0   4     10     51  
988.0  16:28:52 0.0 -0.0   3     17     52  
989.0  16:29:00 0.0 -0.0   5     17     50  
989.0  16:29:01 0.0 -0.0   3     16     40  
989.0  16:29:09 0.0 -0.0   5     14     45  
989.0  16:29:19 0.0 -0.0   4     18     59  
989.0  16:29:28 0.0 -0.0   3     11     53  
989.0  16:29:35 0.0 -0.0   5     12     45  
989.0  16:29:44 0.0 -0.0   3     16     53  
989.0  16:29:53 0.0 -0.0   5     11     54  
990.0  16:30:00 0.0 -0.0   5     16     59  
990.0  16:30:01 0.0 -0.0   3     18     49  
990.0  16:30:12 0.0 -0.0   5     10     42  
990.0  16:30:20 0.0 -0.0   5     10     41  
990.0  16:30:29 0.0 -0.0   3     13     53  
990.0  16:30:38 0.0 -0.0   3     18     52  
990.0  16:30:46 0.0 -0.0   4     16     42  
990.0  16:30:53 0.0 -0.0   5     14     54  
991.0  16:31:00 0.0 -0.0   4     17     44  
991.0  16:31:03 0.0 -0.0   4     15     41  
991.0  16:31:12 0.0 -0.0   4     17     41  
991.0  16:31:20 0.0 -0.0   5     14     57  
991.0  16:31:28 0.0 -0.0   5     10     57  
991.0  16:31:37 0.0 -0.0   4     14     49  
991.0  16:31:46 0.0 -0.0   5     19     48  
991.0  16:31:57 0.0 -0.0   3     17     59  
992.0  16:32:00 0.0 -0.0   5     10     41  
992.0  16:32:05 0.0 -0.0   3     15     57  
992.0  16:32:14 0.0 -0.0   4     12     46  
992.0  16:32:22 0.0 -0.0   4     12     49  
992.0  16:32:30 0.0 -0.0   4     15     58  
992.0  16:32:38 0.0 -0.0   5     12     41  
992.0  16:32:48 0.0 -0.0   3     19     48  
992.0  16:32:56 0.0 -0.0   4     13     52  
993.0  16:33:00 0.0 -0.0   3     17     59  
993.0  16:33:04 0.0 -0.0   3     11     56  
993.0  16:33:13 0.0 -0.0   4     14     40  
993.0  16:33:22 0.0 -0.0   3     16     43  
993.0  16:33:30 0.0 -0.0   4     16     58  
993.0  16:33:41 0.0 -0.0   4     11     48  
993.0  16:33:49 0.0 -0.0   3     18     40  
993.0  16:33:57 0.0 -0.0   4     15     47  
994.0  16:34:00 0.0 -0.0   5     13     59  
994.0  16:34:05 0.0 -0.0   4     18     47  
994.0  16:34:13 0.0 -0.0   4     11     47  
994.0  16:34:21 0.0 -0.0   4     12     53  
994.0  16:34:32 0.0 -0.0   3     17     59  
994.0  16:34:39 0.0 -0.0   5     19     57  
994.0  16:34:48 0.0 -0.0   5     18     40  
994.0  16:34:56 0.0 -0.0   4     16     56  
995.0  16:35:00 0.0 -0.0   3     16     49  
995.0  16:35:05 0.0 -0.0   3     16     49  
995.0  16:35:14 0.0 -0.0   3     17     54  
995.0  16:35:25 0.0 -0.0   5     10     40  
995.0  16:35:34 0.0 -0.0   5     14     51  
995.0  16:35:42 0.0 -0.0   5     19     59  
995.0  16:35:51 0.0 -0.0   3     10     58  
995.0  16:35:59 0.0 -0.0   3     17     53  
996.0  16:36:00 0.0 -0.0   4     13     45  
996.0  16:36:07 0.0 -0.0   5     10     42  
996.0  16:36:17 0.0 -0.0   4     17     57  
996.0  16:36:26 0.0 -0.0   3     16     45  
996.0  16:36:34 0.0 -0.0   4     10     59  
996.0  16:36:42 0.0 -0.0   4     13     43  
996.0  16:36:50 0.0 -0.0   3     16     46  
996.0  16:36:59 0.0 -0.0   4     10     44  
997.0  16:37:00 0.0 -0.0   5     13     51  
997.0  16:37:10 0.0 -0.0   4     10     59  
997.0  16:37:19 0.0 -0.0   4     17     53  
997.0  16:37:28 0.0 -0.0   3     19     53  
997.0  16:37:36 0.0 -0.0   5     17     47  
997.0  16:37:45 0.0 -0.0   3     18     49  
997.0  16:37:53 0.0 -0.0   4     16     59  
998.0  16:38:00 0.0 -0.0   5     14     45  
998.0  16:38:05 0.0 -0.0   4     15     49  
998.0  16:38:14 0.0 -0.0   5     12     58  
998.0  16:38:23 0.0 -0.0   5     17     43  
998.0  16:38:32 0.0 -0.0   4     15     59  
998.0  16:38:41 0.0 -0.0   5     16     54  
998.0  16:38:49 0.0 -0.0   3     16     49  
999.0  16:39:00 0.0 -0.0   5     17     45  
999.0  16:39:00 0.0 -0.0   5     16     41  
999.0  16:39:09 0.0 -0.0   3     19     47  
999.0  16:39:17 0.0 -0.0   3     10     47  
999.0  16:39:26 0.0 -0.0   4     16     47  
999.0  16:39:35 0.0 -0.0   3     14     46  
999.0  16:39:43 0.0 -0.0   5     17     46  
999.0  16:39:56 0.0 -0.0   4     17     45  
1000.0  16:40:00 0.0 -0.0   4     11     56  
1000.0  16:40:05 0.0 -0.0   4     19     49  
1000.0  16:40:13 0.0 -0.0   5     11     42  
1000.0  16:40:21 0.0 -0.0   3     16     54  
1000.0  16:40:30 0.0 -0.0   5     18     42  
1000.0  16:40:38 0.0 -0.0   5     14     54  
1000.0  16:40:49 0.0 -0.0   3     11     50  
1000.0  16:40:58 0.0 -0.0   3     10     44  
1001.0  16:41:00 0.0 -0.0   3     17     56  
1001.0  16:41:06 0.0 -0.0   3     19     42  
1001.0  16:41:15 0.0 -0.0   5     11     40  
1001.0  16:41:23 0.0 -0.0   4     17     51  
1001.0  16:41:31 0.0 -0.0   5     16     52  
1001.0  16:41:41 0.0 -0.0   3     13     58  
1001.0  16:41:49 0.0 -0.0   4     10     47  
1001.0  16:41:57 0.0 -0.0   3     18     50  
1002.0  16:42:00 0.0 -0.0   3     18     41  
1002.0  16:42:05 0.0 -0.0   5     19     57  
1002.0  16:42:14 0.0 -0.0   3     11     52  
1002.0  16:42:22 0.0 -0.0   3     16     51  
1002.0  16:42:33 0.0 -0.0   4     19     54  
1002.0  16:42:41 0.0 -0.0   5     15     58  
1002.0  16:42:49 0.0 -0.0   3     17     59  
1002.0  16:42:58 0.0 -0.0   4     17     44  
1003.0  16:43:00 0.0 -0.0   4     19     40  
1003.0  16:43:07 0.0 -0.0   4     12     51  
1003.0  16:43:15 0.0 -0.0   4     14     41  
1003.0  16:43:25 0.0 -0.0   4     12     50  
1003.0  16:43:34 0.0 -0.0   5     11     54  
1003.0  16:43:42 0.0 -0.0   3     14     58  
1003.0  16:43:51 0.0 -0.0   4     15     53  
1004.0  16:44:00 0.0 -0.0   4     13     59  
1004.0  16:44:00 0.0 -0.0   4     12     50  
1004.0  16:44:08 0.0 -0.0   4     18     50  
1004.0  16:44:19 0.0 -0.0   5     17     50  
1004.0  16:44:28 0.0 -0.0   3     19     42  
1004.0  16:44:36 0.0 -0.0   5     18     48  
1004.0  16:44:45 0.0 -0.0   4     16     58  
1004.0  16:44:53 0.0 -0.0   3     10     48  
1005.0  16:45:00 0.0 -0.0   5     13     51  
1005.0  16:45:01 0.0 -0.0   3     18     50  
1005.0  16:45:11 0.0 -0.0   5     11     55  
1005.0  16:45:19 0.0 -0.0   3     14     43  
1005.0  16:45:27 0.0 -0.0   3     13     55  
1005.0  16:45:35 0.0 -0.0   3     12     58  
1005.0  16:45:44 0.0 -0.0   3     14     45  
1005.0  16:45:53 0.0 -0.0   4     18     48  
1006.0  16:46:00 0.0 -0.0   4     15     56  
1006.0  16:46:04 0.0 -0.0   5     11     50  
1006.0  16:46:13 0.0 -0.0   4     16     41  
1006.0  16:46:22 0.0 -0.0   3     19     54  
1006.0  16:46:30 0.0 -0.0   4     17     49  
1006.0  16:46:38 0.0 -0.0   3     14     56  
1006.0  16:46:47 0.0 -0.0   3     15     49  
1006.0  16:46:57 0.0 -0.0   4     10     50  
1007.0  16:47:00 42.394722 -72.53328   3     11     58  
1007.0  16:47:05 42.39472 -72.53328   3     15     55  
1007.0  16:47:13 42.394714 -72.53329   4     18     52  
1007.0  16:47:22 42.394863 -72.533806   4     12     52  
1007.0  16:47:31 42.394875 -72.53383   3     13     42  
1007.0  16:47:39 42.39489 -72.533844   5     16     42  
1007.0  16:47:50 42.39492 -72.53385   3     10     58  
1007.0  16:47:58 42.39494 -72.53386   4     12     46  
1008.0  16:48:00 42.394943 -72.53386   3     19     51  
1008.0  16:48:08 42.394943 -72.53386   5     19     45  
1008.0  16:48:16 42.394943 -72.53385   5     11     41  
1008.0  16:48:24 42.394924 -72.53384   3     15     50  
1008.0  16:48:33 42.394905 -72.53382   4     14     43  
1008.0  16:48:43 42.39489 -72.5338   3     17     55  
1008.0  16:48:52 42.39488 -72.53379   3     14     51  
1009.0  16:49:00 42.394863 -72.53377   4     11     58  
1009.0  16:49:00 42.394855 -72.53375   3     13     55  
1009.0  16:49:08 42.394836 -72.53371   5     16     55  
1009.0  16:49:16 42.39485 -72.53368   5     15     43  
1009.0  16:49:25 42.39486 -72.533676   3     14     49  
1009.0  16:49:36 42.394924 -72.53368   4     18     43  
1009.0  16:49:46 42.39493 -72.53369   4     17     48  
1009.0  16:49:55 42.394936 -72.53368   5     13     57  
1010.0  16:50:00 42.39494 -72.53365   5     15     43  
1010.0  16:50:05 42.394936 -72.53365   3     12     55  
1010.0  16:50:15 42.394905 -72.53363   3     14     49  
1010.0  16:50:28 42.394886 -72.533615   5     12     56  
1010.0  16:50:38 42.39488 -72.533646   5     16     54  
1010.0  16:50:47 42.394867 -72.53365   4     12     58  
1010.0  16:50:57 42.39487 -72.53367   4     16     57  
1011.0  16:51:00 42.394905 -72.533676   5     10     54  
1011.0  16:51:06 42.394905 -72.53368   3     13     54  
1011.0  16:51:20 42.39492 -72.533676   5     15     53  
1011.0  16:51:31 42.39492 -72.53368   3     17     48  
1011.0  16:51:39 42.394924 -72.53368   4     15     49  
1011.0  16:51:48 42.394924 -72.53368   5     17     59  
1011.0  16:51:56 42.394924 -72.53368   4     16     57  
1012.0  16:52:00 42.394897 -72.53368   5     14     51  
1012.0  16:52:05 42.394894 -72.53368   3     14     41  
1012.0  16:52:16 42.394897 -72.5337   4     16     59  
1012.0  16:52:25 42.394875 -72.53371   5     11     50  
1012.0  16:52:33 42.394863 -72.53371   5     16     57  
1012.0  16:52:42 42.394863 -72.53371   4     12     47  
1012.0  16:52:51 42.39487 -72.53371   4     17     54  
1013.0  16:53:00 42.394863 -72.53369   5     12     59  
1013.0  16:53:00 42.39485 -72.53368   5     16     56  
1013.0  16:53:10 42.394855 -72.53369   3     19     59  
1013.0  16:53:19 42.394848 -72.53368   3     10     48  
1013.0  16:53:28 42.39483 -72.533676   3     13     57  
1013.0  16:53:36 42.39484 -72.533676   3     18     42  
1013.0  16:53:45 42.394848 -72.53367   4     13     48  
1013.0  16:53:53 42.394863 -72.53368   4     14     42  
1014.0  16:54:00 42.394867 -72.533714   4     18     58  
1014.0  16:54:04 42.394867 -72.533714   5     14     58  
1014.0  16:54:14 42.394855 -72.533714   3     18     58  
1014.0  16:54:23 42.394836 -72.53371   3     14     58  
1014.0  16:54:31 42.394882 -72.53372   5     12     47  
1014.0  16:54:40 42.394897 -72.53372   3     11     57  
1014.0  16:54:49 42.394913 -72.533714   3     10     54  
1014.0  16:54:59 42.394917 -72.53371   3     13     43  
1015.0  16:55:00 42.394917 -72.5337   4     10     46  
1015.0  16:55:08 42.394913 -72.53369   4     12     42  
1015.0  16:55:16 42.394924 -72.53369   4     13     43  
1015.0  16:55:25 42.39494 -72.53371   3     13     55  
1015.0  16:55:34 42.39494 -72.53371   4     13     53  
1015.0  16:55:42 42.39493 -72.5337   3     18     56  
1015.0  16:55:54 42.394936 -72.53371   4     17     51  
1016.0  16:56:00 42.39494 -72.53371   3     11     46  
1016.0  16:56:03 42.39494 -72.53371   4     17     52  
1016.0  16:56:12 42.394943 -72.53371   4     11     50  
1016.0  16:56:20 42.394936 -72.53371   4     17     55  
1016.0  16:56:29 42.39493 -72.53371   5     10     55  
1016.0  16:56:38 42.394928 -72.5337   3     11     56  
1016.0  16:56:48 42.394917 -72.53369   3     13     58  
1016.0  16:56:57 42.394905 -72.53368   5     12     46  
1017.0  16:57:00 42.3949 -72.53368   3     14     52  
1017.0  16:57:05 42.394905 -72.53368   5     14     44  
1017.0  16:57:14 42.394897 -72.53368   4     16     40  
1017.0  16:57:22 42.394882 -72.533676   3     13     54  
1017.0  16:57:31 42.39487 -72.533676   5     10     54  
1017.0  16:57:42 42.394863 -72.53367   4     15     58  
1017.0  16:57:50 42.394855 -72.53367   5     10     48  
1017.0  16:57:58 42.39486 -72.533676   4     17     59  
1018.0  16:58:00 42.39486 -72.53367   4     11     52  
1018.0  16:58:07 42.394863 -72.53367   4     11     49  
1018.0  16:58:16 42.394863 -72.533676   4     13     42  
1018.0  16:58:24 42.39485 -72.533676   5     13     40  
1018.0  16:58:34 42.394825 -72.533646   3     19     49  
1018.0  16:58:43 42.394814 -72.53363   5     10     51  
1018.0  16:58:51 42.394806 -72.53362   4     14     53  
1019.0  16:59:00 42.39481 -72.53363   5     11     45  
1019.0  16:59:00 42.394814 -72.53364   3     18     56  
1019.0  16:59:08 42.394817 -72.533646   3     12     43  
1019.0  16:59:17 42.394836 -72.533676   3     15     42  
1019.0  16:59:28 42.394882 -72.533676   4     16     41  
1019.0  16:59:37 42.394894 -72.533676   5     13     52  
1019.0  16:59:46 42.39491 -72.53367   4     12     59  
1019.0  16:59:54 42.394882 -72.53372   4     15     43  
1020.0  17:00:00 42.394833 -72.53373   4     18     47  
1020.0  17:00:03 42.394836 -72.53374   5     18     57  
1020.0  17:00:12 42.39482 -72.53372   3     18     56  
1020.0  17:00:23 42.39486 -72.5337   4     18     41  
1020.0  17:00:32 42.394905 -72.53368   4     14     53  
1020.0  17:00:40 42.39491 -72.53369   3     11     56  
1020.0  17:00:49 42.394894 -72.53371   5     14     53  
1020.0  17:00:57 42.394882 -72.53371   5     14     55  
1021.0  17:01:00 42.39488 -72.5337   4     12     57  
1021.0  17:01:06 42.39488 -72.5337   3     10     56  
1021.0  17:01:17 42.394875 -72.53369   3     17     54  
1021.0  17:01:26 42.394867 -72.53369   5     15     59  
1021.0  17:01:34 42.39488 -72.53371   4     15     40  
1021.0  17:01:42 42.39488 -72.53371   5     11     50  
1021.0  17:01:51 42.394882 -72.53371   5     10     59  
1021.0  17:01:59 42.39489 -72.533714   3     12     53  
1022.0  17:02:00 42.39489 -72.533714   5     12     54  
1022.0  17:02:10 42.394886 -72.533714   3     15     49  
1022.0  17:02:18 42.394882 -72.53371   4     10     52  
1022.0  17:02:27 42.394875 -72.53371   4     19     40  
1022.0  17:02:35 42.394867 -72.5337   5     19     50  
1022.0  17:02:44 42.394863 -72.53369   4     12     50  
1022.0  17:02:52 42.394863 -72.53369   4     15     46  
1023.0  17:03:00 42.394863 -72.53369   5     11     44  
1023.0  17:03:04 42.394863 -72.53369   5     13     57  
1023.0  17:03:13 42.394867 -72.53369   4     12     51  
1023.0  17:03:21 42.39487 -72.53369   5     11     55  
1023.0  17:03:30 42.39487 -72.53369   4     17     59  
1023.0  17:03:38 42.394875 -72.5337   4     18     47  
1023.0  17:03:46 42.394875 -72.5337   5     16     52  
1023.0  17:03:57 42.394875 -72.5337   4     15     58  
1024.0  17:04:00 42.394875 -72.5337   3     15     54  
1024.0  17:04:05 42.394875 -72.5337   3     17     47  
1024.0  17:04:14 42.39488 -72.5337   3     17     53  
1024.0  17:04:23 42.39488 -72.53369   4     15     40  
1024.0  17:04:31 42.39488 -72.53369   4     19     55  
1024.0  17:04:41 42.394882 -72.53371   5     15     45  
1024.0  17:04:57 42.394882 -72.5337   3     12     47  
1025.0  17:05:00 42.394882 -72.53371   3     18     50  
1025.0  17:05:05 42.394882 -72.53371   5     15     42  
1025.0  17:05:14 42.394886 -72.53371   4     10     46  
1025.0  17:05:22 42.394882 -72.53371   4     16     55  
1025.0  17:05:31 42.394882 -72.5337   3     15     55  
1025.0  17:05:40 42.394867 -72.5337   5     12     59  
1025.0  17:05:51 42.394855 -72.53369   4     14     45  
1025.0  17:05:59 42.39485 -72.53369   4     15     48  
1026.0  17:06:00 42.39485 -72.53369   3     18     41  
1026.0  17:06:08 42.394855 -72.53369   5     13     40  
1026.0  17:06:16 42.394855 -72.5337   4     10     56  
1026.0  17:06:24 42.39486 -72.5337   3     15     44  
1026.0  17:06:33 42.39486 -72.5337   5     12     58  
1026.0  17:06:43 42.394848 -72.5337   3     13     42  
1026.0  17:06:52 42.39485 -72.53371   3     15     49  
1027.0  17:07:00 42.39487 -72.533714   5     10     43  
1027.0  17:07:01 42.394867 -72.53371   5     14     54  
1027.0  17:07:10 42.394886 -72.53372   5     19     44  
1027.0  17:07:18 42.394875 -72.533714   5     18     47  
1027.0  17:07:27 42.39488 -72.533714   5     15     48  
1027.0  17:07:38 42.394882 -72.533714   4     12     58  
1027.0  17:07:47 42.39489 -72.533714   5     12     59  
1027.0  17:07:55 42.394894 -72.533714   4     19     58  
1028.0  17:08:00 42.394897 -72.533714   4     12     40  
1028.0  17:08:04 42.394897 -72.533714   5     13     41  
1028.0  17:08:12 42.394894 -72.533714   3     18     57  
1028.0  17:08:21 42.394905 -72.533714   5     17     50  
1028.0  17:08:32 42.394913 -72.53371   4     19     49  
1033.0  17:13:43 42.3948 -72.533714   4     11     45  
1033.0  17:13:56 42.394794 -72.533714   4     17     44  
1034.0  17:14:08 42.39483 -72.53371   5     14     59  
1034.0  17:14:21 42.394814 -72.53372   4     19     43  
1034.0  17:14:33 42.394817 -72.53372   5     13     59  
1035.0  17:15:22 42.3948 -72.53375   5     13     53  
1035.0  17:15:34 42.39481 -72.533745   5     11     58  
1035.0  17:15:43 42.394814 -72.53374   4     19     43  
1035.0  17:15:52 42.394833 -72.53374   3     17     42  
1036.0  17:16:00 42.394833 -72.53374   3     16     55  
1036.0  17:16:00 42.394833 -72.533745   5     10     42  
1036.0  17:16:09 42.39485 -72.53372   3     13     58  
1036.0  17:16:18 42.39484 -72.53371   3     14     46  
1036.0  17:16:28 42.39483 -72.5337   3     13     44  
1036.0  17:16:37 42.394844 -72.53368   5     12     45  
1036.0  17:16:45 42.394836 -72.5337   3     16     44  
1036.0  17:16:54 42.39485 -72.53369   5     10     40  
1037.0  17:17:00 42.394844 -72.53369   5     12     40  
1037.0  17:17:02 42.39484 -72.5337   3     14     47  
1037.0  17:17:11 42.394848 -72.53369   4     19     57  
1037.0  17:17:21 42.394863 -72.533676   5     17     41  
1037.0  17:17:30 42.394867 -72.533676   5     13     52  
1037.0  17:17:38 42.394863 -72.533646   5     14     43  
1037.0  17:17:47 42.394875 -72.533646   4     16     52  
1037.0  17:17:56 42.39488 -72.53363   5     14     51  
1038.0  17:18:00 42.394886 -72.53363   4     18     53  
1038.0  17:18:04 42.394886 -72.53363   3     13     40  
1038.0  17:18:15 42.394886 -72.53363   3     19     51  
1038.0  17:18:23 42.394897 -72.53363   5     13     58  
1038.0  17:18:32 42.394905 -72.53363   5     18     52  
1038.0  17:18:40 42.394897 -72.533615   4     14     46  
1038.0  17:18:49 42.394917 -72.53364   3     11     48  
1038.0  17:18:57 42.394924 -72.53368   3     19     56  
1039.0  17:19:00 42.394928 -72.53369   4     16     41  
1039.0  17:19:09 42.394924 -72.53369   3     13     46  
1039.0  17:19:18 42.394943 -72.53368   3     17     44  
1039.0  17:19:27 42.39495 -72.53366   4     12     45  
1039.0  17:19:35 42.394997 -72.53365   5     12     56  
1039.0  17:19:44 42.395027 -72.53364   3     18     51  
1039.0  17:19:52 42.395008 -72.53364   5     14     41  
1040.0  17:20:00 42.39499 -72.53365   5     12     59  
1040.0  17:20:03 42.39499 -72.53365   4     19     56  
1040.0  17:20:12 42.394974 -72.53366   5     18     40  
1040.0  17:20:21 42.39495 -72.53367   3     11     44  
1040.0  17:20:30 42.39495 -72.533676   4     11     50  
1040.0  17:20:39 42.394947 -72.53368   3     16     47  
1040.0  17:20:48 42.394962 -72.53367   3     16     44  
1040.0  17:20:59 42.39496 -72.533676   4     18     57  
1041.0  17:21:00 42.394962 -72.533676   5     17     53  
1041.0  17:21:08 42.394955 -72.53368   3     10     45  
1041.0  17:21:17 42.39496 -72.533676   3     11     42  
1097.0  18:17:00 42.392563 -72.53357   5     19     53  
1097.0  18:17:11 42.395805 -72.5342   3     10     47  
1097.0  18:17:23 42.39467 -72.53397   3     15     54  
1097.0  18:17:32 42.39442 -72.534004   3     19     54  
1097.0  18:17:41 42.39455 -72.53401   3     16     48  
1097.0  18:17:52 42.3948 -72.53402   4     18     51  
1098.0  18:18:00 42.394817 -72.53403   4     19     57  
1098.0  18:18:01 42.394817 -72.53403   4     11     58  
1098.0  18:18:09 42.394817 -72.53403   3     10     40  
1098.0  18:18:20 42.394817 -72.53403   5     14     41  
1098.0  18:18:28 42.395214 -72.5361   3     15     49  
1098.0  18:18:36 42.395214 -72.5361   4     17     49  
1098.0  18:18:45 42.395214 -72.5361   5     14     45  
1098.0  18:18:53 42.395214 -72.5361   4     19     50  
1099.0  18:19:00 42.395214 -72.5361   3     14     50  
