600.0  10:00:00 42.372875 -72.519806   5     12     57  
600.0  10:00:07 42.372574 -72.51979   4     19     55  
600.0  10:00:16 42.37146 -72.51975   4     19     41  
600.0  10:00:47 42.370216 -72.51992   4     18     57  
600.0  10:00:59 42.364838 -72.520615   5     12     55  
601.0  10:01:00 42.364014 -72.52072   3     14     42  
601.0  10:01:10 42.363037 -72.520775   5     13     56  
601.0  10:01:19 42.361584 -72.52075   4     10     40  
601.0  10:01:29 42.360065 -72.52082   4     11     49  
601.0  10:01:37 42.358356 -72.520874   3     14     44  
601.0  10:01:46 42.357014 -72.520966   5     13     40  
601.0  10:01:54 42.355976 -72.52106   5     10     59  
602.0  10:02:00 42.355488 -72.52127   4     14     53  
602.0  10:02:16 42.355434 -72.52132   4     11     42  
602.0  10:02:25 42.353348 -72.52265   3     15     41  
602.0  10:02:35 42.352158 -72.52368   3     10     58  
602.0  10:02:43 42.35174 -72.52507   4     16     43  
602.0  10:02:53 42.35159 -72.52681   4     11     54  
603.0  10:03:00 42.351585 -72.5274   3     16     49  
603.0  10:03:04 42.351585 -72.5274   5     17     48  
603.0  10:03:12 42.3511 -72.52743   4     19     52  
603.0  10:03:21 42.35077 -72.52741   3     14     41  
603.0  10:03:29 42.35036 -72.52743   4     11     55  
603.0  10:03:37 42.34993 -72.52762   3     11     54  
603.0  10:03:46 42.34974 -72.52791   4     16     52  
603.0  10:03:57 42.349495 -72.52856   4     11     51  
604.0  10:04:00 42.34921 -72.528824   4     14     47  
604.0  10:04:05 42.34914 -72.52886   5     14     48  
604.0  10:04:14 42.348873 -72.52894   3     19     40  
604.0  10:04:23 42.348892 -72.52891   3     11     52  
604.0  10:04:31 42.348892 -72.52892   5     18     59  
604.0  10:04:40 42.348885 -72.52892   3     19     47  
604.0  10:04:51 42.348892 -72.5289   5     11     57  
605.0  10:05:00 42.348896 -72.52889   4     18     58  
605.0  10:05:00 42.348904 -72.52884   4     18     54  
605.0  10:05:08 42.348907 -72.52887   3     17     59  
605.0  10:05:16 42.3489 -72.528885   4     14     41  
605.0  10:05:25 42.348892 -72.52891   5     11     53  
605.0  10:05:33 42.34888 -72.52892   4     11     43  
605.0  10:05:46 42.34887 -72.52894   4     13     57  
605.0  10:05:55 42.348873 -72.52892   3     19     51  
606.0  10:06:00 42.348866 -72.528915   3     13     53  
606.0  10:06:04 42.348866 -72.528915   5     17     54  
606.0  10:06:13 42.348866 -72.528885   5     12     56  
606.0  10:06:22 42.348873 -72.52886   5     16     49  
606.0  10:06:32 42.34889 -72.52887   5     18     41  
606.0  10:06:44 42.34889 -72.52889   5     12     54  
606.0  10:06:52 42.34889 -72.52889   4     13     58  
607.0  10:07:00 42.34888 -72.52891   4     13     44  
607.0  10:07:01 42.34889 -72.52889   4     15     51  
607.0  10:07:10 42.348866 -72.528915   4     12     42  
607.0  10:07:19 42.348843 -72.52894   4     19     48  
607.0  10:07:28 42.348827 -72.52895   4     14     41  
607.0  10:07:39 42.348804 -72.52901   4     18     58  
607.0  10:07:48 42.348797 -72.52899   5     14     55  
607.0  10:07:57 42.348804 -72.529   5     16     58  
608.0  10:08:00 42.348824 -72.529   4     11     59  
608.0  10:08:05 42.348827 -72.52899   3     10     40  
608.0  10:08:13 42.348843 -72.52898   3     17     58  
608.0  10:08:22 42.34889 -72.52894   3     17     55  
608.0  10:08:42 42.348915 -72.528885   3     12     53  
608.0  10:08:56 42.348946 -72.52888   3     16     57  
609.0  10:09:00 42.348904 -72.52891   4     14     43  
609.0  10:09:08 42.348892 -72.52891   3     18     54  
609.0  10:09:16 42.348717 -72.52892   3     19     56  
609.0  10:09:27 42.348335 -72.52938   4     16     45  
609.0  10:09:36 42.348312 -72.5297   5     10     44  
609.0  10:09:45 42.348427 -72.53045   5     19     46  
609.0  10:09:55 42.348743 -72.53061   4     13     55  
610.0  10:10:00 42.349285 -72.53036   5     11     41  
610.0  10:10:03 42.349224 -72.53038   5     15     54  
610.0  10:10:12 42.34989 -72.53027   5     16     43  
610.0  10:10:22 42.350494 -72.530266   3     12     42  
610.0  10:10:32 42.35051 -72.53025   5     16     53  
610.0  10:10:42 42.350742 -72.530266   3     12     49  
610.0  10:10:51 42.351242 -72.53026   4     11     58  
610.0  10:10:59 42.351513 -72.53024   4     13     41  
611.0  10:11:00 42.351555 -72.530235   3     11     59  
611.0  10:11:08 42.351604 -72.53008   5     13     57  
611.0  10:11:19 42.351597 -72.528595   5     18     41  
611.0  10:11:27 42.35154 -72.52713   4     17     55  
611.0  10:11:36 42.35161 -72.52537   5     14     54  
611.0  10:11:52 42.351913 -72.52393   3     18     50  
612.0  10:12:00 42.3542 -72.52201   4     19     55  
612.0  10:12:44 42.35566 -72.520905   5     19     40  
612.0  10:12:56 42.356384 -72.52096   4     17     50  
613.0  10:13:00 42.35731 -72.52093   5     15     53  
613.0  10:13:05 42.35731 -72.52093   5     12     43  
613.0  10:13:14 42.35857 -72.52083   5     12     46  
613.0  10:13:23 42.359966 -72.52078   4     18     55  
613.0  10:13:31 42.361397 -72.52073   5     17     45  
613.0  10:13:40 42.36254 -72.52068   5     16     42  
613.0  10:13:51 42.362743 -72.52065   5     18     55  
614.0  10:14:00 42.362877 -72.52071   5     12     57  
614.0  10:14:00 42.363216 -72.520706   4     12     59  
614.0  10:14:09 42.36385 -72.520676   4     18     44  
614.0  10:14:17 42.365025 -72.52049   3     18     47  
614.0  10:14:26 42.3663 -72.52028   5     13     55  
614.0  10:14:34 42.367683 -72.52007   4     10     51  
614.0  10:14:49 42.369194 -72.519875   5     17     59  
614.0  10:14:58 42.371277 -72.5197   3     17     47  
615.0  10:15:00 42.37211 -72.519646   5     18     57  
615.0  10:15:10 42.372326 -72.51965   3     11     51  
615.0  10:15:19 42.373123 -72.51973   3     13     45  
615.0  10:15:28 42.37307 -72.51976   3     10     44  
615.0  10:15:39 42.373077 -72.51976   4     14     56  
615.0  10:15:48 42.37306 -72.51974   3     17     48  
615.0  10:15:56 42.37309 -72.51969   5     14     55  
616.0  10:16:00 42.37335 -72.51969   4     12     42  
616.0  10:16:05 42.37344 -72.5197   5     11     45  
616.0  10:16:13 42.374332 -72.51977   4     18     49  
616.0  10:16:22 42.374725 -72.51977   5     15     57  
616.0  10:16:32 42.374672 -72.51978   4     15     56  
616.0  10:16:41 42.374714 -72.51977   3     18     40  
616.0  10:16:49 42.3749 -72.51978   5     18     50  
616.0  10:16:58 42.37527 -72.51979   3     18     59  
617.0  10:17:00 42.37568 -72.51976   5     10     58  
617.0  10:17:07 42.375835 -72.519775   4     12     49  
617.0  10:17:15 42.376526 -72.51982   3     19     44  
617.0  10:17:26 42.376728 -72.51983   5     10     43  
617.0  10:17:35 42.37702 -72.51984   4     18     43  
617.0  10:17:44 42.37711 -72.519844   4     18     49  
617.0  10:17:53 42.37714 -72.51984   5     17     43  
618.0  10:18:00 42.377472 -72.51985   4     11     51  
618.0  10:18:02 42.37744 -72.51983   3     12     53  
618.0  10:18:11 42.377487 -72.51985   4     12     56  
618.0  10:18:22 42.377495 -72.51982   3     11     54  
618.0  10:18:31 42.3775 -72.5198   3     12     53  
618.0  10:18:40 42.37751 -72.51985   3     17     48  
618.0  10:18:49 42.377506 -72.519875   5     10     43  
618.0  10:18:57 42.377502 -72.51986   3     15     58  
619.0  10:19:00 42.37752 -72.51984   5     19     58  
619.0  10:19:05 42.377525 -72.51983   5     18     42  
619.0  10:19:16 42.377613 -72.51982   4     19     54  
619.0  10:19:25 42.37829 -72.51987   5     16     58  
619.0  10:19:34 42.37922 -72.519745   5     10     48  
619.0  10:19:43 42.37978 -72.51948   3     16     45  
619.0  10:19:52 42.37986 -72.51944   4     19     50  
620.0  10:20:00 42.379864 -72.51943   4     19     54  
620.0  10:20:00 42.379898 -72.51943   3     14     48  
620.0  10:20:12 42.38048 -72.51939   5     16     46  
620.0  10:20:21 42.381348 -72.519264   3     17     52  
620.0  10:20:29 42.38206 -72.51943   4     18     49  
620.0  10:20:38 42.3828 -72.52005   4     19     41  
620.0  10:20:46 42.383198 -72.52033   3     13     55  
620.0  10:20:55 42.383156 -72.52039   4     14     51  
621.0  10:21:00 42.383404 -72.52059   3     14     54  
621.0  10:21:07 42.383564 -72.520676   5     19     56  
621.0  10:21:16 42.384666 -72.52135   4     10     41  
621.0  10:21:25 42.385586 -72.52183   3     16     54  
621.0  10:21:34 42.38602 -72.52228   5     13     44  
621.0  10:21:44 42.385963 -72.52233   4     12     58  
621.0  10:21:53 42.38646 -72.52245   5     13     43  
622.0  10:22:00 42.387337 -72.523056   5     15     41  
622.0  10:22:04 42.387337 -72.523056   3     12     45  
622.0  10:22:12 42.387703 -72.52365   4     16     55  
622.0  10:22:21 42.387695 -72.52371   3     15     46  
622.0  10:22:29 42.387688 -72.52369   5     13     49  
622.0  10:22:37 42.387684 -72.52368   5     11     48  
622.0  10:22:46 42.387913 -72.52395   5     13     53  
623.0  10:23:00 42.389164 -72.52481   4     11     41  
623.0  10:23:16 42.388657 -72.524536   3     14     58  
624.0  10:24:00 42.39193 -72.525375   5     15     42  
624.0  10:24:06 42.392303 -72.5255   5     19     54  
624.0  10:24:12 42.391846 -72.525345   5     19     48  
624.0  10:24:24 42.393875 -72.526085   3     14     42  
624.0  10:24:30 42.393944 -72.526115   3     19     46  
624.0  10:24:35 42.393925 -72.52612   3     13     51  
624.0  10:24:39 42.393948 -72.526115   3     13     48  
624.0  10:24:50 42.393917 -72.52619   4     19     55  
624.0  10:24:58 42.394005 -72.526306   5     10     45  
625.0  10:25:00 42.39434 -72.52651   5     15     52  
625.0  10:25:03 42.394398 -72.52654   3     11     45  
625.0  10:25:08 42.39471 -72.52672   5     19     48  
625.0  10:25:13 42.394966 -72.526855   5     15     50  
625.0  10:25:17 42.39501 -72.52689   5     17     50  
625.0  10:25:27 42.39502 -72.52687   5     17     46  
625.0  10:25:36 42.395008 -72.52688   3     13     49  
625.0  10:25:45 42.39542 -72.52709   3     10     44  
625.0  10:25:53 42.396313 -72.52748   3     13     45  
626.0  10:26:00 42.39765 -72.528015   4     10     48  
626.0  10:26:02 42.3974 -72.52793   3     16     58  
626.0  10:26:11 42.39855 -72.528046   5     10     41  
626.0  10:26:23 42.40002 -72.52789   3     12     51  
626.0  10:26:31 42.40127 -72.52801   3     10     57  
626.0  10:26:40 42.40251 -72.528595   5     14     56  
626.0  10:26:48 42.40354 -72.52927   3     19     55  
626.0  10:26:56 42.404587 -72.52969   3     13     54  
627.0  10:27:00 42.405735 -72.52962   3     13     47  
627.0  10:27:05 42.40587 -72.52963   4     16     40  
627.0  10:27:17 42.407394 -72.52998   3     19     55  
627.0  10:27:25 42.408627 -72.53039   5     11     41  
627.0  10:27:34 42.409393 -72.530594   3     12     59  
627.0  10:27:42 42.4094 -72.53061   5     19     43  
627.0  10:27:51 42.409363 -72.53063   4     18     57  
628.0  10:28:00 42.409595 -72.530815   3     17     52  
628.0  10:28:00 42.40979 -72.5309   3     16     57  
628.0  10:28:11 42.40989 -72.530914   5     11     49  
628.0  10:28:20 42.409912 -72.53093   3     13     53  
628.0  10:28:29 42.40992 -72.53092   3     13     48  
628.0  10:28:37 42.41005 -72.53098   3     13     44  
628.0  10:28:46 42.409904 -72.53176   5     16     43  
628.0  10:28:54 42.409725 -72.53317   3     19     53  
629.0  10:29:00 42.409645 -72.533615   5     14     44  
629.0  10:29:05 42.409645 -72.533615   3     13     52  
629.0  10:29:13 42.409645 -72.533585   5     16     49  
629.0  10:29:22 42.409557 -72.53443   3     18     43  
629.0  10:29:30 42.409386 -72.53602   4     16     49  
629.0  10:29:39 42.40913 -72.53735   4     19     56  
629.0  10:29:51 42.409306 -72.53789   5     13     58  
630.0  10:30:00 42.411594 -72.53754   3     14     47  
630.0  10:30:02 42.411087 -72.5376   3     13     43  
630.0  10:30:11 42.412884 -72.53738   4     16     57  
630.0  10:30:20 42.414665 -72.537155   5     19     59  
630.0  10:30:28 42.416462 -72.53693   3     17     45  
630.0  10:30:37 42.41799 -72.536766   4     19     43  
630.0  10:30:46 42.41973 -72.53678   5     18     46  
630.0  10:30:57 42.421978 -72.537224   5     17     46  
631.0  10:31:00 42.423065 -72.53762   3     19     42  
631.0  10:31:38 42.428913 -72.54141   3     13     54  
631.0  10:31:49 42.430714 -72.54296   4     15     46  
631.0  10:31:58 42.43217 -72.54423   4     11     55  
632.0  10:32:00 42.433178 -72.545   4     15     56  
632.0  10:32:06 42.4337 -72.545334   3     16     45  
632.0  10:32:15 42.435146 -72.546104   3     13     45  
632.0  10:32:24 42.4368 -72.546936   5     15     51  
632.0  10:32:32 42.438423 -72.54787   5     13     53  
632.0  10:32:42 42.44005 -72.54915   3     18     53  
632.0  10:32:50 42.441265 -72.55035   5     19     46  
632.0  10:32:59 42.442448 -72.55166   4     12     58  
633.0  10:33:00 42.443207 -72.55244   5     17     45  
633.0  10:33:07 42.443703 -72.552864   4     17     49  
633.0  10:33:15 42.445248 -72.55389   4     18     43  
633.0  10:33:24 42.446537 -72.55475   3     18     53  
633.0  10:33:37 42.44796 -72.556526   4     17     43  
633.0  10:33:46 42.44903 -72.558655   3     12     43  
633.0  10:33:54 42.449837 -72.56014   5     10     48  
634.0  10:34:00 42.45099 -72.561806   4     13     43  
634.0  10:34:03 42.450874 -72.561646   5     14     57  
634.0  10:34:12 42.45178 -72.56297   4     15     55  
634.0  10:34:20 42.452248 -72.5636   4     19     54  
634.0  10:34:31 42.452286 -72.56364   3     13     42  
634.0  10:34:39 42.452282 -72.56363   3     17     52  
634.0  10:34:48 42.452282 -72.56363   5     14     43  
634.0  10:34:58 42.452282 -72.563644   5     18     41  
635.0  10:35:00 42.452282 -72.56365   3     11     57  
635.0  10:35:07 42.452282 -72.56365   3     10     40  
635.0  10:35:16 42.452423 -72.563934   3     17     55  
635.0  10:35:28 42.453644 -72.56551   4     14     45  
635.0  10:35:37 42.454967 -72.56684   4     11     45  
635.0  10:35:46 42.45643 -72.568245   4     13     42  
635.0  10:35:56 42.457893 -72.569626   3     15     54  
636.0  10:36:00 42.45933 -72.57099   5     18     51  
636.0  10:36:04 42.45949 -72.57114   4     17     52  
636.0  10:36:13 42.46084 -72.57219   5     12     41  
636.0  10:36:25 42.462837 -72.57337   5     17     43  
636.0  10:36:34 42.463852 -72.57403   4     11     41  
636.0  10:36:43 42.46486 -72.5751   5     10     53  
636.0  10:36:51 42.46547 -72.576096   4     14     42  
636.0  10:36:59 42.46594 -72.57723   4     19     58  
637.0  10:37:00 42.466175 -72.577995   4     17     54  
637.0  10:37:08 42.466305 -72.5786   3     17     47  
637.0  10:37:20 42.4664 -72.57935   3     10     40  
637.0  10:37:30 42.466396 -72.57931   5     12     46  
637.0  10:37:38 42.466385 -72.57957   5     12     49  
637.0  10:37:47 42.4657 -72.57994   3     10     42  
637.0  10:37:56 42.46461 -72.580444   4     14     52  
638.0  10:38:00 42.463566 -72.58082   5     15     51  
638.0  10:38:04 42.463432 -72.58086   4     10     56  
638.0  10:38:15 42.46205 -72.58133   5     11     48  
638.0  10:38:24 42.460773 -72.58174   5     10     49  
638.0  10:38:32 42.45962 -72.58211   4     13     53  
638.0  10:38:51 42.458305 -72.582596   5     14     50  
639.0  10:39:00 42.457497 -72.58166   3     16     44  
639.0  10:39:05 42.457542 -72.58188   3     11     51  
639.0  10:39:10 42.457657 -72.58143   3     18     55  
639.0  10:39:15 42.457733 -72.5814   4     18     55  
639.0  10:39:19 42.457764 -72.58139   4     11     57  
639.0  10:39:31 42.4578 -72.58139   4     13     55  
639.0  10:39:40 42.45781 -72.58142   3     19     57  
639.0  10:39:48 42.457787 -72.58143   3     15     49  
639.0  10:39:56 42.457767 -72.58143   4     19     52  
645.0  10:45:59 42.457767 -72.581375   4     18     58  
646.0  10:46:12 42.4579 -72.58151   5     18     55  
646.0  10:46:24 42.457928 -72.582504   3     13     50  
646.0  10:46:37 42.458275 -72.582565   4     18     46  
647.0  10:47:33 42.459442 -72.5784   4     19     59  
647.0  10:47:43 42.45922 -72.577415   3     16     59  
647.0  10:47:51 42.459003 -72.57627   4     15     51  
648.0  10:48:00 42.45882 -72.57521   3     18     56  
648.0  10:48:00 42.45872 -72.57469   4     14     47  
648.0  10:48:08 42.458622 -72.574135   4     17     41  
648.0  10:48:16 42.45839 -72.57285   3     15     48  
648.0  10:48:24 42.45811 -72.57151   4     13     53  
648.0  10:48:35 42.457043 -72.570175   3     12     43  
648.0  10:48:43 42.455982 -72.56905   5     18     42  
648.0  10:48:51 42.455112 -72.5681   3     14     46  
649.0  10:49:00 42.45456 -72.56719   4     17     58  
649.0  10:49:00 42.454597 -72.566734   4     11     44  
649.0  10:49:08 42.45458 -72.56657   3     15     43  
649.0  10:49:17 42.45423 -72.5662   3     19     45  
649.0  10:49:27 42.45314 -72.565025   5     14     55  
649.0  10:49:35 42.452282 -72.56385   4     17     58  
649.0  10:49:44 42.451607 -72.56292   3     18     48  
649.0  10:49:53 42.45146 -72.56275   5     17     48  
650.0  10:50:00 42.45149 -72.562775   4     16     49  
650.0  10:50:01 42.451485 -72.562775   5     18     57  
650.0  10:50:10 42.4515 -72.562775   3     17     50  
650.0  10:50:20 42.45151 -72.562775   4     17     54  
650.0  10:50:29 42.451515 -72.56277   3     16     57  
650.0  10:50:37 42.451523 -72.56277   3     15     45  
650.0  10:50:46 42.45142 -72.56257   3     12     59  
650.0  10:50:54 42.450882 -72.56182   4     17     48  
651.0  10:51:00 42.450024 -72.56054   5     16     43  
651.0  10:51:03 42.450024 -72.56054   3     12     51  
651.0  10:51:16 42.44887 -72.558525   5     12     48  
651.0  10:51:25 42.447803 -72.55649   4     14     49  
651.0  10:51:33 42.446632 -72.55489   3     15     47  
651.0  10:51:41 42.44528 -72.553925   3     12     54  
651.0  10:51:50 42.443924 -72.55305   5     19     48  
651.0  10:51:59 42.442474 -72.55176   4     11     43  
652.0  10:52:00 42.441708 -72.55091   5     16     52  
652.0  10:52:09 42.440952 -72.55005   3     14     55  
652.0  10:52:18 42.439632 -72.54881   5     18     58  
652.0  10:52:27 42.43792 -72.54755   5     17     51  
652.0  10:52:43 42.43468 -72.54594   4     17     49  
653.0  10:53:00 42.432884 -72.54492   5     14     42  
653.0  10:53:00 42.432903 -72.544945   3     10     55  
653.0  10:53:08 42.432922 -72.54499   4     13     58  
653.0  10:53:17 42.432922 -72.544975   4     18     54  
653.0  10:53:25 42.43255 -72.54466   4     11     54  
653.0  10:53:33 42.43164 -72.54386   5     14     50  
653.0  10:53:42 42.430397 -72.542786   4     18     58  
653.0  10:53:53 42.428356 -72.54106   4     16     53  
654.0  10:54:00 42.42659 -72.539795   4     16     41  
654.0  10:54:01 42.42695 -72.54003   5     13     58  
654.0  10:54:10 42.425514 -72.53908   3     17     42  
654.0  10:54:18 42.423866 -72.53811   5     12     58  
654.0  10:54:27 42.422337 -72.53748   5     19     57  
654.0  10:54:36 42.42059 -72.53702   5     19     42  
654.0  10:54:47 42.418217 -72.536835   5     11     56  
655.0  10:55:00 42.414806 -72.5372   4     12     50  
655.0  10:55:29 42.40983 -72.537834   5     10     43  
655.0  10:55:40 42.40898 -72.53793   3     15     45  
655.0  10:55:49 42.408997 -72.53794   4     16     56  
655.0  10:55:59 42.40899 -72.53797   3     15     48  
656.0  10:56:00 42.408955 -72.537964   3     19     45  
656.0  10:56:08 42.408924 -72.53776   5     18     49  
656.0  10:56:18 42.40935 -72.53673   3     17     47  
656.0  10:56:28 42.40956 -72.535164   5     16     51  
656.0  10:56:39 42.409718 -72.53344   3     13     41  
656.0  10:56:48 42.409683 -72.53332   4     19     58  
656.0  10:56:56 42.409683 -72.533134   3     19     58  
657.0  10:57:00 42.40978 -72.53223   3     10     53  
657.0  10:57:05 42.409794 -72.53208   4     14     55  
657.0  10:57:14 42.4099 -72.5311   4     13     54  
657.0  10:57:23 42.40989 -72.53105   5     18     54  
657.0  10:57:34 42.409916 -72.53098   3     12     49  
657.0  10:57:43 42.409603 -72.53082   3     12     43  
657.0  10:57:53 42.409004 -72.530685   5     10     55  
658.0  10:58:00 42.409 -72.530685   4     14     51  
658.0  10:58:01 42.40905 -72.53073   3     16     54  
658.0  10:58:10 42.408577 -72.53051   5     19     55  
658.0  10:58:18 42.407425 -72.530136   4     12     43  
658.0  10:58:29 42.405937 -72.52978   3     18     48  
658.0  10:58:38 42.40459 -72.52969   3     19     58  
658.0  10:58:47 42.403683 -72.529434   4     11     57  
658.0  10:58:56 42.40313 -72.529106   3     17     57  
659.0  10:59:00 42.403133 -72.52908   3     19     52  
659.0  10:59:04 42.403133 -72.52908   5     17     55  
659.0  10:59:23 42.40317 -72.52909   3     17     44  
659.0  10:59:31 42.403183 -72.52908   3     17     57  
659.0  10:59:41 42.403194 -72.52904   4     18     53  
659.0  10:59:45 42.403206 -72.52902   4     17     48  
659.0  10:59:54 42.40293 -72.528854   5     12     51  
660.0  11:00:00 42.40185 -72.52826   3     13     40  
660.0  11:00:02 42.402107 -72.52837   5     12     55  
660.0  11:00:11 42.40089 -72.527954   4     15     46  
660.0  11:00:19 42.39955 -72.528   5     12     44  
660.0  11:00:30 42.3981 -72.52808   3     14     58  
660.0  11:00:39 42.39691 -72.527756   3     15     46  
660.0  11:00:48 42.396065 -72.52741   3     10     48  
660.0  11:00:58 42.395947 -72.52736   3     18     52  
661.0  11:01:00 42.39597 -72.52739   3     18     50  
661.0  11:01:08 42.395966 -72.52738   4     16     51  
661.0  11:01:18 42.395958 -72.527374   3     10     43  
661.0  11:01:28 42.39596 -72.52736   5     11     55  
661.0  11:01:36 42.395752 -72.527275   4     11     57  
661.0  11:01:45 42.395462 -72.52714   3     12     47  
661.0  11:01:53 42.395294 -72.527054   3     12     57  
662.0  11:02:00 42.39524 -72.52699   3     14     49  
662.0  11:02:02 42.395275 -72.52703   5     18     40  
662.0  11:02:10 42.39521 -72.52696   4     18     41  
662.0  11:02:22 42.395206 -72.526955   3     10     44  
662.0  11:02:30 42.39524 -72.52699   3     12     40  
662.0  11:02:38 42.39527 -72.52703   4     11     47  
662.0  11:02:47 42.395027 -72.52691   5     11     55  
662.0  11:02:55 42.394497 -72.526566   5     16     46  
663.0  11:03:00 42.394035 -72.526306   5     15     53  
663.0  11:03:03 42.394085 -72.52633   4     11     52  
663.0  11:03:14 42.393757 -72.52616   4     16     48  
663.0  11:03:23 42.39375 -72.52615   4     16     53  
663.0  11:03:32 42.39369 -72.52613   5     17     58  
663.0  11:03:44 42.393417 -72.526054   3     11     51  
663.0  11:03:52 42.393345 -72.52598   5     12     59  
664.0  11:04:00 42.393345 -72.52602   5     12     45  
664.0  11:04:02 42.39334 -72.52599   3     15     55  
664.0  11:04:13 42.393353 -72.525986   3     10     52  
664.0  11:04:22 42.393345 -72.52602   4     12     41  
664.0  11:04:31 42.393383 -72.52599   5     16     53  
664.0  11:04:40 42.3934 -72.526   3     13     45  
664.0  11:04:49 42.39339 -72.526024   4     14     40  
664.0  11:04:58 42.393417 -72.52604   3     10     46  
665.0  11:05:00 42.39339 -72.52602   3     11     49  
665.0  11:05:10 42.393383 -72.526   3     16     58  
665.0  11:05:19 42.393 -72.52578   3     11     47  
665.0  11:05:28 42.392185 -72.5255   3     19     56  
665.0  11:05:36 42.391422 -72.52532   4     17     58  
665.0  11:05:45 42.391068 -72.52528   3     11     51  
665.0  11:05:54 42.390854 -72.52528   4     13     41  
666.0  11:06:00 42.39085 -72.52527   4     15     46  
666.0  11:06:06 42.39085 -72.52527   5     16     43  
666.0  11:06:14 42.39084 -72.52526   3     11     49  
666.0  11:06:22 42.390827 -72.52527   3     18     50  
666.0  11:06:30 42.390835 -72.52523   4     12     52  
666.0  11:06:38 42.39081 -72.52523   5     18     42  
666.0  11:06:46 42.39081 -72.52523   4     19     50  
666.0  11:06:57 42.390545 -72.52516   3     13     45  
667.0  11:07:00 42.39016 -72.52506   5     18     57  
667.0  11:07:05 42.390045 -72.52504   4     17     42  
667.0  11:07:13 42.38959 -72.524895   4     15     58  
667.0  11:07:22 42.389313 -72.5248   3     10     43  
667.0  11:07:31 42.38914 -72.52472   5     19     49  
667.0  11:07:39 42.38891 -72.524635   5     18     41  
667.0  11:07:50 42.388775 -72.524574   5     12     52  
667.0  11:07:59 42.38873 -72.52457   5     10     53  
668.0  11:08:00 42.38867 -72.52454   4     10     57  
668.0  11:08:08 42.388405 -72.52438   5     19     47  
668.0  11:08:17 42.38789 -72.52402   3     12     51  
668.0  11:08:25 42.38776 -72.52387   3     14     58  
668.0  11:08:34 42.38776 -72.52387   4     18     52  
668.0  11:08:44 42.387764 -72.523865   4     13     54  
668.0  11:08:53 42.387768 -72.52388   5     10     59  
669.0  11:09:00 42.387783 -72.52388   4     16     56  
669.0  11:09:02 42.38778 -72.52388   5     14     53  
669.0  11:09:10 42.387787 -72.52389   3     14     41  
669.0  11:09:19 42.387783 -72.523895   5     14     46  
669.0  11:09:28 42.387787 -72.5239   4     16     51  
669.0  11:09:39 42.387783 -72.523895   5     17     45  
669.0  11:09:48 42.387783 -72.523895   5     13     46  
669.0  11:09:57 42.38779 -72.523895   4     11     49  
670.0  11:10:00 42.38779 -72.523895   5     18     51  
670.0  11:10:06 42.387794 -72.5239   4     17     50  
670.0  11:10:14 42.387787 -72.52389   3     13     53  
670.0  11:10:24 42.38745 -72.52334   3     10     52  
670.0  11:10:35 42.38659 -72.5224   3     10     54  
670.0  11:10:43 42.38612 -72.52244   3     11     48  
670.0  11:10:52 42.38611 -72.5224   5     12     58  
671.0  11:11:00 42.38619 -72.522354   3     15     43  
671.0  11:11:01 42.386173 -72.52234   4     13     46  
671.0  11:11:10 42.386227 -72.522415   3     17     43  
672.0  11:12:00 42.384575 -72.52143   5     16     41  
672.0  11:12:17 42.383423 -72.520805   5     16     54  
672.0  11:12:31 42.382915 -72.52057   5     17     44  
672.0  11:12:50 42.38229 -72.52011   4     17     55  
673.0  11:13:00 42.381577 -72.51941   4     17     47  
673.0  11:13:00 42.381504 -72.51932   4     17     52  
673.0  11:13:09 42.38149 -72.51929   5     17     42  
673.0  11:13:18 42.381493 -72.51927   5     15     52  
673.0  11:13:27 42.38128 -72.51925   5     13     44  
673.0  11:13:39 42.37997 -72.51948   5     13     40  
673.0  11:13:48 42.379524 -72.51967   4     10     40  
673.0  11:13:57 42.379513 -72.519646   4     18     42  
674.0  11:14:00 42.379482 -72.51964   3     19     40  
674.0  11:14:05 42.379467 -72.519646   4     16     47  
674.0  11:14:13 42.379086 -72.51985   4     17     40  
674.0  11:14:21 42.378483 -72.52   3     16     52  
674.0  11:14:32 42.377922 -72.520004   3     11     52  
674.0  11:14:41 42.377842 -72.519966   5     11     45  
674.0  11:14:49 42.377846 -72.51997   4     11     53  
674.0  11:14:57 42.377766 -72.519905   3     17     54  
675.0  11:15:00 42.377666 -72.51992   4     11     40  
675.0  11:15:06 42.377666 -72.51993   4     17     58  
675.0  11:15:15 42.37747 -72.51996   5     19     59  
675.0  11:15:25 42.376945 -72.519905   3     10     53  
675.0  11:15:34 42.376526 -72.51989   3     18     50  
675.0  11:15:42 42.376114 -72.519905   3     14     50  
675.0  11:15:51 42.375645 -72.51989   4     18     52  
676.0  11:16:00 42.37503 -72.519844   4     11     46  
676.0  11:16:00 42.37475 -72.51983   3     16     50  
676.0  11:16:08 42.374477 -72.51985   3     11     43  
676.0  11:16:18 42.374428 -72.519905   3     11     54  
676.0  11:16:30 42.374428 -72.519905   5     10     59  
676.0  11:16:39 42.37432 -72.519775   5     18     40  
676.0  11:16:48 42.373493 -72.51984   3     18     51  
676.0  11:16:57 42.37236 -72.519745   5     11     52  
677.0  11:17:00 42.371525 -72.51972   4     19     49  
677.0  11:17:05 42.371414 -72.51972   3     17     45  
677.0  11:17:21 42.36941 -72.51993   4     18     47  
677.0  11:17:32 42.36818 -72.52008   4     11     49  
677.0  11:17:40 42.367023 -72.5202   3     14     44  
677.0  11:17:48 42.365944 -72.520325   5     10     55  
677.0  11:17:57 42.364765 -72.52057   4     13     52  
678.0  11:18:00 42.36359 -72.52074   4     14     43  
678.0  11:18:08 42.363434 -72.520744   5     16     43  
678.0  11:18:17 42.36178 -72.520775   5     19     44  
679.0  11:19:00 42.35554 -72.52126   5     19     54  
680.0  11:20:00 42.351635 -72.5261   3     16     55  
680.0  11:20:02 42.351624 -72.526115   3     12     40  
680.0  11:20:13 42.35164 -72.52609   3     12     50  
680.0  11:20:22 42.351597 -72.52678   4     10     43  
680.0  11:20:30 42.351463 -72.52746   5     15     43  
680.0  11:20:39 42.350983 -72.527435   4     13     56  
680.0  11:20:47 42.350697 -72.527435   5     14     51  
680.0  11:20:55 42.350235 -72.52742   5     11     42  
681.0  11:21:00 42.34988 -72.52759   3     11     54  
681.0  11:21:06 42.349846 -72.52763   5     18     45  
681.0  11:21:15 42.34964 -72.52819   3     11     45  
681.0  11:21:24 42.349503 -72.52848   4     15     43  
681.0  11:21:32 42.34916 -72.5288   3     16     43  
681.0  11:21:41 42.348877 -72.52888   3     17     51  
681.0  11:21:50 42.34887 -72.52886   3     14     57  
682.0  11:22:00 42.348927 -72.52889   4     14     55  
682.0  11:22:00 42.348938 -72.52889   5     14     41  
682.0  11:22:09 42.34895 -72.528885   4     15     43  
682.0  11:22:18 42.348927 -72.52893   4     19     48  
682.0  11:22:26 42.34889 -72.52897   5     18     48  
682.0  11:22:34 42.34886 -72.52899   3     14     41  
682.0  11:22:42 42.348866 -72.52896   3     13     51  
682.0  11:22:52 42.34887 -72.528946   4     10     40  
683.0  11:23:00 42.348896 -72.5289   3     12     46  
683.0  11:23:01 42.348892 -72.5289   5     11     40  
683.0  11:23:09 42.348904 -72.52891   3     11     44  
683.0  11:23:17 42.348896 -72.52897   4     19     47  
683.0  11:23:26 42.34887 -72.52903   5     18     45  
683.0  11:23:35 42.348858 -72.52904   4     14     50  
683.0  11:23:45 42.348854 -72.52904   4     17     50  
683.0  11:23:54 42.348877 -72.528984   5     16     55  
684.0  11:24:00 42.348896 -72.528946   5     18     47  
684.0  11:24:03 42.348892 -72.52895   5     18     55  
684.0  11:24:11 42.34892 -72.5289   5     14     53  
684.0  11:24:20 42.348934 -72.528885   5     13     41  
684.0  11:24:28 42.348827 -72.52892   5     17     53  
684.0  11:24:39 42.348503 -72.52908   5     10     41  
684.0  11:24:48 42.348392 -72.529274   4     11     55  
684.0  11:24:56 42.348377 -72.52931   3     14     42  
685.0  11:25:00 42.348328 -72.52957   4     11     56  
685.0  11:25:04 42.34833 -72.5296   4     11     52  
685.0  11:25:13 42.348354 -72.53022   4     18     48  
685.0  11:25:22 42.34867 -72.53056   3     14     52  
685.0  11:25:32 42.34907 -72.53041   3     14     54  
685.0  11:25:41 42.349762 -72.53024   5     10     59  
685.0  11:25:49 42.35026 -72.530235   4     10     42  
685.0  11:25:57 42.350464 -72.53023   5     10     52  
686.0  11:26:00 42.35047 -72.530235   5     18     52  
686.0  11:26:05 42.35047 -72.53024   3     19     57  
686.0  11:26:14 42.35058 -72.53024   3     13     44  
686.0  11:26:24 42.3513 -72.53024   4     19     40  
686.0  11:26:33 42.351524 -72.530235   3     15     57  
686.0  11:26:41 42.351574 -72.52956   3     17     48  
686.0  11:26:50 42.351555 -72.52813   4     15     46  
686.0  11:26:59 42.351532 -72.52677   4     14     56  
687.0  11:27:00 42.3515 -72.52654   5     13     58  
687.0  11:27:09 42.35151 -72.52646   5     11     50  
687.0  11:27:25 42.35154 -72.5265   5     13     51  
687.0  11:27:35 42.35153 -72.52646   4     12     59  
687.0  11:27:44 42.351517 -72.52641   3     19     50  
687.0  11:27:53 42.351597 -72.52581   3     13     59  
688.0  11:28:00 42.351955 -72.523926   3     18     52  
688.0  11:28:02 42.351803 -72.524445   3     12     57  
688.0  11:28:46 42.353462 -72.522545   5     10     48  
689.0  11:29:00 42.357002 -72.5209   5     15     57  
689.0  11:29:00 42.357494 -72.52085   3     17     49  
689.0  11:29:11 42.358326 -72.520805   5     11     45  
689.0  11:29:19 42.35968 -72.520744   5     17     49  
689.0  11:29:28 42.36092 -72.52073   3     17     48  
689.0  11:29:42 42.3625 -72.5207   3     17     58  
689.0  11:29:51 42.364746 -72.520546   5     16     59  
690.0  11:30:00 42.366837 -72.52019   5     13     47  
690.0  11:30:06 42.36668 -72.52021   5     11     49  
690.0  11:30:14 42.368217 -72.51997   4     11     59  
690.0  11:30:23 42.369305 -72.51987   4     15     58  
690.0  11:30:32 42.370747 -72.51972   5     17     47  
690.0  11:30:41 42.37192 -72.51967   3     16     42  
690.0  11:30:50 42.37279 -72.5197   3     11     42  
691.0  11:31:00 42.373142 -72.51973   4     10     42  
691.0  11:31:01 42.37315 -72.519745   3     19     52  
691.0  11:31:09 42.373146 -72.51973   5     15     57  
691.0  11:31:17 42.37311 -72.51976   5     11     44  
691.0  11:31:26 42.37308 -72.519775   3     16     58  
691.0  11:31:35 42.373184 -72.51978   3     18     44  
691.0  11:31:43 42.374046 -72.519775   4     17     57  
691.0  11:31:54 42.374744 -72.51974   4     14     43  
692.0  11:32:00 42.374767 -72.51974   3     16     53  
692.0  11:32:02 42.37476 -72.51974   5     16     59  
692.0  11:32:11 42.37479 -72.51973   5     13     51  
692.0  11:32:19 42.374794 -72.51972   4     15     55  
692.0  11:32:28 42.374947 -72.51975   3     19     44  
692.0  11:32:37 42.375305 -72.51978   5     17     50  
692.0  11:32:47 42.375423 -72.51973   3     19     55  
692.0  11:32:56 42.37542 -72.51972   4     19     41  
693.0  11:33:00 42.3754 -72.51972   3     10     58  
693.0  11:33:05 42.375404 -72.51972   4     13     52  
693.0  11:33:14 42.37545 -72.51972   3     14     48  
693.0  11:33:23 42.37545 -72.51972   3     17     50  
693.0  11:33:32 42.375668 -72.51973   5     16     48  
693.0  11:33:42 42.376423 -72.519775   5     14     52  
693.0  11:33:51 42.376877 -72.51979   3     12     55  
693.0  11:33:59 42.377285 -72.519806   4     15     55  
694.0  11:34:00 42.377373 -72.51978   5     11     44  
694.0  11:34:08 42.377438 -72.51977   4     10     42  
694.0  11:34:17 42.377487 -72.51979   4     10     40  
694.0  11:34:26 42.377464 -72.51983   5     13     48  
694.0  11:34:37 42.377495 -72.519844   3     18     47  
694.0  11:34:46 42.37797 -72.51985   3     19     49  
694.0  11:34:54 42.378593 -72.519875   3     18     42  
695.0  11:35:00 42.37893 -72.51982   4     19     45  
695.0  11:35:03 42.37893 -72.51982   4     11     48  
695.0  11:35:12 42.379086 -72.51981   4     13     52  
695.0  11:35:20 42.379757 -72.51949   3     17     52  
695.0  11:35:31 42.379837 -72.51946   4     14     53  
695.0  11:35:39 42.379936 -72.51947   5     15     40  
695.0  11:35:48 42.38068 -72.51931   4     14     58  
695.0  11:35:56 42.381397 -72.519226   4     14     43  
696.0  11:36:00 42.38147 -72.51923   4     17     47  
696.0  11:36:05 42.381477 -72.51923   4     11     46  
696.0  11:36:13 42.38175 -72.519516   3     12     56  
696.0  11:36:24 42.382492 -72.52019   4     19     56  
696.0  11:36:33 42.38317 -72.520584   5     17     47  
696.0  11:36:41 42.384167 -72.52113   3     18     47  
696.0  11:36:50 42.384953 -72.52157   5     18     40  
696.0  11:36:58 42.385765 -72.521965   4     11     58  
697.0  11:37:00 42.38597 -72.52224   5     13     46  
697.0  11:37:07 42.385975 -72.522316   4     14     49  
697.0  11:37:17 42.386505 -72.52232   3     14     47  
697.0  11:37:26 42.38714 -72.522804   3     17     53  
697.0  11:37:35 42.387646 -72.52341   4     16     53  
697.0  11:37:43 42.387714 -72.5235   4     19     43  
697.0  11:37:52 42.387703 -72.5235   4     17     58  
698.0  11:38:00 42.387794 -72.523735   3     18     44  
698.0  11:38:00 42.388016 -72.52399   3     12     57  
698.0  11:38:12 42.38859 -72.524414   5     16     51  
698.0  11:38:21 42.388878 -72.52454   5     11     49  
698.0  11:38:30 42.389793 -72.524925   4     10     47  
698.0  11:38:38 42.3905 -72.52508   5     15     46  
698.0  11:38:48 42.390976 -72.525154   4     10     47  
698.0  11:38:57 42.391167 -72.525185   5     11     56  
699.0  11:39:00 42.39114 -72.525185   4     19     55  
699.0  11:39:08 42.391144 -72.525185   5     14     58  
699.0  11:39:17 42.391155 -72.5252   3     12     54  
699.0  11:39:25 42.391167 -72.5252   4     17     58  
699.0  11:39:33 42.391197 -72.525215   5     10     46  
699.0  11:39:42 42.391598 -72.52528   5     12     59  
699.0  11:39:50 42.392265 -72.52545   4     17     56  
700.0  11:40:00 42.393368 -72.52585   4     16     58  
700.0  11:40:02 42.393227 -72.52577   3     15     59  
700.0  11:40:10 42.393734 -72.52604   5     13     44  
700.0  11:40:18 42.39394 -72.5261   4     12     52  
700.0  11:40:26 42.39393 -72.526085   4     15     43  
700.0  11:40:35 42.39391 -72.52609   4     13     55  
700.0  11:40:48 42.394123 -72.52632   3     17     45  
700.0  11:40:59 42.394924 -72.526794   3     10     53  
701.0  11:41:00 42.394936 -72.526794   3     15     48  
701.0  11:41:08 42.394936 -72.52679   4     14     52  
701.0  11:41:17 42.394924 -72.52681   4     11     42  
701.0  11:41:25 42.395218 -72.526955   4     16     45  
701.0  11:41:35 42.395992 -72.52729   5     15     47  
701.0  11:41:44 42.396927 -72.52769   3     17     57  
701.0  11:41:55 42.397587 -72.527916   4     13     40  
702.0  11:42:00 42.39765 -72.52792   4     15     51  
702.0  11:42:03 42.397625 -72.527916   3     15     59  
702.0  11:42:12 42.3978 -72.528015   4     11     54  
702.0  11:42:20 42.398598 -72.52799   3     10     44  
702.0  11:42:28 42.39959 -72.52794   5     13     58  
702.0  11:42:37 42.40085 -72.52787   4     16     41  
702.0  11:42:48 42.40233 -72.52843   4     12     48  
702.0  11:42:57 42.403202 -72.528984   3     13     59  
703.0  11:43:00 42.403786 -72.52935   4     14     52  
703.0  11:43:05 42.403824 -72.52937   4     15     42  
703.0  11:43:14 42.40393 -72.52945   4     14     49  
703.0  11:43:22 42.403877 -72.52942   4     10     42  
703.0  11:43:31 42.403984 -72.52955   3     18     46  
703.0  11:43:42 42.405064 -72.52964   5     18     44  
703.0  11:43:51 42.406307 -72.529785   3     10     57  
704.0  11:44:00 42.40751 -72.530106   5     11     51  
704.0  11:44:00 42.40806 -72.53026   5     12     55  
704.0  11:44:12 42.408695 -72.53042   4     18     45  
704.0  11:44:33 42.40934 -72.5306   3     10     51  
704.0  11:44:44 42.409657 -72.53083   3     14     57  
704.0  11:44:52 42.409966 -72.53107   5     19     49  
705.0  11:45:00 42.409855 -72.531876   5     15     54  
705.0  11:45:00 42.409794 -72.53246   5     18     54  
705.0  11:45:09 42.40971 -72.53304   5     16     47  
705.0  11:45:18 42.409645 -72.53362   3     17     40  
705.0  11:45:26 42.409637 -72.53358   5     12     41  
705.0  11:45:38 42.409485 -72.53493   5     19     53  
705.0  11:45:47 42.409313 -72.53653   3     18     56  
705.0  11:45:55 42.409077 -72.53752   4     13     54  
706.0  11:46:00 42.409466 -72.53784   4     10     45  
706.0  11:46:04 42.409374 -72.53787   4     13     57  
706.0  11:46:12 42.410423 -72.53768   5     16     54  
706.0  11:46:22 42.41186 -72.53749   3     13     49  
706.0  11:46:34 42.414173 -72.53721   3     17     55  
706.0  11:46:43 42.415985 -72.53699   3     17     43  
706.0  11:46:52 42.417976 -72.536766   5     10     47  
707.0  11:47:00 42.41958 -72.53679   4     10     47  
707.0  11:47:00 42.420383 -72.53689   4     11     49  
707.0  11:47:09 42.42138 -72.53707   4     13     40  
707.0  11:47:18 42.422928 -72.53757   4     14     53  
707.0  11:47:28 42.425003 -72.53862   4     18     55  
707.0  11:47:36 42.426437 -72.53958   5     15     52  
707.0  11:47:45 42.428032 -72.54072   5     16     44  
707.0  11:47:54 42.42941 -72.54181   3     11     48  
708.0  11:48:00 42.43125 -72.54343   5     13     54  
708.0  11:48:02 42.43092 -72.54313   5     12     59  
708.0  11:48:11 42.43225 -72.54428   3     13     48  
708.0  11:48:21 42.4342 -72.545616   5     13     58  
708.0  11:48:30 42.435703 -72.54637   4     12     42  
708.0  11:48:38 42.437393 -72.54722   5     14     46  
708.0  11:48:46 42.438812 -72.5481   3     14     49  
708.0  11:48:54 42.44031 -72.54936   5     11     49  
709.0  11:49:00 42.441715 -72.55089   5     19     40  
709.0  11:49:03 42.441563 -72.550705   4     16     44  
709.0  11:49:15 42.443256 -72.552475   5     12     55  
709.0  11:49:23 42.44462 -72.55352   4     16     45  
709.0  11:49:31 42.445927 -72.55431   5     19     52  
709.0  11:49:40 42.447117 -72.55534   5     19     42  
709.0  11:49:48 42.448303 -72.55689   4     18     55  
709.0  11:49:57 42.44917 -72.5587   5     19     58  
710.0  11:50:00 42.44969 -72.55987   3     16     46  
710.0  11:50:07 42.449955 -72.5603   5     12     40  
710.0  11:50:16 42.45077 -72.561485   4     17     55  
710.0  11:50:24 42.45166 -72.5628   4     13     58  
710.0  11:50:32 42.452225 -72.56353   3     11     48  
710.0  11:50:41 42.45228 -72.56365   3     16     41  
711.0  11:51:00 42.4525 -72.56402   5     18     45  
711.0  11:51:25 42.455025 -72.56685   3     11     52  
711.0  11:51:36 42.456455 -72.56821   3     11     53  
711.0  11:51:44 42.45777 -72.56945   3     12     46  
711.0  11:51:53 42.45923 -72.57088   3     18     59  
712.0  11:52:00 42.46114 -72.572395   3     14     53  
712.0  11:52:02 42.460773 -72.57216   3     17     41  
712.0  11:52:11 42.462353 -72.57308   5     12     42  
712.0  11:52:20 42.46353 -72.57372   4     16     49  
712.0  11:52:37 42.465237 -72.57565   5     10     41  
713.0  11:53:00 42.46644 -72.57937   4     12     49  
713.0  11:53:55 42.464603 -72.580315   3     11     58  
714.0  11:54:00 42.463604 -72.580734   4     17     41  
714.0  11:54:09 42.462795 -72.581055   5     11     47  
714.0  11:54:20 42.461422 -72.58152   4     18     41  
714.0  11:54:28 42.46022 -72.58192   3     15     52  
714.0  11:54:37 42.45916 -72.58227   3     10     41  
714.0  11:54:46 42.458107 -72.582664   3     19     43  
714.0  11:54:54 42.4576 -72.58281   5     18     48  
715.0  11:55:00 42.45765 -72.58233   5     17     41  
715.0  11:55:02 42.457653 -72.58239   4     10     50  
715.0  11:55:13 42.457535 -72.58164   4     16     56  
715.0  11:55:22 42.45774 -72.58138   3     10     58  
715.0  11:55:30 42.457806 -72.58141   3     17     58  
715.0  11:55:39 42.45783 -72.58144   5     10     49  
715.0  11:55:47 42.457825 -72.58144   3     11     42  
716.0  11:56:00 42.457794 -72.58145   4     17     44  
716.0  11:56:01 42.457798 -72.58145   5     16     44  
716.0  11:56:11 42.45779 -72.58145   3     18     49  
716.0  11:56:19 42.45782 -72.58147   4     12     53  
716.0  11:56:28 42.457836 -72.58147   5     10     56  
716.0  11:56:37 42.457832 -72.58145   4     14     59  
716.0  11:56:46 42.457787 -72.581436   4     14     41  
716.0  11:56:55 42.45776 -72.58143   5     18     55  
717.0  11:57:00 42.457752 -72.58142   3     19     51  
717.0  11:57:06 42.45775 -72.58142   4     10     55  
717.0  11:57:14 42.45774 -72.58142   3     18     44  
717.0  11:57:22 42.45773 -72.58141   4     11     54  
717.0  11:57:30 42.45772 -72.58141   4     10     57  
717.0  11:57:39 42.45773 -72.58142   5     19     45  
717.0  11:57:52 42.457733 -72.58143   4     10     43  
718.0  11:58:00 42.457733 -72.58141   4     18     53  
718.0  11:58:02 42.45773 -72.58141   4     14     50  
718.0  11:58:11 42.457737 -72.581406   4     11     47  
718.0  11:58:19 42.45775 -72.5814   3     13     59  
718.0  11:58:27 42.457752 -72.5814   3     12     47  
718.0  11:58:36 42.457752 -72.58139   5     15     56  
718.0  11:58:44 42.45774 -72.5814   5     17     55  
718.0  11:58:55 42.457726 -72.58138   4     12     54  
719.0  11:59:00 42.457706 -72.58136   5     10     51  
719.0  11:59:04 42.457706 -72.58136   5     10     45  
719.0  11:59:12 42.45774 -72.581436   4     11     57  
719.0  11:59:20 42.45777 -72.58141   4     18     56  
719.0  11:59:28 42.457775 -72.58125   5     10     51  
719.0  11:59:37 42.457745 -72.5814   4     11     49  
719.0  11:59:47 42.45775 -72.58142   3     11     51  
719.0  11:59:56 42.457775 -72.5815   3     12     53  
720.0  12:00:00 42.457794 -72.58148   5     17     41  
720.0  12:00:14 42.45779 -72.581474   4     11     59  
720.0  12:00:21 42.457783 -72.581436   5     15     52  
720.0  12:00:26 42.457787 -72.581436   4     15     50  
720.0  12:00:31 42.457806 -72.58144   3     12     43  
720.0  12:00:45 42.45782 -72.581436   3     13     48  
720.0  12:00:50 42.45784 -72.58143   4     19     44  
720.0  12:00:55 42.45783 -72.581436   4     15     47  
