647.0  10:47:24 42.39279 -72.53356   4     17     55  
647.0  10:47:36 42.392483 -72.53384   5     16     46  
647.0  10:47:48 42.391834 -72.533615   4     12     58  
647.0  10:47:57 42.390663 -72.53312   4     12     59  
648.0  10:48:00 42.39039 -72.533   5     16     47  
648.0  10:48:06 42.39038 -72.53299   5     13     53  
648.0  10:48:15 42.390373 -72.53301   3     18     52  
648.0  10:48:27 42.3897 -72.53271   5     19     50  
648.0  10:48:35 42.388824 -72.53235   4     14     58  
648.0  10:48:45 42.38797 -72.53197   5     16     44  
648.0  10:48:55 42.38682 -72.5315   4     18     45  
649.0  10:49:00 42.38585 -72.53109   5     11     54  
649.0  10:49:09 42.38585 -72.53109   4     12     51  
649.0  10:49:25 42.38585 -72.53109   3     12     51  
649.0  10:49:35 42.38516 -72.53159   4     10     43  
649.0  10:49:44 42.38479 -72.53294   4     19     52  
649.0  10:49:52 42.384323 -72.53434   3     13     48  
650.0  10:50:00 42.38407 -72.53631   4     17     52  
650.0  10:50:01 42.38408 -72.53593   5     12     46  
650.0  10:50:10 42.38412 -72.5375   4     15     48  
650.0  10:50:18 42.38422 -72.53889   4     12     44  
650.0  10:50:28 42.38358 -72.539116   3     11     58  
650.0  10:50:37 42.38261 -72.53949   4     16     47  
650.0  10:50:46 42.38269 -72.54061   5     17     47  
650.0  10:50:54 42.384007 -72.54071   3     17     40  
651.0  10:51:00 42.385582 -72.540535   5     14     56  
651.0  10:51:03 42.385395 -72.54056   3     17     40  
651.0  10:51:11 42.387104 -72.54032   5     17     58  
651.0  10:51:22 42.38923 -72.54012   3     10     43  
651.0  10:51:30 42.39085 -72.540085   3     15     54  
651.0  10:51:39 42.39262 -72.53987   3     11     57  
651.0  10:51:49 42.394398 -72.53963   3     15     43  
651.0  10:51:57 42.396133 -72.53939   4     11     40  
652.0  10:52:00 42.397373 -72.53924   5     16     54  
652.0  10:52:06 42.39801 -72.53916   5     13     52  
652.0  10:52:17 42.400383 -72.53888   4     18     44  
652.0  10:52:26 42.402035 -72.53867   4     17     51  
652.0  10:52:36 42.404125 -72.538414   4     12     41  
652.0  10:52:46 42.406487 -72.53813   3     10     54  
652.0  10:52:55 42.40806 -72.537895   4     17     59  
653.0  10:53:00 42.408897 -72.537735   5     13     47  
653.0  10:53:04 42.408897 -72.537735   4     10     53  
653.0  10:53:17 42.40919 -72.53715   5     14     52  
653.0  10:53:27 42.409443 -72.535385   3     17     58  
653.0  10:53:35 42.409607 -72.53392   4     19     56  
653.0  10:53:44 42.40964 -72.53331   3     17     45  
653.0  10:53:52 42.40963 -72.53332   5     12     54  
654.0  10:54:00 42.40965 -72.53333   5     14     41  
654.0  10:54:00 42.409657 -72.53333   5     17     43  
654.0  10:54:10 42.409653 -72.533325   5     17     40  
655.0  10:55:00 42.409637 -72.53319   5     11     46  
655.0  10:55:39 42.409153 -72.53074   3     19     55  
655.0  10:55:50 42.408993 -72.53072   3     18     41  
655.0  10:55:59 42.409023 -72.530754   5     19     42  
656.0  10:56:00 42.40903 -72.53077   5     18     45  
656.0  10:56:08 42.40897 -72.53072   3     17     50  
656.0  10:56:17 42.40838 -72.53044   3     17     45  
656.0  10:56:26 42.407253 -72.53009   4     12     59  
656.0  10:56:35 42.40639 -72.52988   3     17     55  
656.0  10:56:46 42.406292 -72.530525   3     17     45  
656.0  10:56:56 42.406384 -72.531166   5     11     53  
657.0  10:57:00 42.40624 -72.53167   4     19     51  
657.0  10:57:04 42.406223 -72.53172   5     15     55  
657.0  10:57:12 42.40609 -72.53211   3     12     43  
657.0  10:57:21 42.40607 -72.532394   5     10     55  
657.0  10:57:30 42.406067 -72.53246   3     12     48  
657.0  10:57:41 42.405903 -72.53248   3     19     52  
657.0  10:57:49 42.40591 -72.53248   3     13     56  
657.0  10:57:58 42.405922 -72.532486   5     18     40  
658.0  10:58:00 42.405922 -72.532486   5     13     40  
658.0  10:58:06 42.405926 -72.53249   4     18     49  
658.0  10:58:15 42.405926 -72.53246   4     10     54  
658.0  10:58:25 42.405926 -72.53244   5     18     44  
658.0  10:58:36 42.40592 -72.53247   4     19     42  
658.0  10:58:44 42.405922 -72.53245   4     13     51  
658.0  10:58:52 42.40592 -72.532455   5     19     48  
659.0  10:59:00 42.405922 -72.53248   5     16     40  
659.0  10:59:01 42.40592 -72.53246   3     12     43  
659.0  10:59:10 42.405922 -72.5325   3     14     58  
659.0  10:59:19 42.405926 -72.53252   5     15     51  
659.0  10:59:30 42.405922 -72.532524   3     10     53  
659.0  10:59:39 42.405914 -72.532555   5     19     49  
659.0  10:59:48 42.40591 -72.53253   5     11     52  
659.0  10:59:57 42.405914 -72.53248   4     18     44  
660.0  11:00:00 42.405914 -72.53246   3     12     47  
660.0  11:00:08 42.40592 -72.53246   3     14     56  
660.0  11:00:16 42.405907 -72.53247   4     17     53  
660.0  11:00:30 42.40591 -72.53246   3     11     57  
660.0  11:00:38 42.4059 -72.532425   3     12     59  
660.0  11:00:47 42.40563 -72.532425   4     11     53  
660.0  11:00:56 42.405422 -72.53241   4     12     44  
661.0  11:01:00 42.405144 -72.53237   4     12     56  
661.0  11:01:05 42.405064 -72.53237   5     18     54  
661.0  11:01:14 42.404846 -72.53221   3     17     52  
661.0  11:01:25 42.404865 -72.53167   5     15     55  
661.0  11:01:35 42.404915 -72.53103   3     15     41  
661.0  11:01:44 42.404945 -72.530975   3     10     42  
661.0  11:01:53 42.40496 -72.530815   5     12     54  
662.0  11:02:00 42.405025 -72.53047   5     13     43  
662.0  11:02:08 42.40503 -72.5305   3     12     56  
662.0  11:02:18 42.404995 -72.530426   3     10     45  
662.0  11:02:26 42.405083 -72.530014   4     18     45  
662.0  11:02:35 42.40502 -72.529755   3     12     55  
662.0  11:02:44 42.40477 -72.529625   5     17     57  
662.0  11:02:52 42.40398 -72.52953   4     16     57  
663.0  11:03:00 42.40318 -72.529076   3     18     40  
663.0  11:03:01 42.403282 -72.52912   5     13     51  
663.0  11:03:12 42.40308 -72.52917   4     18     50  
663.0  11:03:20 42.40312 -72.52925   5     15     53  
663.0  11:03:29 42.403156 -72.5292   3     10     55  
663.0  11:03:38 42.403164 -72.52917   3     16     54  
663.0  11:03:45 42.403145 -72.529045   5     18     50  
663.0  11:03:54 42.402523 -72.528625   5     16     43  
664.0  11:04:00 42.401455 -72.52807   4     13     51  
664.0  11:04:05 42.40131 -72.52801   4     17     49  
664.0  11:04:14 42.399998 -72.52787   3     13     57  
664.0  11:04:22 42.39876 -72.527985   3     19     47  
664.0  11:04:30 42.397755 -72.528015   3     18     50  
664.0  11:04:39 42.397102 -72.52783   3     11     40  
664.0  11:04:48 42.396324 -72.52747   3     10     59  
664.0  11:04:59 42.395863 -72.52726   4     15     50  
665.0  11:05:00 42.395874 -72.52733   5     12     58  
665.0  11:05:13 42.395863 -72.52736   4     17     42  
665.0  11:05:21 42.39587 -72.527374   3     10     46  
665.0  11:05:30 42.39592 -72.52739   5     14     44  
665.0  11:05:38 42.39591 -72.52737   3     13     49  
665.0  11:05:49 42.395844 -72.527336   5     10     43  
665.0  11:05:58 42.395557 -72.52715   3     12     42  
666.0  11:06:00 42.395313 -72.52703   4     12     49  
666.0  11:06:07 42.395058 -72.5269   3     17     47  
666.0  11:06:15 42.394577 -72.526596   3     10     51  
666.0  11:06:24 42.394203 -72.52637   5     18     55  
666.0  11:06:35 42.394066 -72.52632   3     12     48  
666.0  11:06:45 42.393932 -72.526276   4     13     40  
666.0  11:06:55 42.393623 -72.526115   3     18     53  
667.0  11:07:00 42.39348 -72.526085   4     11     47  
667.0  11:07:04 42.39348 -72.526085   3     12     50  
667.0  11:07:22 42.393456 -72.52609   5     13     44  
667.0  11:07:30 42.393482 -72.52603   4     10     59  
667.0  11:07:47 42.393505 -72.52606   5     15     52  
667.0  11:07:53 42.3935 -72.52606   3     10     51  
667.0  11:07:58 42.393425 -72.52601   3     12     47  
668.0  11:08:00 42.393288 -72.525894   5     11     45  
668.0  11:08:04 42.393288 -72.525894   5     13     59  
668.0  11:08:18 42.39258 -72.525375   4     10     41  
668.0  11:08:27 42.391712 -72.5253   5     19     50  
668.0  11:08:36 42.391144 -72.5252   5     13     40  
668.0  11:08:58 42.39097 -72.52526   4     15     43  
669.0  11:09:00 42.39098 -72.52535   5     17     46  
669.0  11:09:10 42.39097 -72.52535   5     11     42  
669.0  11:09:19 42.390965 -72.52532   5     17     46  
669.0  11:09:27 42.390915 -72.52524   4     19     59  
669.0  11:09:36 42.390877 -72.52521   3     10     40  
669.0  11:09:44 42.390774 -72.52514   4     12     56  
669.0  11:09:55 42.390816 -72.52511   3     18     54  
670.0  11:10:00 42.390697 -72.525085   5     19     54  
670.0  11:10:05 42.39057 -72.52506   3     11     52  
670.0  11:10:14 42.389946 -72.524956   4     16     43  
670.0  11:10:22 42.389317 -72.52473   3     13     53  
670.0  11:10:31 42.38875 -72.524506   3     15     44  
670.0  11:10:39 42.38866 -72.5245   3     13     55  
670.0  11:10:48 42.388504 -72.52442   5     16     51  
670.0  11:10:59 42.38831 -72.52432   4     16     46  
671.0  11:11:00 42.388123 -72.52417   4     11     50  
671.0  11:11:08 42.38796 -72.52408   5     18     42  
671.0  11:11:17 42.387897 -72.52401   4     14     50  
671.0  11:11:25 42.38789 -72.52397   4     17     43  
671.0  11:11:33 42.387905 -72.523964   3     15     54  
671.0  11:11:42 42.387917 -72.52398   3     16     51  
671.0  11:11:53 42.38791 -72.5239   4     14     56  
672.0  11:12:00 42.38768 -72.52364   4     12     59  
672.0  11:12:01 42.387733 -72.523705   4     11     57  
672.0  11:12:10 42.3874 -72.52325   3     13     42  
672.0  11:12:18 42.38684 -72.522606   3     18     56  
672.0  11:12:27 42.386196 -72.52245   3     13     51  
672.0  11:12:36 42.386013 -72.52273   5     14     48  
672.0  11:12:47 42.385952 -72.52397   4     19     56  
672.0  11:12:55 42.385845 -72.52452   5     19     50  
673.0  11:13:00 42.38584 -72.52456   4     19     46  
673.0  11:13:08 42.38584 -72.52456   4     14     46  
674.0  11:14:00 42.38627 -72.52538   3     16     59  
674.0  11:14:05 42.386272 -72.52539   5     16     49  
674.0  11:14:16 42.38673 -72.52558   5     16     58  
674.0  11:14:24 42.387066 -72.52572   5     14     50  
674.0  11:14:33 42.387268 -72.526085   4     19     47  
675.0  11:15:00 42.38695 -72.52643   3     11     55  
675.0  11:15:23 42.386723 -72.52627   4     16     54  
675.0  11:15:34 42.386124 -72.52605   4     13     43  
675.0  11:15:42 42.38571 -72.52593   4     14     56  
675.0  11:15:51 42.38556 -72.52585   5     15     54  
675.0  11:15:59 42.385338 -72.526375   5     15     52  
676.0  11:16:00 42.385178 -72.527054   4     16     53  
676.0  11:16:13 42.385338 -72.526375   5     17     51  
676.0  11:16:24 42.384983 -72.528336   5     10     59  
676.0  11:16:32 42.384987 -72.528336   3     17     58  
676.0  11:16:43 42.385 -72.52834   4     18     45  
676.0  11:16:52 42.385006 -72.52834   4     14     56  
677.0  11:17:00 42.385 -72.52834   5     13     59  
677.0  11:17:00 42.384987 -72.52835   5     10     55  
677.0  11:17:10 42.384975 -72.52836   3     13     57  
677.0  11:17:21 42.384975 -72.52836   4     14     47  
677.0  11:17:31 42.38496 -72.52838   3     10     45  
677.0  11:17:40 42.384922 -72.52845   5     13     43  
677.0  11:17:48 42.3849 -72.5287   5     12     59  
677.0  11:17:57 42.38501 -72.529655   4     18     48  
678.0  11:18:00 42.385143 -72.530304   5     17     47  
678.0  11:18:05 42.38517 -72.53046   4     17     53  
678.0  11:18:14 42.385212 -72.53058   4     12     46  
678.0  11:18:25 42.385525 -72.5309   3     19     43  
678.0  11:18:34 42.3864 -72.531166   4     13     49  
678.0  11:18:42 42.38753 -72.53163   5     12     51  
678.0  11:18:51 42.388546 -72.53204   3     15     58  
678.0  11:18:59 42.389378 -72.532394   4     19     55  
679.0  11:19:00 42.389717 -72.53254   4     14     41  
679.0  11:19:08 42.390045 -72.53268   3     19     57  
679.0  11:19:19 42.39083 -72.53302   3     15     56  
679.0  11:19:27 42.39138 -72.533226   4     10     50  
679.0  11:19:36 42.392143 -72.53355   4     17     59  
679.0  11:19:45 42.39266 -72.5337   5     17     47  
679.0  11:19:53 42.392918 -72.532936   5     16     53  
680.0  11:20:00 42.393345 -72.532394   5     11     50  
680.0  11:20:01 42.393314 -72.53238   4     12     57  
680.0  11:20:12 42.393524 -72.53249   3     17     51  
680.0  11:20:22 42.393562 -72.53248   5     15     50  
680.0  11:20:31 42.3937 -72.53254   5     16     45  
680.0  11:20:46 42.39406 -72.53275   4     18     41  
680.0  11:20:55 42.394833 -72.5331   4     19     58  
681.0  11:21:00 42.394966 -72.53351   5     13     52  
681.0  11:21:05 42.39496 -72.53353   3     14     41  
681.0  11:21:15 42.39496 -72.53351   5     19     59  
681.0  11:21:23 42.39496 -72.5335   3     17     56  
681.0  11:21:31 42.394955 -72.5335   5     19     52  
681.0  11:21:40 42.394966 -72.533485   5     11     54  
681.0  11:21:48 42.394966 -72.53347   5     11     52  
