600.0  10:00:00 42.45768 -72.58144   3     17     46  
601.0  10:01:00 42.457764 -72.58143   4     19     50  
602.0  10:02:00 42.458076 -72.58266   5     12     53  
603.0  10:03:00 42.459293 -72.577965   4     11     42  
604.0  10:04:00 42.458366 -72.57254   3     10     41  
605.0  10:05:00 42.455032 -72.567955   5     19     45  
606.0  10:06:00 42.451546 -72.56277   4     19     42  
607.0  10:07:00 42.44923 -72.559135   3     15     56  
608.0  10:08:00 42.44123 -72.55034   4     17     52  
609.0  10:09:00 42.43124 -72.54349   4     19     48  
610.0  10:10:00 42.42124 -72.53714   5     11     49  
611.0  10:11:00 42.41021 -72.5378   3     12     40  
612.0  10:12:00 42.4095 -72.53464   5     12     59  
613.0  10:13:00 42.409954 -72.531166   5     16     53  
614.0  10:14:00 42.40606 -72.52976   5     10     51  
615.0  10:15:00 42.40308 -72.52901   4     18     55  
616.0  10:16:00 42.396427 -72.52754   5     19     46  
617.0  10:17:00 42.394897 -72.52676   5     11     40  
618.0  10:18:00 42.393387 -72.526   4     13     44  
619.0  10:19:00 42.390846 -72.5253   4     15     59  
620.0  10:20:00 42.38779 -72.52384   3     18     43  
621.0  10:21:00 42.38579 -72.522385   4     11     59  
622.0  10:22:00 42.381535 -72.51934   5     19     45  
623.0  10:23:00 42.378563 -72.51991   5     19     53  
624.0  10:24:00 42.377724 -72.51989   3     15     42  
625.0  10:25:00 42.374866 -72.5198   4     14     56  
626.0  10:26:00 42.370117 -72.5199   5     12     49  
627.0  10:27:00 42.36198 -72.52079   4     10     59  
628.0  10:28:00 42.355175 -72.52144   3     19     42  
629.0  10:29:00 42.351654 -72.52604   4     12     53  
630.0  10:30:00 42.34992 -72.52757   4     17     52  
631.0  10:31:00 42.3489 -72.5289   3     11     57  
641.0  10:41:00 42.34992 -72.530334   5     17     55  
642.0  10:42:00 42.35161 -72.53013   4     15     49  
643.0  10:43:00 42.35153 -72.526436   5     11     58  
644.0  10:44:00 42.35546 -72.52131   3     14     42  
645.0  10:45:00 42.359783 -72.52081   5     16     41  
646.0  10:46:00 42.365276 -72.520485   4     10     42  
647.0  10:47:00 42.372456 -72.51973   3     13     45  
648.0  10:48:00 42.374683 -72.51982   4     12     51  
649.0  10:49:00 42.375645 -72.519905   4     16     48  
650.0  10:50:00 42.37696 -72.52003   3     18     45  
651.0  10:51:00 42.37749 -72.5199   5     15     42  
652.0  10:52:00 42.37758 -72.519806   4     10     47  
653.0  10:53:00 42.377586 -72.519775   3     10     43  
654.0  10:54:00 42.37762 -72.51983   5     17     44  
655.0  10:55:00 42.380047 -72.519455   5     11     50  
656.0  10:56:00 42.383114 -72.52058   3     16     49  
657.0  10:57:00 42.385952 -72.52234   5     18     43  
658.0  10:58:00 42.3877 -72.52361   3     19     42  
659.0  10:59:00 42.38773 -72.52357   3     13     57  
660.0  11:00:00 42.38768 -72.52362   3     14     59  
661.0  11:01:00 42.38864 -72.5245   5     14     53  
662.0  11:02:00 42.391068 -72.52516   3     13     40  
663.0  11:03:00 42.392918 -72.5257   5     17     41  
664.0  11:04:00 42.393887 -72.52618   5     14     47  
665.0  11:05:00 42.394955 -72.5269   3     18     40  
666.0  11:06:00 42.39508 -72.52691   4     19     50  
667.0  11:07:00 42.395096 -72.52686   4     13     46  
668.0  11:08:00 42.402805 -72.52877   3     11     53  
669.0  11:09:00 42.403934 -72.529495   3     11     43  
670.0  11:10:00 42.40929 -72.530655   3     16     59  
671.0  11:11:00 42.40928 -72.53063   4     18     46  
672.0  11:12:00 42.409935 -72.531555   5     13     59  
673.0  11:13:00 42.409237 -72.53679   4     15     43  
674.0  11:14:00 42.417965 -72.53681   5     17     54  
675.0  11:15:00 42.42835 -72.54103   5     19     53  
676.0  11:16:00 42.433388 -72.5452   3     11     49  
677.0  11:17:00 42.443855 -72.55297   3     18     53  
678.0  11:18:00 42.451572 -72.56274   5     14     43  
679.0  11:19:00 42.455067 -72.56691   3     10     42  
680.0  11:20:00 42.46485 -72.57509   3     15     47  
681.0  11:21:00 42.46631 -72.579636   4     18     46  
682.0  11:22:00 42.45764 -72.5827   5     14     47  
683.0  11:23:00 42.457684 -72.581436   3     19     46  
684.0  11:24:00 42.45982 -72.58198   4     17     58  
685.0  11:25:00 42.4586 -72.57368   3     14     56  
686.0  11:26:00 42.45442 -72.56633   3     18     50  
687.0  11:27:00 42.450382 -72.560974   5     14     40  
688.0  11:28:00 42.441452 -72.55064   4     14     53  
689.0  11:29:00 42.42956 -72.54205   5     11     48  
690.0  11:30:00 42.416515 -72.536964   4     13     50  
691.0  11:31:00 42.40889 -72.53773   3     12     57  
692.0  11:32:00 42.409767 -72.53219   4     11     45  
693.0  11:33:00 42.409138 -72.530716   3     14     52  
694.0  11:34:00 42.403393 -72.52926   5     13     59  
695.0  11:35:00 42.39845 -72.52802   5     16     54  
696.0  11:36:00 42.393665 -72.52603   4     17     41  
697.0  11:37:00 42.391426 -72.52528   5     17     51  
698.0  11:38:00 42.38848 -72.524414   5     19     46  
699.0  11:39:00 42.386196 -72.52244   5     11     58  
700.0  11:40:00 42.380676 -72.51936   4     15     52  
701.0  11:41:00 42.377697 -72.51992   3     15     52  
702.0  11:42:00 42.376114 -72.51985   4     13     56  
703.0  11:43:00 42.3741 -72.51985   3     16     41  
704.0  11:44:00 42.364983 -72.52054   5     11     47  
705.0  11:45:00 42.358868 -72.52086   5     19     42  
706.0  11:46:00 42.352108 -72.52365   3     16     48  
707.0  11:47:00 42.350792 -72.527435   3     13     42  
708.0  11:48:00 42.348904 -72.52889   4     19     57  
709.0  11:49:00 42.348858 -72.52881   4     13     46  
710.0  11:50:00 42.348854 -72.52882   4     17     54  
711.0  11:51:00 42.348915 -72.52881   4     15     48  
712.0  11:52:00 42.34888 -72.528824   5     14     59  
713.0  11:53:00 42.34889 -72.52889   5     14     45  
714.0  11:54:00 42.348904 -72.52891   5     12     44  
715.0  11:55:00 42.34888 -72.52892   4     18     40  
716.0  11:56:00 42.34889 -72.52886   4     19     56  
717.0  11:57:00 42.34961 -72.53027   5     14     58  
718.0  11:58:00 42.351543 -72.52775   3     10     42  
719.0  11:59:00 42.353523 -72.52249   3     11     55  
720.0  12:00:00 42.360424 -72.52077   3     16     46  
