567.0  09:27:14 0.0 -0.0   3     15     50  
567.0  09:27:24 0.0 -0.0   3     17     57  
567.0  09:27:32 0.0 -0.0   3     13     51  
567.0  09:27:41 0.0 -0.0   4     10     52  
567.0  09:27:49 0.0 -0.0   5     14     53  
567.0  09:27:58 0.0 -0.0   4     16     54  
568.0  09:28:00 0.0 -0.0   4     11     52  
568.0  09:28:06 0.0 -0.0   4     16     59  
568.0  09:28:14 0.0 -0.0   3     10     48  
568.0  09:28:22 0.0 -0.0   3     11     58  
568.0  09:28:31 0.0 -0.0   3     14     48  
568.0  09:28:39 0.0 -0.0   4     10     55  
568.0  09:28:47 0.0 -0.0   5     13     59  
808.0  13:28:23 0.0 -0.0   4     15     52  
808.0  13:28:34 0.0 -0.0   5     12     46  
808.0  13:28:48 0.0 -0.0   4     11     44  
809.0  13:29:00 0.0 -0.0   5     10     54  
809.0  13:29:45 0.0 -0.0   5     10     58  
810.0  13:30:00 0.0 -0.0   4     15     49  
810.0  13:30:13 0.0 -0.0   3     10     59  
811.0  13:31:00 0.0 -0.0   3     16     53  
811.0  13:31:58 0.0 -0.0   4     11     59  
812.0  13:32:00 0.0 -0.0   4     14     54  
812.0  13:32:18 0.0 -0.0   4     15     58  
812.0  13:32:32 0.0 -0.0   4     11     56  
812.0  13:32:42 0.0 -0.0   3     15     55  
812.0  13:32:51 0.0 -0.0   4     17     41  
813.0  13:33:00 0.0 -0.0   4     15     49  
813.0  13:33:12 0.0 -0.0   5     12     44  
813.0  13:33:32 0.0 -0.0   5     15     40  
813.0  13:33:44 0.0 -0.0   3     15     57  
813.0  13:33:53 0.0 -0.0   5     10     40  
814.0  13:34:00 0.0 -0.0   3     12     54  
814.0  13:34:01 0.0 -0.0   4     15     41  
814.0  13:34:10 0.0 -0.0   3     15     46  
814.0  13:34:18 0.0 -0.0   3     14     45  
814.0  13:34:26 0.0 -0.0   3     14     58  
814.0  13:34:38 0.0 -0.0   5     17     43  
814.0  13:34:59 0.0 -0.0   5     15     46  
815.0  13:35:00 0.0 -0.0   4     13     47  
815.0  13:35:08 0.0 -0.0   3     14     40  
815.0  13:35:17 0.0 -0.0   3     12     46  
815.0  13:35:32 0.0 -0.0   5     13     42  
815.0  13:35:51 0.0 -0.0   3     11     40  
816.0  13:36:00 0.0 -0.0   5     10     51  
816.0  13:36:00 0.0 -0.0   3     19     54  
816.0  13:36:10 0.0 -0.0   3     12     55  
816.0  13:36:19 0.0 -0.0   3     16     41  
816.0  13:36:29 0.0 -0.0   5     12     49  
816.0  13:36:42 0.0 -0.0   3     10     48  
816.0  13:36:51 0.0 -0.0   3     13     52  
817.0  13:37:00 0.0 -0.0   3     10     50  
817.0  13:37:01 0.0 -0.0   4     16     43  
817.0  13:37:13 0.0 -0.0   4     17     54  
817.0  13:37:31 0.0 -0.0   3     18     55  
817.0  13:37:49 0.0 -0.0   4     19     54  
817.0  13:37:59 0.0 -0.0   4     18     52  
818.0  13:38:00 0.0 -0.0   4     14     53  
818.0  13:38:07 0.0 -0.0   3     14     55  
818.0  13:38:15 0.0 -0.0   3     15     46  
818.0  13:38:23 0.0 -0.0   3     19     48  
818.0  13:38:35 0.0 -0.0   5     10     54  
818.0  13:38:55 0.0 -0.0   4     13     57  
823.0  13:43:42 0.0 -0.0   4     10     51  
823.0  13:43:54 0.0 -0.0   5     13     45  
824.0  13:44:00 0.0 -0.0   5     19     46  
824.0  13:44:03 0.0 -0.0   4     10     46  
824.0  13:44:12 0.0 -0.0   5     13     48  
824.0  13:44:20 0.0 -0.0   5     15     50  
824.0  13:44:29 0.0 -0.0   3     15     46  
824.0  13:44:37 0.0 -0.0   5     17     56  
824.0  13:44:45 0.0 -0.0   4     17     49  
824.0  13:44:53 0.0 -0.0   4     11     52  
825.0  13:45:00 0.0 -0.0   3     18     54  
825.0  13:45:01 0.0 -0.0   4     15     53  
825.0  13:45:10 0.0 -0.0   4     18     43  
825.0  13:45:19 0.0 -0.0   4     13     46  
825.0  13:45:27 0.0 -0.0   3     15     43  
825.0  13:45:35 0.0 -0.0   4     17     44  
825.0  13:45:43 0.0 -0.0   5     15     47  
825.0  13:45:55 0.0 -0.0   3     13     41  
826.0  13:46:00 0.0 -0.0   5     12     54  
826.0  13:46:03 0.0 -0.0   4     11     50  
826.0  13:46:11 0.0 -0.0   4     17     46  
826.0  13:46:19 0.0 -0.0   5     15     50  
826.0  13:46:28 0.0 -0.0   5     18     55  
826.0  13:46:37 0.0 -0.0   4     11     41  
826.0  13:46:47 0.0 -0.0   4     12     40  
826.0  13:46:55 0.0 -0.0   4     18     41  
827.0  13:47:00 0.0 -0.0   4     17     57  
827.0  13:47:04 0.0 -0.0   3     14     55  
827.0  13:47:12 0.0 -0.0   3     15     55  
827.0  13:47:21 0.0 -0.0   4     13     51  
827.0  13:47:29 0.0 -0.0   3     11     56  
827.0  13:47:39 0.0 -0.0   4     16     40  
827.0  13:47:48 0.0 -0.0   3     11     49  
827.0  13:47:57 0.0 -0.0   5     15     42  
828.0  13:48:00 0.0 -0.0   3     12     56  
828.0  13:48:05 0.0 -0.0   3     11     50  
828.0  13:48:14 0.0 -0.0   4     12     55  
828.0  13:48:22 0.0 -0.0   3     14     48  
828.0  13:48:36 0.0 -0.0   4     10     59  
828.0  13:48:44 0.0 -0.0   3     11     55  
828.0  13:48:53 0.0 -0.0   3     13     51  
829.0  13:49:00 0.0 -0.0   4     14     46  
829.0  13:49:02 0.0 -0.0   5     12     43  
829.0  13:49:10 0.0 -0.0   4     15     52  
829.0  13:49:18 0.0 -0.0   5     15     56  
829.0  13:49:29 0.0 -0.0   4     19     59  
829.0  13:49:38 0.0 -0.0   5     13     46  
829.0  13:49:46 0.0 -0.0   4     13     40  
829.0  13:49:54 0.0 -0.0   3     13     40  
830.0  13:50:00 0.0 -0.0   5     12     58  
830.0  13:50:02 0.0 -0.0   4     19     55  
830.0  13:50:10 0.0 -0.0   4     19     52  
830.0  13:50:20 0.0 -0.0   3     12     51  
830.0  13:50:28 0.0 -0.0   4     13     57  
830.0  13:50:36 0.0 -0.0   5     11     57  
830.0  13:50:44 0.0 -0.0   3     14     50  
830.0  13:50:52 0.0 -0.0   4     13     40  
831.0  13:51:00 0.0 -0.0   3     14     47  
831.0  13:51:04 0.0 -0.0   3     11     49  
831.0  13:51:14 0.0 -0.0   5     16     44  
831.0  13:51:23 0.0 -0.0   3     12     47  
831.0  13:51:32 0.0 -0.0   4     19     54  
831.0  13:51:40 0.0 -0.0   4     16     56  
831.0  13:51:48 0.0 -0.0   3     11     51  
831.0  13:51:57 0.0 -0.0   3     14     58  
832.0  13:52:00 0.0 -0.0   4     15     54  
832.0  13:52:07 0.0 -0.0   4     16     55  
832.0  13:52:15 0.0 -0.0   3     12     46  
832.0  13:52:23 0.0 -0.0   4     14     57  
832.0  13:52:31 0.0 -0.0   5     17     45  
832.0  13:52:40 0.0 -0.0   4     18     41  
832.0  13:52:48 0.0 -0.0   4     13     49  
832.0  13:52:58 0.0 -0.0   5     11     40  
833.0  13:53:00 0.0 -0.0   4     19     51  
833.0  13:53:07 0.0 -0.0   3     15     46  
833.0  13:53:15 0.0 -0.0   5     13     58  
833.0  13:53:23 0.0 -0.0   3     14     59  
833.0  13:53:33 0.0 -0.0   5     11     47  
833.0  13:53:41 0.0 -0.0   3     18     42  
833.0  13:53:52 0.0 -0.0   5     17     58  
834.0  13:54:00 0.0 -0.0   4     19     46  
834.0  13:54:00 0.0 -0.0   5     13     55  
834.0  13:54:08 0.0 -0.0   4     19     45  
834.0  13:54:16 0.0 -0.0   4     17     47  
834.0  13:54:24 0.0 -0.0   3     16     53  
834.0  13:54:33 0.0 -0.0   4     17     52  
834.0  13:54:44 0.0 -0.0   3     18     59  
834.0  13:54:53 0.0 -0.0   3     16     56  
835.0  13:55:00 0.0 -0.0   3     14     58  
835.0  13:55:02 0.0 -0.0   3     14     46  
835.0  13:55:11 0.0 -0.0   5     15     58  
901.0  15:01:43 0.0 -0.0   3     14     45  
901.0  15:01:56 0.0 -1.1095744E27   3     11     49  
902.0  15:02:09 0.0 -1.8111362E22   3     14     46  
902.0  15:02:21 0.0 -1.8111362E22   4     10     45  
903.0  15:03:31 0.0 -0.0   3     17     46  
903.0  15:03:42 0.0 -0.0   3     10     53  
903.0  15:03:51 0.0 -0.0   3     16     59  
903.0  15:03:59 0.0 -0.0   3     18     40  
904.0  15:04:00 0.0 -0.0   5     18     45  
904.0  15:04:08 0.0 -0.0   5     17     52  
904.0  15:04:17 0.0 -0.0   4     12     56  
904.0  15:04:26 0.0 -0.0   4     11     44  
904.0  15:04:34 0.0 -0.0   5     12     52  
904.0  15:04:42 0.0 -0.0   3     11     45  
904.0  15:04:50 0.0 -0.0   3     12     54  
904.0  15:04:58 0.0 -0.0   5     12     55  
905.0  15:05:00 0.0 -0.0   3     16     53  
905.0  15:05:06 0.0 -0.0   3     10     50  
905.0  15:05:15 0.0 -0.0   3     14     53  
905.0  15:05:23 0.0 -0.0   3     19     45  
905.0  15:05:31 0.0 -0.0   3     11     42  
905.0  15:05:45 0.0 -0.0   5     12     45  
905.0  15:05:55 0.0 -0.0   4     11     46  
906.0  15:06:00 0.0 -0.0   3     17     40  
906.0  15:06:08 0.0 -0.0   5     11     47  
906.0  15:06:16 0.0 -0.0   4     15     56  
906.0  15:06:27 0.0 -0.0   4     15     41  
906.0  15:06:37 0.0 -0.0   4     12     44  
906.0  15:06:45 0.0 -0.0   3     10     45  
906.0  15:06:54 0.0 -0.0   4     11     59  
907.0  15:07:00 0.0 -0.0   4     15     58  
907.0  15:07:04 0.0 -0.0   4     10     44  
907.0  15:07:12 0.0 -0.0   3     11     41  
907.0  15:07:20 0.0 -0.0   4     11     44  
907.0  15:07:31 0.0 -0.0   5     15     50  
907.0  15:07:40 0.0 -0.0   5     14     52  
907.0  15:07:49 0.0 -0.0   4     12     57  
907.0  15:07:58 0.0 -0.0   4     10     58  
908.0  15:08:00 0.0 -0.0   4     14     40  
908.0  15:08:08 0.0 -0.0   5     18     45  
908.0  15:08:16 0.0 -0.0   5     13     52  
908.0  15:08:28 0.0 -0.0   5     15     42  
908.0  15:08:37 0.0 -0.0   3     12     41  
908.0  15:08:55 0.0 -0.0   4     10     47  
909.0  15:09:00 0.0 -0.0   4     12     46  
909.0  15:09:05 0.0 -0.0   3     18     50  
909.0  15:09:20 0.0 -0.0   5     15     42  
909.0  15:09:34 0.0 -0.0   5     13     59  
909.0  15:09:46 0.0 -0.0   4     15     51  
909.0  15:09:55 0.0 -0.0   5     17     44  
910.0  15:10:00 0.0 -0.0   3     17     42  
910.0  15:10:04 0.0 -0.0   3     13     47  
910.0  15:10:12 0.0 -0.0   5     17     57  
910.0  15:10:23 0.0 -0.0   3     13     59  
910.0  15:10:31 0.0 -0.0   4     17     59  
910.0  15:10:39 0.0 -0.0   5     14     53  
910.0  15:10:47 0.0 -0.0   5     14     47  
910.0  15:10:58 0.0 -0.0   5     11     51  
911.0  15:11:00 0.0 -0.0   5     19     53  
911.0  15:11:13 0.0 -0.0   4     13     52  
911.0  15:11:23 0.0 -0.0   4     13     45  
911.0  15:11:31 0.0 -0.0   4     16     41  
911.0  15:11:40 0.0 -0.0   3     13     52  
911.0  15:11:49 0.0 -0.0   3     18     43  
911.0  15:11:58 0.0 -0.0   3     18     46  
912.0  15:12:00 0.0 -0.0   5     10     44  
912.0  15:12:05 0.0 -0.0   5     12     48  
912.0  15:12:16 0.0 -0.0   5     14     52  
912.0  15:12:26 0.0 -0.0   5     11     48  
912.0  15:12:34 0.0 -0.0   4     14     56  
912.0  15:12:42 0.0 -0.0   4     14     57  
912.0  15:12:50 0.0 -0.0   4     12     42  
913.0  15:13:00 0.0 -0.0   3     10     47  
913.0  15:13:01 0.0 -0.0   3     13     59  
913.0  15:13:12 0.0 -0.0   4     16     56  
913.0  15:13:20 0.0 -0.0   5     12     49  
913.0  15:13:29 0.0 -0.0   3     10     47  
913.0  15:13:38 0.0 -0.0   3     12     53  
913.0  15:13:47 0.0 -0.0   4     13     41  
913.0  15:13:56 0.0 -0.0   4     14     57  
914.0  15:14:00 0.0 -0.0   3     18     48  
914.0  15:14:07 0.0 -0.0   4     14     56  
914.0  15:14:16 0.0 -0.0   4     15     55  
914.0  15:14:25 0.0 -0.0   4     19     45  
914.0  15:14:33 0.0 -0.0   5     17     44  
914.0  15:14:53 0.0 -0.0   4     15     55  
914.0  15:14:53 0.0 -0.0   4     15     40  
915.0  15:15:00 0.0 -0.0   5     17     50  
915.0  15:15:04 0.0 -0.0   4     18     46  
915.0  15:15:12 0.0 -0.0   3     17     46  
915.0  15:15:20 0.0 -0.0   5     19     56  
915.0  15:15:28 0.0 -0.0   3     11     52  
915.0  15:15:36 0.0 -0.0   4     19     52  
915.0  15:15:44 0.0 -0.0   4     11     53  
915.0  15:15:55 0.0 -0.0   3     13     46  
916.0  15:16:00 0.0 -0.0   5     10     40  
916.0  15:16:04 0.0 -0.0   3     16     46  
916.0  15:16:12 0.0 -0.0   3     14     46  
916.0  15:16:21 0.0 -0.0   5     12     44  
916.0  15:16:31 0.0 -0.0   3     10     43  
916.0  15:16:40 0.0 -0.0   5     13     45  
916.0  15:16:55 0.0 -0.0   4     19     44  
917.0  15:17:00 0.0 -0.0   5     11     42  
917.0  15:17:06 0.0 -0.0   5     16     40  
917.0  15:17:15 0.0 -0.0   3     19     42  
917.0  15:17:29 0.0 -0.0   3     19     59  
917.0  15:17:49 0.0 -0.0   3     14     53  
918.0  15:18:00 0.0 -0.0   5     15     43  
918.0  15:18:03 0.0 -0.0   3     16     47  
918.0  15:18:13 0.0 -0.0   5     11     47  
918.0  15:18:22 0.0 -0.0   5     11     53  
918.0  15:18:32 0.0 -0.0   5     18     48  
918.0  15:18:44 0.0 -0.0   3     12     55  
924.0  15:24:36 0.0 -0.0   5     14     52  
924.0  15:24:48 0.0 -1.1095744E27   3     14     45  
925.0  15:25:02 0.0 -1.8111362E22   3     17     57  
925.0  15:25:15 0.0 -1.8111362E22   3     19     48  
