834.0  13:54:38 42.34955 -72.53041   4     13     56  
834.0  13:54:49 42.350246 -72.53039   5     13     45  
834.0  13:54:57 42.350502 -72.53032   4     10     54  
835.0  13:55:00 42.350807 -72.53032   4     11     45  
835.0  13:55:05 42.35105 -72.53031   5     19     52  
835.0  13:55:13 42.351475 -72.530304   5     13     42  
835.0  13:55:21 42.35157 -72.53022   3     16     47  
835.0  13:55:29 42.351555 -72.529495   3     11     54  
835.0  13:55:39 42.351547 -72.527885   4     15     43  
835.0  13:55:48 42.351532 -72.526886   3     13     59  
835.0  13:55:58 42.351505 -72.52648   5     13     56  
836.0  13:56:00 42.351505 -72.52652   4     15     58  
836.0  13:56:07 42.3515 -72.52654   4     14     50  
837.0  13:57:00 42.35566 -72.52118   3     10     43  
838.0  13:58:00 42.35876 -72.52083   4     15     59  
838.0  13:58:25 42.362316 -72.5207   3     18     42  
838.0  13:58:35 42.364006 -72.52065   5     13     46  
838.0  13:58:44 42.36536 -72.52044   5     14     52  
838.0  13:58:52 42.366962 -72.52019   4     15     59  
839.0  13:59:00 42.368633 -72.51998   3     12     56  
839.0  13:59:01 42.368473 -72.520004   5     13     55  
839.0  13:59:10 42.369755 -72.51987   5     16     52  
839.0  13:59:19 42.37117 -72.519775   5     17     51  
839.0  13:59:33 42.3724 -72.51971   3     13     53  
839.0  13:59:42 42.373047 -72.519745   5     13     44  
839.0  13:59:50 42.373047 -72.51978   4     17     48  
839.0  13:59:59 42.37304 -72.51979   4     19     47  
840.0  14:00:00 42.373035 -72.5198   3     11     56  
840.0  14:00:07 42.37304 -72.519775   3     19     43  
840.0  14:00:16 42.373062 -72.51973   4     11     50  
840.0  14:00:28 42.37384 -72.51976   5     13     42  
840.0  14:00:37 42.374565 -72.51974   4     11     44  
840.0  14:00:45 42.37465 -72.51976   3     15     43  
840.0  14:00:54 42.374702 -72.51976   4     12     59  
841.0  14:01:00 42.374973 -72.51978   5     12     59  
841.0  14:01:03 42.374973 -72.51978   3     11     40  
841.0  14:01:12 42.375553 -72.51979   5     17     57  
841.0  14:01:23 42.37642 -72.51982   4     19     41  
841.0  14:01:32 42.37672 -72.51982   3     16     41  
841.0  14:01:40 42.376976 -72.519844   4     19     51  
841.0  14:01:49 42.377388 -72.519806   4     11     59  
841.0  14:01:57 42.37743 -72.519775   4     16     59  
842.0  14:02:00 42.377445 -72.51976   4     15     42  
842.0  14:02:06 42.377453 -72.51975   3     19     54  
842.0  14:02:17 42.377472 -72.51977   5     17     42  
842.0  14:02:26 42.377907 -72.51987   5     17     56  
842.0  14:02:34 42.3786 -72.519875   4     13     41  
842.0  14:02:45 42.37943 -72.51965   5     17     41  
842.0  14:02:53 42.37982 -72.51947   4     17     56  
843.0  14:03:00 42.379784 -72.519485   4     19     47  
843.0  14:03:02 42.37979 -72.519485   5     14     49  
843.0  14:03:13 42.380108 -72.51942   3     10     56  
843.0  14:03:21 42.380806 -72.51932   5     16     50  
843.0  14:03:30 42.38126 -72.519295   3     10     45  
843.0  14:03:45 42.381363 -72.51927   4     11     45  
843.0  14:03:57 42.381363 -72.51927   4     10     52  
844.0  14:04:00 42.381634 -72.51935   5     14     40  
844.0  14:04:09 42.38198 -72.519745   5     17     48  
844.0  14:04:17 42.382668 -72.520325   4     17     59  
844.0  14:04:26 42.38311 -72.52049   3     12     48  
844.0  14:04:35 42.38312 -72.520454   5     11     54  
844.0  14:04:43 42.383205 -72.52053   3     19     59  
844.0  14:04:53 42.38387 -72.52093   4     17     42  
845.0  14:05:00 42.38501 -72.521645   5     19     55  
845.0  14:05:05 42.385105 -72.521706   3     17     45  
845.0  14:05:14 42.38591 -72.52217   3     13     51  
845.0  14:05:22 42.38604 -72.52241   4     11     43  
845.0  14:05:32 42.386604 -72.52236   5     13     40  
845.0  14:05:41 42.38719 -72.5229   4     14     49  
845.0  14:05:50 42.38767 -72.52346   4     14     46  
845.0  14:05:59 42.387737 -72.52351   5     10     54  
846.0  14:06:00 42.387737 -72.52352   3     17     48  
846.0  14:06:07 42.387733 -72.523544   3     12     55  
846.0  14:06:15 42.387733 -72.52353   5     16     53  
846.0  14:06:23 42.387733 -72.52351   5     19     49  
846.0  14:06:31 42.38772 -72.52352   3     10     57  
846.0  14:06:39 42.38771 -72.523544   4     15     43  
846.0  14:06:50 42.38771 -72.52355   3     12     50  
846.0  14:06:58 42.387707 -72.52355   4     12     44  
847.0  14:07:00 42.38771 -72.52355   5     17     53  
847.0  14:07:06 42.38771 -72.52356   5     18     56  
847.0  14:07:15 42.38772 -72.52357   5     15     49  
847.0  14:07:23 42.38772 -72.52357   5     10     42  
847.0  14:07:32 42.387707 -72.52355   5     14     45  
847.0  14:07:42 42.38768 -72.52355   4     12     50  
847.0  14:07:51 42.387684 -72.52355   4     10     50  
847.0  14:07:59 42.3877 -72.52355   3     16     46  
848.0  14:08:00 42.3877 -72.523544   3     17     46  
848.0  14:08:08 42.387703 -72.523544   5     14     49  
848.0  14:08:17 42.387707 -72.52355   3     13     42  
848.0  14:08:26 42.387722 -72.52362   3     19     43  
848.0  14:08:36 42.38824 -72.524185   4     19     50  
848.0  14:08:44 42.388847 -72.52453   5     14     51  
848.0  14:08:54 42.389652 -72.524895   3     18     42  
849.0  14:09:03 42.390377 -72.525085   3     11     51  
849.0  14:09:11 42.39065 -72.52512   4     14     46  
849.0  14:09:20 42.3907 -72.52513   3     19     44  
849.0  14:09:31 42.39107 -72.52519   3     11     48  
849.0  14:09:39 42.39108 -72.525185   5     19     52  
849.0  14:09:48 42.39107 -72.525185   4     11     42  
849.0  14:09:56 42.391106 -72.52518   3     17     50  
850.0  14:10:00 42.391335 -72.52523   5     18     57  
850.0  14:10:05 42.391537 -72.525276   4     10     51  
850.0  14:10:14 42.392212 -72.525444   5     18     49  
850.0  14:10:24 42.393 -72.52571   4     19     53  
850.0  14:10:33 42.393322 -72.52585   3     19     56  
850.0  14:10:42 42.393524 -72.525925   3     17     53  
850.0  14:10:50 42.393898 -72.52614   4     17     56  
850.0  14:10:59 42.39393 -72.52613   3     12     47  
851.0  14:11:00 42.393955 -72.52612   3     19     48  
851.0  14:11:08 42.393963 -72.52613   3     10     58  
851.0  14:11:18 42.3939 -72.52612   5     10     58  
851.0  14:11:27 42.393906 -72.52612   4     19     56  
851.0  14:11:37 42.393948 -72.526184   5     14     52  
851.0  14:11:46 42.39418 -72.52643   5     15     40  
851.0  14:11:55 42.39422 -72.526505   4     10     45  
852.0  14:12:00 42.394245 -72.52653   5     10     48  
852.0  14:12:03 42.394257 -72.526535   4     13     52  
852.0  14:12:15 42.39435 -72.52646   4     17     53  
852.0  14:12:24 42.39435 -72.52646   3     18     54  
852.0  14:12:33 42.394318 -72.526474   4     14     40  
852.0  14:12:41 42.39445 -72.52632   5     13     54  
852.0  14:12:50 42.394447 -72.52637   3     15     56  
852.0  14:12:59 42.394436 -72.52638   4     19     56  
853.0  14:13:00 42.394424 -72.526405   4     13     47  
853.0  14:13:10 42.39442 -72.5264   3     11     48  
853.0  14:13:18 42.394596 -72.526535   3     17     57  
853.0  14:13:27 42.39482 -72.526726   5     17     58  
853.0  14:13:35 42.394943 -72.52682   3     16     47  
853.0  14:13:43 42.39495 -72.52684   4     18     41  
853.0  14:13:52 42.394917 -72.52686   5     19     44  
854.0  14:14:00 42.39497 -72.526855   4     13     55  
854.0  14:14:02 42.39497 -72.526855   3     10     49  
854.0  14:14:10 42.39498 -72.52682   3     14     48  
854.0  14:14:19 42.394978 -72.52681   4     14     52  
854.0  14:14:27 42.395004 -72.52684   4     16     59  
854.0  14:14:36 42.395153 -72.52691   4     16     53  
854.0  14:14:44 42.395836 -72.527214   4     16     47  
854.0  14:14:55 42.39691 -72.5277   3     18     44  
855.0  14:15:00 42.39765 -72.52795   4     17     53  
855.0  14:15:03 42.39771 -72.52795   5     17     47  
855.0  14:15:12 42.39762 -72.52798   3     17     44  
855.0  14:15:20 42.397713 -72.52802   5     19     53  
855.0  14:15:30 42.398388 -72.52804   4     11     57  
855.0  14:15:39 42.399685 -72.52797   5     10     45  
855.0  14:15:50 42.40122 -72.527985   4     13     47  
855.0  14:15:58 42.40247 -72.528564   5     14     43  
856.0  14:16:00 42.403027 -72.52892   5     14     43  
856.0  14:16:08 42.403507 -72.52924   4     19     48  
856.0  14:16:16 42.404808 -72.529724   5     11     57  
856.0  14:16:25 42.405994 -72.52981   4     13     50  
856.0  14:16:33 42.407455 -72.530106   5     12     41  
856.0  14:16:43 42.408955 -72.53055   4     10     55  
856.0  14:16:52 42.40934 -72.53065   5     10     42  
857.0  14:17:00 42.40936 -72.53062   3     13     58  
857.0  14:17:06 42.40937 -72.5306   5     15     49  
857.0  14:17:14 42.40938 -72.5306   3     10     51  
857.0  14:17:23 42.40967 -72.5308   5     16     48  
857.0  14:17:34 42.409832 -72.530914   3     10     59  
857.0  14:17:43 42.409843 -72.53094   3     13     41  
857.0  14:17:51 42.40991 -72.53097   4     16     47  
858.0  14:18:00 42.409847 -72.532005   4     12     53  
858.0  14:18:01 42.40991 -72.53162   3     19     57  
858.0  14:18:09 42.409706 -72.53286   5     11     43  
858.0  14:18:18 42.40965 -72.53356   5     19     55  
858.0  14:18:28 42.409657 -72.533585   5     10     55  
858.0  14:18:36 42.409637 -72.53381   4     14     50  
858.0  14:18:44 42.40953 -72.53473   5     18     52  
858.0  14:18:52 42.40935 -72.536125   4     17     55  
859.0  14:19:00 42.409134 -72.53732   3     15     46  
859.0  14:19:00 42.409077 -72.53751   3     17     42  
859.0  14:19:10 42.409115 -72.53783   5     16     48  
859.0  14:19:20 42.409157 -72.53778   4     11     55  
859.0  14:19:28 42.409473 -72.537834   5     19     41  
859.0  14:19:38 42.410267 -72.53771   4     18     43  
859.0  14:19:47 42.41174 -72.53753   3     14     41  
859.0  14:19:55 42.413136 -72.53736   3     11     56  
860.0  14:20:00 42.41465 -72.53718   5     12     52  
860.0  14:20:04 42.41484 -72.537155   5     16     42  
860.0  14:20:16 42.417164 -72.536865   4     12     44  
860.0  14:20:24 42.41869 -72.53677   5     11     43  
860.0  14:20:34 42.420395 -72.536934   3     14     45  
860.0  14:20:43 42.42229 -72.53738   3     13     40  
860.0  14:20:52 42.42412 -72.53818   3     13     52  
861.0  14:21:00 42.425873 -72.539246   3     19     44  
861.0  14:21:05 42.42552 -72.53902   5     10     54  
861.0  14:21:16 42.42808 -72.54077   3     18     50  
861.0  14:21:24 42.42957 -72.542   5     16     58  
861.0  14:21:33 42.430866 -72.54314   4     12     55  
861.0  14:21:41 42.43215 -72.54425   4     11     45  
861.0  14:21:49 42.433685 -72.54537   4     17     40  
861.0  14:21:58 42.435104 -72.54613   5     14     56  
862.0  14:22:00 42.43601 -72.54657   4     11     44  
862.0  14:22:08 42.436924 -72.54702   3     11     53  
862.0  14:22:16 42.438496 -72.54794   3     15     41  
862.0  14:22:25 42.43983 -72.54897   4     17     55  
862.0  14:22:34 42.44123 -72.550316   3     10     56  
862.0  14:22:42 42.442566 -72.55183   3     16     58  
862.0  14:22:51 42.443836 -72.553024   5     12     40  
863.0  14:23:00 42.445915 -72.55437   5     13     58  
863.0  14:23:01 42.445744 -72.55425   3     12     45  
863.0  14:23:10 42.44706 -72.55531   3     19     43  
863.0  14:23:18 42.4482 -72.55707   5     14     45  
863.0  14:23:27 42.448967 -72.55858   3     16     45  
863.0  14:23:35 42.44981 -72.560135   5     15     50  
863.0  14:23:43 42.450684 -72.561386   3     17     45  
863.0  14:23:53 42.45173 -72.562904   3     16     58  
864.0  14:24:00 42.452274 -72.563614   4     19     59  
864.0  14:24:04 42.452244 -72.56357   5     13     47  
864.0  14:24:13 42.452282 -72.56366   4     11     49  
864.0  14:24:22 42.452293 -72.5636   3     17     54  
864.0  14:24:31 42.45233 -72.56368   5     18     52  
864.0  14:24:39 42.452774 -72.56436   5     15     46  
864.0  14:24:49 42.45375 -72.56562   5     14     54  
864.0  14:24:58 42.454903 -72.56678   5     10     59  
865.0  14:25:00 42.455692 -72.56755   5     19     49  
865.0  14:25:06 42.45631 -72.56816   4     11     51  
865.0  14:25:15 42.457577 -72.56937   3     19     47  
865.0  14:25:24 42.45901 -72.57071   4     12     49  
865.0  14:25:33 42.460457 -72.57197   5     19     47  
865.0  14:25:45 42.462337 -72.57312   3     10     56  
865.0  14:25:54 42.46361 -72.57382   4     10     40  
866.0  14:26:00 42.464584 -72.57479   4     18     56  
866.0  14:26:03 42.464584 -72.57479   4     17     59  
866.0  14:26:11 42.465275 -72.57589   4     19     44  
866.0  14:26:20 42.465973 -72.57748   4     17     46  
866.0  14:26:28 42.466263 -72.57882   4     10     54  
866.0  14:26:38 42.466385 -72.57954   3     18     41  
866.0  14:26:46 42.466385 -72.579544   4     12     43  
866.0  14:26:55 42.466373 -72.57952   4     14     50  
867.0  14:27:00 42.466324 -72.579666   4     18     54  
867.0  14:27:03 42.46627 -72.57969   4     10     56  
867.0  14:27:12 42.46549 -72.580025   3     16     42  
867.0  14:27:20 42.46451 -72.58044   5     10     45  
867.0  14:27:31 42.463047 -72.58096   3     11     51  
867.0  14:27:40 42.46157 -72.58148   3     17     44  
867.0  14:27:48 42.460335 -72.58189   4     11     54  
867.0  14:27:56 42.45906 -72.5823   4     15     46  
868.0  14:28:00 42.458237 -72.5826   3     18     57  
868.0  14:28:05 42.45801 -72.582695   5     17     50  
868.0  14:28:13 42.45762 -72.58252   3     11     40  
868.0  14:28:23 42.457596 -72.58181   3     19     56  
868.0  14:28:32 42.457623 -72.5814   4     16     49  
868.0  14:28:41 42.457718 -72.58143   4     15     42  
868.0  14:28:49 42.457752 -72.58146   5     17     52  
868.0  14:28:58 42.45778 -72.58145   5     13     55  
869.0  14:29:00 42.45779 -72.58145   5     11     48  
869.0  14:29:06 42.45779 -72.58144   4     15     40  
869.0  14:29:16 42.457787 -72.581436   3     15     46  
869.0  14:29:24 42.457787 -72.58144   5     19     47  
869.0  14:29:32 42.45777 -72.58145   3     14     57  
869.0  14:29:41 42.457752 -72.58144   5     10     50  
869.0  14:29:50 42.45772 -72.581436   3     11     50  
869.0  14:29:58 42.457695 -72.581436   3     14     58  
870.0  14:30:00 42.45769 -72.58143   3     17     58  
870.0  14:30:09 42.4577 -72.58143   5     17     52  
870.0  14:30:18 42.457706 -72.58143   4     13     50  
870.0  14:30:27 42.457718 -72.58143   5     12     47  
870.0  14:30:38 42.45774 -72.58144   4     15     55  
870.0  14:30:45 42.457733 -72.581436   5     18     54  
870.0  14:30:54 42.457737 -72.581436   4     17     52  
871.0  14:31:00 42.457737 -72.58143   5     11     49  
871.0  14:31:05 42.457733 -72.58143   5     14     50  
871.0  14:31:13 42.4577 -72.58143   5     16     58  
871.0  14:31:21 42.45769 -72.581436   5     12     48  
871.0  14:31:30 42.457695 -72.581436   3     13     57  
871.0  14:31:38 42.45771 -72.581436   5     14     58  
871.0  14:31:47 42.457863 -72.58189   5     14     54  
871.0  14:31:58 42.457943 -72.58261   3     17     45  
872.0  14:32:00 42.45808 -72.582634   3     12     50  
872.0  14:32:06 42.458294 -72.582504   4     16     40  
872.0  14:32:15 42.459133 -72.58219   4     14     54  
872.0  14:32:23 42.459923 -72.58185   5     17     51  
872.0  14:32:30 42.45983 -72.58105   5     16     40  
872.0  14:32:39 42.45954 -72.57967   5     11     58  
872.0  14:32:50 42.4592 -72.57771   3     17     43  
872.0  14:32:58 42.459045 -72.57668   3     11     44  
873.0  14:33:00 42.458977 -72.576225   5     12     47  
873.0  14:33:07 42.458897 -72.57573   3     15     53  
873.0  14:33:16 42.45872 -72.57467   3     12     48  
873.0  14:33:24 42.45854 -72.57362   5     19     54  
873.0  14:33:32 42.458374 -72.572655   5     15     59  
873.0  14:33:43 42.458076 -72.57137   5     15     53  
873.0  14:33:52 42.457054 -72.57022   4     11     46  
874.0  14:34:00 42.455864 -72.56893   3     16     52  
874.0  14:34:00 42.455593 -72.56865   5     16     46  
874.0  14:34:09 42.45474 -72.56773   3     14     44  
874.0  14:34:18 42.454544 -72.56671   4     15     57  
874.0  14:34:26 42.454395 -72.56638   4     11     57  
874.0  14:34:37 42.453384 -72.565346   5     14     58  
874.0  14:34:45 42.4525 -72.56418   4     14     54  
874.0  14:34:53 42.451717 -72.56306   3     19     58  
875.0  14:35:00 42.45149 -72.56275   3     14     40  
875.0  14:35:02 42.45149 -72.56275   3     16     41  
875.0  14:35:11 42.45148 -72.56274   4     12     59  
875.0  14:35:20 42.451138 -72.56219   4     10     44  
875.0  14:35:30 42.450222 -72.56086   4     11     52  
875.0  14:35:39 42.449375 -72.55952   4     19     58  
875.0  14:35:48 42.44844 -72.55771   4     14     51  
875.0  14:35:56 42.44745 -72.5558   4     12     46  
876.0  14:36:00 42.446575 -72.55481   3     18     49  
876.0  14:36:05 42.446243 -72.55454   4     16     52  
876.0  14:36:13 42.444782 -72.55367   5     15     43  
876.0  14:36:22 42.443584 -72.55279   3     16     40  
876.0  14:36:31 42.44245 -72.551735   4     15     46  
876.0  14:36:39 42.441277 -72.55043   3     14     45  
876.0  14:36:48 42.440044 -72.549194   4     14     52  
876.0  14:36:56 42.43855 -72.54801   3     13     58  
877.0  14:37:00 42.437515 -72.5473   5     12     54  
877.0  14:37:04 42.437164 -72.54709   3     10     53  
877.0  14:37:15 42.43516 -72.54613   3     18     58  
877.0  14:37:24 42.43372 -72.54539   5     14     52  
877.0  14:37:35 42.432163 -72.54431   3     10     44  
877.0  14:37:44 42.430405 -72.54275   4     15     41  
877.0  14:37:53 42.42901 -72.54156   3     12     56  
878.0  14:38:00 42.42737 -72.540306   3     11     48  
878.0  14:38:02 42.42754 -72.54042   4     12     50  
878.0  14:38:12 42.42582 -72.53927   3     10     42  
878.0  14:38:21 42.42425 -72.53828   5     13     46  
878.0  14:38:32 42.422626 -72.53753   5     18     45  
878.0  14:38:41 42.420532 -72.53698   5     16     42  
878.0  14:38:50 42.4188 -72.536804   5     18     44  
878.0  14:38:59 42.41708 -72.53689   3     12     40  
879.0  14:39:00 42.41631 -72.537   4     13     42  
879.0  14:39:09 42.41497 -72.53718   4     14     50  
879.0  14:39:18 42.413452 -72.537346   4     13     50  
879.0  14:39:28 42.41173 -72.53755   3     16     56  
879.0  14:39:37 42.409855 -72.53784   3     16     53  
879.0  14:39:46 42.40917 -72.53796   5     19     43  
879.0  14:39:55 42.408978 -72.53796   3     15     43  
880.0  14:40:00 42.40901 -72.53793   3     15     42  
880.0  14:40:06 42.40902 -72.537926   5     18     49  
880.0  14:40:16 42.40901 -72.53791   4     13     44  
880.0  14:40:24 42.408924 -72.53784   3     18     55  
880.0  14:40:33 42.409092 -72.53716   4     10     57  
880.0  14:40:42 42.40938 -72.53596   3     11     58  
880.0  14:40:51 42.409534 -72.53438   3     19     54  
881.0  14:41:00 42.409725 -72.532585   3     19     47  
881.0  14:41:06 42.409714 -72.53273   3     16     51  
881.0  14:41:19 42.409817 -72.5315   3     18     42  
881.0  14:41:34 42.409935 -72.53113   5     15     59  
881.0  14:41:43 42.409195 -72.53069   5     18     55  
882.0  14:42:00 42.409077 -72.53069   4     12     40  
882.0  14:42:00 42.40905 -72.530716   4     11     48  
882.0  14:42:08 42.409046 -72.53072   3     15     52  
882.0  14:42:16 42.40885 -72.530655   4     10     49  
882.0  14:42:24 42.408104 -72.53039   5     16     49  
882.0  14:42:33 42.406994 -72.52999   3     15     57  
882.0  14:42:45 42.40534 -72.52968   3     16     54  
882.0  14:42:54 42.40397 -72.52959   5     12     55  
883.0  14:43:00 42.402958 -72.5289   3     12     57  
883.0  14:43:03 42.402958 -72.5289   4     12     51  
883.0  14:43:11 42.401997 -72.52836   3     17     51  
883.0  14:43:20 42.40085 -72.52794   3     10     51  
883.0  14:43:28 42.399467 -72.528015   4     16     45  
883.0  14:43:39 42.398064 -72.52807   4     17     47  
883.0  14:43:48 42.396896 -72.52777   3     13     46  
884.0  14:44:00 42.39581 -72.52729   5     18     53  
884.0  14:44:00 42.39537 -72.5271   4     18     41  
884.0  14:44:08 42.395306 -72.52708   5     18     53  
884.0  14:44:17 42.395313 -72.52709   5     14     54  
884.0  14:44:25 42.39529 -72.52711   3     16     56  
884.0  14:44:37 42.394947 -72.52687   4     18     43  
884.0  14:44:46 42.3942 -72.52639   4     10     57  
884.0  14:44:55 42.39363 -72.5261   4     19     42  
885.0  14:45:00 42.393356 -72.52598   4     15     48  
885.0  14:45:04 42.39334 -72.52597   5     12     40  
885.0  14:45:13 42.393353 -72.525955   5     19     51  
885.0  14:45:21 42.39334 -72.52594   4     14     48  
885.0  14:45:32 42.393333 -72.52594   5     14     53  
885.0  14:45:40 42.393333 -72.525955   3     11     46  
885.0  14:45:49 42.393288 -72.525894   5     11     57  
885.0  14:45:57 42.392857 -72.525665   5     19     59  
886.0  14:46:00 42.39239 -72.52551   4     12     58  
886.0  14:46:05 42.392086 -72.52543   5     16     58  
886.0  14:46:13 42.391273 -72.525246   3     10     56  
886.0  14:46:30 42.39081 -72.525215   4     19     55  
886.0  14:46:39 42.390835 -72.52524   4     17     58  
886.0  14:46:48 42.39081 -72.525215   3     16     52  
886.0  14:46:56 42.390247 -72.52507   4     13     59  
887.0  14:47:00 42.389523 -72.524895   5     18     58  
887.0  14:47:06 42.389297 -72.5248   4     17     58  
887.0  14:47:17 42.388195 -72.52421   3     18     43  
887.0  14:47:25 42.387726 -72.523834   3     16     45  
887.0  14:47:35 42.38775 -72.523834   4     12     59  
887.0  14:47:44 42.387756 -72.52383   5     18     51  
887.0  14:47:51 42.387745 -72.52383   4     13     56  
888.0  14:48:00 42.38776 -72.52383   4     13     51  
888.0  14:48:00 42.387737 -72.52378   3     10     55  
888.0  14:48:10 42.387505 -72.5234   4     17     57  
888.0  14:48:18 42.386993 -72.52273   4     17     57  
888.0  14:48:27 42.38693 -72.52266   5     17     40  
888.0  14:48:37 42.386448 -72.52239   4     15     42  
888.0  14:48:45 42.38609 -72.52248   4     19     48  
888.0  14:48:53 42.38608 -72.522484   4     17     58  
889.0  14:49:00 42.3857 -72.522255   5     13     45  
889.0  14:49:04 42.38566 -72.52217   4     10     42  
889.0  14:49:12 42.384975 -72.52164   5     18     56  
889.0  14:49:21 42.384125 -72.52117   5     19     51  
889.0  14:49:30 42.383286 -72.52072   4     19     45  
889.0  14:49:41 42.38225 -72.520004   5     12     54  
889.0  14:49:54 42.38151 -72.51932   4     10     43  
890.0  14:50:00 42.380783 -72.5193   3     17     55  
890.0  14:50:06 42.38047 -72.51936   4     15     46  
890.0  14:50:14 42.379684 -72.51959   5     11     48  
890.0  14:50:22 42.37957 -72.51968   5     11     53  
890.0  14:50:30 42.379543 -72.519684   4     11     44  
890.0  14:50:39 42.37949 -72.5197   4     15     41  
890.0  14:50:49 42.379513 -72.5197   5     16     58  
891.0  14:51:00 42.379513 -72.519714   5     16     47  
891.0  14:51:00 42.379517 -72.51972   3     10     40  
891.0  14:51:08 42.37945 -72.51973   3     13     58  
891.0  14:51:17 42.37894 -72.519936   4     17     58  
891.0  14:51:25 42.378384 -72.51998   4     19     53  
891.0  14:51:34 42.37801 -72.51999   3     13     47  
891.0  14:51:42 42.37786 -72.51998   4     18     44  
891.0  14:51:53 42.37786 -72.519966   3     12     42  
892.0  14:52:00 42.377865 -72.51998   4     19     47  
892.0  14:52:01 42.377865 -72.51997   3     16     46  
892.0  14:52:09 42.37787 -72.51999   5     12     48  
892.0  14:52:18 42.377872 -72.51998   3     15     41  
892.0  14:52:26 42.37787 -72.51997   4     14     56  
892.0  14:52:34 42.37788 -72.51997   3     13     55  
892.0  14:52:44 42.377872 -72.51999   3     15     48  
892.0  14:52:53 42.377853 -72.52003   4     16     51  
893.0  14:53:00 42.377853 -72.52003   5     15     53  
893.0  14:53:02 42.377853 -72.52003   4     19     43  
893.0  14:53:11 42.377846 -72.52004   4     15     53  
893.0  14:53:19 42.377853 -72.52003   5     19     49  
893.0  14:53:28 42.37787 -72.52007   3     11     52  
893.0  14:53:38 42.377842 -72.52014   4     19     49  
893.0  14:53:47 42.377842 -72.5201   3     17     51  
893.0  14:53:55 42.377834 -72.52011   4     12     47  
894.0  14:54:00 42.377827 -72.5201   5     16     55  
894.0  14:54:06 42.377827 -72.5201   4     16     42  
894.0  14:54:14 42.377563 -72.51974   4     16     50  
894.0  14:54:21 42.377834 -72.52004   5     15     41  
894.0  14:54:32 42.37781 -72.52005   4     18     51  
894.0  14:54:40 42.37788 -72.51998   5     19     59  
894.0  14:54:49 42.377876 -72.52002   3     18     52  
894.0  14:54:59 42.377876 -72.52002   3     10     43  
895.0  14:55:00 42.377876 -72.52002   4     18     42  
895.0  14:55:08 42.377876 -72.52002   4     14     52  
895.0  14:55:17 42.37794 -72.52019   4     14     51  
895.0  14:55:28 42.37777 -72.519905   4     11     57  
895.0  14:55:36 42.377674 -72.519936   4     11     49  
895.0  14:55:45 42.377674 -72.52   3     19     47  
895.0  14:55:53 42.377674 -72.52002   3     14     45  
896.0  14:56:00 42.377293 -72.52   3     17     59  
896.0  14:56:02 42.37736 -72.52   3     14     40  
896.0  14:56:11 42.376827 -72.51994   4     14     54  
896.0  14:56:21 42.376038 -72.519936   3     15     50  
896.0  14:56:30 42.37534 -72.51989   4     19     54  
896.0  14:56:39 42.374638 -72.519875   5     15     51  
896.0  14:56:48 42.374405 -72.51993   4     11     55  
896.0  14:56:56 42.374393 -72.519936   3     11     40  
897.0  14:57:00 42.37439 -72.51992   4     16     43  
897.0  14:57:05 42.374393 -72.51992   3     11     53  
897.0  14:57:16 42.374 -72.51985   4     13     44  
897.0  14:57:24 42.373566 -72.51987   3     14     49  
897.0  14:57:33 42.37328 -72.51987   5     14     53  
897.0  14:57:42 42.37264 -72.5198   3     17     49  
897.0  14:57:51 42.37157 -72.51977   3     11     45  
898.0  14:58:00 42.36966 -72.51991   5     13     43  
898.0  14:58:03 42.37029 -72.51985   5     18     51  
898.0  14:58:14 42.367916 -72.52013   5     12     49  
898.0  14:58:23 42.366764 -72.520256   4     12     43  
898.0  14:58:32 42.365616 -72.52044   4     14     50  
898.0  14:58:40 42.36434 -72.52066   4     18     46  
899.0  14:59:00 42.361046 -72.52081   5     19     48  
899.0  14:59:27 42.357292 -72.52095   4     14     45  
899.0  14:59:40 42.35594 -72.52098   5     12     47  
900.0  15:00:00 42.354023 -72.52223   5     19     58  
900.0  15:00:24 42.351753 -72.52479   4     16     45  
901.0  15:01:00 42.35161 -72.52637   3     15     42  
901.0  15:01:22 42.35112 -72.527405   5     12     53  
901.0  15:01:33 42.350727 -72.5274   3     12     57  
901.0  15:01:41 42.350124 -72.52744   4     15     41  
901.0  15:01:50 42.34982 -72.527695   3     14     47  
901.0  15:01:57 42.349598 -72.52831   5     11     51  
902.0  15:02:00 42.349506 -72.52847   3     17     41  
902.0  15:02:06 42.34939 -72.52862   3     13     40  
902.0  15:02:14 42.34895 -72.528885   4     18     55  
903.0  15:03:00 42.348904 -72.5289   4     10     57  
903.0  15:03:31 42.348892 -72.52897   4     10     47  
903.0  15:03:46 42.348892 -72.52897   4     12     44  
904.0  15:04:00 42.348915 -72.52893   4     13     53  
904.0  15:04:26 42.34895 -72.52895   4     19     58  
904.0  15:04:41 42.348915 -72.5289   4     10     56  
905.0  15:05:00 42.348854 -72.52892   5     12     54  
906.0  15:06:00 42.34888 -72.52891   3     12     52  
906.0  15:06:36 42.348873 -72.52888   4     16     48  
907.0  15:07:00 42.348854 -72.528915   4     14     44  
908.0  15:08:00 42.34886 -72.5289   3     17     47  
908.0  15:08:01 42.34886 -72.5289   4     18     46  
908.0  15:08:19 42.348873 -72.528915   3     11     56  
908.0  15:08:33 42.348866 -72.528915   5     17     50  
908.0  15:08:47 42.348785 -72.528885   3     14     56  
909.0  15:09:00 42.348366 -72.52922   3     10     53  
909.0  15:09:06 42.348522 -72.52897   5     17     56  
909.0  15:09:14 42.348316 -72.52976   5     13     41  
909.0  15:09:22 42.348442 -72.53044   3     17     40  
909.0  15:09:30 42.3487 -72.53057   4     11     42  
909.0  15:09:39 42.349026 -72.53049   4     15     50  
909.0  15:09:50 42.349503 -72.53029   5     10     50  
909.0  15:09:58 42.35011 -72.53028   3     13     54  
910.0  15:10:00 42.35046 -72.5303   3     13     55  
910.0  15:10:06 42.35057 -72.5303   3     17     51  
910.0  15:10:14 42.350483 -72.53027   5     15     55  
910.0  15:10:22 42.350445 -72.53026   4     17     56  
910.0  15:10:31 42.35046 -72.53025   3     10     41  
910.0  15:10:42 42.350765 -72.53026   5     18     57  
910.0  15:10:50 42.3515 -72.53029   5     15     49  
910.0  15:10:59 42.351624 -72.529945   3     11     48  
911.0  15:11:00 42.35156 -72.52945   4     18     43  
911.0  15:11:08 42.35156 -72.528625   4     10     52  
911.0  15:11:17 42.351513 -72.52711   4     16     52  
911.0  15:11:26 42.351494 -72.52646   3     14     54  
911.0  15:11:37 42.351513 -72.52646   5     17     59  
911.0  15:11:45 42.351562 -72.52617   3     16     42  
911.0  15:11:54 42.351677 -72.52487   5     13     53  
912.0  15:12:00 42.35236 -72.523254   5     18     49  
912.0  15:12:57 42.355656 -72.52115   5     13     45  
913.0  15:13:00 42.355663 -72.52115   4     16     41  
913.0  15:13:08 42.355713 -72.52096   5     14     49  
913.0  15:13:17 42.35635 -72.52091   4     14     41  
913.0  15:13:25 42.35735 -72.52089   3     14     56  
913.0  15:13:34 42.358402 -72.52086   5     10     50  
913.0  15:13:41 42.3594 -72.52082   4     18     44  
913.0  15:13:50 42.36054 -72.52079   3     19     40  
914.0  15:14:00 42.36202 -72.52076   4     12     57  
914.0  15:14:00 42.362373 -72.52073   5     13     51  
914.0  15:14:35 42.36283 -72.5207   5     16     58  
914.0  15:14:44 42.363205 -72.52072   4     19     58  
915.0  15:15:00 42.36613 -72.52033   5     13     51  
915.0  15:15:54 42.372307 -72.51974   5     14     48  
916.0  15:16:00 42.372635 -72.51973   5     12     52  
916.0  15:16:09 42.372734 -72.51972   4     15     48  
916.0  15:16:20 42.37381 -72.51979   5     15     51  
916.0  15:16:29 42.37435 -72.5198   3     10     58  
916.0  15:16:37 42.374653 -72.51976   4     15     58  
916.0  15:16:46 42.37472 -72.519775   4     17     57  
916.0  15:16:55 42.374718 -72.5198   4     13     56  
917.0  15:17:00 42.374756 -72.5198   3     13     49  
917.0  15:17:04 42.374756 -72.5198   5     18     50  
917.0  15:17:15 42.374763 -72.51975   4     16     46  
917.0  15:17:24 42.37478 -72.51976   3     14     40  
917.0  15:17:32 42.374794 -72.51974   3     17     46  
917.0  15:17:41 42.374798 -72.51973   4     13     46  
917.0  15:17:50 42.37479 -72.519745   3     12     40  
917.0  15:17:59 42.374813 -72.51976   5     10     50  
918.0  15:18:00 42.374798 -72.51977   4     17     52  
918.0  15:18:09 42.374767 -72.51974   3     16     49  
918.0  15:18:18 42.374947 -72.51979   4     18     53  
918.0  15:18:27 42.375626 -72.51979   3     19     56  
918.0  15:18:35 42.37628 -72.51982   4     13     44  
918.0  15:18:44 42.376614 -72.519806   3     17     57  
918.0  15:18:52 42.37678 -72.519806   3     11     48  
919.0  15:19:00 42.377247 -72.519844   3     10     40  
919.0  15:19:02 42.377247 -72.519844   4     18     40  
919.0  15:19:11 42.377434 -72.51981   5     18     55  
919.0  15:19:20 42.37755 -72.5198   5     10     51  
919.0  15:19:29 42.37759 -72.51979   4     10     52  
919.0  15:19:38 42.377625 -72.519775   4     15     59  
919.0  15:19:46 42.3776 -72.51984   3     12     41  
919.0  15:19:57 42.378048 -72.519905   3     11     53  
920.0  15:20:00 42.37821 -72.5199   5     10     58  
920.0  15:20:05 42.37823 -72.51989   3     12     50  
920.0  15:20:14 42.37862 -72.51988   5     10     45  
920.0  15:20:23 42.379345 -72.51973   5     14     59  
920.0  15:20:32 42.379738 -72.51953   5     12     45  
920.0  15:20:41 42.379784 -72.51948   3     19     52  
920.0  15:20:51 42.379772 -72.51945   5     11     54  
920.0  15:20:59 42.379868 -72.51948   5     18     44  
921.0  15:21:00 42.37992 -72.51947   3     17     42  
921.0  15:21:08 42.38029 -72.519394   3     15     48  
921.0  15:21:16 42.381332 -72.51928   5     12     45  
921.0  15:21:25 42.381836 -72.51969   5     16     43  
921.0  15:21:33 42.382668 -72.52038   3     12     49  
921.0  15:21:44 42.38378 -72.52099   5     15     59  
921.0  15:21:52 42.38464 -72.52147   4     17     49  
922.0  15:22:00 42.38569 -72.52208   5     17     43  
922.0  15:22:01 42.38553 -72.52195   3     10     42  
922.0  15:22:10 42.38615 -72.52258   5     18     40  
922.0  15:22:18 42.386757 -72.522484   5     10     43  
922.0  15:22:27 42.387424 -72.5232   5     16     47  
922.0  15:22:38 42.387657 -72.52339   5     16     47  
922.0  15:22:47 42.38782 -72.52356   5     14     53  
922.0  15:22:55 42.387833 -72.52357   4     17     42  
923.0  15:23:00 42.387836 -72.523575   5     19     44  
923.0  15:23:04 42.387836 -72.523575   3     10     44  
923.0  15:23:12 42.387863 -72.52356   3     16     43  
923.0  15:23:20 42.387848 -72.52356   3     15     50  
923.0  15:23:31 42.3878 -72.52355   3     19     49  
923.0  15:23:39 42.3878 -72.523544   5     19     54  
923.0  15:23:47 42.38779 -72.52365   5     14     56  
923.0  15:23:56 42.388023 -72.52398   3     14     44  
924.0  15:24:00 42.388268 -72.52418   4     13     50  
924.0  15:24:04 42.388283 -72.524185   5     17     49  
924.0  15:24:14 42.38826 -72.524185   4     19     45  
924.0  15:24:24 42.388298 -72.52424   4     13     49  
924.0  15:24:33 42.388386 -72.52431   5     14     48  
924.0  15:24:41 42.388645 -72.524445   3     16     44  
924.0  15:24:50 42.388912 -72.52459   5     15     42  
924.0  15:24:58 42.389606 -72.524864   5     18     46  
925.0  15:25:00 42.38992 -72.52494   4     18     58  
925.0  15:25:07 42.390217 -72.52503   3     19     45  
925.0  15:25:18 42.390644 -72.52511   3     16     53  
925.0  15:25:27 42.39069 -72.52511   5     17     41  
925.0  15:25:36 42.390713 -72.52512   3     19     41  
925.0  15:25:44 42.390797 -72.52512   5     16     44  
925.0  15:25:52 42.390778 -72.525116   5     11     48  
926.0  15:26:00 42.390965 -72.525185   5     18     57  
926.0  15:26:00 42.391045 -72.52519   4     16     43  
926.0  15:26:13 42.391186 -72.525185   3     14     49  
926.0  15:26:22 42.39126 -72.525185   3     11     50  
926.0  15:26:30 42.39115 -72.525185   5     12     43  
926.0  15:26:38 42.391125 -72.52521   4     15     52  
926.0  15:26:47 42.39124 -72.52526   3     15     42  
926.0  15:26:55 42.391727 -72.52538   3     18     45  
927.0  15:27:00 42.392193 -72.525505   5     19     59  
927.0  15:27:06 42.39238 -72.525566   5     15     47  
927.0  15:27:14 42.392857 -72.525734   5     19     42  
927.0  15:27:22 42.39336 -72.52587   4     12     52  
927.0  15:27:33 42.393444 -72.52588   5     12     53  
927.0  15:27:42 42.393543 -72.52588   4     13     40  
927.0  15:27:50 42.393566 -72.52588   5     13     53  
928.0  15:28:00 42.393864 -72.5261   4     16     40  
928.0  15:28:01 42.393772 -72.52606   5     15     43  
928.0  15:28:10 42.393986 -72.52618   4     19     46  
928.0  15:28:19 42.393974 -72.52618   4     18     49  
928.0  15:28:27 42.39397 -72.52615   3     10     54  
928.0  15:28:37 42.394043 -72.52615   3     16     58  
928.0  15:28:45 42.39402 -72.52619   3     19     46  
928.0  15:28:55 42.394535 -72.52655   3     19     57  
929.0  15:29:00 42.394928 -72.526764   4     10     53  
929.0  15:29:08 42.39496 -72.52677   3     11     58  
929.0  15:29:17 42.394886 -72.526794   4     11     45  
929.0  15:29:26 42.394913 -72.526794   4     16     49  
929.0  15:29:35 42.39488 -72.5268   4     13     44  
929.0  15:29:45 42.39512 -72.52693   3     14     40  
929.0  15:29:54 42.395542 -72.52715   4     17     54  
930.0  15:30:00 42.3964 -72.527534   4     14     50  
930.0  15:30:03 42.3964 -72.527534   3     10     53  
930.0  15:30:12 42.397358 -72.52793   3     16     42  
930.0  15:30:20 42.39848 -72.52798   3     14     54  
930.0  15:30:30 42.399464 -72.527885   3     13     45  
930.0  15:30:41 42.401352 -72.52808   4     11     56  
930.0  15:30:50 42.402847 -72.528854   3     15     56  
930.0  15:30:59 42.40378 -72.52937   3     19     46  
931.0  15:31:00 42.404152 -72.5294   3     10     44  
931.0  15:31:08 42.40429 -72.5294   5     19     47  
931.0  15:31:16 42.403942 -72.52942   5     19     47  
931.0  15:31:25 42.40432 -72.52964   4     15     45  
931.0  15:31:36 42.40518 -72.52965   3     18     57  
931.0  15:31:44 42.405926 -72.52989   4     18     58  
931.0  15:31:53 42.407333 -72.53032   5     16     46  
932.0  15:32:00 42.408348 -72.53056   4     18     54  
932.0  15:32:01 42.408127 -72.53054   5     11     57  
932.0  15:32:09 42.40941 -72.53071   3     18     46  
932.0  15:32:17 42.409218 -72.5307   4     17     55  
932.0  15:32:31 42.409363 -72.53078   5     12     45  
932.0  15:32:40 42.40977 -72.53091   3     13     43  
932.0  15:32:49 42.409817 -72.53092   3     11     58  
932.0  15:32:57 42.40984 -72.530945   5     11     50  
933.0  15:33:00 42.40988 -72.53095   4     12     52  
933.0  15:33:06 42.40991 -72.530945   5     14     45  
933.0  15:33:14 42.40994 -72.53096   5     12     56  
933.0  15:33:25 42.40993 -72.53166   3     15     49  
933.0  15:33:33 42.409794 -72.532745   5     10     55  
933.0  15:33:41 42.40967 -72.53359   3     14     43  
933.0  15:33:50 42.40967 -72.5336   4     14     59  
933.0  15:33:58 42.409653 -72.53359   4     16     52  
934.0  15:34:00 42.40964 -72.5336   4     12     41  
934.0  15:34:07 42.409615 -72.53377   5     13     44  
934.0  15:34:18 42.409477 -72.535   5     15     48  
934.0  15:34:26 42.40929 -72.53662   3     14     47  
934.0  15:34:35 42.40904 -72.53785   5     18     53  
934.0  15:34:43 42.409527 -72.537834   5     18     53  
934.0  15:34:52 42.41061 -72.53771   4     19     54  
935.0  15:35:00 42.41187 -72.537575   4     11     42  
935.0  15:35:00 42.412334 -72.53751   5     18     43  
935.0  15:35:12 42.413757 -72.53738   3     15     53  
935.0  15:35:19 42.41539 -72.53711   3     13     50  
935.0  15:35:28 42.41692 -72.53691   5     17     41  
935.0  15:35:36 42.418488 -72.536804   3     16     40  
935.0  15:35:44 42.420193 -72.53694   3     10     54  
935.0  15:35:53 42.421757 -72.53723   4     14     55  
936.0  15:36:00 42.423634 -72.53793   3     16     45  
936.0  15:36:03 42.423634 -72.53793   5     12     53  
936.0  15:36:13 42.42528 -72.538826   4     11     51  
936.0  15:36:22 42.426952 -72.53997   5     12     45  
936.0  15:36:30 42.428295 -72.54094   5     13     41  
936.0  15:36:39 42.429802 -72.54216   4     19     45  
936.0  15:36:48 42.43112 -72.54328   4     16     45  
936.0  15:36:58 42.43144 -72.54353   4     15     53  
937.0  15:37:00 42.43144 -72.54351   3     19     57  
937.0  15:37:07 42.43145 -72.5435   4     11     59  
937.0  15:37:15 42.431477 -72.54355   5     16     54  
937.0  15:37:24 42.431538 -72.54364   4     14     59  
937.0  15:37:32 42.431767 -72.54409   3     17     59  
937.0  15:37:41 42.43246 -72.544785   5     10     55  
937.0  15:37:52 42.43405 -72.54563   4     19     55  
938.0  15:38:00 42.4356 -72.54648   4     17     43  
938.0  15:38:02 42.43533 -72.54632   5     14     54  
938.0  15:38:11 42.436813 -72.54724   4     16     54  
938.0  15:38:19 42.43794 -72.54809   4     12     41  
938.0  15:38:27 42.438988 -72.549126   3     16     44  
938.0  15:38:36 42.44013 -72.550354   4     16     50  
938.0  15:38:47 42.441677 -72.55215   5     17     40  
938.0  15:38:55 42.44314 -72.55331   5     14     53  
939.0  15:39:00 42.444584 -72.554085   4     15     50  
939.0  15:39:04 42.44497 -72.55423   4     10     59  
939.0  15:39:14 42.44746 -72.55574   5     19     56  
939.0  15:39:24 42.448685 -72.55777   4     17     46  
939.0  15:39:32 42.44995 -72.55963   5     12     45  
939.0  15:39:43 42.450577 -72.561195   4     14     56  
939.0  15:39:51 42.451553 -72.56259   3     13     49  
939.0  15:39:59 42.452175 -72.563446   5     13     45  
940.0  15:40:00 42.45231 -72.5636   4     11     41  
940.0  15:40:08 42.45238 -72.563736   3     14     52  
940.0  15:40:16 42.45234 -72.56371   3     18     48  
940.0  15:40:25 42.452343 -72.5637   5     18     58  
940.0  15:40:36 42.452374 -72.56369   5     10     59  
940.0  15:40:45 42.45236 -72.5637   3     12     51  
940.0  15:40:53 42.452366 -72.563705   4     11     55  
941.0  15:41:00 42.452415 -72.56391   3     11     56  
941.0  15:41:01 42.452396 -72.56385   3     18     43  
941.0  15:41:10 42.452816 -72.56452   5     12     55  
941.0  15:41:19 42.45372 -72.565674   5     14     47  
941.0  15:41:30 42.45558 -72.56743   4     11     45  
941.0  15:41:39 42.456867 -72.56864   4     14     43  
941.0  15:41:47 42.45827 -72.569984   5     10     53  
941.0  15:41:55 42.45952 -72.57118   5     17     47  
942.0  15:42:00 42.46063 -72.57211   5     12     52  
942.0  15:42:06 42.46099 -72.57234   3     10     50  
942.0  15:42:17 42.462795 -72.57334   4     16     43  
942.0  15:42:33 42.46513 -72.57546   5     10     59  
942.0  15:42:47 42.46547 -72.57597   4     12     42  
942.0  15:42:55 42.465534 -72.57616   5     12     58  
943.0  15:43:00 42.465706 -72.57672   4     16     53  
943.0  15:43:03 42.465744 -72.57684   3     13     49  
943.0  15:43:12 42.466114 -72.57792   4     13     53  
943.0  15:43:20 42.46633 -72.57899   4     17     53  
943.0  15:43:29 42.466415 -72.57938   4     13     44  
943.0  15:43:40 42.46644 -72.57945   5     10     58  
943.0  15:43:49 42.465996 -72.5798   4     11     49  
943.0  15:43:57 42.465145 -72.580185   4     19     55  
944.0  15:44:00 42.4643 -72.58054   3     19     49  
944.0  15:44:05 42.46381 -72.5807   3     13     57  
944.0  15:44:13 42.462486 -72.58112   4     18     48  
944.0  15:44:21 42.461224 -72.581535   4     11     55  
944.0  15:44:32 42.459736 -72.58206   3     19     52  
944.0  15:44:41 42.458443 -72.58251   5     16     50  
944.0  15:44:49 42.45768 -72.58274   4     16     47  
944.0  15:44:58 42.45756 -72.58215   4     12     40  
945.0  15:45:00 42.457508 -72.581726   4     19     56  
945.0  15:45:06 42.457523 -72.5815   3     16     54  
945.0  15:45:15 42.45764 -72.581375   3     14     48  
945.0  15:45:24 42.45761 -72.581345   4     10     49  
945.0  15:45:33 42.457638 -72.58133   4     13     59  
945.0  15:45:41 42.457703 -72.581345   3     14     48  
945.0  15:45:48 42.457737 -72.58178   4     12     56  
945.0  15:45:57 42.45783 -72.582504   3     19     53  
946.0  15:46:00 42.457916 -72.58264   4     19     52  
946.0  15:46:06 42.45808 -72.58258   4     10     47  
946.0  15:46:17 42.459045 -72.5822   3     13     53  
946.0  15:46:25 42.459953 -72.58193   4     17     53  
946.0  15:46:34 42.459965 -72.58085   3     10     43  
946.0  15:46:42 42.45979 -72.5794   5     10     54  
946.0  15:46:50 42.45954 -72.57826   4     16     54  
946.0  15:46:58 42.459503 -72.57828   5     18     41  
947.0  15:47:00 42.459484 -72.578255   3     11     50  
947.0  15:47:09 42.4594 -72.57786   4     16     42  
947.0  15:47:17 42.459217 -72.57692   5     18     42  
947.0  15:47:27 42.459023 -72.57604   4     10     43  
947.0  15:47:36 42.458828 -72.5749   3     13     45  
947.0  15:47:44 42.458622 -72.57382   3     11     53  
947.0  15:47:53 42.45842 -72.572815   5     13     54  
948.0  15:48:00 42.45801 -72.57124   5     11     42  
948.0  15:48:03 42.45801 -72.57124   5     10     46  
948.0  15:48:11 42.45715 -72.57028   3     18     40  
948.0  15:48:20 42.4561 -72.56916   3     16     43  
948.0  15:48:28 42.455154 -72.568115   3     13     45  
948.0  15:48:36 42.454617 -72.56701   5     12     41  
948.0  15:48:44 42.454433 -72.56639   3     12     53  
948.0  15:48:54 42.45372 -72.5657   4     11     49  
949.0  15:49:00 42.452984 -72.56478   3     14     53  
949.0  15:49:03 42.452984 -72.56478   5     14     50  
949.0  15:49:11 42.452156 -72.56359   3     11     50  
949.0  15:49:19 42.451595 -72.56283   4     11     46  
949.0  15:49:28 42.451527 -72.5628   5     19     45  
949.0  15:49:36 42.451538 -72.562805   4     19     52  
949.0  15:49:47 42.451126 -72.562164   4     12     53  
949.0  15:49:56 42.45035 -72.56104   5     12     48  
950.0  15:50:00 42.44961 -72.55989   4     19     46  
950.0  15:50:04 42.4495 -72.559715   3     10     54  
950.0  15:50:17 42.448544 -72.557915   3     15     42  
950.0  15:50:25 42.44718 -72.55546   5     17     59  
950.0  15:50:34 42.4457 -72.55419   4     15     42  
950.0  15:50:44 42.443954 -72.55309   3     18     45  
950.0  15:50:52 42.44266 -72.55198   4     13     47  
951.0  15:51:00 42.4412 -72.55034   5     19     51  
951.0  15:51:01 42.441498 -72.55067   3     12     47  
951.0  15:51:09 42.44009 -72.54926   5     14     58  
951.0  15:51:17 42.438755 -72.5482   5     19     58  
951.0  15:51:26 42.437218 -72.5472   4     17     59  
951.0  15:51:37 42.435417 -72.546295   4     15     41  
951.0  15:51:45 42.433777 -72.54548   5     10     53  
951.0  15:51:54 42.43239 -72.54454   5     18     59  
952.0  15:52:00 42.430923 -72.54328   4     13     58  
952.0  15:52:02 42.430923 -72.54328   3     14     58  
952.0  15:52:11 42.429653 -72.542145   4     13     48  
952.0  15:52:19 42.4282 -72.54093   3     15     47  
952.0  15:52:30 42.427082 -72.54016   5     12     43  
952.0  15:52:39 42.426968 -72.54007   4     10     44  
952.0  15:52:48 42.426964 -72.54009   3     17     48  
952.0  15:52:57 42.426617 -72.539825   5     19     47  
953.0  15:53:00 42.42618 -72.53954   3     11     44  
953.0  15:53:05 42.425877 -72.53932   5     16     41  
953.0  15:53:14 42.424915 -72.53863   4     17     51  
953.0  15:53:24 42.423096 -72.53775   5     12     52  
953.0  15:53:32 42.421562 -72.53726   5     15     55  
953.0  15:53:42 42.41985 -72.53691   4     17     56  
953.0  15:53:51 42.41794 -72.536835   3     13     47  
953.0  15:53:59 42.41641 -72.53701   3     19     55  
954.0  15:54:00 42.415836 -72.53709   4     19     49  
954.0  15:54:08 42.414684 -72.53723   3     15     52  
954.0  15:54:19 42.41277 -72.537476   4     15     46  
954.0  15:54:28 42.410854 -72.53772   3     10     54  
954.0  15:54:37 42.40944 -72.537895   3     14     42  
954.0  15:54:46 42.40896 -72.53794   5     11     58  
954.0  15:54:54 42.408936 -72.53766   4     15     45  
955.0  15:55:00 42.40915 -72.5371   4     16     42  
955.0  15:55:03 42.409195 -72.536995   5     10     59  
955.0  15:55:14 42.409447 -72.53537   5     12     53  
955.0  15:55:22 42.4096 -72.53385   5     19     42  
955.0  15:55:31 42.40975 -72.53257   3     15     40  
955.0  15:55:40 42.409924 -72.53129   4     18     40  
955.0  15:55:49 42.409943 -72.53115   5     19     47  
955.0  15:55:58 42.409946 -72.531136   3     19     45  
956.0  15:56:00 42.40995 -72.53114   3     14     41  
956.0  15:56:09 42.40994 -72.5311   5     18     47  
956.0  15:56:18 42.409588 -72.53085   4     13     44  
956.0  15:56:26 42.408573 -72.530525   3     19     55  
956.0  15:56:35 42.407166 -72.530106   4     14     42  
956.0  15:56:44 42.40596 -72.529816   5     10     55  
956.0  15:56:52 42.40459 -72.5297   5     16     49  
957.0  15:57:00 42.403267 -72.52923   4     18     49  
957.0  15:57:07 42.403076 -72.52908   4     11     54  
957.0  15:57:17 42.403194 -72.52914   3     19     45  
957.0  15:57:26 42.403027 -72.52892   4     12     54  
957.0  15:57:34 42.40222 -72.52842   4     19     49  
957.0  15:57:43 42.40108 -72.527985   4     18     46  
957.0  15:57:51 42.3997 -72.52799   3     12     44  
957.0  15:57:59 42.398663 -72.52807   4     11     55  
958.0  15:58:00 42.398335 -72.528145   3     19     56  
958.0  15:58:13 42.398132 -72.528145   3     15     50  
958.0  15:58:22 42.39811 -72.528145   4     14     48  
958.0  15:58:31 42.397587 -72.52804   3     12     51  
958.0  15:58:40 42.39681 -72.52774   4     14     40  
958.0  15:58:48 42.396397 -72.52758   5     13     58  
958.0  15:58:57 42.396374 -72.52755   4     18     46  
959.0  15:59:00 42.39643 -72.52751   3     12     47  
959.0  15:59:08 42.396435 -72.527504   5     18     42  
959.0  15:59:17 42.39636 -72.52747   5     18     48  
959.0  15:59:25 42.396294 -72.527435   4     13     49  
959.0  15:59:34 42.396263 -72.52745   3     13     48  
959.0  15:59:47 42.39612 -72.52743   3     16     48  
959.0  15:59:55 42.395504 -72.52717   5     17     47  
960.0  16:00:00 42.395412 -72.52718   4     17     58  
960.0  16:00:06 42.39541 -72.527176   3     12     51  
960.0  16:00:15 42.395424 -72.527176   3     17     42  
960.0  16:00:23 42.39546 -72.52718   4     16     53  
960.0  16:00:32 42.395496 -72.52721   3     17     43  
960.0  16:00:41 42.395515 -72.527214   5     17     58  
960.0  16:00:50 42.39534 -72.52711   3     10     58  
961.0  16:01:00 42.394485 -72.5266   5     14     54  
961.0  16:01:01 42.394573 -72.526634   5     12     42  
961.0  16:01:09 42.394276 -72.52646   3     12     57  
961.0  16:01:17 42.393795 -72.52616   4     15     44  
961.0  16:01:26 42.393456 -72.52605   5     12     53  
961.0  16:01:34 42.393375 -72.52602   3     17     58  
961.0  16:01:43 42.39335 -72.52604   3     13     59  
961.0  16:01:53 42.39334 -72.526054   3     16     52  
962.0  16:02:00 42.393345 -72.52607   3     19     45  
962.0  16:02:02 42.393345 -72.52607   3     19     44  
962.0  16:02:11 42.39335 -72.52608   3     17     41  
962.0  16:02:19 42.39336 -72.52607   5     10     57  
962.0  16:02:28 42.39338 -72.52606   5     13     52  
962.0  16:02:36 42.393417 -72.52605   4     16     40  
962.0  16:02:46 42.393463 -72.52602   5     10     42  
962.0  16:02:55 42.393448 -72.52601   5     19     57  
963.0  16:03:00 42.393425 -72.52602   5     19     48  
963.0  16:03:04 42.393425 -72.52602   3     10     46  
963.0  16:03:12 42.393295 -72.52584   4     17     49  
963.0  16:03:20 42.39261 -72.52558   4     18     40  
963.0  16:03:29 42.39162 -72.52536   4     18     53  
963.0  16:03:39 42.390865 -72.52525   4     19     50  
963.0  16:03:48 42.39085 -72.52525   3     15     57  
963.0  16:03:57 42.390854 -72.52526   3     17     59  
964.0  16:04:00 42.390766 -72.52518   4     10     53  
964.0  16:04:05 42.390675 -72.52515   5     16     58  
964.0  16:04:14 42.38981 -72.524994   3     16     52  
964.0  16:04:23 42.388935 -72.52464   3     13     44  
964.0  16:04:34 42.38833 -72.524315   5     10     52  
964.0  16:04:42 42.387867 -72.52397   3     17     46  
964.0  16:04:51 42.387753 -72.52386   5     18     59  
965.0  16:05:00 42.38778 -72.523865   5     16     59  
965.0  16:05:01 42.38778 -72.523865   3     18     48  
965.0  16:05:10 42.3878 -72.52388   4     13     40  
965.0  16:05:18 42.387825 -72.523895   3     11     59  
965.0  16:05:29 42.387733 -72.52372   5     10     56  
965.0  16:05:37 42.38732 -72.523125   5     12     40  
965.0  16:05:46 42.386658 -72.52249   3     15     47  
965.0  16:05:54 42.3865 -72.5225   4     11     45  
966.0  16:06:00 42.386482 -72.5225   4     15     42  
966.0  16:06:03 42.386482 -72.5225   5     10     55  
966.0  16:06:11 42.3865 -72.52249   5     10     59  
966.0  16:06:21 42.38651 -72.52248   5     15     50  
966.0  16:06:30 42.386524 -72.52247   5     13     53  
966.0  16:06:39 42.38655 -72.52245   3     14     42  
966.0  16:06:47 42.386192 -72.52248   3     13     50  
966.0  16:06:56 42.386047 -72.52254   5     13     56  
967.0  16:07:00 42.38605 -72.522514   5     16     58  
967.0  16:07:04 42.386047 -72.52253   5     14     49  
967.0  16:07:15 42.386036 -72.52255   3     10     55  
967.0  16:07:23 42.386066 -72.52252   5     17     47  
967.0  16:07:31 42.38597 -72.52253   3     19     46  
967.0  16:07:40 42.38556 -72.52201   3     13     42  
967.0  16:07:49 42.38484 -72.52158   5     19     49  
967.0  16:07:58 42.383797 -72.52102   5     12     46  
968.0  16:08:00 42.383217 -72.52074   4     12     42  
968.0  16:08:08 42.382824 -72.52052   4     18     46  
968.0  16:08:17 42.382797 -72.52049   5     14     41  
968.0  16:08:26 42.38279 -72.520485   5     11     50  
968.0  16:08:35 42.3828 -72.5205   4     12     42  
968.0  16:08:45 42.382786 -72.52051   5     11     44  
968.0  16:08:54 42.38267 -72.52045   4     19     58  
969.0  16:09:00 42.382145 -72.52004   4     17     51  
969.0  16:09:07 42.38198 -72.519905   3     14     46  
969.0  16:09:17 42.381573 -72.51943   4     16     58  
969.0  16:09:30 42.38153 -72.51938   5     14     59  
969.0  16:09:38 42.381195 -72.5193   3     19     55  
969.0  16:09:47 42.380283 -72.51945   4     13     51  
969.0  16:09:58 42.37958 -72.5197   3     10     58  
970.0  16:10:00 42.37951 -72.51973   4     10     47  
970.0  16:10:06 42.37948 -72.51974   4     11     44  
970.0  16:10:15 42.379444 -72.51973   3     17     45  
970.0  16:10:24 42.379204 -72.51983   3     15     45  
970.0  16:10:32 42.3785 -72.51997   3     17     51  
970.0  16:10:41 42.378258 -72.52   4     13     56  
970.0  16:10:51 42.377857 -72.520004   3     13     48  
971.0  16:11:00 42.37789 -72.52002   5     19     45  
971.0  16:11:00 42.377876 -72.52006   5     16     42  
971.0  16:11:09 42.377876 -72.520035   4     17     40  
971.0  16:11:17 42.377934 -72.52003   5     18     49  
971.0  16:11:26 42.37791 -72.520035   5     18     53  
971.0  16:11:34 42.37789 -72.52003   5     12     59  
971.0  16:11:45 42.377914 -72.52011   4     13     45  
971.0  16:11:54 42.377937 -72.52007   5     17     56  
972.0  16:12:00 42.377815 -72.52002   4     14     46  
972.0  16:12:02 42.37785 -72.52003   3     18     50  
972.0  16:12:11 42.377445 -72.51998   3     19     51  
972.0  16:12:20 42.3771 -72.51995   3     14     48  
972.0  16:12:28 42.37694 -72.51992   5     17     42  
972.0  16:12:38 42.376385 -72.519905   5     11     46  
972.0  16:12:47 42.37619 -72.51989   5     13     42  
972.0  16:12:55 42.37616 -72.51992   3     10     45  
973.0  16:13:00 42.376152 -72.51991   4     18     52  
973.0  16:13:04 42.37615 -72.51991   5     14     52  
973.0  16:13:13 42.376156 -72.51991   5     14     55  
973.0  16:13:21 42.37617 -72.519905   5     19     50  
973.0  16:13:32 42.376186 -72.519905   3     15     51  
973.0  16:13:40 42.376106 -72.519905   4     10     54  
973.0  16:13:48 42.375683 -72.519905   3     13     48  
973.0  16:13:57 42.37504 -72.51984   5     17     42  
974.0  16:14:00 42.37459 -72.51986   4     13     55  
974.0  16:14:06 42.374413 -72.51989   3     18     45  
974.0  16:14:14 42.37435 -72.51989   3     16     52  
974.0  16:14:25 42.37441 -72.51985   3     15     43  
974.0  16:14:34 42.374363 -72.51984   3     17     52  
974.0  16:14:43 42.37393 -72.519775   5     14     48  
974.0  16:14:52 42.373554 -72.519844   3     12     40  
975.0  16:15:00 42.373417 -72.519875   3     14     48  
975.0  16:15:01 42.373432 -72.519875   4     10     48  
975.0  16:15:10 42.37341 -72.51985   3     19     59  
975.0  16:15:21 42.373425 -72.51983   4     16     58  
975.0  16:15:30 42.373444 -72.519844   3     11     49  
975.0  16:15:39 42.373466 -72.51981   5     12     56  
975.0  16:15:48 42.37347 -72.519844   4     13     47  
975.0  16:15:57 42.37347 -72.51989   4     11     44  
976.0  16:16:00 42.37345 -72.51992   3     15     44  
976.0  16:16:06 42.37338 -72.51991   3     13     51  
976.0  16:16:16 42.3726 -72.51981   5     18     49  
976.0  16:16:26 42.37172 -72.51973   3     15     49  
976.0  16:16:37 42.370155 -72.51983   4     16     47  
976.0  16:16:46 42.368298 -72.52004   5     17     47  
976.0  16:16:54 42.366886 -72.52023   4     10     58  
977.0  16:17:00 42.365364 -72.52045   5     11     47  
977.0  16:17:03 42.365364 -72.52045   5     15     40  
977.0  16:17:17 42.36357 -72.52077   5     19     44  
977.0  16:17:26 42.361572 -72.52081   4     11     41  
977.0  16:17:37 42.359962 -72.520836   5     15     47  
977.0  16:17:46 42.35785 -72.52093   5     17     51  
977.0  16:17:56 42.356354 -72.52098   3     14     54  
978.0  16:18:00 42.355545 -72.52101   3     19     52  
978.0  16:18:26 42.3554 -72.52126   3     15     48  
978.0  16:18:48 42.353836 -72.52246   3     12     45  
979.0  16:19:00 42.351868 -72.5242   5     12     52  
979.0  16:19:00 42.351734 -72.524605   4     13     57  
979.0  16:19:09 42.35163 -72.525536   4     15     54  
980.0  16:20:00 42.350975 -72.52741   3     13     51  
981.0  16:21:00 42.34886 -72.52888   4     16     41  
981.0  16:21:06 42.348835 -72.52886   3     13     57  
981.0  16:21:16 42.34886 -72.52886   4     18     48  
981.0  16:21:25 42.348877 -72.5289   3     13     54  
981.0  16:21:33 42.348907 -72.52891   4     10     54  
981.0  16:21:42 42.348915 -72.5289   5     19     55  
981.0  16:21:50 42.348907 -72.52891   5     16     52  
981.0  16:21:59 42.348923 -72.52891   5     16     45  
982.0  16:22:00 42.34891 -72.52891   4     15     51  
982.0  16:22:10 42.34889 -72.52893   5     18     43  
982.0  16:22:18 42.34889 -72.528915   5     19     48  
982.0  16:22:27 42.348873 -72.52892   3     15     54  
982.0  16:22:35 42.348896 -72.52895   4     18     58  
982.0  16:22:44 42.348927 -72.52894   4     14     56  
982.0  16:22:52 42.3489 -72.528915   4     15     47  
983.0  16:23:00 42.34884 -72.528885   5     19     50  
983.0  16:23:05 42.34884 -72.528885   5     11     49  
983.0  16:23:14 42.348846 -72.5289   5     13     53  
983.0  16:23:22 42.34887 -72.528885   4     17     57  
983.0  16:23:31 42.3489 -72.52888   5     18     47  
983.0  16:23:40 42.34891 -72.52887   3     16     42  
983.0  16:23:48 42.34891 -72.528854   5     14     45  
983.0  16:23:59 42.348877 -72.528885   3     17     55  
984.0  16:24:00 42.348812 -72.528885   3     17     50  
984.0  16:24:07 42.34869 -72.528915   5     15     44  
984.0  16:24:15 42.348377 -72.5293   3     10     41  
984.0  16:24:24 42.348335 -72.529816   3     11     57  
984.0  16:24:32 42.3485 -72.53056   5     16     48  
984.0  16:24:41 42.348732 -72.53065   4     18     50  
984.0  16:24:52 42.34921 -72.530464   3     19     57  
985.0  16:25:00 42.34966 -72.53033   5     13     46  
985.0  16:25:01 42.349525 -72.53034   4     16     49  
985.0  16:25:10 42.350224 -72.53032   3     16     43  
985.0  16:25:19 42.3505 -72.5303   3     15     47  
985.0  16:25:27 42.35071 -72.53032   3     10     44  
985.0  16:25:36 42.351326 -72.53034   4     19     44  
985.0  16:25:47 42.351543 -72.530304   4     11     55  
985.0  16:25:56 42.35157 -72.5296   5     17     44  
986.0  16:26:00 42.35155 -72.52844   5     16     49  
986.0  16:26:04 42.351543 -72.52803   4     16     48  
986.0  16:26:13 42.35155 -72.52632   3     17     50  
986.0  16:26:21 42.35177 -72.5246   5     17     42  
987.0  16:27:00 42.354683 -72.52163   3     14     40  
988.0  16:28:00 42.355686 -72.52107   4     19     52  
988.0  16:28:09 42.35569 -72.521065   4     17     43  
988.0  16:28:21 42.356377 -72.52098   3     10     41  
988.0  16:28:29 42.357338 -72.52095   3     11     51  
988.0  16:28:38 42.3585 -72.52089   3     10     49  
988.0  16:28:47 42.359665 -72.52082   3     17     45  
988.0  16:28:55 42.360947 -72.52078   4     10     47  
989.0  16:29:00 42.362114 -72.52077   3     15     45  
989.0  16:29:41 42.368572 -72.51999   5     19     40  
989.0  16:29:58 42.37101 -72.51975   5     17     52  
990.0  16:30:00 42.371582 -72.519745   5     19     40  
990.0  16:30:01 42.362114 -72.52077   4     16     51  
990.0  16:30:23 42.372993 -72.51975   3     11     56  
990.0  16:30:28 42.373013 -72.5198   3     17     45  
990.0  16:30:33 42.372997 -72.51978   4     18     53  
990.0  16:30:38 42.372993 -72.519806   4     15     55  
990.0  16:30:43 42.37299 -72.51981   4     13     41  
990.0  16:30:48 42.37299 -72.519806   3     16     50  
990.0  16:30:53 42.373005 -72.519806   4     14     43  
990.0  16:30:54 42.372986 -72.51981   4     11     46  
991.0  16:31:00 42.37298 -72.51978   5     13     43  
991.0  16:31:03 42.372982 -72.519775   3     19     45  
991.0  16:31:08 42.372993 -72.51978   5     14     58  
991.0  16:31:08 42.372997 -72.51978   3     10     59  
991.0  16:31:17 42.37301 -72.51976   5     10     40  
991.0  16:31:25 42.373196 -72.51974   5     19     54  
991.0  16:31:34 42.373783 -72.519775   3     16     44  
991.0  16:31:42 42.374367 -72.51983   3     13     42  
991.0  16:31:50 42.37463 -72.5198   4     13     50  
992.0  16:32:00 42.374683 -72.51974   3     17     48  
992.0  16:32:01 42.374683 -72.51975   5     13     44  
992.0  16:32:09 42.374683 -72.51972   3     14     54  
992.0  16:32:18 42.374706 -72.51973   3     10     41  
992.0  16:32:27 42.374725 -72.51973   3     13     42  
992.0  16:32:35 42.374817 -72.51976   3     18     46  
992.0  16:32:44 42.37508 -72.519806   5     12     45  
992.0  16:32:54 42.375103 -72.51983   3     11     46  
993.0  16:33:00 42.375107 -72.51986   5     17     47  
993.0  16:33:03 42.375107 -72.51986   5     14     44  
993.0  16:33:11 42.37513 -72.51984   4     12     40  
993.0  16:33:20 42.37513 -72.51981   4     14     48  
993.0  16:33:29 42.37528 -72.51984   4     13     42  
993.0  16:33:37 42.37553 -72.51982   5     11     49  
993.0  16:33:48 42.37603 -72.51978   4     19     44  
993.0  16:33:56 42.376507 -72.519844   4     15     42  
994.0  16:34:00 42.376778 -72.51987   4     12     43  
994.0  16:34:05 42.376812 -72.519875   3     16     48  
994.0  16:34:13 42.376965 -72.519844   4     11     55  
994.0  16:34:22 42.37736 -72.519905   5     15     53  
994.0  16:34:31 42.377506 -72.519875   3     11     56  
994.0  16:34:42 42.37754 -72.51981   4     16     57  
994.0  16:34:50 42.377556 -72.519775   3     12     49  
994.0  16:34:59 42.377586 -72.51971   5     16     46  
995.0  16:35:00 42.377586 -72.51969   5     19     45  
995.0  16:35:08 42.377563 -72.51969   4     16     56  
995.0  16:35:17 42.377563 -72.519684   4     13     46  
995.0  16:35:26 42.377563 -72.51971   5     18     54  
995.0  16:35:36 42.377632 -72.5198   4     10     41  
995.0  16:35:45 42.378216 -72.519905   5     13     55  
995.0  16:35:53 42.378864 -72.51994   4     16     47  
996.0  16:36:00 42.379627 -72.51966   3     10     58  
996.0  16:36:02 42.379566 -72.51969   5     13     59  
996.0  16:36:10 42.379833 -72.519585   5     10     52  
996.0  16:36:19 42.379826 -72.51958   5     18     41  
996.0  16:36:30 42.3799 -72.51957   3     17     43  
996.0  16:36:38 42.380547 -72.51943   4     11     58  
996.0  16:36:49 42.380985 -72.51938   5     16     50  
996.0  16:36:58 42.38111 -72.51926   5     10     47  
997.0  16:37:00 42.381332 -72.51922   4     12     58  
997.0  16:37:07 42.381565 -72.519226   5     12     58  
997.0  16:37:16 42.382065 -72.519775   5     14     44  
997.0  16:37:26 42.38231 -72.51988   5     19     46  
997.0  16:37:35 42.38256 -72.52012   3     14     45  
997.0  16:37:43 42.383 -72.52043   3     14     50  
997.0  16:37:52 42.38318 -72.52049   3     16     53  
998.0  16:38:00 42.38322 -72.52046   5     12     58  
998.0  16:38:01 42.383213 -72.52046   3     15     58  
998.0  16:38:09 42.383278 -72.520515   5     11     54  
998.0  16:38:19 42.38392 -72.52103   3     15     47  
998.0  16:38:28 42.384754 -72.5215   4     15     55  
998.0  16:38:36 42.38555 -72.52193   3     10     52  
998.0  16:38:45 42.386024 -72.52229   4     17     58  
998.0  16:38:54 42.386494 -72.52231   5     12     40  
999.0  16:39:00 42.387154 -72.52287   5     16     58  
999.0  16:39:04 42.387154 -72.52287   3     14     59  
999.0  16:39:18 42.387753 -72.52353   3     10     50  
999.0  16:39:27 42.387737 -72.52355   3     18     43  
999.0  16:39:35 42.387733 -72.52354   3     14     46  
999.0  16:39:44 42.38775 -72.52352   3     14     40  
999.0  16:39:52 42.387962 -72.523895   3     17     45  
1000.0  16:40:00 42.38859 -72.5244   5     19     41  
1000.0  16:40:00 42.388775 -72.5245   5     10     57  
1000.0  16:40:11 42.389572 -72.52487   5     17     46  
1000.0  16:40:20 42.390495 -72.52511   4     14     44  
1000.0  16:40:30 42.39109 -72.525215   5     14     48  
1000.0  16:40:39 42.391163 -72.525185   5     17     56  
1000.0  16:40:48 42.39114 -72.52524   5     19     49  
1000.0  16:40:59 42.391163 -72.525246   3     17     42  
1001.0  16:41:00 42.39138 -72.52527   5     17     47  
1001.0  16:41:11 42.391968 -72.52537   5     16     40  
1001.0  16:41:20 42.39287 -72.525635   4     18     59  
1001.0  16:41:28 42.393486 -72.525925   5     16     52  
1001.0  16:41:37 42.393944 -72.526115   5     12     57  
1001.0  16:41:45 42.393917 -72.52621   3     16     57  
1001.0  16:41:54 42.393948 -72.52621   3     13     45  
1002.0  16:42:00 42.393986 -72.52617   4     14     56  
1002.0  16:42:04 42.39399 -72.52616   3     15     58  
1002.0  16:42:13 42.39399 -72.52612   3     16     56  
1002.0  16:42:21 42.39402 -72.526215   5     19     59  
1002.0  16:42:30 42.394547 -72.52655   5     19     42  
1002.0  16:42:39 42.395096 -72.52686   4     19     59  
1002.0  16:42:49 42.39517 -72.52686   5     19     46  
1003.0  16:43:00 42.395153 -72.52688   3     11     54  
1003.0  16:43:00 42.395164 -72.52688   3     15     52  
1003.0  16:43:09 42.395275 -72.52698   4     19     52  
1003.0  16:43:19 42.39607 -72.52731   3     10     55  
1003.0  16:43:27 42.397144 -72.5278   5     15     48  
1003.0  16:43:36 42.398304 -72.52806   4     17     50  
1003.0  16:43:45 42.39942 -72.52799   3     13     42  
1003.0  16:43:58 42.40172 -72.52816   4     18     52  
1004.0  16:44:00 42.402317 -72.52844   5     17     44  
1004.0  16:44:07 42.40282 -72.52878   5     12     55  
1004.0  16:44:15 42.403576 -72.52914   4     19     59  
1004.0  16:44:24 42.404144 -72.52959   5     10     50  
1004.0  16:44:33 42.40522 -72.52971   3     13     45  
1004.0  16:44:42 42.406616 -72.52986   5     16     41  
1004.0  16:44:52 42.408207 -72.53036   5     14     43  
1005.0  16:45:00 42.409286 -72.53066   3     16     47  
1005.0  16:45:01 42.409218 -72.53064   4     17     53  
1005.0  16:45:13 42.409256 -72.530685   4     14     48  
1005.0  16:45:22 42.40924 -72.530685   5     19     54  
1005.0  16:45:30 42.409595 -72.53094   4     14     44  
1005.0  16:45:39 42.40979 -72.53094   5     19     52  
1005.0  16:45:50 42.409943 -72.53103   4     13     51  
1005.0  16:45:59 42.409866 -72.53187   4     10     46  
1006.0  16:46:00 42.40979 -72.53246   5     14     52  
1006.0  16:46:07 42.4097 -72.53324   3     15     56  
1006.0  16:46:15 42.409695 -72.53371   5     14     57  
1006.0  16:46:24 42.409683 -72.53376   5     17     44  
1006.0  16:46:34 42.40967 -72.533745   3     17     57  
1006.0  16:46:45 42.409626 -72.53398   3     15     43  
1006.0  16:46:55 42.409485 -72.53528   5     13     51  
1007.0  16:47:00 42.409275 -72.53698   4     10     47  
1007.0  16:47:03 42.409233 -72.53715   4     18     51  
1007.0  16:47:12 42.40914 -72.5379   4     10     45  
1007.0  16:47:22 42.40919 -72.53787   3     16     43  
1007.0  16:47:31 42.40988 -72.5378   4     16     46  
1007.0  16:47:45 42.411907 -72.53754   3     10     43  
1008.0  16:48:00 42.4137 -72.53732   5     13     53  
1008.0  16:48:00 42.415424 -72.537094   4     14     43  
1008.0  16:48:11 42.416588 -72.536964   3     19     57  
1008.0  16:48:26 42.418697 -72.536804   4     16     55  
1008.0  16:48:39 42.421932 -72.53727   4     11     41  
1008.0  16:48:48 42.423782 -72.53798   4     13     42  
1008.0  16:48:57 42.425587 -72.53898   3     12     48  
1009.0  16:49:00 42.42662 -72.53966   3     18     49  
1009.0  16:49:06 42.42696 -72.539894   5     16     49  
1009.0  16:49:15 42.42866 -72.54113   3     11     43  
1009.0  16:49:23 42.429943 -72.542274   3     16     54  
1009.0  16:49:33 42.431534 -72.543686   3     17     44  
1009.0  16:49:42 42.43302 -72.54486   3     18     56  
1009.0  16:49:51 42.434372 -72.54577   3     18     57  
1010.0  16:50:00 42.43604 -72.54653   3     12     41  
1010.0  16:50:00 42.43675 -72.54692   4     14     48  
1010.0  16:50:08 42.437645 -72.5474   3     18     48  
1010.0  16:50:17 42.43927 -72.54825   5     10     56  
1010.0  16:50:27 42.44089 -72.54963   3     10     44  
1010.0  16:50:36 42.442017 -72.55108   5     14     53  
1010.0  16:50:45 42.443363 -72.552574   4     11     42  
1010.0  16:50:53 42.444897 -72.553665   3     17     49  
1011.0  16:51:00 42.446518 -72.55463   4     14     45  
1011.0  16:51:02 42.446342 -72.5545   5     16     42  
1011.0  16:51:11 42.44771 -72.555954   3     11     54  
1011.0  16:51:22 42.44888 -72.558365   4     10     49  
1011.0  16:51:30 42.449783 -72.56007   3     14     49  
1011.0  16:51:39 42.45066 -72.56141   3     18     51  
1011.0  16:51:47 42.451515 -72.56265   3     15     54  
1011.0  16:51:56 42.45205 -72.56346   5     16     55  
1012.0  16:52:00 42.452312 -72.56371   5     14     45  
1012.0  16:52:05 42.452305 -72.56371   5     13     57  
1012.0  16:52:16 42.4523 -72.563675   3     11     46  
1012.0  16:52:25 42.452312 -72.56369   4     11     56  
1012.0  16:52:33 42.45226 -72.56379   3     19     55  
1012.0  16:52:42 42.45229 -72.563774   5     10     55  
1012.0  16:52:50 42.452274 -72.563805   5     12     52  
1012.0  16:52:59 42.452484 -72.564026   5     11     57  
1013.0  16:53:00 42.4527 -72.56435   5     17     53  
1013.0  16:53:09 42.453255 -72.56512   3     18     48  
1013.0  16:53:18 42.45424 -72.56615   3     18     53  
1013.0  16:53:27 42.45561 -72.56748   4     17     54  
1013.0  16:53:35 42.457214 -72.56894   3     17     58  
1013.0  16:53:44 42.45847 -72.57014   5     16     47  
1013.0  16:53:52 42.459908 -72.571434   5     15     45  
1014.0  16:54:00 42.46162 -72.57262   5     14     43  
1014.0  16:54:03 42.46162 -72.57262   5     19     55  
1014.0  16:54:12 42.46304 -72.573395   4     16     47  
1014.0  16:54:21 42.4646 -72.57459   3     10     48  
1014.0  16:54:30 42.465256 -72.57561   3     13     48  
1014.0  16:54:38 42.46554 -72.57622   4     19     48  
1014.0  16:54:47 42.46565 -72.576454   5     12     45  
1014.0  16:54:57 42.465683 -72.57651   5     19     51  
1015.0  16:55:00 42.46575 -72.57667   5     11     44  
1015.0  16:55:06 42.46577 -72.57674   5     19     55  
1015.0  16:55:14 42.465923 -72.577194   3     17     45  
1015.0  16:55:24 42.466106 -72.57778   3     13     44  
1015.0  16:55:32 42.466152 -72.57804   3     16     57  
1015.0  16:55:40 42.466267 -72.578575   5     15     53  
1015.0  16:55:50 42.466393 -72.579605   5     17     43  
1015.0  16:55:59 42.46568 -72.57998   4     17     49  
1016.0  16:56:00 42.46524 -72.58018   4     12     42  
1016.0  16:56:07 42.464985 -72.580315   5     11     59  
1016.0  16:56:15 42.464973 -72.58032   5     15     59  
1016.0  16:56:24 42.46462 -72.58049   4     15     43  
1016.0  16:56:33 42.463608 -72.58081   3     12     55  
1016.0  16:56:43 42.46182 -72.58133   5     16     40  
1016.0  16:56:53 42.46032 -72.581795   4     13     41  
1017.0  16:57:00 42.458885 -72.58232   3     18     53  
1017.0  16:57:01 42.459038 -72.58226   5     16     55  
1017.0  16:57:10 42.45796 -72.58268   4     13     51  
1017.0  16:57:19 42.45764 -72.58242   3     16     54  
1017.0  16:57:27 42.45755 -72.58161   5     18     58  
1017.0  16:57:37 42.457703 -72.58141   4     15     56  
1017.0  16:57:46 42.457714 -72.58143   5     16     43  
1017.0  16:57:54 42.457726 -72.58143   4     12     48  
1018.0  16:58:00 42.45772 -72.581436   3     18     53  
1018.0  16:58:03 42.45772 -72.581436   3     12     50  
1018.0  16:58:12 42.457714 -72.58145   4     19     51  
1018.0  16:58:20 42.45772 -72.58146   4     12     52  
1018.0  16:58:31 42.45772 -72.58145   3     16     57  
1018.0  16:58:39 42.457733 -72.581436   5     10     47  
1018.0  16:58:48 42.457703 -72.58143   4     10     58  
1018.0  16:58:56 42.457684 -72.581436   4     12     47  
1019.0  16:59:00 42.457687 -72.58143   3     12     56  
1019.0  16:59:05 42.457695 -72.58142   4     14     48  
1019.0  16:59:13 42.457733 -72.5814   3     15     55  
1019.0  16:59:24 42.45776 -72.58139   4     12     41  
1019.0  16:59:32 42.457767 -72.58139   4     13     45  
1019.0  16:59:40 42.45774 -72.58138   5     18     45  
1019.0  16:59:49 42.457714 -72.5814   4     12     56  
1019.0  16:59:57 42.45772 -72.581406   4     19     53  
1020.0  17:00:00 42.457733 -72.58141   4     12     58  
1020.0  17:00:06 42.457737 -72.58141   4     10     40  
1020.0  17:00:16 42.45775 -72.58142   4     16     43  
1020.0  17:00:24 42.45775 -72.581436   3     10     43  
1020.0  17:00:35 42.457733 -72.58145   3     16     45  
1020.0  17:00:44 42.457844 -72.58157   5     17     59  
1020.0  17:00:52 42.457928 -72.58229   3     11     58  
1021.0  17:01:00 42.458153 -72.58261   4     18     41  
1021.0  17:01:01 42.45807 -72.582664   4     16     57  
1021.0  17:01:11 42.458767 -72.58236   3     14     54  
1021.0  17:01:20 42.459736 -72.58199   3     12     49  
1021.0  17:01:29 42.459873 -72.58145   5     15     45  
1021.0  17:01:37 42.45965 -72.58017   3     11     57  
1021.0  17:01:46 42.459423 -72.57881   4     17     41  
1021.0  17:01:56 42.459335 -72.57828   3     16     47  
1022.0  17:02:00 42.459343 -72.57828   4     11     41  
1022.0  17:02:08 42.45934 -72.57828   4     14     41  
1022.0  17:02:17 42.45931 -72.57803   3     17     54  
1022.0  17:02:25 42.459133 -72.57693   4     14     51  
1022.0  17:02:34 42.458923 -72.57567   5     18     44  
1022.0  17:02:43 42.458645 -72.574165   4     17     59  
1022.0  17:02:51 42.458412 -72.57284   4     14     46  
1023.0  17:03:00 42.45838 -72.57267   3     11     56  
1023.0  17:03:01 42.458378 -72.57267   4     19     41  
1023.0  17:03:09 42.458336 -72.57238   4     11     54  
1023.0  17:03:18 42.458073 -72.57141   3     13     59  
1023.0  17:03:26 42.457104 -72.57023   4     18     59  
1023.0  17:03:35 42.455997 -72.56909   4     18     48  
1023.0  17:03:43 42.45485 -72.567856   5     11     53  
1023.0  17:03:53 42.45458 -72.566696   4     19     44  
1024.0  17:04:00 42.45431 -72.566284   3     16     57  
1024.0  17:04:02 42.454372 -72.56634   4     19     58  
1024.0  17:04:10 42.45362 -72.565575   3     16     41  
1024.0  17:04:19 42.452744 -72.56448   4     13     49  
1024.0  17:04:27 42.4519 -72.563286   5     14     54  
1024.0  17:04:36 42.451466 -72.5627   3     16     53  
1024.0  17:04:46 42.45105 -72.56204   4     17     45  
1024.0  17:04:55 42.450245 -72.56085   5     15     48  
1025.0  17:05:00 42.449387 -72.559494   4     13     50  
1025.0  17:05:03 42.449284 -72.55931   4     10     52  
1025.0  17:05:13 42.448486 -72.55774   4     15     59  
1025.0  17:05:21 42.447323 -72.55573   3     14     57  
1025.0  17:05:29 42.44611 -72.55447   4     16     55  
1025.0  17:05:41 42.444183 -72.55325   5     14     59  
1025.0  17:05:50 42.442703 -72.55202   5     19     44  
1025.0  17:05:58 42.44137 -72.55054   4     16     47  
1026.0  17:06:00 42.44076 -72.54988   3     15     51  
1026.0  17:06:07 42.44013 -72.5493   3     12     44  
1026.0  17:06:15 42.43882 -72.54821   3     15     50  
1026.0  17:06:24 42.437252 -72.54724   3     17     46  
1026.0  17:06:34 42.43527 -72.546234   5     11     59  
1026.0  17:06:44 42.43365 -72.545395   3     16     57  
1026.0  17:06:53 42.431953 -72.544136   4     15     43  
1027.0  17:07:00 42.430355 -72.54273   4     15     47  
1027.0  17:07:02 42.43051 -72.54288   5     11     46  
1027.0  17:07:10 42.429222 -72.54173   5     17     48  
1027.0  17:07:18 42.427727 -72.54056   4     12     41  
1027.0  17:07:29 42.426006 -72.539375   3     15     58  
1027.0  17:07:37 42.424618 -72.53848   5     13     51  
1027.0  17:07:49 42.423176 -72.53777   3     10     57  
1027.0  17:07:58 42.42092 -72.53707   4     10     51  
1028.0  17:08:00 42.41979 -72.53688   3     15     41  
1028.0  17:08:06 42.41921 -72.536835   3     10     53  
1028.0  17:08:15 42.417477 -72.53689   3     15     52  
1028.0  17:08:26 42.415348 -72.537155   5     15     43  
1028.0  17:08:35 42.41382 -72.53735   4     11     58  
1028.0  17:08:44 42.412098 -72.53756   5     17     56  
1028.0  17:08:53 42.410385 -72.537766   4     14     49  
1029.0  17:09:00 42.409115 -72.53791   3     10     46  
1029.0  17:09:04 42.409256 -72.53789   3     17     42  
1029.0  17:09:13 42.408993 -72.537926   4     12     41  
1029.0  17:09:23 42.40899 -72.53795   4     15     50  
1029.0  17:09:33 42.40898 -72.53799   5     18     49  
1029.0  17:09:42 42.40902 -72.53743   5     17     56  
1029.0  17:09:51 42.4093 -72.536316   3     18     46  
1029.0  17:09:59 42.409477 -72.534645   4     16     58  
1030.0  17:10:00 42.409546 -72.53411   3     13     47  
1030.0  17:10:08 42.40963 -72.53345   4     13     47  
1030.0  17:10:19 42.409687 -72.53333   3     13     49  
1030.0  17:10:28 42.409725 -72.53291   3     16     56  
1030.0  17:10:37 42.409798 -72.53189   3     15     57  
1030.0  17:10:45 42.409843 -72.5315   4     12     41  
1030.0  17:10:54 42.4098 -72.53149   5     12     53  
1031.0  17:11:00 42.4098 -72.531456   3     12     55  
1031.0  17:11:04 42.4098 -72.531456   5     19     52  
1031.0  17:11:16 42.4099 -72.531044   4     10     58  
1031.0  17:11:25 42.40938 -72.53079   3     18     50  
1031.0  17:11:34 42.40829 -72.530396   4     14     46  
1031.0  17:11:44 42.406895 -72.53001   4     10     44  
1031.0  17:11:52 42.405228 -72.52977   5     17     50  
1032.0  17:12:00 42.40384 -72.529564   5     11     49  
1032.0  17:12:01 42.404087 -72.52968   4     12     45  
1032.0  17:12:11 42.40315 -72.52907   3     19     44  
1032.0  17:12:20 42.402306 -72.52849   5     11     45  
1032.0  17:12:29 42.40102 -72.527985   5     12     41  
1032.0  17:12:37 42.399628 -72.52802   4     14     51  
1032.0  17:12:46 42.39844 -72.52814   5     18     42  
1033.0  17:13:00 42.39647 -72.52762   3     19     50  
1033.0  17:13:05 42.396305 -72.527534   4     15     49  
1033.0  17:13:13 42.395824 -72.52733   3     11     51  
1033.0  17:13:22 42.395782 -72.527306   3     17     51  
1033.0  17:13:30 42.395737 -72.527275   3     14     46  
1033.0  17:13:39 42.39543 -72.52711   4     15     54  
1033.0  17:13:47 42.394833 -72.52679   3     13     49  
1033.0  17:13:58 42.394287 -72.526535   5     11     53  
1034.0  17:14:00 42.39425 -72.52652   3     10     53  
1034.0  17:14:07 42.39406 -72.52642   5     11     54  
1034.0  17:14:15 42.393646 -72.52614   3     19     51  
1034.0  17:14:24 42.393475 -72.526085   4     10     48  
1034.0  17:14:32 42.39338 -72.526024   4     10     48  
1034.0  17:14:41 42.393387 -72.52602   4     19     54  
1034.0  17:14:51 42.393394 -72.52602   3     13     40  
1035.0  17:15:00 42.39339 -72.52602   4     13     44  
1035.0  17:15:00 42.393387 -72.52602   5     19     49  
1035.0  17:15:08 42.393257 -72.52588   5     16     59  
1035.0  17:15:17 42.39263 -72.52563   3     12     48  
1035.0  17:15:25 42.391754 -72.52533   4     11     49  
1035.0  17:15:34 42.391098 -72.52521   3     18     59  
1035.0  17:15:45 42.39087 -72.52523   5     10     57  
1035.0  17:15:53 42.39077 -72.525154   4     15     54  
1036.0  17:16:00 42.3899 -72.524994   3     19     47  
1036.0  17:16:02 42.390102 -72.52505   4     17     40  
1036.0  17:16:10 42.389194 -72.52475   3     12     42  
1036.0  17:16:19 42.3884 -72.52435   4     13     52  
1036.0  17:16:27 42.38805 -72.52409   5     14     57  
1036.0  17:16:37 42.387802 -72.5239   5     10     54  
1036.0  17:16:46 42.387775 -72.52385   3     17     52  
1036.0  17:16:54 42.387787 -72.52385   5     10     52  
1037.0  17:17:00 42.387787 -72.52385   3     12     50  
1037.0  17:17:03 42.387787 -72.52385   5     12     51  
1037.0  17:17:11 42.38779 -72.52385   4     10     41  
1037.0  17:17:20 42.387787 -72.523834   3     15     57  
1037.0  17:17:33 42.387398 -72.52323   4     13     46  
1037.0  17:17:41 42.386585 -72.522415   5     15     51  
1037.0  17:17:50 42.386185 -72.52242   5     10     45  
1037.0  17:17:58 42.386127 -72.52248   4     14     56  
1038.0  17:18:00 42.38596 -72.52252   3     12     46  
1038.0  17:18:07 42.38574 -72.52244   3     11     55  
1038.0  17:18:16 42.38534 -72.52184   5     19     50  
1038.0  17:18:27 42.38421 -72.52119   5     12     57  
1038.0  17:18:35 42.38326 -72.52067   3     13     55  
1038.0  17:18:44 42.382824 -72.52046   3     18     54  
1038.0  17:18:53 42.382805 -72.520485   3     18     40  
1039.0  17:19:00 42.382378 -72.52016   3     12     50  
1039.0  17:19:01 42.38245 -72.5202   4     17     51  
1039.0  17:19:23 42.381817 -72.51969   5     17     56  
1040.0  17:20:00 42.37953 -72.51973   3     13     59  
1041.0  17:21:00 42.377853 -72.52006   5     13     57  
1042.0  17:22:00 42.375443 -72.5199   5     15     49  
1043.0  17:23:00 42.373356 -72.519875   4     10     49  
1044.0  17:24:00 42.37022 -72.519844   5     19     56  
1045.0  17:25:00 42.35977 -72.520836   5     19     54  
1046.0  17:26:00 42.353966 -72.522285   3     16     44  
1047.0  17:27:00 42.351658 -72.52602   5     10     48  
1048.0  17:28:00 42.349903 -72.52758   3     19     44  
1049.0  17:29:00 42.348896 -72.52892   3     16     45  
1050.0  17:30:00 42.34889 -72.52892   3     14     42  
1051.0  17:31:00 42.348873 -72.52892   5     16     42  
1052.0  17:32:00 42.348866 -72.528915   3     10     57  
1053.0  17:33:00 42.34889 -72.528854   3     11     42  
1054.0  17:34:00 42.348892 -72.52888   4     19     40  
1055.0  17:35:00 42.3489 -72.52889   3     13     54  
1056.0  17:36:00 42.348904 -72.52888   5     19     45  
1057.0  17:37:00 42.34886 -72.52892   5     11     50  
1058.0  17:38:00 42.348873 -72.5289   3     16     58  
1059.0  17:39:00 42.34835 -72.53015   3     11     52  
1060.0  17:40:00 42.351704 -72.53007   4     14     58  
1061.0  17:41:00 42.3524 -72.52327   5     18     57  
1062.0  17:42:00 42.35838 -72.52085   3     14     56  
1063.0  17:43:00 42.36815 -72.52002   5     17     52  
1064.0  17:44:00 42.372967 -72.51972   4     19     54  
1065.0  17:45:00 42.373055 -72.51973   5     19     42  
1066.0  17:46:00 42.375793 -72.52046   4     13     44  
1067.0  17:47:00 42.376995 -72.51992   5     12     57  
1068.0  17:48:00 42.377823 -72.519844   5     13     40  
1069.0  17:49:00 42.382877 -72.52043   4     17     48  
1070.0  17:50:00 42.387375 -72.52315   5     16     44  
1071.0  17:51:00 42.389584 -72.52486   3     12     53  
1072.0  17:52:00 42.391087 -72.525116   5     11     59  
1073.0  17:53:00 42.39391 -72.52612   5     17     58  
1074.0  17:54:00 42.397057 -72.52776   3     11     40  
1075.0  17:55:00 42.4014 -72.528046   4     10     55  
1076.0  17:56:00 42.40937 -72.53066   4     16     40  
1077.0  17:57:00 42.409893 -72.53092   5     17     56  
1078.0  17:58:00 42.409637 -72.53367   5     13     57  
1079.0  17:59:00 42.41033 -72.53773   3     13     47  
1080.0  18:00:00 42.4213 -72.5371   5     19     42  
1081.0  18:01:00 42.431602 -72.54379   3     16     47  
1082.0  18:02:00 42.441635 -72.55077   5     11     58  
1083.0  18:03:00 42.44995 -72.56036   5     10     40  
1084.0  18:04:00 42.453007 -72.5648   4     15     42  
1085.0  18:05:00 42.462048 -72.57292   4     17     40  
1086.0  18:06:00 42.466465 -72.57935   3     13     48  
1087.0  18:07:00 42.459877 -72.58203   5     10     45  
1088.0  18:08:00 42.4577 -72.581406   4     12     50  
1089.0  18:09:00 42.45801 -72.58144   4     11     44  
1090.0  18:10:00 42.45778 -72.58142   4     12     50  
1091.0  18:11:00 42.45776 -72.58145   5     13     55  
1092.0  18:12:00 42.457718 -72.581406   5     16     53  
1093.0  18:13:00 42.457703 -72.58139   4     15     42  
1094.0  18:14:00 42.457756 -72.58138   4     19     42  
1095.0  18:15:00 42.45776 -72.58142   4     16     48  
1096.0  18:16:00 42.4578 -72.581726   4     15     47  
1097.0  18:17:00 42.459393 -72.5785   4     12     59  
1098.0  18:18:00 42.455223 -72.56821   5     19     43  
1099.0  18:19:00 42.45303 -72.56489   4     15     58  
1100.0  18:20:00 42.449745 -72.56009   5     12     51  
1101.0  18:21:00 42.44136 -72.55052   4     10     46  
1102.0  18:22:00 42.43128 -72.54357   4     11     48  
1103.0  18:23:00 42.420723 -72.53702   3     14     59  
1104.0  18:24:00 42.40946 -72.537895   3     11     54  
1105.0  18:25:00 42.40967 -72.53334   3     15     50  
1106.0  18:26:00 42.409565 -72.53084   3     18     43  
1107.0  18:27:00 42.403133 -72.5291   3     14     51  
1108.0  18:28:00 42.397957 -72.52805   3     14     51  
1109.0  18:29:00 42.39533 -72.52711   3     16     52  
1110.0  18:30:00 42.39335 -72.52598   4     15     46  
1111.0  18:31:00 42.390896 -72.52521   4     18     46  
1112.0  18:32:00 42.387794 -72.52386   3     14     40  
1113.0  18:33:00 42.38596 -72.523285   3     16     42  
1114.0  18:34:00 42.385124 -72.53056   3     13     52  
1115.0  18:35:00 42.39019 -72.53271   5     12     56  
1116.0  18:36:00 42.393482 -72.53252   5     16     53  
1117.0  18:37:00 42.39485 -72.53388   4     16     56  
1118.0  18:38:00 42.394848 -72.53389   3     10     54  
1119.0  18:39:00 42.394703 -72.53402   3     11     41  
1120.0  18:40:00 42.394577 -72.53404   3     16     56  
1121.0  18:41:00 42.39469 -72.534004   4     10     41  
1122.0  18:42:00 42.394737 -72.53405   5     14     56  
1123.0  18:43:00 42.394672 -72.53396   5     17     53  
1124.0  18:44:00 42.39482 -72.53403   3     12     54  
1125.0  18:45:00 42.394432 -72.53388   5     17     53  
1126.0  18:46:00 42.394947 -72.53397   5     17     40  
1127.0  18:47:00 42.394436 -72.53395   3     17     43  
1128.0  18:48:00 42.395172 -72.53394   5     15     58  
