888.0  14:48:02 0.0 -0.0   3     17     59  
888.0  14:48:15 0.0 -1.1095744E27   4     12     51  
888.0  14:48:28 0.0 -1.8111362E22   4     12     51  
888.0  14:48:40 0.0 -1.8111362E22   5     13     40  
890.0  14:50:29 0.0 -0.0   5     12     58  
890.0  14:50:39 0.0 -0.0   5     10     47  
890.0  14:50:48 0.0 -0.0   5     16     41  
890.0  14:50:56 0.0 -0.0   4     19     40  
891.0  14:51:00 0.0 -0.0   3     16     47  
891.0  14:51:04 0.0 -0.0   4     12     59  
891.0  14:51:13 0.0 -0.0   5     16     54  
891.0  14:51:21 0.0 -0.0   3     12     55  
891.0  14:51:31 42.34915 -72.52888   3     11     44  
891.0  14:51:41 42.34914 -72.52896   4     15     53  
891.0  14:51:50 42.34922 -72.52884   5     10     53  
891.0  14:51:59 42.34919 -72.52884   3     11     54  
892.0  14:52:00 42.3489 -72.52888   4     18     42  
892.0  14:52:08 42.348896 -72.52888   3     11     43  
892.0  14:52:17 42.348892 -72.528885   3     10     48  
892.0  14:52:28 42.34888 -72.528915   4     12     48  
892.0  14:52:37 42.348858 -72.528946   5     14     52  
892.0  14:52:46 42.348846 -72.52895   5     11     48  
892.0  14:52:55 42.348835 -72.52894   4     10     55  
893.0  14:53:00 42.348835 -72.52895   3     12     46  
893.0  14:53:04 42.348835 -72.52897   4     10     45  
893.0  14:53:12 42.348824 -72.52898   4     19     48  
893.0  14:53:23 42.348816 -72.52901   3     11     46  
1323.0  22:03:45 0.0 -0.0   5     11     58  
1323.0  22:03:57 0.0 -1.1095744E27   4     13     41  
1324.0  22:04:09 0.0 -1.8111362E22   4     15     54  
1324.0  22:04:22 0.0 -1.8111362E22   5     11     47  
1325.0  22:05:19 0.0 -0.0   3     13     41  
1325.0  22:05:24 0.0 -0.0   5     17     55  
1325.0  22:05:39 0.0 -0.0   3     16     55  
1325.0  22:05:49 0.0 -0.0   5     19     56  
1325.0  22:05:58 0.0 -0.0   3     12     55  
1326.0  22:06:00 0.0 -0.0   4     14     49  
1326.0  22:06:08 0.0 -0.0   4     11     51  
1326.0  22:06:16 0.0 -0.0   5     18     43  
1326.0  22:06:26 0.0 -0.0   3     11     42  
1326.0  22:06:35 0.0 -0.0   5     18     43  
1326.0  22:06:43 0.0 -0.0   5     14     44  
1326.0  22:06:51 0.0 -0.0   4     10     40  
1326.0  22:06:59 0.0 -0.0   4     17     40  
1327.0  22:07:00 0.0 -0.0   3     16     53  
1327.0  22:07:07 0.0 -0.0   5     17     57  
1327.0  22:07:18 0.0 -0.0   5     14     54  
1327.0  22:07:27 0.0 -0.0   4     16     49  
1327.0  22:07:35 0.0 -0.0   5     12     45  
1327.0  22:07:44 0.0 -0.0   4     14     49  
1327.0  22:07:53 0.0 -0.0   4     10     57  
1328.0  22:08:00 42.37694 -72.5199   3     10     41  
1328.0  22:08:02 42.37694 -72.5199   4     11     46  
1328.0  22:08:13 42.376648 -72.51989   3     17     55  
1328.0  22:08:21 42.37624 -72.51987   3     17     55  
1328.0  22:08:30 42.376167 -72.51993   4     13     54  
1328.0  22:08:39 42.376175 -72.51986   3     11     50  
1328.0  22:08:47 42.376163 -72.51985   3     17     54  
1328.0  22:08:56 42.376064 -72.51986   5     15     41  
1329.0  22:09:00 42.375725 -72.51984   4     14     42  
1329.0  22:09:08 42.375267 -72.51984   4     19     50  
1329.0  22:09:19 42.374653 -72.51982   4     14     57  
1329.0  22:09:29 42.374416 -72.5198   3     18     50  
1329.0  22:09:38 42.37444 -72.51974   3     17     41  
1329.0  22:09:46 42.37425 -72.51972   3     10     59  
1329.0  22:09:57 42.37331 -72.519745   4     19     57  
1330.0  22:10:00 42.372787 -72.519745   3     19     54  
1330.0  22:10:06 42.37248 -72.51975   5     11     52  
1330.0  22:10:15 42.371506 -72.51976   4     14     51  
1330.0  22:10:32 42.370308 -72.520065   5     13     52  
1330.0  22:10:41 42.36784 -72.51998   3     17     54  
1330.0  22:10:52 42.366234 -72.52025   4     19     56  
1331.0  22:11:00 42.364735 -72.52048   5     15     40  
1331.0  22:11:01 42.36488 -72.52046   4     14     49  
1331.0  22:11:10 42.36351 -72.52071   5     16     41  
1331.0  22:11:19 42.362595 -72.52077   4     17     45  
1331.0  22:11:27 42.36257 -72.520744   5     12     43  
1331.0  22:11:35 42.36253 -72.52079   5     14     43  
1331.0  22:11:45 42.3617 -72.52072   5     10     45  
1331.0  22:11:54 42.360615 -72.52077   4     13     55  
1332.0  22:12:00 42.359356 -72.52079   5     13     56  
1332.0  22:12:03 42.359356 -72.52079   3     13     50  
1332.0  22:12:12 42.357967 -72.52087   4     16     55  
1332.0  22:12:21 42.35663 -72.52093   3     15     47  
1332.0  22:12:30 42.355713 -72.520935   4     11     41  
1332.0  22:12:57 42.354588 -72.521645   3     19     44  
1333.0  22:13:00 42.354107 -72.52211   5     19     54  
1333.0  22:13:10 42.35386 -72.52231   4     18     51  
1333.0  22:13:22 42.353 -72.52295   4     16     50  
1333.0  22:13:31 42.35184 -72.52427   5     19     49  
1333.0  22:13:43 42.35184 -72.52427   4     12     40  
1333.0  22:13:53 42.35161 -72.5259   5     11     54  
1334.0  22:14:00 42.351597 -72.52586   4     18     43  
1334.0  22:14:04 42.351597 -72.52585   5     15     47  
1334.0  22:14:13 42.351585 -72.52602   3     14     56  
1334.0  22:14:21 42.351555 -72.52694   3     19     44  
1334.0  22:14:30 42.35137 -72.52744   3     14     55  
1334.0  22:14:39 42.350822 -72.52743   3     14     55  
1334.0  22:14:47 42.350483 -72.52739   3     11     47  
1334.0  22:14:58 42.349876 -72.52759   3     10     46  
1335.0  22:15:00 42.349766 -72.52777   3     11     42  
1335.0  22:15:07 42.349648 -72.528145   4     14     50  
1335.0  22:15:16 42.349438 -72.528534   3     10     53  
1335.0  22:15:26 42.348995 -72.52887   4     12     45  
1335.0  22:15:34 42.348885 -72.52885   5     17     55  
1336.0  22:16:00 42.34888 -72.52888   3     11     41  
1336.0  22:16:37 42.348877 -72.528915   3     12     43  
1336.0  22:16:48 42.34885 -72.52884   3     11     51  
1336.0  22:16:56 42.34888 -72.529015   3     16     46  
1337.0  22:17:00 42.34888 -72.52916   3     10     48  
1337.0  22:17:03 42.34889 -72.52888   4     18     49  
1337.0  22:17:05 42.34889 -72.529175   4     19     46  
1337.0  22:17:46 42.348892 -72.52896   3     17     40  
1337.0  22:17:57 42.3489 -72.5289   5     19     47  
1337.0  22:17:59 42.3489 -72.52914   5     18     50  
1338.0  22:18:00 42.348904 -72.52883   4     15     54  
1338.0  22:18:05 42.348907 -72.52882   5     19     56  
1338.0  22:18:13 42.348907 -72.52881   3     18     57  
1338.0  22:18:21 42.348915 -72.52874   4     15     54  
1338.0  22:18:30 42.34892 -72.5287   3     11     53  
1338.0  22:18:39 42.348923 -72.52869   3     15     53  
1338.0  22:18:50 42.348915 -72.52875   4     17     45  
1338.0  22:18:58 42.34892 -72.52873   4     16     50  
1339.0  22:19:00 42.348915 -72.52875   4     13     56  
1339.0  22:19:07 42.34891 -72.52878   3     14     41  
1339.0  22:19:16 42.3488 -72.528854   3     13     51  
1339.0  22:19:24 42.34857 -72.52895   3     13     49  
1339.0  22:19:32 42.348347 -72.52937   5     13     52  
1339.0  22:19:44 42.34832 -72.52997   3     13     43  
1339.0  22:19:53 42.34849 -72.53053   3     17     41  
1340.0  22:20:00 42.348816 -72.53063   4     12     43  
1340.0  22:20:01 42.34879 -72.53064   5     17     59  
1340.0  22:20:11 42.34921 -72.53049   4     13     51  
1340.0  22:20:20 42.349876 -72.53036   4     17     59  
1340.0  22:20:29 42.350464 -72.530205   4     11     50  
1340.0  22:20:40 42.35059 -72.530174   3     10     51  
1340.0  22:20:49 42.35057 -72.53023   3     19     44  
1340.0  22:20:58 42.35087 -72.5303   4     13     51  
1341.0  22:21:00 42.35124 -72.53031   4     17     49  
1341.0  22:21:07 42.351475 -72.5303   3     17     45  
1341.0  22:21:16 42.351574 -72.53004   3     14     43  
1341.0  22:21:24 42.351562 -72.528885   4     13     54  
1341.0  22:21:34 42.35151 -72.52737   5     17     53  
1341.0  22:21:43 42.351433 -72.5264   3     17     58  
1341.0  22:21:51 42.35146 -72.526436   3     17     40  
1342.0  22:22:00 42.351574 -72.52618   3     18     57  
1342.0  22:22:01 42.35155 -72.52633   5     15     55  
1342.0  22:22:10 42.35169 -72.52522   4     10     45  
1342.0  22:22:20 42.35197 -72.52387   4     15     41  
1342.0  22:22:44 42.35357 -72.52257   5     13     48  
1342.0  22:22:49 42.35357 -72.52257   4     19     40  
1342.0  22:22:57 42.35573 -72.5211   3     12     55  
1343.0  22:23:00 42.355743 -72.52098   5     10     55  
1343.0  22:23:06 42.355675 -72.520935   5     18     48  
1343.0  22:23:14 42.355858 -72.520775   4     17     54  
1343.0  22:23:25 42.356743 -72.52092   5     13     51  
1343.0  22:23:33 42.35782 -72.52088   5     16     42  
1343.0  22:23:46 42.359005 -72.52082   4     16     55  
1343.0  22:23:56 42.36101 -72.52079   4     15     48  
1344.0  22:24:00 42.36206 -72.52076   3     10     49  
1344.0  22:24:07 42.362316 -72.52075   3     12     44  
1344.0  22:24:17 42.362316 -72.52075   5     13     45  
1344.0  22:24:28 42.36574 -72.52041   3     12     40  
1344.0  22:24:37 42.367107 -72.52017   3     11     54  
1344.0  22:24:46 42.36833 -72.51999   5     18     58  
1344.0  22:24:55 42.36944 -72.519905   4     17     56  
1345.0  22:25:00 42.370407 -72.519775   5     13     56  
1345.0  22:25:04 42.37068 -72.51977   3     16     50  
1345.0  22:25:13 42.371803 -72.51972   5     11     44  
1345.0  22:25:24 42.372807 -72.51975   4     16     49  
1345.0  22:25:33 42.37307 -72.51975   5     13     51  
1345.0  22:25:44 42.373047 -72.51977   4     13     47  
1345.0  22:25:53 42.37306 -72.519745   3     13     48  
1346.0  22:26:00 42.373375 -72.51976   3     14     41  
1346.0  22:26:02 42.373375 -72.51976   3     10     46  
1346.0  22:26:10 42.37409 -72.519775   3     11     59  
1346.0  22:26:22 42.374676 -72.51976   5     17     40  
1346.0  22:26:30 42.37462 -72.51979   5     11     41  
1346.0  22:26:39 42.37465 -72.5198   3     12     54  
1346.0  22:26:47 42.375027 -72.51982   4     13     55  
1346.0  22:26:56 42.37513 -72.51984   5     17     40  
1347.0  22:27:00 42.375103 -72.519844   5     10     46  
1347.0  22:27:04 42.37511 -72.51984   5     13     57  
1347.0  22:27:15 42.37517 -72.51983   5     19     58  
1347.0  22:27:24 42.3752 -72.51984   5     19     55  
1347.0  22:27:33 42.375183 -72.51985   5     10     50  
1347.0  22:27:41 42.37516 -72.51988   4     10     54  
1347.0  22:27:50 42.375187 -72.51982   4     13     48  
1347.0  22:27:58 42.375404 -72.519806   4     19     42  
1348.0  22:28:00 42.375618 -72.5198   4     19     42  
1348.0  22:28:08 42.375946 -72.51983   4     15     55  
1348.0  22:28:17 42.37668 -72.51986   5     19     52  
1348.0  22:28:26 42.37721 -72.51988   4     15     45  
1348.0  22:28:35 42.37748 -72.519844   3     13     53  
1348.0  22:28:43 42.377407 -72.519775   5     11     56  
1348.0  22:28:51 42.377388 -72.5198   4     17     59  
1349.0  22:29:00 42.377674 -72.51986   3     16     53  
1349.0  22:29:02 42.377674 -72.51986   5     15     40  
1349.0  22:29:10 42.37831 -72.51989   5     16     50  
1349.0  22:29:18 42.379078 -72.51983   5     18     42  
1349.0  22:29:27 42.379814 -72.51952   4     13     59  
1349.0  22:29:35 42.380634 -72.51933   5     15     42  
1349.0  22:29:44 42.381344 -72.519295   4     17     58  
1349.0  22:29:55 42.38146 -72.51924   4     15     56  
1350.0  22:30:00 42.38145 -72.51925   3     13     41  
1350.0  22:30:03 42.381447 -72.51924   5     15     50  
1350.0  22:30:24 42.381424 -72.51923   5     13     42  
1350.0  22:30:38 42.383255 -72.52046   4     16     56  
1350.0  22:30:43 42.383286 -72.52043   5     15     48  
1350.0  22:30:47 42.383278 -72.52044   5     17     51  
1351.0  22:31:00 42.38315 -72.52053   4     11     49  
1351.0  22:31:00 42.38314 -72.52053   5     19     57  
1351.0  22:31:11 42.38314 -72.52056   5     19     57  
1351.0  22:31:20 42.383163 -72.52052   3     17     59  
1351.0  22:31:29 42.383163 -72.52054   4     13     58  
1351.0  22:31:37 42.383152 -72.52053   4     17     43  
1351.0  22:31:46 42.383152 -72.52055   4     11     59  
1351.0  22:31:54 42.38318 -72.52058   4     17     40  
1352.0  22:32:00 42.383247 -72.52057   5     13     44  
1352.0  22:32:05 42.383278 -72.520584   5     14     55  
1352.0  22:32:15 42.383728 -72.5209   3     19     44  
1352.0  22:32:24 42.38451 -72.52137   5     11     49  
1352.0  22:32:32 42.385216 -72.52173   3     17     57  
1352.0  22:32:41 42.38584 -72.52205   4     15     44  
1352.0  22:32:49 42.3862 -72.52239   5     13     40  
1353.0  22:33:00 42.38684 -72.522545   5     12     40  
1353.0  22:33:00 42.387035 -72.52274   4     10     41  
1353.0  22:33:09 42.387398 -72.52323   5     16     56  
1353.0  22:33:17 42.387722 -72.52359   5     10     53  
1353.0  22:33:26 42.387695 -72.523575   4     17     43  
1353.0  22:33:34 42.387684 -72.52356   5     10     44  
1353.0  22:33:42 42.387688 -72.523544   4     16     48  
1353.0  22:33:53 42.38791 -72.52388   3     17     45  
1354.0  22:34:00 42.38848 -72.52438   3     16     45  
1354.0  22:34:02 42.388416 -72.524345   3     16     51  
1354.0  22:34:11 42.38909 -72.52467   5     14     41  
1354.0  22:34:20 42.389957 -72.52495   4     11     54  
1354.0  22:34:28 42.390842 -72.52515   5     10     47  
1354.0  22:34:36 42.391308 -72.52518   4     19     49  
1354.0  22:34:47 42.391354 -72.52522   5     19     52  
1354.0  22:34:55 42.39172 -72.52535   4     15     50  
1355.0  22:35:00 42.39225 -72.525505   3     15     59  
1355.0  22:35:04 42.39242 -72.52556   4     13     55  
1355.0  22:35:12 42.39307 -72.525764   3     11     42  
1355.0  22:35:21 42.39366 -72.52606   4     16     58  
1355.0  22:35:29 42.3939 -72.52617   3     14     50  
1355.0  22:35:40 42.393913 -72.52612   3     11     47  
1355.0  22:35:48 42.393925 -72.52611   5     14     53  
1355.0  22:35:57 42.393894 -72.52609   5     18     49  
1356.0  22:36:00 42.393913 -72.52609   5     11     49  
1356.0  22:36:05 42.393917 -72.526085   5     16     41  
1356.0  22:36:14 42.39392 -72.52611   4     18     46  
1356.0  22:36:23 42.3939 -72.52612   3     14     41  
1356.0  22:36:34 42.393913 -72.52616   3     19     44  
1356.0  22:36:44 42.39389 -72.52631   5     10     42  
1356.0  22:36:52 42.39435 -72.52683   3     16     53  
1357.0  22:37:00 42.394707 -72.52717   3     17     51  
1357.0  22:37:00 42.39486 -72.52727   5     13     57  
1357.0  22:37:09 42.395275 -72.527534   5     19     47  
1357.0  22:37:20 42.396645 -72.52776   3     12     55  
1357.0  22:37:31 42.398052 -72.52811   4     18     56  
1357.0  22:37:40 42.399197 -72.52803   3     11     59  
1357.0  22:37:50 42.40003 -72.52808   5     15     46  
1357.0  22:37:58 42.401005 -72.528015   4     16     58  
1358.0  22:38:00 42.40159 -72.52819   3     13     59  
1358.0  22:38:07 42.402058 -72.52836   4     12     58  
1358.0  22:38:15 42.402954 -72.5288   4     18     55  
1358.0  22:38:25 42.40388 -72.529205   3     13     48  
1358.0  22:38:33 42.403915 -72.52944   4     14     44  
1358.0  22:38:42 42.403915 -72.52948   4     16     41  
1358.0  22:38:50 42.40393 -72.5295   5     19     43  
1358.0  22:38:58 42.403965 -72.52949   4     13     45  
1359.0  22:39:00 42.404003 -72.52948   3     13     56  
1359.0  22:39:07 42.404045 -72.52948   5     17     56  
1359.0  22:39:18 42.404083 -72.52952   3     16     53  
1359.0  22:39:27 42.40448 -72.52972   4     10     57  
1360.0  22:40:00 42.40844 -72.53044   4     18     42  
1360.0  22:40:04 42.40873 -72.53053   4     12     45  
1360.0  22:40:22 42.410007 -72.53098   4     11     47  
1360.0  22:40:33 42.40991 -72.53175   5     10     45  
1360.0  22:40:42 42.409767 -72.53289   4     19     55  
1360.0  22:40:50 42.40969 -72.53353   4     19     46  
1360.0  22:40:59 42.40971 -72.53348   3     18     47  
1361.0  22:41:00 42.409714 -72.53346   5     14     45  
1361.0  22:41:07 42.409702 -72.533485   3     17     53  
1361.0  22:41:15 42.409695 -72.5335   3     10     59  
1361.0  22:41:25 42.409573 -72.53445   5     13     48  
1361.0  22:41:34 42.409443 -72.535576   4     11     53  
1361.0  22:41:42 42.40928 -72.53684   5     10     44  
1361.0  22:41:51 42.40907 -72.53766   5     10     45  
1362.0  22:42:00 42.409157 -72.53778   4     17     40  
1362.0  22:42:00 42.40925 -72.53782   3     13     57  
1362.0  22:42:08 42.409733 -72.53777   4     10     53  
1362.0  22:42:20 42.41127 -72.5376   5     19     42  
1362.0  22:42:28 42.41267 -72.53743   3     10     51  
1362.0  22:42:39 42.414394 -72.53722   3     14     46  
1362.0  22:42:48 42.41649 -72.53696   4     17     52  
1362.0  22:42:56 42.418213 -72.53679   3     15     47  
1363.0  22:43:00 42.41918 -72.536804   5     13     50  
1363.0  22:43:05 42.419754 -72.53686   5     19     57  
1363.0  22:43:16 42.421665 -72.53722   4     14     40  
1363.0  22:43:25 42.423515 -72.5379   4     15     43  
1363.0  22:43:33 42.424953 -72.53866   4     16     52  
1363.0  22:43:47 42.427315 -72.54027   3     14     57  
1363.0  22:43:55 42.42864 -72.541275   4     18     53  
1364.0  22:44:00 42.429794 -72.54223   4     14     42  
1364.0  22:44:03 42.42995 -72.542366   4     15     52  
1364.0  22:44:13 42.431595 -72.5438   4     16     52  
1364.0  22:44:22 42.43278 -72.54479   4     13     46  
1364.0  22:44:31 42.434258 -72.5457   5     18     42  
1364.0  22:44:39 42.43564 -72.5464   4     13     51  
1364.0  22:44:48 42.43708 -72.54714   3     14     45  
1364.0  22:44:56 42.438416 -72.54793   5     19     49  
1365.0  22:45:00 42.439377 -72.54862   3     12     49  
1365.0  22:45:06 42.439995 -72.5491   3     14     57  
1365.0  22:45:15 42.441284 -72.55033   4     13     52  
1365.0  22:45:23 42.442387 -72.55157   4     19     54  
1365.0  22:45:32 42.443707 -72.55277   4     12     43  
1365.0  22:45:41 42.44517 -72.5537   5     12     40  
1365.0  22:45:49 42.44642 -72.55458   4     18     44  
1365.0  22:45:59 42.447765 -72.556175   4     12     48  
1366.0  22:46:00 42.448074 -72.55676   3     16     57  
1366.0  22:46:08 42.448658 -72.557945   5     10     46  
1366.0  22:46:16 42.449444 -72.559395   3     13     56  
1366.0  22:46:24 42.45028 -72.56076   4     16     53  
1366.0  22:46:32 42.45124 -72.56213   3     18     47  
1366.0  22:46:41 42.451946 -72.56317   3     12     54  
1366.0  22:46:51 42.452312 -72.56369   5     12     50  
1366.0  22:46:59 42.452293 -72.56367   5     18     43  
1367.0  22:47:00 42.452293 -72.56367   5     13     58  
1367.0  22:47:07 42.452312 -72.56373   5     11     47  
1367.0  22:47:16 42.452724 -72.56442   3     12     59  
1367.0  22:47:25 42.453518 -72.56542   5     14     58  
1367.0  22:47:34 42.454624 -72.56655   4     11     41  
1367.0  22:47:44 42.45611 -72.56799   5     18     47  
1367.0  22:47:52 42.457256 -72.56909   3     18     54  
1368.0  22:48:00 42.45875 -72.57052   5     17     57  
1368.0  22:48:01 42.458603 -72.57037   3     16     45  
1368.0  22:48:10 42.459976 -72.57163   5     18     55  
1368.0  22:48:19 42.461407 -72.57262   4     15     58  
1368.0  22:48:27 42.46258 -72.57327   3     13     49  
1368.0  22:48:41 42.46429 -72.57444   4     12     47  
1368.0  22:48:49 42.465015 -72.575356   3     17     46  
1368.0  22:48:57 42.465584 -72.576324   4     11     51  
1369.0  22:49:00 42.46587 -72.57704   3     18     51  
1369.0  22:49:05 42.466026 -72.5775   3     10     54  
1369.0  22:49:14 42.466335 -72.578735   5     10     58  
1369.0  22:49:22 42.466404 -72.57934   3     11     52  
1369.0  22:49:33 42.466362 -72.5796   3     17     41  
1369.0  22:49:42 42.46567 -72.57993   3     11     45  
1369.0  22:49:50 42.46467 -72.58038   5     11     46  
1369.0  22:49:58 42.46363 -72.58079   5     17     56  
1370.0  22:50:00 42.463108 -72.58098   5     15     44  
1370.0  22:50:07 42.462563 -72.58117   4     17     41  
1370.0  22:50:16 42.461327 -72.58162   4     12     58  
1370.0  22:50:27 42.459724 -72.58214   3     14     56  
1370.0  22:50:36 42.458668 -72.5825   4     15     44  
1370.0  22:50:44 42.45783 -72.582825   4     13     45  
1370.0  22:50:53 42.457645 -72.58253   4     18     52  
1371.0  22:51:00 42.45758 -72.581856   4     14     41  
1371.0  22:51:01 42.457603 -72.58193   4     14     44  
1371.0  22:51:09 42.45756 -72.58144   4     18     59  
1371.0  22:51:20 42.457726 -72.58141   5     14     46  
1371.0  22:51:28 42.457718 -72.58153   5     14     55  
1371.0  22:51:37 42.457924 -72.58171   4     13     43  
1371.0  22:51:45 42.45779 -72.58151   4     14     55  
1371.0  22:51:53 42.45775 -72.58148   4     17     58  
1372.0  22:52:00 42.45774 -72.58153   3     19     58  
1372.0  22:52:02 42.45774 -72.58153   5     13     48  
1372.0  22:52:13 42.45772 -72.581535   3     16     44  
1372.0  22:52:22 42.457733 -72.58146   5     15     43  
1372.0  22:52:31 42.45772 -72.5814   5     12     54  
1372.0  22:52:40 42.457676 -72.58139   5     19     58  
1372.0  22:52:48 42.45766 -72.58139   4     12     42  
1372.0  22:52:56 42.457653 -72.58141   4     10     48  
1373.0  22:53:00 42.457687 -72.58147   4     15     42  
1373.0  22:53:06 42.457695 -72.58143   5     19     41  
1373.0  22:53:25 42.45768 -72.58142   4     17     56  
1373.0  22:53:33 42.457745 -72.58142   3     12     55  
1373.0  22:53:39 42.457787 -72.58131   3     14     46  
1373.0  22:53:44 42.4579 -72.58106   3     10     58  
1373.0  22:53:47 42.457924 -72.58101   3     14     45  
1373.0  22:53:57 42.457924 -72.58101   3     10     40  
1374.0  22:54:00 42.457924 -72.58101   3     18     52  
1374.0  22:54:06 42.457924 -72.58101   5     15     43  
1374.0  22:54:14 42.457542 -72.58079   3     11     57  
1374.0  22:54:22 42.45779 -72.58134   5     16     51  
1374.0  22:54:32 42.457817 -72.581406   5     10     50  
1374.0  22:54:41 42.45781 -72.58142   4     18     57  
1374.0  22:54:52 42.45779 -72.58143   4     19     59  
1375.0  22:55:00 42.457767 -72.581436   5     11     57  
1375.0  22:55:00 42.457764 -72.58144   5     19     48  
1375.0  22:55:09 42.457775 -72.58145   3     19     57  
1375.0  22:55:18 42.457832 -72.581436   4     16     51  
1375.0  22:55:26 42.457855 -72.58147   3     12     59  
1375.0  22:55:35 42.45791 -72.58147   3     15     43  
1375.0  22:55:46 42.45795 -72.581474   5     13     41  
1375.0  22:55:54 42.457947 -72.58146   3     14     45  
1376.0  22:56:00 42.457928 -72.58146   5     19     52  
1376.0  22:56:03 42.457924 -72.58146   3     19     47  
1376.0  22:56:11 42.457867 -72.58147   4     18     41  
1376.0  22:56:20 42.45781 -72.58147   5     19     41  
1376.0  22:56:28 42.457687 -72.58143   5     17     56  
1376.0  22:56:38 42.4576 -72.58142   3     10     53  
1376.0  22:56:48 42.457573 -72.58141   3     19     44  
1376.0  22:56:58 42.457573 -72.581406   4     18     44  
1377.0  22:57:00 42.457565 -72.58141   4     10     47  
1377.0  22:57:17 42.45757 -72.58143   3     19     59  
1377.0  22:57:38 42.4577 -72.58141   5     12     51  
1377.0  22:57:40 42.45773 -72.58142   3     12     49  
1377.0  22:57:50 42.45786 -72.581825   5     17     49  
1377.0  22:57:53 42.45757 -72.58143   4     15     55  
1377.0  22:57:58 42.457935 -72.582436   4     15     54  
1378.0  22:58:00 42.457962 -72.58264   3     13     44  
1378.0  22:58:07 42.458042 -72.582695   5     11     47  
1378.0  22:58:15 42.458622 -72.582436   3     18     40  
1378.0  22:58:24 42.45949 -72.58213   3     18     54  
1378.0  22:58:32 42.45998 -72.58186   5     13     40  
1378.0  22:58:44 42.459724 -72.58069   3     15     45  
1378.0  22:58:52 42.459507 -72.579346   4     18     50  
1379.0  22:59:00 42.45933 -72.57842   4     13     45  
1379.0  22:59:01 42.459335 -72.57843   4     18     50  
1379.0  22:59:09 42.459335 -72.578476   5     11     52  
1379.0  22:59:17 42.459335 -72.578415   3     17     47  
1379.0  22:59:57 42.458324 -72.57251   4     17     56  
1380.0  23:00:00 42.458183 -72.571754   4     17     52  
1380.0  23:00:09 42.457817 -72.57097   5     16     57  
1380.0  23:00:11 42.459198 -72.57765   4     16     58  
1380.0  23:00:17 42.45687 -72.56997   4     18     46  
1380.0  23:00:26 42.45598 -72.56906   4     19     55  
1380.0  23:00:34 42.45504 -72.56806   3     18     51  
1380.0  23:00:42 42.45468 -72.5677   3     19     47  
1380.0  23:00:51 42.4547 -72.567696   4     16     41  
1381.0  23:01:00 42.45458 -72.56724   3     14     57  
1381.0  23:01:01 42.454597 -72.567345   5     11     57  
1381.0  23:01:10 42.4546 -72.566666   5     18     42  
1381.0  23:01:19 42.454407 -72.566376   3     13     50  
1381.0  23:01:28 42.453575 -72.56551   4     18     48  
1381.0  23:01:37 42.452625 -72.56433   3     12     43  
1381.0  23:01:46 42.45187 -72.56324   4     15     45  
1381.0  23:01:57 42.451504 -72.56277   4     12     50  
1382.0  23:02:00 42.45151 -72.56278   4     10     53  
1382.0  23:02:06 42.451492 -72.56274   3     16     45  
1382.0  23:02:15 42.45108 -72.562096   5     13     42  
1382.0  23:02:23 42.450302 -72.56091   5     14     53  
1382.0  23:02:31 42.44928 -72.5593   5     10     53  
1382.0  23:02:40 42.448433 -72.557625   5     16     55  
1382.0  23:02:52 42.447063 -72.55534   5     12     48  
1383.0  23:03:00 42.44531 -72.55396   4     11     56  
1383.0  23:03:01 42.44565 -72.55417   4     10     59  
1383.0  23:03:09 42.44413 -72.55322   4     19     53  
1383.0  23:03:18 42.44284 -72.55221   5     19     54  
1383.0  23:03:27 42.441593 -72.55084   4     14     40  
1383.0  23:03:35 42.440258 -72.54948   5     15     42  
1383.0  23:03:46 42.43873 -72.54815   4     17     53  
1383.0  23:03:55 42.43744 -72.547325   4     13     57  
1384.0  23:04:00 42.435936 -72.546555   3     10     42  
1384.0  23:04:03 42.435764 -72.54646   3     14     55  
1384.0  23:04:12 42.4344 -72.54577   5     11     47  
1384.0  23:04:21 42.433006 -72.54496   5     19     46  
1384.0  23:04:29 42.431824 -72.54406   4     14     58  
1384.0  23:04:40 42.430244 -72.5427   5     16     53  
1385.0  23:05:00 42.42712 -72.540146   3     17     49  
1385.0  23:05:21 42.42413 -72.53822   5     10     57  
1385.0  23:05:31 42.42234 -72.53739   3     11     57  
1385.0  23:05:40 42.420902 -72.53704   3     13     57  
1385.0  23:05:49 42.419228 -72.53683   5     11     56  
1385.0  23:05:59 42.41737 -72.536896   4     18     55  
1386.0  23:06:00 42.416836 -72.53695   5     18     50  
1386.0  23:06:07 42.41598 -72.53705   5     10     58  
1386.0  23:06:16 42.41446 -72.537254   5     10     54  
1386.0  23:06:31 42.41185 -72.53757   4     10     53  
1386.0  23:06:41 42.410255 -72.53776   4     19     57  
1386.0  23:06:50 42.409225 -72.53787   3     14     46  
1386.0  23:06:58 42.408962 -72.53801   5     14     56  
1387.0  23:07:00 42.408962 -72.53801   4     10     57  
1387.0  23:07:07 42.408985 -72.53799   5     18     50  
1387.0  23:07:16 42.40901 -72.537964   5     16     55  
1387.0  23:07:25 42.40903 -72.53794   5     17     54  
1387.0  23:07:35 42.40894 -72.537735   3     13     51  
1387.0  23:07:44 42.409176 -72.53713   3     17     52  
1387.0  23:07:53 42.409378 -72.53594   3     18     49  
1388.0  23:08:00 42.409515 -72.534386   5     18     42  
1388.0  23:08:01 42.409504 -72.53454   5     19     46  
1388.0  23:08:09 42.40961 -72.53355   5     18     50  
1388.0  23:08:18 42.409645 -72.533226   3     13     53  
1388.0  23:08:28 42.40968 -72.53324   4     10     48  
1388.0  23:08:37 42.40967 -72.53327   5     16     43  
1388.0  23:08:45 42.409687 -72.53331   3     19     47  
1388.0  23:08:53 42.409676 -72.53332   5     17     54  
1389.0  23:09:00 42.40966 -72.53333   5     10     52  
1389.0  23:09:02 42.40966 -72.53333   3     17     52  
1389.0  23:09:10 42.40966 -72.53324   3     14     59  
1389.0  23:09:22 42.409794 -72.53222   4     13     55  
1389.0  23:09:33 42.409885 -72.53162   3     13     40  
1389.0  23:09:42 42.40988 -72.53146   4     18     46  
1389.0  23:09:52 42.409912 -72.53121   3     11     43  
1390.0  23:10:00 42.40949 -72.53085   5     14     57  
1390.0  23:10:01 42.40964 -72.5309   3     15     41  
1390.0  23:10:13 42.408333 -72.53044   3     15     43  
1390.0  23:10:22 42.407085 -72.530014   5     17     57  
1390.0  23:10:30 42.40589 -72.529755   5     17     57  
1390.0  23:10:39 42.404995 -72.52967   5     16     42  
1390.0  23:10:48 42.404186 -72.52964   4     13     41  
1390.0  23:10:57 42.403587 -72.52936   5     15     53  
1391.0  23:11:00 42.403267 -72.5291   4     14     55  
1391.0  23:11:08 42.402657 -72.52866   5     19     47  
1391.0  23:11:17 42.401554 -72.52813   4     18     41  
1391.0  23:11:26 42.40057 -72.527885   5     11     56  
1391.0  23:11:35 42.399376 -72.52802   4     19     47  
1391.0  23:11:43 42.398365 -72.528076   3     17     58  
1391.0  23:11:54 42.398087 -72.528114   3     19     51  
1392.0  23:12:00 42.3981 -72.5281   3     12     47  
1392.0  23:12:05 42.398087 -72.5281   3     13     42  
1392.0  23:12:13 42.397694 -72.52801   5     18     50  
1392.0  23:12:22 42.396828 -72.52772   3     15     59  
1392.0  23:12:30 42.396015 -72.52735   5     15     59  
1392.0  23:12:39 42.39537 -72.527084   3     17     44  
1392.0  23:12:47 42.395298 -72.5271   3     18     46  
1392.0  23:12:58 42.39531 -72.52712   4     17     40  
1393.0  23:13:00 42.395313 -72.52712   4     12     52  
1393.0  23:13:07 42.39531 -72.527115   3     12     40  
1393.0  23:13:15 42.395306 -72.52708   4     19     57  
1393.0  23:13:24 42.3953 -72.52707   5     12     42  
1393.0  23:13:32 42.395298 -72.527054   4     18     46  
1393.0  23:13:41 42.39522 -72.52702   4     12     54  
1393.0  23:13:51 42.394417 -72.52656   5     18     59  
1394.0  23:14:00 42.393826 -72.526146   3     18     49  
1394.0  23:14:00 42.39367 -72.52606   3     17     44  
1394.0  23:14:12 42.393517 -72.52605   3     13     45  
1394.0  23:14:20 42.393505 -72.52605   5     15     50  
1394.0  23:14:29 42.393486 -72.526024   5     11     59  
1394.0  23:14:38 42.393494 -72.526054   4     14     45  
1394.0  23:14:48 42.39349 -72.52604   3     18     41  
1394.0  23:14:57 42.393486 -72.52604   5     10     52  
1395.0  23:15:00 42.393497 -72.52605   4     15     43  
1395.0  23:15:05 42.393505 -72.526054   3     17     44  
1395.0  23:15:13 42.393517 -72.52608   4     15     47  
1395.0  23:15:21 42.39349 -72.526085   5     11     51  
1395.0  23:15:29 42.39348 -72.52608   3     10     41  
1395.0  23:15:40 42.393486 -72.52607   3     14     48  
1395.0  23:15:48 42.393494 -72.52607   3     14     51  
1395.0  23:15:56 42.393497 -72.526085   5     11     43  
1396.0  23:16:00 42.3935 -72.526085   4     13     44  
1396.0  23:16:04 42.393505 -72.526085   4     11     45  
1396.0  23:16:12 42.393517 -72.52608   5     12     59  
1396.0  23:16:21 42.393517 -72.526054   3     11     58  
1396.0  23:16:32 42.393505 -72.52607   4     17     50  
1396.0  23:16:40 42.393497 -72.52607   5     16     58  
1396.0  23:16:48 42.39349 -72.52604   4     16     43  
1396.0  23:16:57 42.393055 -72.525795   4     16     51  
1397.0  23:17:00 42.392654 -72.525635   3     19     57  
1397.0  23:17:05 42.39238 -72.52554   4     11     58  
1397.0  23:17:15 42.391537 -72.52533   5     19     53  
1397.0  23:17:26 42.391026 -72.52522   4     19     50  
1397.0  23:17:53 42.388702 -72.52449   5     11     40  
1398.0  23:18:00 42.38817 -72.5241   3     11     58  
1398.0  23:18:08 42.38769 -72.52375   3     19     48  
1398.0  23:18:19 42.38712 -72.52274   4     16     58  
1398.0  23:18:19 42.390816 -72.525154   3     15     54  
1398.0  23:18:27 42.386345 -72.522285   5     11     46  
1398.0  23:18:35 42.386024 -72.52261   3     16     43  
1398.0  23:18:43 42.386024 -72.523056   4     13     47  
1398.0  23:18:51 42.385895 -72.524025   5     18     57  
1398.0  23:18:59 42.385666 -72.52505   4     12     47  
1399.0  23:19:00 42.385612 -72.52532   3     16     51  
1399.0  23:19:11 42.38533 -72.52655   5     15     43  
1399.0  23:19:19 42.38504 -72.527794   5     16     54  
1399.0  23:19:28 42.38486 -72.52898   5     14     50  
1399.0  23:19:37 42.38509 -72.530266   3     17     43  
1399.0  23:19:48 42.38509 -72.530266   3     19     45  
1399.0  23:19:56 42.385765 -72.53095   4     19     49  
1400.0  23:20:00 42.38635 -72.53116   5     11     46  
1400.0  23:20:06 42.386765 -72.53133   4     16     59  
1400.0  23:20:18 42.38759 -72.53165   5     17     56  
1400.0  23:20:28 42.388744 -72.53213   5     12     49  
1400.0  23:20:36 42.389656 -72.5325   5     16     55  
1400.0  23:20:44 42.390324 -72.53278   3     13     47  
1400.0  23:20:52 42.391 -72.53306   5     19     59  
1401.0  23:21:00 42.391872 -72.533424   5     19     59  
1401.0  23:21:03 42.39196 -72.53346   3     12     58  
1401.0  23:21:11 42.392586 -72.53372   4     19     57  
1401.0  23:21:22 42.39283 -72.533295   4     10     44  
1401.0  23:21:30 42.39324 -72.532486   4     19     58  
1401.0  23:21:38 42.39359 -72.53254   4     13     51  
1401.0  23:21:47 42.39396 -72.53273   5     17     58  
1401.0  23:21:58 42.39451 -72.53299   5     11     51  
1402.0  23:22:00 42.39472 -72.53309   3     15     43  
1402.0  23:22:06 42.394882 -72.53324   3     13     41  
1402.0  23:22:14 42.39491 -72.533745   4     18     48  
1402.0  23:22:22 42.39489 -72.53385   5     12     58  
1402.0  23:22:31 42.3949 -72.53385   5     12     48  
1402.0  23:22:39 42.394905 -72.53386   3     17     44  
