0.0  00:00:00 42.32445 -72.5269   5     16     55  
1.0  00:01:00 42.325985 -72.52441   5     13     53  
2.0  00:02:00 42.335255 -72.52311   4     12     51  
3.0  00:03:00 42.342087 -72.51995   3     13     55  
4.0  00:04:00 42.35004 -72.519875   3     19     50  
5.0  00:05:00 42.35738 -72.5209   4     10     55  
6.0  00:06:00 42.366127 -72.52029   4     17     45  
7.0  00:07:00 42.37227 -72.5194   5     14     49  
8.0  00:08:00 42.373302 -72.51928   5     16     50  
9.0  00:09:00 42.37519 -72.519745   4     15     44  
10.0  00:10:00 42.377445 -72.51982   3     13     43  
11.0  00:11:00 42.379784 -72.51953   3     11     49  
12.0  00:12:00 42.382187 -72.51987   4     10     52  
13.0  00:13:00 42.38596 -72.52233   5     18     56  
14.0  00:14:00 42.386055 -72.52528   4     17     57  
15.0  00:15:00 42.387115 -72.52646   5     16     58  
16.0  00:16:00 42.387127 -72.52642   5     17     43  
17.0  00:17:00 42.3871 -72.52642   5     19     49  
18.0  00:18:00 42.385567 -72.52435   3     16     53  
19.0  00:19:00 42.382492 -72.52023   3     13     57  
20.0  00:20:00 42.378204 -72.51997   5     15     49  
21.0  00:21:00 42.375923 -72.51993   4     15     42  
22.0  00:22:00 42.37331 -72.51989   4     10     40  
23.0  00:23:00 42.373142 -72.5188   5     14     56  
24.0  00:24:00 42.373123 -72.51883   4     19     52  
25.0  00:25:00 42.37313 -72.518814   3     19     40  
26.0  00:26:00 42.373165 -72.518845   3     19     46  
27.0  00:27:00 42.373283 -72.519196   5     19     48  
28.0  00:28:00 42.36609 -72.520386   4     18     54  
29.0  00:29:00 42.356384 -72.521   3     19     50  
30.0  00:30:00 42.35203 -72.52061   5     15     59  
31.0  00:31:00 42.343002 -72.52025   5     17     45  
32.0  00:32:00 42.33894 -72.52073   3     14     50  
33.0  00:33:00 42.32931 -72.52409   5     11     58  
34.0  00:34:00 42.32356 -72.52635   3     17     49  
35.0  00:35:00 42.325294 -72.53074   4     11     57  
36.0  00:36:00 42.324978 -72.53052   3     16     56  
37.0  00:37:00 42.322613 -72.52887   4     19     53  
38.0  00:38:00 42.321842 -72.53215   4     15     42  
39.0  00:39:00 42.321083 -72.53359   5     18     50  
40.0  00:40:00 42.32017 -72.53096   4     16     48  
41.0  00:41:00 42.316093 -72.53029   5     10     45  
42.0  00:42:00 42.307716 -72.53053   5     17     49  
43.0  00:43:00 42.299946 -72.529076   4     14     55  
44.0  00:44:00 42.290066 -72.533745   4     16     56  
45.0  00:45:00 42.2855 -72.544876   4     19     57  
46.0  00:46:00 42.28143 -72.55613   5     19     48  
47.0  00:47:00 42.276203 -72.56457   4     14     54  
48.0  00:48:00 42.26824 -72.56669   5     19     43  
49.0  00:49:00 42.264122 -72.57215   5     14     42  
50.0  00:50:00 42.259586 -72.57428   4     18     59  
51.0  00:51:00 42.258003 -72.57292   4     19     58  
52.0  00:52:00 42.255173 -72.57282   4     15     51  
53.0  00:53:00 42.254177 -72.57425   3     11     56  
54.0  00:54:00 42.25417 -72.57428   3     13     54  
55.0  00:55:00 42.2542 -72.57422   5     15     56  
56.0  00:56:00 42.25419 -72.5742   4     10     51  
57.0  00:57:00 42.254185 -72.574196   4     11     43  
58.0  00:58:00 42.2542 -72.57417   4     10     48  
59.0  00:59:00 42.254223 -72.57417   3     11     51  
60.0  01:00:00 42.254227 -72.57417   5     18     44  
61.0  01:01:00 42.254196 -72.57424   3     15     46  
62.0  01:02:00 42.2542 -72.5742   5     13     48  
63.0  01:03:00 42.254074 -72.5763   5     16     52  
64.0  01:04:00 42.2565 -72.57629   4     11     40  
65.0  01:05:00 42.259117 -72.57474   3     15     51  
66.0  01:06:00 42.2661 -72.57158   4     18     48  
67.0  01:07:00 42.270306 -72.565865   4     11     57  
68.0  01:08:00 42.277943 -72.5619   4     19     59  
69.0  01:09:00 42.282356 -72.55374   3     14     47  
70.0  01:10:00 42.28609 -72.5424   5     13     41  
71.0  01:11:00 42.29196 -72.53231   5     10     47  
72.0  01:12:00 42.30185 -72.52783   5     16     50  
73.0  01:13:00 42.30855 -72.529686   5     12     43  
74.0  01:14:00 42.31793 -72.529366   4     15     50  
75.0  01:15:00 42.320274 -72.532425   5     12     59  
76.0  01:16:00 42.321117 -72.53363   5     14     58  
77.0  01:17:00 42.321873 -72.531395   4     18     46  
78.0  01:18:00 42.32371 -72.528404   3     11     47  
79.0  01:19:00 42.325302 -72.53104   4     19     48  
80.0  01:20:00 42.325115 -72.52911   4     15     53  
81.0  01:21:00 42.323296 -72.52494   5     18     42  
82.0  01:22:00 42.331306 -72.52377   5     14     49  
83.0  01:23:00 42.339478 -72.52036   4     16     49  
84.0  01:24:00 42.347404 -72.52029   3     15     53  
85.0  01:25:00 42.35479 -72.520615   4     12     59  
86.0  01:26:00 42.360023 -72.52078   4     18     58  
87.0  01:27:00 42.368633 -72.52   3     18     44  
88.0  01:28:00 42.37284 -72.51885   5     12     41  
89.0  01:29:00 42.374928 -72.51983   5     12     53  
90.0  01:30:00 42.37737 -72.51988   4     16     55  
91.0  01:31:00 42.37965 -72.51962   5     13     55  
92.0  01:32:00 42.38505 -72.521675   5     14     53  
93.0  01:33:00 42.386032 -72.52353   3     16     56  
94.0  01:34:00 42.387028 -72.526535   3     10     56  
95.0  01:35:00 42.38685 -72.52659   3     14     49  
96.0  01:36:00 42.386784 -72.5266   4     19     58  
97.0  01:37:00 42.386826 -72.52656   4     12     41  
98.0  01:38:00 42.385254 -72.52558   4     18     47  
99.0  01:39:00 42.38703 -72.526436   3     10     49  
100.0  01:40:00 42.386997 -72.52643   3     18     51  
101.0  01:41:00 42.386425 -72.5263   3     11     40  
102.0  01:42:00 42.385857 -72.522766   4     19     49  
103.0  01:43:00 42.380898 -72.519325   5     15     45  
104.0  01:44:00 42.37794 -72.52   5     18     45  
105.0  01:45:00 42.374413 -72.51993   3     11     47  
106.0  01:46:00 42.37208 -72.51885   5     11     48  
107.0  01:47:00 42.373238 -72.519455   5     11     54  
108.0  01:48:00 42.368263 -72.5201   4     12     54  
109.0  01:49:00 42.358707 -72.52089   4     19     57  
110.0  01:50:00 42.35489 -72.52081   4     17     50  
111.0  01:51:00 42.346764 -72.52043   5     11     43  
112.0  01:52:00 42.337444 -72.52171   4     17     51  
113.0  01:53:00 42.32654 -72.52444   4     11     47  
114.0  01:54:00 42.325047 -72.5275   3     16     55  
115.0  01:55:00 42.325287 -72.53114   3     16     41  
116.0  01:56:00 42.32491 -72.53103   5     13     47  
117.0  01:57:00 42.323223 -72.52841   5     17     50  
118.0  01:58:00 42.321842 -72.53115   5     10     54  
119.0  01:59:00 42.321087 -72.5336   3     11     58  
120.0  02:00:00 42.32008 -72.53024   4     18     43  
121.0  02:01:00 42.314957 -72.5307   5     12     43  
122.0  02:02:00 42.30637 -72.53041   4     11     51  
123.0  02:03:00 42.297565 -72.53089   3     18     54  
124.0  02:04:00 42.288734 -72.53693   3     17     54  
125.0  02:05:00 42.28436 -72.54879   5     18     42  
126.0  02:06:00 42.279606 -72.55944   4     19     45  
127.0  02:07:00 42.272232 -72.565575   4     17     47  
128.0  02:08:00 42.26675 -72.57116   5     19     51  
129.0  02:09:00 42.259663 -72.57418   3     12     50  
130.0  02:10:00 42.257984 -72.57278   3     19     56  
131.0  02:11:00 42.256306 -72.572235   4     19     43  
132.0  02:12:00 42.254204 -72.57425   5     17     40  
133.0  02:13:00 42.254135 -72.574265   4     17     48  
134.0  02:14:00 42.253963 -72.57437   3     17     41  
135.0  02:15:00 42.254116 -72.57426   4     19     54  
136.0  02:16:00 42.254166 -72.57421   3     13     56  
137.0  02:17:00 42.25419 -72.574234   5     16     54  
138.0  02:18:00 42.254242 -72.57423   3     17     51  
139.0  02:19:00 42.254128 -72.574326   4     18     58  
140.0  02:20:00 42.25399 -72.57446   4     17     47  
141.0  02:21:00 42.25355 -72.574844   4     18     51  
142.0  02:22:00 42.25512 -72.57691   3     19     56  
143.0  02:23:00 42.257927 -72.57583   3     18     46  
144.0  02:24:00 42.265244 -72.57177   5     18     58  
145.0  02:25:00 42.27006 -72.56591   4     11     44  
146.0  02:26:00 42.278152 -72.56126   5     10     41  
147.0  02:27:00 42.2824 -72.553696   4     16     55  
148.0  02:28:00 42.285923 -72.54286   5     12     45  
149.0  02:29:00 42.29162 -72.5325   4     19     47  
150.0  02:30:00 42.301525 -72.52797   3     19     48  
151.0  02:31:00 42.307846 -72.53038   3     19     57  
152.0  02:32:00 42.3153 -72.530525   3     12     58  
153.0  02:33:00 42.320053 -72.52995   4     11     42  
154.0  02:34:00 42.321705 -72.5342   4     18     44  
155.0  02:35:00 42.32218 -72.529816   4     11     42  
156.0  02:36:00 42.32518 -72.52925   3     11     58  
157.0  02:37:00 42.32505 -72.53038   5     19     44  
158.0  02:38:00 42.323566 -72.52641   3     10     47  
159.0  02:39:00 42.326965 -72.52437   5     18     59  
160.0  02:40:00 42.335835 -72.52291   3     17     52  
161.0  02:41:00 42.34314 -72.52021   3     15     54  
162.0  02:42:00 42.35092 -72.52002   4     19     40  
163.0  02:43:00 42.35878 -72.52084   5     10     57  
164.0  02:44:00 42.36799 -72.520065   5     15     40  
165.0  02:45:00 42.372753 -72.51881   4     10     47  
166.0  02:46:00 42.37625 -72.51987   4     12     47  
167.0  02:47:00 42.38142 -72.519264   3     11     55  
168.0  02:48:00 42.386063 -72.52268   5     10     44  
169.0  02:49:00 42.384888 -72.52886   3     16     40  
170.0  02:50:00 42.388245 -72.53188   3     11     50  
171.0  02:51:00 42.39272 -72.53364   3     19     45  
172.0  02:52:00 42.393658 -72.53326   5     15     48  
173.0  02:53:00 42.393684 -72.533295   3     19     44  
174.0  02:54:00 42.3937 -72.53329   3     12     42  
175.0  02:55:00 42.393723 -72.53328   3     10     42  
176.0  02:56:00 42.393658 -72.53327   3     13     54  
177.0  02:57:00 42.394535 -72.53302   3     19     48  
178.0  02:58:00 42.39468 -72.53401   4     19     42  
179.0  02:59:00 42.39467 -72.533966   5     15     49  
180.0  03:00:00 42.394638 -72.533966   3     17     47  
188.0  03:08:00 42.39417 -72.533844   4     18     42  
188.0  03:08:08 42.394203 -72.53429   4     15     43  
766.0  12:46:19 42.39386 -72.53277   4     17     46  
766.0  12:46:32 42.39389 -72.53281   3     18     43  
766.0  12:46:41 42.39416 -72.53281   5     16     50  
766.0  12:46:49 42.39407 -72.53278   5     11     45  
766.0  12:46:59 42.394054 -72.53283   4     18     41  
767.0  12:47:00 42.393944 -72.53281   5     16     45  
767.0  12:47:12 42.39385 -72.53282   3     13     46  
767.0  12:47:30 42.39385 -72.53282   3     19     56  
767.0  12:47:42 42.393665 -72.5328   3     17     55  
767.0  12:47:50 42.393658 -72.53279   3     13     47  
768.0  12:48:00 42.39362 -72.532814   3     17     45  
768.0  12:48:23 42.393642 -72.5328   3     13     50  
768.0  12:48:39 42.393517 -72.53284   4     13     51  
768.0  12:48:47 42.393524 -72.53286   4     16     59  
768.0  12:48:58 42.393673 -72.532845   3     13     43  
769.0  12:49:00 42.39371 -72.53284   3     18     50  
769.0  12:49:12 42.393684 -72.532814   4     14     42  
769.0  12:49:22 42.393692 -72.532845   3     16     58  
769.0  12:49:33 42.393707 -72.5328   5     14     48  
769.0  12:49:43 42.39381 -72.53285   5     16     42  
769.0  12:49:52 42.393692 -72.532745   5     16     45  
770.0  12:50:00 42.393303 -72.532486   3     10     42  
770.0  12:50:01 42.393345 -72.532524   4     11     40  
770.0  12:50:09 42.393147 -72.5325   5     18     55  
770.0  12:50:17 42.39284 -72.533226   5     10     41  
770.0  12:50:29 42.392742 -72.533714   5     10     58  
770.0  12:50:38 42.392742 -72.53371   4     19     55  
770.0  12:50:47 42.392723 -72.53365   3     12     44  
770.0  12:50:56 42.392704 -72.53365   3     11     49  
771.0  12:51:00 42.39268 -72.53381   4     15     40  
771.0  12:51:04 42.392673 -72.533844   4     13     41  
771.0  12:51:13 42.39226 -72.53375   3     13     49  
771.0  12:51:41 42.39118 -72.53327   4     11     58  
771.0  12:51:51 42.38959 -72.532646   3     10     42  
771.0  12:51:59 42.3892 -72.532486   5     15     53  
772.0  12:52:00 42.389187 -72.53248   3     18     55  
772.0  12:52:09 42.389187 -72.532486   4     13     46  
772.0  12:52:19 42.38918 -72.53247   5     15     42  
772.0  12:52:29 42.38917 -72.53248   3     13     58  
772.0  12:52:38 42.389164 -72.5325   4     14     53  
772.0  12:52:46 42.389187 -72.53251   4     17     40  
772.0  12:52:54 42.389164 -72.5325   4     19     59  
773.0  12:53:00 42.388798 -72.532326   4     16     52  
773.0  12:53:03 42.38885 -72.53235   3     18     59  
773.0  12:53:13 42.388172 -72.53205   3     17     52  
773.0  12:53:22 42.387177 -72.53159   4     19     49  
773.0  12:53:30 42.38614 -72.53116   3     12     40  
773.0  12:53:44 42.385406 -72.53099   4     17     42  
774.0  12:54:00 42.385002 -72.53046   3     13     44  
774.0  12:54:10 42.385033 -72.53096   4     18     41  
774.0  12:54:20 42.384697 -72.52862   3     11     46  
774.0  12:54:30 42.3847 -72.528534   4     17     53  
774.0  12:54:40 42.384796 -72.52773   3     11     56  
774.0  12:54:51 42.38516 -72.526215   4     16     47  
775.0  12:55:00 42.38556 -72.52448   4     13     41  
775.0  12:55:00 42.385696 -72.52389   5     19     42  
775.0  12:55:11 42.385914 -72.523155   5     14     55  
775.0  12:55:20 42.3859 -72.52308   3     11     50  
775.0  12:55:28 42.385876 -72.52305   4     12     55  
775.0  12:55:37 42.38589 -72.52305   4     16     49  
775.0  12:55:45 42.38592 -72.52301   4     18     52  
775.0  12:55:53 42.385895 -72.52252   3     15     42  
776.0  12:56:00 42.38658 -72.5223   4     15     41  
776.0  12:56:04 42.38658 -72.5223   4     18     55  
776.0  12:56:12 42.387074 -72.52274   3     12     56  
776.0  12:56:20 42.38761 -72.52338   5     13     54  
776.0  12:56:29 42.387676 -72.523384   5     10     41  
776.0  12:56:36 42.38769 -72.523346   5     14     55  
776.0  12:56:45 42.38769 -72.52336   3     17     47  
776.0  12:56:55 42.38768 -72.52338   4     15     46  
777.0  12:57:00 42.387676 -72.52338   4     14     59  
777.0  12:57:03 42.387676 -72.52338   3     12     52  
777.0  12:57:11 42.387676 -72.52338   5     13     46  
777.0  12:57:19 42.387688 -72.5234   4     10     45  
777.0  12:57:27 42.38768 -72.52341   5     12     51  
777.0  12:57:35 42.387665 -72.52339   5     15     40  
777.0  12:57:45 42.38766 -72.52339   4     14     46  
777.0  12:57:54 42.38779 -72.52366   3     12     51  
778.0  12:58:00 42.38827 -72.524185   3     15     41  
778.0  12:58:09 42.388165 -72.52409   3     12     53  
778.0  12:58:19 42.388165 -72.52409   3     18     48  
778.0  12:58:27 42.389442 -72.52481   3     17     41  
778.0  12:58:38 42.390335 -72.52505   4     13     52  
778.0  12:58:46 42.39069 -72.52514   3     13     48  
778.0  12:58:54 42.39089 -72.52519   5     14     49  
779.0  12:59:00 42.391033 -72.52522   3     17     57  
779.0  12:59:02 42.391045 -72.52523   3     17     57  
779.0  12:59:15 42.39101 -72.525215   4     18     59  
779.0  12:59:23 42.391018 -72.52521   5     10     54  
779.0  12:59:34 42.391155 -72.52523   3     16     46  
779.0  12:59:42 42.391556 -72.52532   3     11     44  
779.0  12:59:52 42.39214 -72.52547   5     18     46  
780.0  13:00:00 42.392815 -72.525665   5     12     57  
780.0  13:00:00 42.393055 -72.52576   4     10     53  
780.0  13:00:09 42.39344 -72.525955   3     16     47  
780.0  13:00:17 42.393837 -72.526115   5     16     50  
780.0  13:00:28 42.3939 -72.52614   3     12     49  
780.0  13:00:37 42.393932 -72.52611   5     18     59  
780.0  13:00:46 42.393925 -72.5261   3     15     46  
780.0  13:00:54 42.39394 -72.526085   5     12     47  
781.0  13:01:00 42.39417 -72.52633   5     13     42  
781.0  13:01:04 42.394127 -72.5263   4     14     49  
781.0  13:01:13 42.39436 -72.5265   3     11     55  
781.0  13:01:25 42.395058 -72.52691   4     14     58  
781.0  13:01:34 42.39505 -72.52693   4     17     53  
781.0  13:01:43 42.395084 -72.52693   3     16     57  
781.0  13:01:51 42.39513 -72.52689   4     18     49  
782.0  13:02:00 42.39516 -72.52693   5     10     58  
782.0  13:02:00 42.395153 -72.526955   3     10     49  
782.0  13:02:09 42.39514 -72.526955   3     16     57  
782.0  13:02:23 42.395313 -72.52705   4     18     50  
782.0  13:02:31 42.396416 -72.52752   5     16     50  
782.0  13:02:39 42.397366 -72.52791   5     15     44  
782.0  13:02:47 42.398327 -72.528076   5     13     41  
782.0  13:02:55 42.399395 -72.52801   4     19     46  
783.0  13:03:00 42.400497 -72.52789   5     18     51  
783.0  13:03:04 42.400497 -72.52789   5     15     47  
783.0  13:03:16 42.400497 -72.52789   4     14     42  
783.0  13:03:26 42.403225 -72.52904   3     14     54  
783.0  13:03:35 42.403843 -72.52942   5     16     56  
783.0  13:03:43 42.403946 -72.52951   4     19     54  
783.0  13:03:52 42.40395 -72.5295   5     16     46  
784.0  13:04:00 42.40396 -72.52949   5     13     45  
784.0  13:04:00 42.40402 -72.52956   3     17     43  
784.0  13:04:08 42.404327 -72.52966   3     18     49  
784.0  13:04:19 42.40541 -72.5297   3     16     54  
784.0  13:04:27 42.406475 -72.52985   4     11     57  
784.0  13:04:36 42.407536 -72.530136   3     15     57  
784.0  13:04:44 42.408485 -72.530426   3     15     53  
784.0  13:04:53 42.40913 -72.530624   4     18     59  
785.0  13:05:00 42.40929 -72.530655   3     16     43  
785.0  13:05:01 42.409298 -72.53066   4     14     47  
785.0  13:05:12 42.40942 -72.53074   4     12     54  
785.0  13:05:21 42.409794 -72.5309   3     10     48  
785.0  13:05:30 42.4098 -72.53091   4     15     41  
785.0  13:05:38 42.40995 -72.530975   5     14     50  
785.0  13:05:46 42.409897 -72.531586   4     15     49  
785.0  13:05:55 42.40974 -72.53279   5     17     57  
786.0  13:06:00 42.409657 -72.53367   5     14     44  
786.0  13:06:05 42.409657 -72.533676   5     19     49  
786.0  13:06:13 42.409634 -72.53367   5     16     43  
786.0  13:06:21 42.40961 -72.533745   3     18     54  
786.0  13:06:33 42.409504 -72.53457   4     10     53  
786.0  13:06:41 42.40931 -72.53619   3     19     57  
786.0  13:06:50 42.40907 -72.53736   5     14     51  
787.0  13:07:00 42.4093 -72.537865   3     10     44  
787.0  13:07:03 42.40924 -72.537865   4     14     43  
787.0  13:07:11 42.41001 -72.537766   4     17     51  
787.0  13:07:19 42.411346 -72.5376   5     13     57  
787.0  13:07:27 42.41275 -72.53742   3     13     49  
787.0  13:07:37 42.414307 -72.53723   5     12     47  
787.0  13:07:45 42.416267 -72.536995   5     14     48  
787.0  13:07:57 42.41845 -72.53677   5     12     57  
788.0  13:08:00 42.41984 -72.53685   5     13     59  
788.0  13:08:06 42.420437 -72.536934   4     10     42  
788.0  13:08:16 42.421993 -72.53728   5     18     54  
788.0  13:08:25 42.423916 -72.538055   4     12     54  
788.0  13:08:34 42.425564 -72.53905   3     17     42  
788.0  13:08:43 42.42717 -72.54013   4     18     53  
788.0  13:08:53 42.42891 -72.54144   3     13     51  
789.0  13:09:00 42.43077 -72.54304   3     10     47  
789.0  13:09:01 42.430252 -72.542595   5     16     55  
789.0  13:09:09 42.431786 -72.543915   3     11     55  
789.0  13:09:17 42.43297 -72.54487   3     13     45  
789.0  13:09:25 42.43457 -72.54584   5     14     51  
789.0  13:09:33 42.43606 -72.546585   4     10     41  
789.0  13:09:43 42.437893 -72.54757   3     12     48  
789.0  13:09:51 42.439323 -72.54855   4     16     59  
789.0  13:09:59 42.440628 -72.54972   3     18     49  
790.0  13:10:00 42.441204 -72.55032   5     16     51  
790.0  13:10:08 42.441692 -72.5509   5     13     57  
790.0  13:10:16 42.44273 -72.552   3     11     52  
790.0  13:10:24 42.443943 -72.553055   4     11     54  
790.0  13:10:34 42.44538 -72.55398   5     13     50  
790.0  13:10:42 42.4466 -72.55485   3     17     57  
790.0  13:10:51 42.447636 -72.55608   3     18     48  
790.0  13:10:59 42.448467 -72.55767   3     14     43  
791.0  13:11:00 42.448925 -72.55857   5     14     41  
791.0  13:11:07 42.449306 -72.55929   4     13     59  
791.0  13:11:15 42.450035 -72.560486   3     19     50  
791.0  13:11:26 42.45113 -72.56208   3     16     43  
791.0  13:11:35 42.45183 -72.56308   3     12     45  
791.0  13:11:43 42.45226 -72.56362   5     16     59  
791.0  13:11:52 42.452286 -72.56367   3     16     44  
792.0  13:12:00 42.45228 -72.56366   3     10     58  
792.0  13:12:00 42.452282 -72.56366   4     10     54  
792.0  13:12:08 42.45229 -72.5637   3     14     53  
792.0  13:12:19 42.45261 -72.5642   5     10     46  
792.0  13:12:28 42.453457 -72.565315   4     15     50  
792.0  13:12:36 42.454582 -72.566475   4     18     55  
792.0  13:12:45 42.455673 -72.567535   4     10     47  
792.0  13:12:53 42.456806 -72.5686   5     12     49  
793.0  13:13:00 42.45842 -72.57016   4     14     52  
793.0  13:13:01 42.45796 -72.56973   3     11     51  
793.0  13:13:13 42.459816 -72.571465   4     15     44  
793.0  13:13:21 42.461372 -72.57255   3     11     51  
793.0  13:13:30 42.46257 -72.57321   4     10     42  
793.0  13:13:38 42.463737 -72.57395   5     16     49  
793.0  13:13:47 42.464684 -72.57488   3     12     47  
793.0  13:13:55 42.4653 -72.57573   3     19     48  
794.0  13:14:00 42.46537 -72.57584   3     11     40  
794.0  13:14:06 42.46537 -72.575836   3     16     51  
794.0  13:14:14 42.46537 -72.57587   5     11     43  
794.0  13:14:23 42.465683 -72.57657   5     12     57  
794.0  13:14:31 42.466087 -72.57771   5     19     40  
794.0  13:14:40 42.46633 -72.57891   3     19     45  
794.0  13:14:48 42.466396 -72.57934   4     12     46  
794.0  13:14:58 42.466316 -72.57959   3     19     44  
795.0  13:15:00 42.46594 -72.5798   3     14     43  
795.0  13:15:07 42.465626 -72.579956   3     10     43  
795.0  13:15:15 42.46458 -72.58042   5     16     54  
795.0  13:15:23 42.463585 -72.580795   4     15     55  
795.0  13:15:31 42.462505 -72.58116   5     10     59  
795.0  13:15:39 42.46139 -72.58153   5     16     41  
795.0  13:15:49 42.45993 -72.582   5     14     45  
795.0  13:15:57 42.45882 -72.58239   4     16     52  
796.0  13:16:00 42.458103 -72.58267   4     18     47  
796.0  13:16:06 42.45793 -72.58273   4     16     58  
796.0  13:16:15 42.45764 -72.582504   5     10     52  
796.0  13:16:23 42.457554 -72.58182   4     17     59  
796.0  13:16:31 42.457615 -72.581436   5     19     46  
796.0  13:16:42 42.457684 -72.581474   3     19     42  
796.0  13:16:50 42.457672 -72.58151   3     19     41  
796.0  13:16:58 42.457684 -72.581505   5     13     53  
797.0  13:17:00 42.457764 -72.58154   3     18     54  
797.0  13:17:06 42.457787 -72.581635   4     11     51  
797.0  13:17:14 42.45784 -72.58205   4     10     46  
797.0  13:17:23 42.45794 -72.58259   4     18     49  
797.0  13:17:34 42.458176 -72.5826   5     15     52  
797.0  13:17:42 42.45899 -72.58227   4     11     56  
797.0  13:17:51 42.459755 -72.58199   4     17     43  
797.0  13:17:59 42.459892 -72.58148   5     11     43  
798.0  13:18:00 42.459743 -72.58082   5     13     52  
798.0  13:18:07 42.45963 -72.580185   4     11     40  
798.0  13:18:16 42.459404 -72.57891   3     16     46  
798.0  13:18:27 42.45928 -72.578285   5     10     55  
798.0  13:18:35 42.459286 -72.57831   3     11     48  
798.0  13:18:43 42.459255 -72.577995   5     18     47  
798.0  13:18:51 42.45908 -72.57691   5     15     52  
799.0  13:19:00 42.458847 -72.57559   5     11     43  
799.0  13:19:00 42.458767 -72.57513   3     12     40  
799.0  13:19:09 42.458633 -72.57437   3     12     56  
799.0  13:19:19 42.45831 -72.57259   3     17     59  
799.0  13:19:29 42.457985 -72.57131   4     19     57  
799.0  13:19:38 42.457047 -72.57022   4     18     51  
799.0  13:19:46 42.456135 -72.56926   5     13     50  
799.0  13:19:55 42.45533 -72.568436   4     13     42  
800.0  13:20:00 42.454567 -72.56749   4     10     51  
800.0  13:20:04 42.454567 -72.56749   3     11     46  
800.0  13:20:15 42.454594 -72.56673   5     12     41  
800.0  13:20:24 42.454605 -72.56674   3     17     41  
800.0  13:20:32 42.454575 -72.56666   5     19     53  
800.0  13:20:40 42.454075 -72.56614   5     19     40  
800.0  13:20:48 42.453274 -72.565254   4     19     50  
800.0  13:20:56 42.4525 -72.56423   3     15     57  
801.0  13:21:00 42.451862 -72.5633   5     10     59  
801.0  13:21:07 42.45167 -72.56303   4     13     45  
801.0  13:21:15 42.45147 -72.56279   4     12     42  
801.0  13:21:23 42.451473 -72.56279   3     17     54  
801.0  13:21:31 42.451477 -72.5628   3     19     55  
801.0  13:21:39 42.451466 -72.562805   3     10     44  
801.0  13:21:48 42.451393 -72.56263   5     11     51  
801.0  13:21:58 42.45061 -72.56147   3     16     52  
802.0  13:22:00 42.45013 -72.560745   4     16     45  
802.0  13:22:06 42.449833 -72.560295   4     13     47  
802.0  13:22:15 42.44905 -72.558945   4     13     41  
802.0  13:22:24 42.448147 -72.55722   5     17     42  
802.0  13:22:33 42.447105 -72.55552   3     13     46  
802.0  13:22:41 42.445686 -72.55423   4     16     56  
802.0  13:22:52 42.443943 -72.55316   3     18     42  
803.0  13:23:00 42.442646 -72.55205   4     16     43  
803.0  13:23:00 42.44204 -72.551384   4     13     42  
803.0  13:23:09 42.44129 -72.550514   5     16     59  
803.0  13:23:17 42.440083 -72.54917   4     12     58  
803.0  13:23:26 42.438515 -72.54803   3     16     59  
803.0  13:23:35 42.436848 -72.547035   3     16     47  
803.0  13:23:46 42.434788 -72.546005   4     10     45  
803.0  13:23:55 42.433395 -72.545235   5     14     53  
804.0  13:24:00 42.432007 -72.544235   4     17     40  
804.0  13:24:03 42.432007 -72.544235   3     10     45  
804.0  13:24:12 42.430786 -72.54318   5     13     53  
804.0  13:24:20 42.429497 -72.54204   4     19     48  
804.0  13:24:29 42.42826 -72.541016   4     13     40  
804.0  13:24:40 42.42638 -72.53969   3     11     42  
804.0  13:24:48 42.424847 -72.538704   5     13     58  
804.0  13:24:57 42.423424 -72.53795   4     19     49  
805.0  13:25:00 42.42216 -72.53747   4     12     45  
805.0  13:25:06 42.421803 -72.53735   4     12     47  
805.0  13:25:14 42.42014 -72.536964   3     16     46  
805.0  13:25:23 42.41864 -72.53686   5     12     54  
805.0  13:25:34 42.416546 -72.53701   5     15     43  
805.0  13:25:42 42.414974 -72.53721   5     17     57  
805.0  13:25:50 42.413223 -72.53743   5     12     43  
805.0  13:25:59 42.41176 -72.53761   4     11     59  
806.0  13:26:00 42.410862 -72.53772   4     15     53  
806.0  13:26:07 42.41036 -72.53779   4     12     59  
806.0  13:26:16 42.409306 -72.53792   3     18     47  
806.0  13:26:26 42.4089 -72.53771   3     19     57  
806.0  13:26:35 42.409164 -72.536934   3     16     51  
806.0  13:26:44 42.409344 -72.53561   3     13     46  
806.0  13:26:52 42.4095 -72.534386   3     10     47  
807.0  13:27:00 42.40965 -72.53331   5     10     55  
807.0  13:27:01 42.40961 -72.53339   4     18     44  
807.0  13:27:09 42.40963 -72.5333   3     17     50  
807.0  13:27:20 42.409626 -72.53322   4     19     52  
807.0  13:27:30 42.409744 -72.53234   4     11     44  
807.0  13:27:39 42.40986 -72.53132   4     11     56  
807.0  13:27:48 42.409897 -72.53114   3     17     56  
807.0  13:27:57 42.40994 -72.5312   4     18     58  
808.0  13:28:00 42.40995 -72.53121   3     19     45  
808.0  13:28:05 42.40995 -72.53121   5     16     57  
808.0  13:28:16 42.409946 -72.531204   4     10     42  
808.0  13:28:24 42.40995 -72.53108   3     17     41  
808.0  13:28:33 42.40989 -72.53095   3     17     40  
808.0  13:28:42 42.409683 -72.53089   4     18     52  
808.0  13:28:50 42.409176 -72.530754   4     16     51  
808.0  13:28:59 42.409073 -72.53076   4     18     57  
809.0  13:29:00 42.40907 -72.530785   5     12     42  
809.0  13:29:10 42.409073 -72.530754   5     19     59  
809.0  13:29:18 42.408512 -72.53051   5     19     40  
809.0  13:29:26 42.407505 -72.530205   3     10     40  
809.0  13:29:34 42.40656 -72.52994   5     10     45  
809.0  13:29:43 42.405315 -72.52974   3     16     42  
809.0  13:29:52 42.404106 -72.52966   3     14     55  
810.0  13:30:00 42.402878 -72.52892   4     12     43  
810.0  13:30:03 42.402977 -72.52899   5     14     40  
810.0  13:30:11 42.402073 -72.528435   3     11     44  
810.0  13:30:20 42.400833 -72.52796   4     15     51  
810.0  13:30:28 42.399654 -72.528015   5     15     42  
810.0  13:30:37 42.39838 -72.528076   3     11     40  
810.0  13:30:46 42.39756 -72.52801   3     11     47  
811.0  13:31:00 42.396103 -72.52742   3     11     41  
811.0  13:31:00 42.395576 -72.5272   4     14     44  
811.0  13:31:08 42.395203 -72.52702   3     17     42  
811.0  13:31:17 42.39447 -72.5266   4     10     54  
811.0  13:31:25 42.39392 -72.52629   4     14     51  
811.0  13:31:34 42.393433 -72.52607   4     15     59  
811.0  13:31:43 42.393345 -72.52602   5     12     42  
811.0  13:31:56 42.393383 -72.526054   4     12     46  
812.0  13:32:00 42.39338 -72.52605   4     11     56  
812.0  13:32:05 42.39338 -72.52604   5     13     56  
812.0  13:32:14 42.393066 -72.52583   3     11     52  
812.0  13:32:22 42.392353 -72.52557   3     17     56  
812.0  13:32:31 42.391735 -72.5254   5     11     52  
812.0  13:32:39 42.391186 -72.52531   5     15     45  
812.0  13:32:51 42.39082 -72.525276   4     15     48  
812.0  13:32:59 42.39084 -72.52527   3     14     58  
813.0  13:33:00 42.390846 -72.52527   4     14     55  
814.0  13:34:00 42.388752 -72.52456   4     12     45  
815.0  13:35:00 42.387688 -72.523766   3     16     40  
816.0  13:36:00 42.385567 -72.52217   4     10     42  
817.0  13:37:00 42.382 -72.519936   5     16     47  
818.0  13:38:00 42.37972 -72.51961   5     14     58  
819.0  13:39:00 42.37806 -72.52   5     13     56  
820.0  13:40:00 42.37795 -72.52003   4     19     44  
821.0  13:41:00 42.374783 -72.51992   4     15     56  
822.0  13:42:00 42.373615 -72.519905   5     10     59  
823.0  13:43:00 42.369545 -72.51994   3     17     56  
824.0  13:44:00 42.36051 -72.52085   4     11     47  
825.0  13:45:00 42.353962 -72.52229   4     18     45  
826.0  13:46:00 42.35155 -72.5265   5     16     48  
827.0  13:47:00 42.34952 -72.528465   3     11     53  
828.0  13:48:00 42.348873 -72.52896   3     12     54  
829.0  13:49:00 42.348835 -72.52894   3     14     47  
833.0  13:53:38 42.348873 -72.52895   5     17     42  
833.0  13:53:50 42.34875 -72.52894   5     19     45  
834.0  13:54:03 42.348354 -72.52941   3     19     52  
834.0  13:54:15 42.34834 -72.530205   5     17     56  
835.0  13:55:12 42.351227 -72.53026   4     14     44  
835.0  13:55:18 42.35149 -72.53027   4     13     49  
835.0  13:55:21 42.351482 -72.530266   3     18     43  
835.0  13:55:32 42.35153 -72.52953   3     12     44  
835.0  13:55:41 42.35152 -72.52827   5     10     44  
835.0  13:55:50 42.351517 -72.526955   3     13     42  
835.0  13:55:59 42.351517 -72.52647   4     10     42  
836.0  13:56:00 42.35152 -72.52648   4     13     51  
836.0  13:56:08 42.35152 -72.52649   4     10     55  
836.0  13:56:16 42.351547 -72.52645   3     13     49  
836.0  13:56:27 42.35166 -72.52538   5     14     54  
836.0  13:56:37 42.351833 -72.524155   5     17     48  
837.0  13:57:00 42.35479 -72.52146   4     15     49  
837.0  13:57:03 42.352757 -72.52289   5     16     42  
837.0  13:57:16 42.355618 -72.5212   5     17     44  
837.0  13:57:28 42.356205 -72.52093   3     11     57  
837.0  13:57:37 42.35724 -72.52095   4     17     44  
837.0  13:57:46 42.358456 -72.52087   5     15     54  
837.0  13:57:55 42.359814 -72.5208   4     18     50  
838.0  13:58:00 42.360996 -72.52076   3     12     52  
838.0  13:58:03 42.360996 -72.52076   5     19     56  
838.0  13:58:12 42.362366 -72.52074   4     18     41  
838.0  13:58:23 42.36403 -72.52069   4     11     42  
838.0  13:58:32 42.36543 -72.52045   5     17     53  
838.0  13:58:41 42.36684 -72.520256   4     13     45  
838.0  13:58:50 42.36799 -72.520065   5     17     40  
838.0  13:58:59 42.369465 -72.519905   5     10     50  
839.0  13:59:00 42.370064 -72.51983   3     16     59  
839.0  13:59:08 42.37077 -72.51976   5     16     50  
839.0  13:59:20 42.37201 -72.51971   4     12     50  
839.0  13:59:29 42.372772 -72.51973   4     11     50  
839.0  13:59:38 42.373287 -72.51975   4     19     53  
839.0  13:59:46 42.373257 -72.519775   3     18     51  
839.0  13:59:55 42.37321 -72.519775   4     12     47  
840.0  14:00:00 42.373196 -72.51977   3     10     53  
840.0  14:00:03 42.373196 -72.51977   3     19     56  
840.0  14:00:15 42.373222 -72.519745   3     13     48  
840.0  14:00:23 42.373215 -72.519745   5     12     45  
840.0  14:00:33 42.373203 -72.519745   5     19     58  
840.0  14:00:43 42.373196 -72.519745   5     19     41  
840.0  14:00:51 42.373188 -72.51975   4     17     58  
841.0  14:01:00 42.373684 -72.51977   5     19     59  
841.0  14:01:01 42.373436 -72.51975   5     15     53  
841.0  14:01:12 42.37425 -72.51976   3     18     45  
841.0  14:01:21 42.374687 -72.51972   5     19     49  
841.0  14:01:29 42.374763 -72.51974   4     10     53  
841.0  14:01:38 42.374767 -72.519745   4     10     50  
841.0  14:01:47 42.374783 -72.519745   4     13     52  
841.0  14:01:56 42.37478 -72.51976   4     17     43  
842.0  14:02:00 42.374866 -72.51977   3     13     43  
842.0  14:02:06 42.374886 -72.51977   5     14     43  
842.0  14:02:15 42.37484 -72.51976   4     13     59  
842.0  14:02:24 42.374866 -72.51979   4     19     54  
842.0  14:02:32 42.375145 -72.51981   3     11     45  
842.0  14:02:41 42.375145 -72.519844   3     18     44  
842.0  14:02:50 42.37516 -72.519875   4     19     43  
843.0  14:03:00 42.375168 -72.51984   3     17     45  
843.0  14:03:01 42.375164 -72.51984   4     11     53  
843.0  14:03:09 42.37521 -72.51982   5     19     51  
843.0  14:03:18 42.375607 -72.51982   3     18     49  
843.0  14:03:27 42.376125 -72.51983   4     15     51  
843.0  14:03:35 42.37688 -72.51983   4     19     49  
843.0  14:03:45 42.377407 -72.51983   3     18     53  
843.0  14:03:55 42.37749 -72.51983   3     12     56  
844.0  14:04:00 42.377495 -72.51984   3     10     52  
844.0  14:04:04 42.377495 -72.51984   3     15     53  
844.0  14:04:13 42.3775 -72.51983   4     15     51  
844.0  14:04:21 42.377514 -72.51984   5     11     51  
844.0  14:04:31 42.3777 -72.51986   4     12     48  
844.0  14:04:39 42.378418 -72.51987   4     12     46  
844.0  14:04:50 42.37926 -72.519714   4     14     42  
844.0  14:04:58 42.379795 -72.51944   3     13     55  
845.0  14:05:00 42.379826 -72.51946   5     10     51  
845.0  14:05:10 42.379833 -72.519485   4     17     51  
845.0  14:05:19 42.379837 -72.5195   5     18     47  
845.0  14:05:27 42.379917 -72.5195   3     17     50  
845.0  14:05:36 42.380222 -72.51939   5     12     43  
845.0  14:05:47 42.381203 -72.51929   3     15     53  
845.0  14:05:55 42.381474 -72.519264   3     19     43  
846.0  14:06:00 42.381527 -72.51926   4     15     41  
846.0  14:06:03 42.38153 -72.51926   4     18     54  
846.0  14:06:12 42.381527 -72.51926   3     16     45  
846.0  14:06:20 42.38163 -72.5193   5     14     50  
846.0  14:06:32 42.38196 -72.51984   5     19     46  
846.0  14:06:43 42.382435 -72.520454   5     17     59  
846.0  14:06:51 42.382866 -72.52047   5     12     44  
847.0  14:07:00 42.38312 -72.52054   4     17     43  
847.0  14:07:00 42.383366 -72.52069   3     15     50  
847.0  14:07:09 42.383774 -72.52099   5     17     51  
847.0  14:07:18 42.38482 -72.52157   5     13     49  
847.0  14:07:26 42.38575 -72.52201   5     18     56  
847.0  14:07:41 42.386 -72.52237   5     15     53  
847.0  14:07:49 42.386665 -72.522415   3     17     55  
847.0  14:07:58 42.387276 -72.52292   3     12     48  
848.0  14:08:00 42.387566 -72.52334   4     13     57  
848.0  14:08:14 42.387775 -72.52357   3     17     46  
848.0  14:08:22 42.387753 -72.52356   4     12     46  
848.0  14:08:32 42.387756 -72.52354   3     13     59  
848.0  14:08:41 42.38777 -72.52354   5     13     57  
848.0  14:08:49 42.387783 -72.52354   4     19     45  
848.0  14:08:58 42.387802 -72.52353   3     12     54  
849.0  14:09:00 42.38782 -72.52352   3     19     48  
849.0  14:09:06 42.38782 -72.52351   5     13     50  
849.0  14:09:15 42.387867 -72.52352   5     10     50  
849.0  14:09:26 42.387848 -72.52354   3     13     44  
849.0  14:09:35 42.387886 -72.523544   4     19     59  
849.0  14:09:43 42.387882 -72.523544   5     10     43  
849.0  14:09:52 42.387825 -72.52356   4     12     55  
850.0  14:10:00 42.387783 -72.52357   3     13     48  
850.0  14:10:00 42.38778 -72.52357   3     18     42  
850.0  14:10:09 42.387836 -72.52372   4     19     41  
850.0  14:10:19 42.38854 -72.5244   3     12     43  
850.0  14:10:28 42.389355 -72.524796   3     12     41  
850.0  14:10:37 42.390347 -72.52511   5     17     59  
850.0  14:10:46 42.39075 -72.52516   4     18     55  
850.0  14:10:54 42.390907 -72.52516   4     14     46  
851.0  14:11:00 42.39113 -72.52519   3     17     59  
851.0  14:11:03 42.39113 -72.52519   3     12     59  
851.0  14:11:14 42.391144 -72.525215   3     14     56  
851.0  14:11:22 42.391296 -72.525276   4     12     45  
851.0  14:11:30 42.391975 -72.52543   4     17     59  
851.0  14:11:39 42.39271 -72.525635   3     14     41  
851.0  14:11:47 42.393272 -72.52585   3     12     41  
851.0  14:11:56 42.393696 -72.52603   5     19     56  
852.0  14:12:00 42.39399 -72.52613   3     14     57  
852.0  14:12:06 42.394 -72.52612   3     13     51  
852.0  14:12:15 42.393982 -72.5261   3     11     55  
852.0  14:12:23 42.393967 -72.526085   5     10     51  
852.0  14:12:32 42.39396 -72.52609   3     15     59  
852.0  14:12:41 42.393932 -72.52612   5     10     53  
852.0  14:12:50 42.394073 -72.52629   5     18     44  
853.0  14:13:00 42.394817 -72.526726   4     18     47  
853.0  14:13:01 42.39471 -72.52668   4     16     51  
853.0  14:13:09 42.394917 -72.52675   5     13     43  
853.0  14:13:18 42.394943 -72.52676   4     15     52  
853.0  14:13:27 42.395084 -72.52687   3     11     59  
853.0  14:13:35 42.39585 -72.52726   5     13     54  
853.0  14:13:44 42.39703 -72.52779   5     13     50  
853.0  14:13:55 42.39772 -72.527954   4     18     54  
854.0  14:14:00 42.39768 -72.52787   3     15     44  
854.0  14:14:03 42.39768 -72.52787   5     10     45  
854.0  14:14:12 42.39791 -72.527985   5     12     46  
854.0  14:14:20 42.398758 -72.528015   3     12     50  
854.0  14:14:29 42.400143 -72.52794   3     19     45  
854.0  14:14:39 42.401497 -72.528114   5     19     56  
854.0  14:14:51 42.40337 -72.52911   3     11     49  
855.0  14:15:00 42.40453 -72.52972   3     12     40  
855.0  14:15:00 42.40515 -72.529724   5     11     52  
855.0  14:15:08 42.40596 -72.52979   3     14     53  
855.0  14:15:16 42.407112 -72.53004   3     13     56  
855.0  14:15:25 42.408337 -72.53042   3     19     51  
855.0  14:15:33 42.4093 -72.53075   3     16     50  
855.0  14:15:48 42.409306 -72.53069   4     18     54  
855.0  14:15:57 42.409813 -72.53091   3     19     53  
856.0  14:16:00 42.409912 -72.53095   3     11     59  
856.0  14:16:05 42.409912 -72.53096   3     11     55  
856.0  14:16:13 42.409912 -72.530975   3     14     59  
856.0  14:16:22 42.40991 -72.53096   5     19     42  
856.0  14:16:30 42.410015 -72.53137   3     15     53  
856.0  14:16:41 42.409775 -72.53297   4     12     49  
856.0  14:16:51 42.409718 -72.53372   5     16     57  
857.0  14:17:00 42.40965 -72.5337   5     19     52  
857.0  14:17:00 42.409622 -72.53368   4     11     57  
857.0  14:17:08 42.40962 -72.53368   5     14     42  
857.0  14:17:17 42.40953 -72.534546   3     15     59  
857.0  14:17:25 42.40937 -72.535805   3     14     51  
857.0  14:17:36 42.40914 -72.537415   3     12     51  
857.0  14:17:44 42.409275 -72.53791   5     16     55  
857.0  14:17:53 42.41016 -72.53776   3     11     46  
858.0  14:18:00 42.411903 -72.53754   5     12     53  
858.0  14:18:01 42.411556 -72.537575   4     12     49  
858.0  14:18:10 42.41304 -72.5374   3     15     51  
858.0  14:18:18 42.414833 -72.53718   3     16     56  
858.0  14:18:29 42.417027 -72.53689   5     10     50  
858.0  14:18:38 42.41863 -72.53679   4     11     45  
858.0  14:18:47 42.42062 -72.53699   4     12     40  
858.0  14:18:56 42.42219 -72.53737   4     14     42  
859.0  14:19:00 42.423737 -72.53798   5     16     47  
859.0  14:19:05 42.424107 -72.53817   5     15     43  
859.0  14:19:14 42.425533 -72.53904   5     15     56  
859.0  14:19:24 42.42755 -72.54035   5     19     43  
859.0  14:19:32 42.428844 -72.54132   4     10     49  
859.0  14:19:40 42.430058 -72.54237   4     13     51  
859.0  14:19:48 42.431393 -72.54354   4     15     41  
859.0  14:19:57 42.43292 -72.544815   5     18     50  
860.0  14:20:00 42.434 -72.54552   5     18     40  
860.0  14:20:05 42.43437 -72.54572   5     14     56  
860.0  14:20:16 42.436462 -72.546745   4     18     57  
860.0  14:20:24 42.43799 -72.547516   4     12     47  
860.0  14:20:33 42.439415 -72.54851   3     14     54  
860.0  14:20:41 42.44092 -72.54986   5     12     57  
860.0  14:20:49 42.442135 -72.551254   4     18     53  
860.0  14:20:58 42.443356 -72.55256   4     11     53  
861.0  14:21:00 42.44441 -72.553375   4     17     48  
861.0  14:21:09 42.445335 -72.55394   4     15     46  
861.0  14:21:17 42.4469 -72.55509   3     16     40  
861.0  14:21:26 42.448082 -72.55675   4     15     41  
861.0  14:21:34 42.44881 -72.55834   5     15     51  
861.0  14:21:43 42.449707 -72.55994   3     12     57  
861.0  14:21:51 42.450584 -72.56124   3     16     51  
862.0  14:22:00 42.4518 -72.562996   4     19     45  
862.0  14:22:01 42.45163 -72.56272   4     10     53  
862.0  14:22:10 42.452255 -72.563644   5     10     55  
862.0  14:22:18 42.45308 -72.5648   3     10     55  
862.0  14:22:27 42.454212 -72.56611   5     19     42  
862.0  14:22:35 42.455452 -72.567276   4     19     48  
862.0  14:22:44 42.456738 -72.56853   3     13     59  
862.0  14:22:54 42.458687 -72.57039   5     16     53  
863.0  14:23:00 42.46003 -72.57162   4     18     53  
863.0  14:23:02 42.45986 -72.57148   3     19     41  
863.0  14:23:10 42.46128 -72.57249   5     18     50  
863.0  14:23:19 42.46269 -72.57325   3     10     51  
863.0  14:23:27 42.46383 -72.57397   3     12     55  
863.0  14:23:36 42.464565 -72.5747   3     16     59  
863.0  14:23:46 42.465446 -72.576004   4     11     41  
863.0  14:23:55 42.46594 -72.577156   3     11     59  
864.0  14:24:00 42.466255 -72.57844   4     16     53  
864.0  14:24:03 42.466255 -72.57844   5     16     53  
864.0  14:24:11 42.46641 -72.57935   4     14     49  
864.0  14:24:19 42.466183 -72.57976   3     15     55  
864.0  14:24:28 42.465477 -72.58007   4     16     59  
864.0  14:24:38 42.465023 -72.58029   3     19     52  
864.0  14:24:47 42.464993 -72.580315   4     19     55  
864.0  14:24:55 42.46435 -72.58052   5     11     51  
865.0  14:25:00 42.463264 -72.58092   5     11     58  
865.0  14:25:04 42.463264 -72.58092   5     18     44  
865.0  14:25:12 42.46207 -72.58132   4     18     58  
865.0  14:25:20 42.460644 -72.58181   4     12     55  
865.0  14:25:31 42.459057 -72.58233   4     15     47  
865.0  14:25:39 42.457893 -72.58278   5     12     45  
865.0  14:25:49 42.457664 -72.58246   3     13     46  
865.0  14:25:57 42.457565 -72.581665   4     19     55  
866.0  14:26:00 42.457687 -72.58143   4     17     45  
866.0  14:26:05 42.457726 -72.58142   5     14     45  
866.0  14:26:15 42.4577 -72.58135   3     12     47  
866.0  14:26:27 42.45768 -72.581314   4     14     48  
866.0  14:26:35 42.457714 -72.58133   4     12     51  
866.0  14:26:44 42.45773 -72.581345   5     19     52  
866.0  14:26:52 42.45771 -72.58136   3     15     50  
867.0  14:27:00 42.45772 -72.581375   5     19     43  
867.0  14:27:01 42.45772 -72.581375   5     10     51  
867.0  14:27:08 42.457718 -72.581375   3     14     48  
867.0  14:27:19 42.457714 -72.58138   4     13     58  
867.0  14:27:28 42.45776 -72.58143   3     16     42  
867.0  14:27:36 42.457836 -72.58152   5     12     56  
867.0  14:27:45 42.45784 -72.58151   5     16     41  
867.0  14:27:53 42.457836 -72.5815   4     17     56  
868.0  14:28:00 42.45785 -72.58152   5     13     47  
868.0  14:28:02 42.45785 -72.58152   4     19     58  
868.0  14:28:13 42.457798 -72.58145   4     13     46  
868.0  14:28:21 42.45771 -72.581345   5     16     40  
868.0  14:28:29 42.457787 -72.58147   3     17     48  
868.0  14:28:38 42.45784 -72.58154   3     14     45  
868.0  14:28:46 42.457848 -72.581566   3     18     56  
868.0  14:28:55 42.4578 -72.581474   4     13     42  
869.0  14:29:00 42.45778 -72.58143   5     10     43  
869.0  14:29:05 42.45779 -72.581436   5     18     47  
869.0  14:29:13 42.457806 -72.58146   3     18     59  
869.0  14:29:22 42.4578 -72.58146   3     11     43  
869.0  14:29:30 42.457787 -72.58144   4     18     53  
869.0  14:29:39 42.45776 -72.581406   5     13     48  
869.0  14:29:47 42.457752 -72.58138   4     16     41  
869.0  14:29:58 42.45777 -72.58137   3     16     40  
870.0  14:30:00 42.45778 -72.58137   4     19     43  
870.0  14:30:07 42.45777 -72.58135   5     15     59  
870.0  14:30:16 42.457756 -72.58135   3     10     42  
870.0  14:30:24 42.45779 -72.5814   4     19     40  
870.0  14:30:33 42.457783 -72.5814   5     11     42  
870.0  14:30:41 42.457806 -72.58146   3     15     50  
870.0  14:30:54 42.45785 -72.58174   4     16     57  
871.0  14:31:00 42.45797 -72.58263   3     19     49  
871.0  14:31:02 42.45795 -72.58255   5     17     55  
871.0  14:31:11 42.45797 -72.58264   3     17     46  
871.0  14:31:19 42.458237 -72.58259   5     17     46  
871.0  14:31:27 42.458916 -72.58224   3     17     49  
871.0  14:31:36 42.459885 -72.58201   3     14     41  
871.0  14:31:46 42.45984 -72.58112   3     14     48  
871.0  14:31:55 42.45944 -72.579315   4     11     53  
872.0  14:32:00 42.459232 -72.577675   3     14     53  
872.0  14:32:03 42.45926 -72.57786   4     18     52  
872.0  14:32:11 42.459057 -72.576485   5     15     51  
872.0  14:32:20 42.45879 -72.57499   3     12     56  
872.0  14:32:28 42.45851 -72.57358   4     10     52  
872.0  14:32:38 42.458183 -72.57188   3     14     57  
872.0  14:32:47 42.457466 -72.570694   3     10     50  
872.0  14:32:55 42.456573 -72.56973   3     17     45  
873.0  14:33:00 42.455593 -72.56867   5     15     54  
873.0  14:33:03 42.455593 -72.56867   5     17     50  
873.0  14:33:12 42.454792 -72.567795   4     14     40  
873.0  14:33:20 42.45457 -72.56686   4     11     49  
873.0  14:33:31 42.454605 -72.56664   5     19     54  
873.0  14:33:39 42.45423 -72.566216   4     14     41  
873.0  14:33:48 42.453335 -72.56526   3     11     53  
873.0  14:33:55 42.45251 -72.56417   3     17     43  
874.0  14:34:00 42.451786 -72.56311   4     12     52  
874.0  14:34:04 42.451786 -72.56311   3     10     43  
874.0  14:34:13 42.451508 -72.5628   5     19     59  
874.0  14:34:24 42.45152 -72.56282   4     10     55  
874.0  14:34:32 42.4515 -72.562744   4     12     59  
874.0  14:34:41 42.451054 -72.56204   5     13     53  
874.0  14:34:50 42.45026 -72.560844   3     15     42  
874.0  14:34:58 42.449333 -72.55937   3     13     58  
875.0  14:35:00 42.448853 -72.55847   5     16     48  
875.0  14:35:06 42.448563 -72.5579   5     18     48  
875.0  14:35:19 42.447407 -72.5558   5     19     42  
875.0  14:35:27 42.446087 -72.55446   5     10     43  
875.0  14:35:35 42.444744 -72.55361   5     19     58  
875.0  14:35:43 42.443256 -72.55252   4     10     41  
875.0  14:35:51 42.442013 -72.55126   5     10     54  
876.0  14:36:00 42.44079 -72.54991   5     19     46  
876.0  14:36:00 42.440163 -72.54927   4     11     59  
876.0  14:36:12 42.438763 -72.54817   5     13     40  
876.0  14:36:21 42.437115 -72.54716   3     11     58  
876.0  14:36:33 42.43544 -72.54632   5     13     42  
876.0  14:36:42 42.4334 -72.54525   5     10     44  
876.0  14:36:50 42.431835 -72.54408   4     17     54  
877.0  14:37:00 42.429535 -72.54204   5     10     48  
877.0  14:37:02 42.429855 -72.54232   3     17     41  
877.0  14:37:10 42.42836 -72.54106   5     18     52  
877.0  14:37:20 42.42698 -72.540054   3     16     55  
877.0  14:37:29 42.4254 -72.53899   5     13     47  
877.0  14:37:38 42.42375 -72.53803   5     19     45  
877.0  14:37:47 42.42201 -72.537384   4     13     59  
877.0  14:37:58 42.419643 -72.53688   4     16     52  
878.0  14:38:00 42.418446 -72.53682   5     13     52  
878.0  14:38:08 42.41785 -72.53684   5     19     59  
878.0  14:38:16 42.41605 -72.53706   4     12     55  
878.0  14:38:25 42.41425 -72.5373   4     19     55  
878.0  14:38:34 42.412453 -72.53751   5     13     54  
878.0  14:38:42 42.41086 -72.53772   5     15     58  
878.0  14:38:53 42.409237 -72.537926   3     10     59  
879.0  14:39:00 42.409 -72.53795   4     16     52  
879.0  14:39:02 42.408997 -72.53795   4     15     51  
879.0  14:39:14 42.409 -72.53795   3     16     59  
879.0  14:39:23 42.408943 -72.53798   4     18     44  
879.0  14:39:32 42.408905 -72.53797   5     19     52  
879.0  14:39:44 42.40912 -72.53712   4     12     42  
879.0  14:39:53 42.409405 -72.53578   5     17     44  
880.0  14:40:00 42.409595 -72.5341   4     18     58  
880.0  14:40:01 42.40956 -72.53444   3     18     40  
880.0  14:40:10 42.40972 -72.533   5     14     48  
880.0  14:40:20 42.409878 -72.5316   4     11     40  
880.0  14:40:29 42.40992 -72.53114   5     11     48  
880.0  14:40:39 42.409878 -72.531136   4     11     50  
880.0  14:40:48 42.409874 -72.53116   3     11     49  
880.0  14:40:56 42.40989 -72.53116   4     15     46  
881.0  14:41:00 42.409897 -72.53115   5     18     53  
881.0  14:41:05 42.409893 -72.53113   3     13     57  
881.0  14:41:14 42.40979 -72.53089   4     13     55  
881.0  14:41:26 42.409145 -72.53073   3     11     51  
881.0  14:41:37 42.409004 -72.5307   4     12     41  
881.0  14:41:45 42.408962 -72.530685   5     10     45  
881.0  14:41:54 42.408947 -72.530685   4     13     40  
882.0  14:42:00 42.408955 -72.53069   4     16     43  
882.0  14:42:02 42.408955 -72.53069   4     12     58  
882.0  14:42:11 42.408962 -72.53069   4     13     56  
882.0  14:42:19 42.408546 -72.53051   4     18     53  
882.0  14:42:29 42.40732 -72.53012   5     19     46  
882.0  14:42:37 42.40624 -72.52981   5     12     43  
882.0  14:42:46 42.405125 -72.52967   3     17     40  
882.0  14:42:55 42.403797 -72.529465   5     18     44  
883.0  14:43:00 42.40319 -72.52914   3     12     41  
883.0  14:43:04 42.40316 -72.52912   3     15     56  
883.0  14:43:12 42.40318 -72.52911   3     17     50  
883.0  14:43:22 42.403004 -72.5289   5     12     56  
883.0  14:43:31 42.402073 -72.52839   4     15     54  
883.0  14:43:39 42.400944 -72.52798   5     11     51  
883.0  14:43:48 42.39963 -72.528   3     10     52  
883.0  14:43:58 42.398605 -72.52805   4     18     44  
884.0  14:44:00 42.398273 -72.5281   3     11     56  
884.0  14:44:06 42.398132 -72.528114   4     17     44  
884.0  14:44:17 42.39712 -72.527855   5     17     58  
884.0  14:44:26 42.396233 -72.527466   4     14     46  
884.0  14:44:34 42.39537 -72.5271   3     18     44  
884.0  14:44:43 42.394543 -72.52661   4     14     53  
884.0  14:44:52 42.39378 -72.52615   5     18     47  
885.0  14:45:00 42.393394 -72.52599   3     18     57  
885.0  14:45:02 42.39342 -72.52601   3     11     57  
885.0  14:45:13 42.393368 -72.526   3     13     44  
885.0  14:45:22 42.39335 -72.52599   4     17     49  
885.0  14:45:31 42.393333 -72.52601   5     12     40  
885.0  14:45:40 42.39334 -72.52601   5     11     58  
885.0  14:45:50 42.393345 -72.52603   5     16     42  
885.0  14:45:59 42.393353 -72.52603   4     15     40  
886.0  14:46:00 42.393368 -72.526024   5     17     58  
886.0  14:46:10 42.393368 -72.52602   3     15     58  
886.0  14:46:18 42.393387 -72.52601   5     12     45  
886.0  14:46:37 42.393406 -72.526   3     11     50  
886.0  14:46:48 42.393387 -72.52605   5     12     52  
887.0  14:47:00 42.39337 -72.52605   5     12     49  
887.0  14:47:18 42.393147 -72.52586   3     16     49  
887.0  14:47:32 42.39246 -72.52558   3     12     43  
887.0  14:47:40 42.391624 -72.52535   3     15     55  
887.0  14:47:50 42.39079 -72.52519   3     10     45  
888.0  14:48:00 42.390125 -72.52507   4     14     45  
888.0  14:48:00 42.38972 -72.52498   4     15     47  
888.0  14:48:10 42.389305 -72.52482   5     16     55  
888.0  14:48:23 42.388264 -72.52428   3     18     52  
888.0  14:48:32 42.387676 -72.52369   3     17     54  
888.0  14:48:41 42.387184 -72.52297   5     10     44  
888.0  14:48:51 42.38667 -72.522484   5     11     42  
888.0  14:48:59 42.386116 -72.522514   3     17     41  
889.0  14:49:00 42.38605 -72.522545   3     18     45  
889.0  14:49:08 42.38597 -72.52269   3     10     49  
889.0  14:49:18 42.385937 -72.52381   5     13     49  
889.0  14:49:27 42.38573 -72.52483   4     13     47  
889.0  14:49:36 42.3855 -72.525826   4     16     46  
889.0  14:49:45 42.385273 -72.526825   5     14     58  
889.0  14:49:54 42.385044 -72.5278   5     19     53  
890.0  14:50:00 42.38495 -72.52825   4     13     41  
890.0  14:50:03 42.384956 -72.52821   5     19     52  
890.0  14:50:13 42.384914 -72.5284   4     19     56  
890.0  14:50:22 42.38489 -72.52854   5     14     41  
890.0  14:50:32 42.384853 -72.52872   4     15     57  
890.0  14:50:40 42.385014 -72.529945   4     11     49  
891.0  14:51:00 42.385662 -72.53096   5     13     52  
891.0  14:51:12 42.386425 -72.531166   3     18     44  
891.0  14:51:24 42.387257 -72.53151   4     15     59  
891.0  14:51:33 42.38754 -72.53164   4     16     43  
891.0  14:51:41 42.387577 -72.53165   3     14     58  
891.0  14:51:50 42.387604 -72.531654   3     15     50  
891.0  14:51:58 42.38764 -72.53162   4     12     56  
892.0  14:52:00 42.387676 -72.53162   3     19     48  
892.0  14:52:08 42.38767 -72.53162   3     12     54  
892.0  14:52:20 42.38798 -72.53179   5     10     56  
892.0  14:52:28 42.388264 -72.53192   5     11     42  
892.0  14:52:37 42.388565 -72.532135   3     15     44  
892.0  14:52:47 42.389282 -72.532364   4     18     46  
892.0  14:52:56 42.390232 -72.53276   3     12     54  
893.0  14:53:00 42.391018 -72.53307   5     17     53  
893.0  14:53:05 42.39112 -72.53312   3     16     45  
893.0  14:53:17 42.392254 -72.53359   5     10     47  
893.0  14:53:26 42.392742 -72.53366   5     15     56  
893.0  14:53:35 42.393024 -72.53284   5     19     47  
893.0  14:53:43 42.393448 -72.532455   5     17     44  
893.0  14:53:52 42.393833 -72.53268   3     17     40  
894.0  14:54:00 42.394276 -72.53287   4     12     52  
894.0  14:54:00 42.3944 -72.53292   4     19     54  
894.0  14:54:11 42.394726 -72.53306   4     17     51  
894.0  14:54:20 42.394993 -72.53331   5     13     50  
894.0  14:54:28 42.394897 -72.53371   5     17     49  
894.0  14:54:37 42.394917 -72.53372   5     11     42  
894.0  14:54:46 42.394924 -72.533745   4     17     56  
1093.0  18:13:41 42.394882 -72.533905   5     10     41  
1093.0  18:13:53 42.394855 -72.53397   4     15     45  
1094.0  18:14:06 42.39488 -72.53363   5     11     45  
1094.0  18:14:18 42.39488 -72.53364   5     17     44  
1095.0  18:15:25 42.39488 -72.53371   4     14     53  
1095.0  18:15:36 42.39488 -72.53371   3     14     47  
1095.0  18:15:44 42.394886 -72.5337   4     16     47  
1095.0  18:15:54 42.3949 -72.5337   4     12     42  
1096.0  18:16:00 42.39489 -72.53372   5     17     45  
1096.0  18:16:02 42.39489 -72.533714   5     12     51  
1096.0  18:16:11 42.394886 -72.53372   3     13     56  
1096.0  18:16:19 42.39489 -72.53373   3     12     49  
1096.0  18:16:29 42.39489 -72.53373   3     12     56  
1096.0  18:16:37 42.39489 -72.53373   4     19     43  
1096.0  18:16:47 42.39489 -72.53374   5     19     40  
1096.0  18:16:55 42.394882 -72.53373   3     14     59  
1097.0  18:17:00 42.394886 -72.53374   4     12     47  
1097.0  18:17:04 42.39489 -72.53374   4     17     53  
1097.0  18:17:12 42.3949 -72.533745   5     16     58  
1097.0  18:17:22 42.3949 -72.533745   5     15     51  
1097.0  18:17:30 42.394894 -72.533714   3     12     51  
1097.0  18:17:39 42.39489 -72.53369   5     11     43  
1097.0  18:17:47 42.394886 -72.53369   3     12     51  
1097.0  18:17:56 42.394886 -72.5337   5     19     45  
1098.0  18:18:00 42.394886 -72.53369   5     19     47  
1098.0  18:18:05 42.39489 -72.53369   4     12     50  
1098.0  18:18:16 42.39489 -72.5337   5     15     56  
1098.0  18:18:24 42.39489 -72.5337   5     15     54  
1098.0  18:18:32 42.39489 -72.5337   5     16     57  
1098.0  18:18:40 42.39489 -72.53369   3     12     50  
1098.0  18:18:49 42.394894 -72.53368   4     13     54  
1098.0  18:18:57 42.394894 -72.53369   3     18     40  
1099.0  18:19:00 42.394894 -72.5337   4     16     48  
1099.0  18:19:08 42.394894 -72.5337   5     17     59  
1099.0  18:19:17 42.394894 -72.53371   4     11     43  
1099.0  18:19:25 42.394897 -72.53371   5     15     46  
1099.0  18:19:34 42.39489 -72.53386   4     13     45  
1099.0  18:19:43 42.39469 -72.53399   5     18     56  
1099.0  18:19:52 42.39461 -72.53397   4     11     41  
1100.0  18:20:00 42.394917 -72.53408   5     12     40  
1100.0  18:20:03 42.394947 -72.53406   4     14     43  
1100.0  18:20:11 42.395008 -72.53403   3     16     51  
1100.0  18:20:20 42.395008 -72.53403   5     14     50  
1100.0  18:20:28 42.395008 -72.53403   4     10     47  
1100.0  18:20:37 42.395008 -72.53403   3     14     45  
1100.0  18:20:47 42.395008 -72.53403   4     16     57  
1100.0  18:20:58 42.395008 -72.53403   3     19     55  
1101.0  18:21:00 42.395008 -72.53403   5     16     58  
1101.0  18:21:07 42.395008 -72.53403   4     18     53  
1101.0  18:21:15 42.395008 -72.53403   4     19     43  
1101.0  18:21:26 42.395008 -72.53403   4     18     41  
1101.0  18:21:35 42.395008 -72.53403   4     18     55  
1101.0  18:21:43 42.39447 -72.53363   3     17     53  
1101.0  18:21:54 42.394165 -72.53318   5     16     45  
1102.0  18:22:00 42.394714 -72.533936   4     13     50  
1102.0  18:22:04 42.394535 -72.533806   3     16     49  
1102.0  18:22:13 42.394863 -72.53423   5     12     47  
1102.0  18:22:25 42.394875 -72.53425   5     11     54  
