511.0  08:31:48 0.0 -0.0   4     19     40  
512.0  08:32:08 0.0 -0.0   5     15     42  
512.0  08:32:16 0.0 -0.0   4     10     48  
512.0  08:32:24 0.0 -0.0   3     16     51  
512.0  08:32:32 0.0 -0.0   5     19     55  
512.0  08:32:41 0.0 -0.0   4     16     55  
512.0  08:32:51 0.0 -0.0   5     12     49  
513.0  08:33:00 0.0 -0.0   5     19     49  
513.0  08:33:08 0.0 -0.0   4     12     44  
513.0  08:33:17 0.0 -0.0   5     14     43  
513.0  08:33:25 0.0 -0.0   5     12     52  
513.0  08:33:34 0.0 -0.0   5     14     45  
513.0  08:33:42 0.0 -0.0   3     12     55  
513.0  08:33:50 0.0 -0.0   3     13     55  
513.0  08:33:59 0.0 -0.0   5     17     40  
514.0  08:34:07 0.0 -0.0   4     10     41  
514.0  08:34:16 0.0 -0.0   5     15     49  
514.0  08:34:24 0.0 -0.0   4     13     40  
514.0  08:34:32 0.0 -0.0   4     10     47  
514.0  08:34:41 0.0 -0.0   4     16     52  
514.0  08:34:49 0.0 -0.0   5     16     46  
514.0  08:34:58 0.0 -0.0   4     15     44  
515.0  08:35:06 0.0 -0.0   3     19     42  
515.0  08:35:17 0.0 -0.0   4     10     41  
515.0  08:35:25 0.0 -0.0   3     12     45  
515.0  08:35:33 0.0 -0.0   4     14     41  
515.0  08:35:41 0.0 -0.0   4     18     42  
515.0  08:35:49 0.0 -0.0   4     16     43  
515.0  08:35:58 0.0 -0.0   4     14     52  
516.0  08:36:09 0.0 -0.0   3     14     53  
516.0  08:36:18 0.0 -0.0   4     18     46  
516.0  08:36:26 0.0 -0.0   5     19     47  
516.0  08:36:34 0.0 -0.0   4     17     40  
516.0  08:36:42 0.0 -0.0   5     19     46  
516.0  08:36:50 0.0 -0.0   5     18     41  
517.0  08:37:01 0.0 -0.0   3     17     56  
517.0  08:37:11 0.0 -0.0   4     18     58  
517.0  08:37:19 0.0 -0.0   4     11     53  
517.0  08:37:27 0.0 -0.0   5     10     56  
517.0  08:37:35 0.0 -0.0   5     17     51  
517.0  08:37:44 0.0 -0.0   5     17     42  
517.0  08:37:54 0.0 -0.0   4     19     44  
518.0  08:38:02 0.0 -0.0   5     12     52  
518.0  08:38:11 0.0 -0.0   5     19     48  
518.0  08:38:23 0.0 -0.0   4     11     41  
518.0  08:38:31 0.0 -0.0   5     10     46  
518.0  08:38:40 0.0 -0.0   5     11     41  
518.0  08:38:50 0.0 -0.0   3     10     55  
518.0  08:38:59 0.0 -0.0   5     11     42  
519.0  08:39:07 0.0 -0.0   4     13     55  
519.0  08:39:16 0.0 -0.0   3     19     59  
519.0  08:39:24 0.0 -0.0   4     19     41  
519.0  08:39:32 0.0 -0.0   5     15     57  
519.0  08:39:47 0.0 -0.0   4     10     51  
519.0  08:39:55 0.0 -0.0   4     14     57  
521.0  08:41:06 0.0 -0.0   3     19     53  
521.0  08:41:16 0.0 -0.0   3     14     53  
521.0  08:41:25 0.0 -0.0   3     18     47  
521.0  08:41:33 0.0 -0.0   4     13     54  
521.0  08:41:42 0.0 -0.0   5     17     47  
521.0  08:41:50 0.0 -0.0   5     15     48  
521.0  08:41:58 0.0 -0.0   3     10     54  
522.0  08:42:08 0.0 -0.0   3     16     44  
522.0  08:42:16 0.0 -0.0   5     16     41  
522.0  08:42:25 0.0 -0.0   5     13     40  
523.0  08:43:04 0.0 -0.0   5     14     44  
523.0  08:43:14 0.0 -0.0   4     12     45  
523.0  08:43:22 0.0 -0.0   5     17     51  
523.0  08:43:31 0.0 -0.0   5     12     45  
523.0  08:43:39 0.0 -0.0   4     10     40  
523.0  08:43:47 0.0 -0.0   5     16     49  
523.0  08:43:55 0.0 -0.0   5     12     58  
524.0  08:44:05 0.0 -0.0   5     16     51  
524.0  08:44:14 0.0 -0.0   4     10     52  
524.0  08:44:22 0.0 -0.0   4     14     45  
524.0  08:44:31 0.0 -0.0   4     16     57  
524.0  08:44:39 0.0 -0.0   4     12     45  
524.0  08:44:48 0.0 -0.0   4     19     44  
524.0  08:44:59 0.0 -0.0   4     14     46  
525.0  08:45:07 0.0 -0.0   5     18     46  
525.0  08:45:15 0.0 -0.0   3     17     47  
525.0  08:45:23 0.0 -0.0   3     15     57  
525.0  08:45:32 0.0 -0.0   4     17     53  
525.0  08:45:40 0.0 -0.0   4     18     57  
525.0  08:45:50 0.0 -0.0   5     18     42  
525.0  08:45:58 0.0 -0.0   5     16     49  
526.0  08:46:07 0.0 -0.0   4     17     59  
526.0  08:46:15 0.0 -0.0   3     16     53  
526.0  08:46:24 0.0 -0.0   4     12     43  
526.0  08:46:32 0.0 -0.0   4     12     49  
526.0  08:46:42 0.0 -0.0   4     11     40  
526.0  08:46:50 0.0 -0.0   4     19     52  
526.0  08:46:58 0.0 -0.0   4     13     54  
527.0  08:47:07 0.0 -0.0   5     17     48  
527.0  08:47:15 0.0 -0.0   3     15     43  
527.0  08:47:23 0.0 -0.0   5     10     46  
527.0  08:47:34 0.0 -0.0   4     15     47  
527.0  08:47:42 0.0 -0.0   5     16     45  
527.0  08:47:50 0.0 -0.0   4     17     56  
527.0  08:47:58 0.0 -0.0   4     13     58  
528.0  08:48:06 0.0 -0.0   3     18     51  
528.0  08:48:15 0.0 -0.0   4     16     45  
528.0  08:48:25 0.0 -0.0   5     16     47  
528.0  08:48:34 0.0 -0.0   3     15     46  
528.0  08:48:43 0.0 -0.0   4     15     51  
528.0  08:48:51 0.0 -0.0   5     15     46  
528.0  08:48:59 0.0 -0.0   3     17     42  
529.0  08:49:07 0.0 -0.0   5     17     43  
529.0  08:49:18 0.0 -0.0   3     19     44  
529.0  08:49:26 0.0 -0.0   5     16     54  
529.0  08:49:34 0.0 -0.0   5     14     49  
529.0  08:49:42 0.0 -0.0   4     10     44  
529.0  08:49:51 0.0 -0.0   3     17     53  
529.0  08:49:59 0.0 -0.0   4     11     45  
530.0  08:50:10 0.0 -0.0   5     10     52  
530.0  08:50:18 0.0 -0.0   5     19     44  
530.0  08:50:27 0.0 -0.0   3     16     58  
530.0  08:50:36 0.0 -0.0   5     12     41  
530.0  08:50:46 0.0 -0.0   5     15     55  
530.0  08:50:54 0.0 -0.0   5     17     50  
531.0  08:51:07 0.0 -0.0   4     10     58  
531.0  08:51:15 0.0 -0.0   4     16     42  
531.0  08:51:23 0.0 -0.0   3     11     50  
531.0  08:51:31 0.0 -0.0   5     15     58  
531.0  08:51:40 0.0 -0.0   3     16     57  
531.0  08:51:48 0.0 -0.0   4     15     49  
531.0  08:51:58 0.0 -0.0   3     10     44  
532.0  08:52:07 0.0 -0.0   3     18     52  
532.0  08:52:15 0.0 -0.0   5     17     40  
532.0  08:52:24 0.0 -0.0   4     17     54  
532.0  08:52:32 0.0 -0.0   4     18     54  
532.0  08:52:41 0.0 -0.0   3     15     47  
532.0  08:52:55 0.0 -0.0   5     17     47  
533.0  08:53:03 0.0 -0.0   3     14     41  
533.0  08:53:11 0.0 -0.0   4     19     44  
533.0  08:53:20 0.0 -0.0   4     14     58  
533.0  08:53:28 0.0 -0.0   3     13     46  
533.0  08:53:36 0.0 -0.0   3     15     49  
533.0  08:53:48 0.0 -0.0   3     11     49  
533.0  08:53:58 0.0 -0.0   3     13     43  
534.0  08:54:06 0.0 -0.0   3     15     53  
534.0  08:54:14 0.0 -0.0   5     17     48  
534.0  08:54:23 0.0 -0.0   3     12     54  
534.0  08:54:31 0.0 -0.0   3     17     54  
534.0  08:54:43 0.0 -0.0   3     10     58  
534.0  08:54:51 0.0 -0.0   5     14     40  
535.0  08:55:00 0.0 -0.0   3     13     58  
535.0  08:55:08 0.0 -0.0   4     14     56  
535.0  08:55:16 0.0 -0.0   3     17     58  
535.0  08:55:24 0.0 -0.0   3     13     53  
535.0  08:55:35 0.0 -0.0   5     10     51  
535.0  08:55:43 0.0 -0.0   5     12     45  
535.0  08:55:52 0.0 -0.0   5     11     49  
536.0  08:56:00 0.0 -0.0   5     14     44  
536.0  08:56:08 0.0 -0.0   5     12     40  
536.0  08:56:16 0.0 -0.0   4     10     54  
536.0  08:56:33 0.0 -0.0   3     12     54  
536.0  08:56:41 0.0 -0.0   4     18     51  
536.0  08:56:50 0.0 -0.0   3     14     58  
536.0  08:56:58 0.0 -0.0   3     19     44  
537.0  08:57:07 0.0 -0.0   4     18     57  
537.0  08:57:19 0.0 -0.0   5     10     52  
537.0  08:57:27 0.0 -0.0   4     14     51  
537.0  08:57:35 0.0 -0.0   5     19     49  
537.0  08:57:44 0.0 -0.0   4     15     43  
537.0  08:57:52 0.0 -0.0   4     13     56  
538.0  08:58:01 0.0 -0.0   4     18     59  
538.0  08:58:13 0.0 -0.0   5     17     54  
538.0  08:58:22 0.0 -0.0   5     10     54  
538.0  08:58:30 0.0 -0.0   4     13     57  
538.0  08:58:38 0.0 -0.0   5     11     56  
538.0  08:58:46 0.0 -0.0   5     13     43  
538.0  08:58:55 0.0 -0.0   4     18     48  
539.0  08:59:05 0.0 -0.0   3     10     57  
539.0  08:59:13 0.0 -0.0   4     13     54  
573.0  09:33:48 0.0 -0.0   4     17     47  
574.0  09:34:01 0.0 -0.0   5     17     58  
574.0  09:34:13 0.0 -0.0   4     10     48  
574.0  09:34:26 0.0 -0.0   5     13     50  
574.0  09:34:38 0.0 -0.0   5     15     57  
575.0  09:35:37 0.0 -0.0   5     18     47  
575.0  09:35:48 0.0 -0.0   5     14     46  
575.0  09:35:57 0.0 -0.0   3     19     49  
576.0  09:36:04 0.0 -0.0   5     15     53  
576.0  09:36:13 0.0 -0.0   3     14     53  
576.0  09:36:21 0.0 -0.0   5     18     59  
576.0  09:36:29 0.0 -0.0   3     18     59  
576.0  09:36:38 0.0 -0.0   3     13     47  
576.0  09:36:48 0.0 -0.0   4     12     44  
576.0  09:36:57 0.0 -0.0   5     12     55  
577.0  09:37:05 0.0 -0.0   5     14     59  
577.0  09:37:14 0.0 -0.0   3     15     41  
577.0  09:37:23 0.0 -0.0   4     13     58  
577.0  09:37:32 0.0 -0.0   5     16     56  
577.0  09:37:41 0.0 -0.0   5     15     41  
577.0  09:37:49 0.0 -0.0   4     12     58  
577.0  09:37:58 0.0 -0.0   3     15     42  
578.0  09:38:07 0.0 -0.0   4     15     45  
578.0  09:38:18 0.0 -0.0   5     12     45  
578.0  09:38:26 0.0 -0.0   5     17     58  
578.0  09:38:34 0.0 -0.0   4     11     51  
578.0  09:38:42 0.0 -0.0   3     13     47  
578.0  09:38:50 0.0 -0.0   4     15     58  
579.0  09:39:07 0.0 -0.0   5     17     45  
579.0  09:39:15 0.0 -0.0   4     10     52  
579.0  09:39:23 0.0 -0.0   3     13     40  
579.0  09:39:32 0.0 -0.0   4     13     42  
579.0  09:39:40 0.0 -0.0   4     13     46  
579.0  09:39:52 0.0 -0.0   5     16     53  
580.0  09:40:00 0.0 -0.0   4     11     49  
580.0  09:40:08 0.0 -0.0   4     11     48  
580.0  09:40:16 0.0 -0.0   4     14     41  
580.0  09:40:25 0.0 -0.0   5     12     44  
580.0  09:40:33 0.0 -0.0   5     11     58  
580.0  09:40:43 0.0 -0.0   4     12     53  
580.0  09:40:51 0.0 -0.0   3     10     49  
581.0  09:41:00 0.0 -0.0   4     14     52  
581.0  09:41:08 0.0 -0.0   3     17     45  
581.0  09:41:16 0.0 -0.0   5     13     56  
581.0  09:41:24 0.0 -0.0   4     14     53  
581.0  09:41:35 0.0 -0.0   5     19     48  
581.0  09:41:43 0.0 -0.0   5     12     57  
581.0  09:41:51 0.0 -0.0   3     10     57  
582.0  09:42:00 0.0 -0.0   4     17     44  
582.0  09:42:09 0.0 -0.0   5     17     42  
582.0  09:42:17 0.0 -0.0   5     18     45  
582.0  09:42:28 0.0 -0.0   4     11     50  
582.0  09:42:37 0.0 -0.0   4     11     54  
582.0  09:42:45 0.0 -0.0   5     15     52  
582.0  09:42:53 0.0 -0.0   5     13     56  
583.0  09:43:01 0.0 -0.0   4     18     58  
583.0  09:43:10 0.0 -0.0   3     12     46  
583.0  09:43:21 0.0 -0.0   4     11     53  
583.0  09:43:30 0.0 -0.0   4     19     53  
583.0  09:43:41 0.0 -0.0   4     11     48  
583.0  09:43:50 0.0 -0.0   4     16     57  
583.0  09:43:59 0.0 -0.0   5     17     53  
584.0  09:44:07 0.0 -0.0   3     10     47  
584.0  09:44:17 0.0 -0.0   4     11     40  
584.0  09:44:25 0.0 -0.0   5     12     53  
584.0  09:44:33 0.0 -0.0   4     11     51  
584.0  09:44:41 0.0 -0.0   3     10     51  
584.0  09:44:49 0.0 -0.0   4     17     58  
584.0  09:44:57 0.0 -0.0   4     19     42  
585.0  09:45:08 0.0 -0.0   4     16     56  
585.0  09:45:16 0.0 -0.0   4     15     53  
585.0  09:45:25 0.0 -0.0   3     11     58  
585.0  09:45:33 0.0 -0.0   3     19     53  
585.0  09:45:44 0.0 -0.0   4     19     55  
585.0  09:45:52 0.0 -0.0   5     16     55  
586.0  09:46:02 0.0 -0.0   4     15     40  
586.0  09:46:11 0.0 -0.0   4     19     45  
586.0  09:46:20 0.0 -0.0   4     16     40  
586.0  09:46:29 0.0 -0.0   3     16     53  
586.0  09:46:37 0.0 -0.0   3     15     47  
586.0  09:46:46 0.0 -0.0   4     16     54  
586.0  09:46:56 0.0 -0.0   3     17     41  
587.0  09:47:04 0.0 -0.0   4     19     47  
587.0  09:47:12 0.0 -0.0   5     12     55  
587.0  09:47:20 0.0 -0.0   5     15     58  
587.0  09:47:28 0.0 -0.0   3     14     58  
587.0  09:47:37 0.0 -0.0   5     15     40  
587.0  09:47:51 0.0 -0.0   3     17     42  
588.0  09:48:01 0.0 -0.0   4     16     54  
588.0  09:48:09 0.0 -0.0   4     13     57  
588.0  09:48:17 0.0 -0.0   5     13     40  
588.0  09:48:26 0.0 -0.0   5     12     56  
588.0  09:48:34 0.0 -0.0   4     14     53  
588.0  09:48:44 0.0 -0.0   5     12     59  
588.0  09:48:52 0.0 -0.0   4     16     48  
589.0  09:49:01 0.0 -0.0   5     19     49  
589.0  09:49:09 0.0 -0.0   5     16     58  
589.0  09:49:17 0.0 -0.0   5     12     54  
589.0  09:49:25 0.0 -0.0   3     13     46  
589.0  09:49:36 0.0 -0.0   4     11     44  
589.0  09:49:44 0.0 -0.0   4     17     41  
589.0  09:49:52 0.0 -0.0   3     11     59  
590.0  09:50:00 0.0 -0.0   4     16     50  
590.0  09:50:09 0.0 -0.0   3     12     46  
590.0  09:50:17 0.0 -0.0   5     11     56  
590.0  09:50:27 0.0 -0.0   3     16     55  
590.0  09:50:35 0.0 -0.0   4     15     58  
590.0  09:50:44 0.0 -0.0   5     16     49  
590.0  09:50:52 0.0 -0.0   5     11     51  
591.0  09:51:00 0.0 -0.0   4     15     43  
591.0  09:51:08 0.0 -0.0   5     18     56  
591.0  09:51:21 0.0 -0.0   5     14     56  
591.0  09:51:30 0.0 -0.0   4     11     57  
591.0  09:51:38 0.0 -0.0   3     15     50  
591.0  09:51:46 0.0 -0.0   5     12     53  
591.0  09:51:54 0.0 -0.0   5     12     56  
592.0  09:52:03 0.0 -0.0   5     18     44  
592.0  09:52:14 0.0 -0.0   5     18     55  
592.0  09:52:22 0.0 -0.0   5     18     52  
592.0  09:52:31 0.0 -0.0   5     18     53  
592.0  09:52:39 0.0 -0.0   3     13     53  
592.0  09:52:48 0.0 -0.0   4     13     52  
592.0  09:52:56 0.0 -0.0   5     17     42  
593.0  09:53:07 0.0 -0.0   4     11     48  
593.0  09:53:15 0.0 -0.0   5     17     59  
593.0  09:53:23 0.0 -0.0   4     16     41  
593.0  09:53:31 0.0 -0.0   3     10     56  
593.0  09:53:39 0.0 -0.0   5     16     45  
593.0  09:53:47 0.0 -0.0   4     14     53  
593.0  09:53:58 0.0 -0.0   3     13     57  
594.0  09:54:07 0.0 -0.0   4     10     58  
594.0  09:54:15 0.0 -0.0   5     15     50  
594.0  09:54:24 0.0 -0.0   5     17     51  
594.0  09:54:35 0.0 -0.0   3     17     50  
594.0  09:54:45 0.0 -0.0   5     13     48  
594.0  09:54:56 0.0 -0.0   4     10     53  
595.0  09:55:04 0.0 -0.0   3     12     44  
595.0  09:55:20 0.0 -0.0   3     19     43  
595.0  09:55:32 0.0 -0.0   5     19     57  
595.0  09:55:41 0.0 -0.0   4     16     42  
595.0  09:55:51 0.0 -0.0   4     15     43  
595.0  09:55:59 0.0 -0.0   4     16     59  
596.0  09:56:08 0.0 -0.0   4     14     52  
596.0  09:56:17 0.0 -0.0   5     10     58  
596.0  09:56:25 0.0 -0.0   5     15     50  
596.0  09:56:33 0.0 -0.0   5     17     43  
596.0  09:56:43 0.0 -0.0   4     12     46  
596.0  09:56:51 0.0 -0.0   5     14     49  
597.0  09:57:00 0.0 -0.0   3     17     51  
597.0  09:57:08 0.0 -0.0   5     13     44  
597.0  09:57:17 0.0 -0.0   4     19     44  
597.0  09:57:25 0.0 -0.0   4     13     51  
597.0  09:57:36 0.0 -0.0   5     12     51  
597.0  09:57:44 0.0 -0.0   4     17     50  
597.0  09:57:52 0.0 -0.0   3     19     44  
598.0  09:58:01 0.0 -0.0   5     14     41  
598.0  09:58:09 0.0 -0.0   5     18     47  
598.0  09:58:18 0.0 -0.0   3     19     40  
598.0  09:58:28 0.0 -0.0   3     19     59  
598.0  09:58:37 0.0 -0.0   3     16     45  
598.0  09:58:45 0.0 -0.0   4     13     51  
598.0  09:58:54 0.0 -0.0   4     15     51  
599.0  09:59:02 0.0 -0.0   4     17     46  
599.0  09:59:10 0.0 -0.0   4     10     42  
599.0  09:59:29 0.0 -0.0   4     17     41  
600.0  10:00:03 0.0 -0.0   5     13     49  
600.0  10:00:08 0.0 -0.0   5     13     47  
600.0  10:00:13 0.0 -0.0   4     13     59  
600.0  10:00:15 0.0 -0.0   4     17     40  
600.0  10:00:26 0.0 -0.0   3     14     49  
600.0  10:00:42 0.0 -0.0   4     10     46  
600.0  10:00:54 0.0 -0.0   3     12     49  
601.0  10:01:12 0.0 -0.0   4     11     46  
601.0  10:01:34 0.0 -0.0   4     10     53  
601.0  10:01:39 0.0 -0.0   4     12     58  
601.0  10:01:47 0.0 -0.0   5     11     52  
601.0  10:01:48 0.0 -0.0   3     10     45  
601.0  10:01:57 0.0 -0.0   4     19     42  
602.0  10:02:02 0.0 -0.0   4     11     47  
602.0  10:02:08 0.0 -0.0   3     13     54  
602.0  10:02:13 0.0 -0.0   4     15     49  
602.0  10:02:16 0.0 -0.0   5     13     53  
602.0  10:02:23 0.0 -0.0   5     18     54  
1011.0  16:51:25 0.0 -0.0   4     10     47  
1012.0  16:52:10 0.0 -0.0   5     13     47  
1012.0  16:52:22 0.0 -0.0   4     19     48  
