910.0  15:10:53 42.393757 -72.532875   4     10     57  
911.0  15:11:00 42.39377 -72.532845   5     15     51  
911.0  15:11:04 42.39377 -72.532845   5     14     50  
911.0  15:11:12 42.39377 -72.53286   3     15     54  
911.0  15:11:20 42.393764 -72.532875   5     16     40  
911.0  15:11:29 42.393764 -72.53288   3     15     40  
911.0  15:11:38 42.39376 -72.5329   4     12     42  
911.0  15:11:46 42.39376 -72.5329   4     11     44  
911.0  15:11:57 42.393757 -72.53291   3     13     47  
912.0  15:12:00 42.393757 -72.53291   5     13     53  
912.0  15:12:06 42.393757 -72.53291   3     10     55  
912.0  15:12:14 42.393757 -72.53291   5     19     52  
912.0  15:12:24 42.393757 -72.53291   4     16     47  
912.0  15:12:33 42.393757 -72.53291   5     17     58  
912.0  15:12:42 42.393757 -72.53291   3     19     41  
912.0  15:12:52 42.393757 -72.53291   5     17     45  
913.0  15:13:00 42.393757 -72.53292   4     13     44  
913.0  15:13:01 42.393757 -72.53292   3     18     57  
913.0  15:13:10 42.393757 -72.53292   4     15     58  
913.0  15:13:19 42.393757 -72.53292   4     15     47  
913.0  15:13:28 42.393757 -72.53293   5     15     46  
913.0  15:13:37 42.393757 -72.532936   4     18     44  
913.0  15:13:49 42.393757 -72.53293   4     13     52  
913.0  15:13:58 42.393757 -72.53293   3     16     44  
914.0  15:14:00 42.393757 -72.53293   5     11     59  
914.0  15:14:06 42.393757 -72.53293   5     17     47  
914.0  15:14:15 42.393757 -72.53293   4     19     53  
914.0  15:14:23 42.393757 -72.53293   5     14     55  
914.0  15:14:32 42.393757 -72.53293   4     11     59  
914.0  15:14:42 42.393757 -72.53292   5     19     57  
914.0  15:14:51 42.393757 -72.53292   5     10     57  
914.0  15:14:59 42.39376 -72.53291   3     18     53  
915.0  15:15:00 42.39376 -72.53291   4     10     47  
915.0  15:15:08 42.39376 -72.532906   5     17     41  
915.0  15:15:16 42.39376 -72.53289   3     17     47  
915.0  15:15:25 42.393764 -72.532875   3     10     53  
915.0  15:15:36 42.393764 -72.532875   3     17     58  
915.0  15:15:45 42.39376 -72.53288   4     15     59  
915.0  15:15:53 42.39376 -72.53289   5     17     57  
916.0  15:16:00 42.39376 -72.5329   4     17     43  
916.0  15:16:02 42.39376 -72.5329   5     11     53  
916.0  15:16:11 42.39376 -72.532906   4     15     54  
916.0  15:16:20 42.393764 -72.532906   5     16     51  
916.0  15:16:31 42.39377 -72.532906   4     10     48  
916.0  15:16:40 42.39377 -72.5329   5     12     56  
916.0  15:16:49 42.39377 -72.5329   4     18     42  
916.0  15:16:58 42.393772 -72.5329   3     13     59  
917.0  15:17:00 42.393772 -72.5329   5     12     58  
917.0  15:17:07 42.393772 -72.5329   5     11     41  
917.0  15:17:15 42.39377 -72.5329   3     13     42  
917.0  15:17:33 42.39377 -72.5329   3     14     58  
917.0  15:17:42 42.39377 -72.532875   5     15     56  
917.0  15:17:50 42.39377 -72.532875   4     16     46  
917.0  15:17:59 42.39377 -72.532875   5     16     52  
918.0  15:18:00 42.39377 -72.53288   5     17     57  
918.0  15:18:08 42.393764 -72.53289   3     11     44  
918.0  15:18:19 42.39376 -72.5329   4     14     57  
918.0  15:18:28 42.39376 -72.5329   5     12     52  
918.0  15:18:37 42.39376 -72.532906   3     15     48  
918.0  15:18:46 42.39376 -72.532906   5     15     50  
918.0  15:18:54 42.39376 -72.53291   3     18     52  
919.0  15:19:00 42.39376 -72.532906   4     19     58  
919.0  15:19:03 42.39376 -72.532906   5     18     44  
919.0  15:19:14 42.39376 -72.532906   4     17     44  
919.0  15:19:23 42.39376 -72.53291   5     17     56  
919.0  15:19:32 42.39376 -72.53291   4     16     47  
919.0  15:19:40 42.393757 -72.53292   5     17     59  
919.0  15:19:48 42.393757 -72.53292   5     11     53  
919.0  15:19:57 42.393715 -72.53282   5     14     53  
920.0  15:20:00 42.39355 -72.53274   5     10     58  
920.0  15:20:08 42.393417 -72.532585   3     11     56  
920.0  15:20:17 42.393337 -72.53249   3     14     53  
920.0  15:20:28 42.39311 -72.53265   3     11     47  
920.0  15:20:37 42.392803 -72.53335   4     19     56  
920.0  15:20:46 42.39273 -72.5336   4     15     54  
920.0  15:20:55 42.392727 -72.53361   5     19     40  
921.0  15:21:00 42.39273 -72.53359   4     10     43  
921.0  15:21:06 42.392735 -72.53359   3     15     42  
921.0  15:21:14 42.39275 -72.533615   3     19     47  
921.0  15:21:23 42.392647 -72.53392   4     15     56  
921.0  15:21:32 42.39208 -72.5337   5     16     56  
921.0  15:21:41 42.391323 -72.53336   3     17     48  
921.0  15:21:50 42.390614 -72.53308   5     13     58  
922.0  15:22:00 42.389767 -72.53272   3     11     51  
922.0  15:22:01 42.389893 -72.53278   4     19     47  
922.0  15:22:10 42.389484 -72.532585   3     13     49  
922.0  15:22:20 42.389225 -72.53248   3     15     57  
922.0  15:22:28 42.38882 -72.53231   3     12     54  
922.0  15:22:37 42.38827 -72.53208   4     14     47  
922.0  15:22:46 42.387512 -72.531715   4     11     48  
922.0  15:22:56 42.386425 -72.531265   3     19     58  
923.0  15:23:00 42.38574 -72.53099   4     10     57  
923.0  15:23:05 42.38561 -72.530975   5     17     45  
923.0  15:23:13 42.38542 -72.530975   5     18     47  
923.0  15:23:23 42.385414 -72.53098   3     18     49  
923.0  15:23:32 42.385395 -72.530975   5     14     52  
923.0  15:23:40 42.385395 -72.530975   5     13     44  
923.0  15:23:55 42.385296 -72.53099   3     17     56  
924.0  15:24:00 42.385006 -72.530365   4     18     53  
924.0  15:24:03 42.385 -72.530266   5     11     40  
924.0  15:24:12 42.384815 -72.529366   3     14     56  
924.0  15:24:20 42.38472 -72.528625   5     14     45  
924.0  15:24:29 42.38473 -72.52818   4     13     59  
924.0  15:24:37 42.384865 -72.52738   5     19     43  
924.0  15:24:48 42.38497 -72.52695   5     15     47  
924.0  15:24:57 42.385143 -72.52623   3     18     47  
925.0  15:25:00 42.385216 -72.5259   4     15     48  
925.0  15:25:06 42.38523 -72.525826   5     11     52  
925.0  15:25:15 42.385403 -72.525055   4     16     57  
925.0  15:25:23 42.38564 -72.52412   5     15     40  
925.0  15:25:32 42.385788 -72.523506   4     16     50  
925.0  15:25:42 42.385918 -72.52274   5     15     42  
925.0  15:25:51 42.38591 -72.522736   3     14     44  
926.0  15:26:00 42.38591 -72.52275   3     16     47  
926.0  15:26:00 42.38591 -72.52276   5     10     54  
926.0  15:26:08 42.385895 -72.52263   4     11     57  
926.0  15:26:16 42.386326 -72.5223   4     10     52  
926.0  15:26:25 42.386875 -72.52255   5     19     49  
926.0  15:26:36 42.387444 -72.52323   3     11     59  
926.0  15:26:49 42.3877 -72.52354   3     12     47  
926.0  15:26:58 42.387688 -72.523544   3     11     53  
927.0  15:27:00 42.387684 -72.523544   4     13     57  
927.0  15:27:06 42.38768 -72.52355   3     15     50  
927.0  15:27:15 42.387684 -72.52355   4     16     58  
927.0  15:27:25 42.387997 -72.52398   3     19     44  
927.0  15:27:34 42.3883 -72.52424   5     11     43  
927.0  15:27:42 42.38859 -72.52443   5     18     47  
927.0  15:27:51 42.388756 -72.52451   3     15     47  
927.0  15:27:59 42.389385 -72.5248   5     11     52  
928.0  15:28:00 42.389637 -72.5249   3     10     53  
928.0  15:28:08 42.390003 -72.524994   5     13     58  
928.0  15:28:19 42.390846 -72.52517   5     10     55  
928.0  15:28:27 42.391075 -72.52519   4     13     53  
928.0  15:28:36 42.39105 -72.52516   4     15     50  
928.0  15:28:45 42.391296 -72.52523   5     10     44  
928.0  15:28:57 42.3917 -72.525314   3     18     59  
929.0  15:29:00 42.39197 -72.52538   5     18     40  
929.0  15:29:08 42.392345 -72.52549   5     15     41  
929.0  15:29:17 42.39289 -72.525665   5     16     53  
929.0  15:29:35 42.393505 -72.525955   5     13     43  
929.0  15:29:43 42.393887 -72.526115   4     17     40  
929.0  15:29:52 42.393883 -72.52614   5     10     45  
930.0  15:30:00 42.393875 -72.52614   3     18     41  
930.0  15:30:03 42.393875 -72.52614   4     13     50  
930.0  15:30:11 42.39387 -72.526146   3     10     40  
930.0  15:30:20 42.393887 -72.52616   3     19     47  
930.0  15:30:28 42.39413 -72.526344   4     12     43  
930.0  15:30:37 42.394672 -72.52668   5     17     59  
930.0  15:30:45 42.394875 -72.52682   5     17     59  
930.0  15:30:56 42.395233 -72.52686   5     10     44  
931.0  15:31:00 42.395367 -72.526375   3     13     49  
931.0  15:31:05 42.395435 -72.52616   4     16     56  
931.0  15:31:13 42.39567 -72.52531   4     12     43  
931.0  15:31:22 42.395687 -72.52523   5     15     57  
931.0  15:31:31 42.395676 -72.52521   4     11     42  
931.0  15:31:39 42.395695 -72.525185   3     17     56  
931.0  15:31:50 42.395985 -72.524376   3     15     46  
931.0  15:31:58 42.396408 -72.52359   4     10     41  
932.0  15:32:00 42.396698 -72.52328   3     10     53  
932.0  15:32:07 42.396873 -72.52292   3     16     44  
932.0  15:32:15 42.397095 -72.52195   5     10     43  
932.0  15:32:24 42.39722 -72.52075   3     18     59  
932.0  15:32:38 42.39749 -72.5188   5     19     58  
932.0  15:32:49 42.397995 -72.517265   5     16     51  
932.0  15:32:57 42.39836 -72.51617   3     18     48  
933.0  15:33:00 42.398464 -72.5158   4     19     55  
933.0  15:33:06 42.39847 -72.51574   3     16     45  
933.0  15:33:15 42.398468 -72.515724   4     14     51  
933.0  15:33:27 42.398468 -72.515724   5     16     45  
933.0  15:33:36 42.399227 -72.51569   3     14     50  
933.0  15:33:48 42.400974 -72.51561   4     15     47  
933.0  15:33:57 42.402393 -72.51531   3     14     55  
934.0  15:34:00 42.40333 -72.5151   3     14     59  
934.0  15:34:07 42.403774 -72.51501   3     15     48  
934.0  15:34:15 42.40458 -72.51483   5     19     40  
934.0  15:34:24 42.404564 -72.514824   5     13     58  
935.0  15:35:00 42.408474 -72.51421   3     14     46  
936.0  15:36:00 42.412933 -72.51307   4     13     51  
937.0  15:37:00 42.412964 -72.50788   3     17     43  
937.0  15:37:49 42.41312 -72.50595   5     11     52  
938.0  15:38:00 42.413914 -72.50637   5     10     48  
939.0  15:39:00 42.415604 -72.50795   5     15     58  
939.0  15:39:23 42.414207 -72.50835   5     11     43  
939.0  15:39:37 42.413746 -72.50862   4     17     44  
939.0  15:39:51 42.413036 -72.50962   4     18     46  
940.0  15:40:00 42.413177 -72.511826   3     16     42  
940.0  15:40:00 42.413105 -72.51247   3     10     53  
940.0  15:40:16 42.412895 -72.5134   4     19     55  
941.0  15:41:00 42.41457 -72.51862   3     11     45  
941.0  15:41:06 42.414806 -72.51888   5     14     41  
941.0  15:41:17 42.415142 -72.51965   3     10     41  
941.0  15:41:26 42.415604 -72.51976   3     15     55  
941.0  15:41:34 42.416023 -72.51989   5     13     57  
941.0  15:41:43 42.416195 -72.52002   5     18     41  
941.0  15:41:52 42.41624 -72.520065   4     15     44  
942.0  15:42:00 42.416393 -72.520256   3     13     48  
942.0  15:42:01 42.41633 -72.520195   5     17     42  
942.0  15:42:13 42.41684 -72.520836   4     14     55  
942.0  15:42:21 42.417294 -72.52139   4     10     41  
942.0  15:42:29 42.41757 -72.52208   5     17     52  
942.0  15:42:38 42.417435 -72.52307   4     17     54  
942.0  15:42:47 42.417393 -72.52385   5     16     55  
942.0  15:42:55 42.41738 -72.52384   3     15     50  
943.0  15:43:00 42.41738 -72.52384   4     17     44  
943.0  15:43:05 42.41738 -72.52384   5     17     58  
943.0  15:43:14 42.41737 -72.52395   3     14     59  
943.0  15:43:23 42.417316 -72.52474   3     17     57  
943.0  15:43:31 42.417217 -72.52584   3     16     49  
943.0  15:43:39 42.41716 -72.52677   4     14     51  
943.0  15:43:48 42.41716 -72.527   4     19     50  
944.0  15:44:00 42.416813 -72.52708   3     12     42  
944.0  15:44:00 42.416393 -72.52707   4     18     49  
944.0  15:44:09 42.415657 -72.527214   5     11     56  
944.0  15:44:18 42.41458 -72.52791   5     14     41  
944.0  15:44:27 42.41354 -72.52887   4     14     46  
944.0  15:44:36 42.412457 -72.5298   3     11     41  
944.0  15:44:45 42.411507 -72.530396   4     12     49  
944.0  15:44:56 42.410767 -72.530815   5     16     42  
945.0  15:45:00 42.410713 -72.530846   4     14     44  
945.0  15:45:05 42.4107 -72.53085   3     17     45  
945.0  15:45:15 42.410522 -72.53097   3     15     52  
945.0  15:45:25 42.410492 -72.531   5     16     51  
945.0  15:45:34 42.4102 -72.53108   5     19     47  
945.0  15:45:42 42.41012 -72.53105   3     10     57  
945.0  15:45:54 42.40933 -72.530785   3     14     56  
946.0  15:46:00 42.408478 -72.53048   3     16     54  
946.0  15:46:03 42.408356 -72.53044   4     15     55  
946.0  15:46:12 42.407185 -72.530075   5     15     41  
946.0  15:46:20 42.406116 -72.52981   3     10     46  
946.0  15:46:28 42.404995 -72.5297   4     12     43  
946.0  15:46:36 42.403893 -72.52956   5     18     56  
946.0  15:46:47 42.403152 -72.5291   3     12     59  
946.0  15:46:55 42.40315 -72.52909   3     19     41  
947.0  15:47:00 42.403164 -72.52911   5     12     46  
947.0  15:47:04 42.40316 -72.529106   4     16     58  
947.0  15:47:12 42.403053 -72.529015   3     11     59  
947.0  15:47:20 42.40244 -72.52861   5     10     52  
947.0  15:47:29 42.401463 -72.52815   3     16     45  
947.0  15:47:39 42.39999 -72.527916   3     10     56  
947.0  15:47:47 42.39896 -72.52804   3     12     43  
947.0  15:47:56 42.39816 -72.5281   5     11     59  
948.0  15:48:00 42.398148 -72.528114   4     14     42  
948.0  15:48:05 42.398148 -72.528114   5     12     56  
948.0  15:48:13 42.39784 -72.528076   5     15     49  
948.0  15:48:22 42.39713 -72.52786   4     19     42  
948.0  15:48:33 42.39604 -72.5274   5     15     42  
948.0  15:48:42 42.395615 -72.52718   4     18     44  
948.0  15:48:50 42.39557 -72.52715   3     16     52  
948.0  15:48:59 42.39556 -72.527145   3     13     55  
949.0  15:49:00 42.39555 -72.527145   4     11     50  
949.0  15:49:07 42.395428 -72.52709   4     19     43  
949.0  15:49:16 42.39493 -72.526825   3     10     44  
949.0  15:49:27 42.39436 -72.5265   3     16     44  
949.0  15:49:36 42.394005 -72.52629   5     18     53  
949.0  15:49:45 42.39356 -72.52608   5     17     58  
949.0  15:49:53 42.393406 -72.526024   4     13     44  
950.0  15:50:00 42.393425 -72.52603   4     11     55  
950.0  15:50:02 42.393425 -72.52603   3     12     55  
950.0  15:50:11 42.39342 -72.52604   5     12     47  
950.0  15:50:21 42.39333 -72.52591   5     15     59  
950.0  15:50:30 42.39279 -72.525696   5     15     46  
950.0  15:50:39 42.392025 -72.52546   3     19     43  
950.0  15:50:47 42.391186 -72.52525   4     19     58  
950.0  15:50:56 42.390884 -72.52525   5     10     55  
951.0  15:51:00 42.39086 -72.52525   5     15     47  
951.0  15:51:04 42.39086 -72.52525   3     17     47  
951.0  15:51:14 42.39085 -72.52526   4     11     41  
951.0  15:51:22 42.390823 -72.52523   5     10     48  
951.0  15:51:30 42.39077 -72.5252   4     16     50  
951.0  15:51:39 42.390373 -72.52512   5     16     42  
951.0  15:51:47 42.38954 -72.52492   5     10     40  
951.0  15:51:56 42.38884 -72.524605   5     18     50  
952.0  15:52:00 42.388283 -72.52429   4     16     52  
952.0  15:52:07 42.388012 -72.52409   3     15     45  
952.0  15:52:16 42.387787 -72.52388   4     19     57  
952.0  15:52:27 42.38782 -72.523895   4     15     58  
952.0  15:52:35 42.38777 -72.52376   5     16     52  
952.0  15:52:44 42.38729 -72.5231   3     18     53  
952.0  15:52:52 42.386726 -72.52252   4     17     50  
953.0  15:53:00 42.38594 -72.52252   4     10     46  
953.0  15:53:02 42.38594 -72.52252   5     15     55  
953.0  15:53:10 42.385532 -72.52199   5     17     50  
953.0  15:53:19 42.384857 -72.52159   3     10     49  
953.0  15:53:27 42.383976 -72.5211   3     14     47  
953.0  15:53:41 42.38324 -72.52072   5     11     41  
953.0  15:53:49 42.38286 -72.52054   5     10     40  
954.0  15:54:00 42.38284 -72.52048   4     13     44  
954.0  15:54:07 42.382847 -72.520485   3     11     51  
954.0  15:54:16 42.38272 -72.52033   3     15     56  
954.0  15:54:28 42.38207 -72.519875   5     11     54  
954.0  15:54:36 42.38165 -72.51945   3     16     43  
954.0  15:54:45 42.381683 -72.519485   4     15     55  
954.0  15:54:55 42.381683 -72.51949   4     13     59  
955.0  15:55:00 42.381683 -72.51949   3     12     44  
955.0  15:55:03 42.381683 -72.51949   5     12     41  
955.0  15:55:11 42.381714 -72.5195   5     18     43  
955.0  15:55:20 42.38169 -72.51947   3     10     43  
955.0  15:55:30 42.381447 -72.51935   5     14     55  
955.0  15:55:39 42.380733 -72.5194   5     15     41  
955.0  15:55:49 42.379883 -72.51957   3     14     42  
955.0  15:55:58 42.379585 -72.519714   5     10     41  
956.0  15:56:00 42.37957 -72.5197   3     10     59  
956.0  15:56:07 42.37954 -72.5197   4     12     55  
956.0  15:56:15 42.379253 -72.519806   3     10     44  
956.0  15:56:24 42.379017 -72.51991   5     14     52  
956.0  15:56:33 42.37899 -72.51992   4     16     41  
956.0  15:56:44 42.37878 -72.51996   5     18     51  
956.0  15:56:53 42.37857 -72.51997   5     14     50  
957.0  15:57:00 42.378235 -72.51998   4     19     59  
957.0  15:57:02 42.37828 -72.51998   4     16     42  
957.0  15:57:11 42.378105 -72.51997   3     19     54  
957.0  15:57:19 42.378067 -72.51998   4     14     56  
957.0  15:57:28 42.37806 -72.51998   3     12     48  
957.0  15:57:38 42.377884 -72.52001   3     12     52  
957.0  15:57:47 42.37785 -72.51998   4     11     50  
957.0  15:57:55 42.377842 -72.51996   4     11     46  
958.0  15:58:00 42.37781 -72.51993   3     16     42  
958.0  15:58:04 42.377796 -72.51992   5     17     50  
958.0  15:58:13 42.377613 -72.51992   4     11     51  
958.0  15:58:21 42.377613 -72.51995   5     11     40  
958.0  15:58:32 42.377605 -72.51996   3     14     45  
958.0  15:58:41 42.377537 -72.51996   3     18     42  
958.0  15:58:50 42.37699 -72.51993   4     10     43  
958.0  15:58:59 42.376324 -72.519905   3     16     41  
959.0  15:59:00 42.376087 -72.5199   4     14     56  
959.0  15:59:08 42.376045 -72.51989   3     13     40  
959.0  15:59:17 42.376026 -72.5199   5     11     49  
959.0  15:59:27 42.37604 -72.5199   4     16     55  
959.0  15:59:36 42.37606 -72.5199   5     11     40  
959.0  15:59:45 42.376053 -72.51988   3     11     53  
959.0  15:59:54 42.376045 -72.51988   3     16     55  
960.0  16:00:00 42.376095 -72.519875   3     17     54  
960.0  16:00:03 42.37609 -72.51987   5     15     44  
960.0  16:00:11 42.375984 -72.51988   4     16     48  
960.0  16:00:22 42.37527 -72.51985   4     18     59  
960.0  16:00:31 42.374725 -72.51985   4     12     51  
960.0  16:00:40 42.374424 -72.5199   3     17     51  
960.0  16:00:49 42.374397 -72.51992   4     15     43  
961.0  16:01:00 42.374054 -72.519875   4     15     56  
961.0  16:01:01 42.37432 -72.5199   3     16     47  
961.0  16:01:10 42.37356 -72.5199   4     17     47  
961.0  16:01:20 42.373436 -72.5199   4     15     48  
961.0  16:01:29 42.373425 -72.51988   5     10     50  
961.0  16:01:37 42.373043 -72.51987   3     15     50  
961.0  16:01:46 42.37234 -72.519806   5     18     55  
961.0  16:01:55 42.371315 -72.51981   3     14     40  
962.0  16:02:00 42.37043 -72.519875   5     10     53  
962.0  16:02:04 42.370155 -72.51989   4     19     54  
962.0  16:02:14 42.36883 -72.520035   5     14     51  
962.0  16:02:23 42.36776 -72.520164   5     11     53  
962.0  16:02:31 42.366547 -72.52034   5     16     43  
963.0  16:03:00 42.365314 -72.52052   3     12     43  
963.0  16:03:14 42.36404 -72.52068   3     11     48  
963.0  16:03:24 42.362537 -72.52074   5     15     50  
963.0  16:03:32 42.361115 -72.52079   4     19     48  
963.0  16:03:41 42.359715 -72.52084   3     11     46  
963.0  16:03:50 42.358315 -72.52091   3     12     48  
964.0  16:04:00 42.356625 -72.521   3     15     55  
964.0  16:04:00 42.355995 -72.52097   4     18     53  
964.0  16:04:14 42.356625 -72.521   4     12     49  
964.0  16:04:26 42.352367 -72.520645   4     19     52  
964.0  16:04:35 42.35094 -72.52013   5     19     47  
964.0  16:04:44 42.34973 -72.51995   5     17     54  
964.0  16:04:52 42.348434 -72.520065   3     15     43  
965.0  16:05:00 42.346947 -72.520386   3     16     59  
965.0  16:05:00 42.34663 -72.52045   3     14     48  
965.0  16:05:09 42.34573 -72.5205   5     16     41  
965.0  16:05:19 42.344807 -72.520546   5     14     41  
965.0  16:05:28 42.344803 -72.52055   4     11     57  
965.0  16:05:36 42.344788 -72.52055   3     19     45  
965.0  16:05:44 42.344612 -72.5205   4     11     50  
965.0  16:05:53 42.34394 -72.52046   3     13     47  
966.0  16:06:00 42.34264 -72.52015   5     12     43  
966.0  16:06:02 42.342777 -72.52018   5     11     53  
966.0  16:06:12 42.341476 -72.519966   4     12     42  
966.0  16:06:20 42.34075 -72.52003   3     10     43  
966.0  16:06:29 42.34044 -72.520134   5     14     53  
966.0  16:06:38 42.340286 -72.520195   3     13     54  
966.0  16:06:46 42.340252 -72.52022   3     15     47  
966.0  16:06:55 42.340168 -72.5202   3     11     57  
967.0  16:07:00 42.340103 -72.520226   5     18     45  
967.0  16:07:07 42.34007 -72.52023   3     14     41  
967.0  16:07:15 42.33947 -72.520454   5     11     55  
967.0  16:07:24 42.338512 -72.52101   4     16     42  
967.0  16:07:34 42.337467 -72.5217   3     19     57  
967.0  16:07:42 42.33603 -72.52281   5     18     45  
967.0  16:07:51 42.33486 -72.52328   3     11     53  
968.0  16:08:00 42.33296 -72.52356   3     12     51  
968.0  16:08:03 42.33296 -72.52356   5     14     48  
968.0  16:08:11 42.33159 -72.52377   3     19     50  
968.0  16:08:20 42.330063 -72.52398   5     10     42  
968.0  16:08:28 42.328693 -72.52417   3     13     45  
968.0  16:08:36 42.327404 -72.52433   3     12     48  
968.0  16:08:44 42.326275 -72.52444   5     10     48  
968.0  16:08:55 42.324722 -72.52462   5     13     57  
969.0  16:09:00 42.323696 -72.52474   3     19     51  
969.0  16:09:03 42.323696 -72.52474   3     18     40  
969.0  16:09:12 42.322456 -72.52488   3     13     43  
969.0  16:09:20 42.321404 -72.52512   3     14     50  
969.0  16:09:29 42.320282 -72.52576   4     17     42  
969.0  16:09:38 42.319458 -72.52665   5     14     59  
969.0  16:09:49 42.319332 -72.52805   3     18     41  
969.0  16:09:57 42.319622 -72.52874   4     15     52  
970.0  16:10:00 42.319733 -72.528946   5     10     42  
970.0  16:10:05 42.319744 -72.528946   3     13     47  
970.0  16:10:14 42.319756 -72.528946   4     11     48  
970.0  16:10:22 42.319756 -72.528946   3     19     48  
970.0  16:10:31 42.31976 -72.52895   3     12     42  
970.0  16:10:42 42.319775 -72.52897   4     13     48  
970.0  16:10:50 42.31981 -72.529076   5     16     48  
971.0  16:11:00 42.320053 -72.529854   5     16     57  
971.0  16:11:00 42.320168 -72.53037   4     12     50  
971.0  16:11:08 42.32026 -72.53107   4     10     58  
971.0  16:11:16 42.32029 -72.53238   4     11     48  
971.0  16:11:24 42.320328 -72.53366   3     14     47  
971.0  16:11:35 42.320362 -72.53413   5     15     54  
971.0  16:11:44 42.320347 -72.534134   5     13     44  
972.0  16:12:00 42.320614 -72.53436   3     10     53  
972.0  16:12:26 42.321125 -72.53367   5     15     58  
972.0  16:12:37 42.32118 -72.53416   3     17     42  
972.0  16:12:45 42.32106 -72.534325   3     10     41  
972.0  16:12:54 42.320583 -72.53437   4     17     58  
973.0  16:13:00 42.320393 -72.53439   5     12     50  
973.0  16:13:02 42.3204 -72.53439   5     15     56  
973.0  16:13:11 42.320354 -72.5344   4     14     58  
973.0  16:13:19 42.32027 -72.53375   5     16     53  
973.0  16:13:29 42.320236 -72.53219   5     12     57  
973.0  16:13:38 42.32017 -72.53075   5     15     57  
973.0  16:13:46 42.320004 -72.529915   5     10     52  
973.0  16:13:54 42.319973 -72.529816   4     14     41  
974.0  16:14:00 42.3199 -72.5296   4     12     41  
974.0  16:14:03 42.319912 -72.52963   4     14     54  
974.0  16:14:11 42.319847 -72.52946   3     19     40  
974.0  16:14:22 42.31969 -72.529076   4     17     48  
974.0  16:14:31 42.319603 -72.528854   5     11     45  
974.0  16:14:39 42.31949 -72.52858   4     17     59  
974.0  16:14:48 42.31942 -72.52841   4     17     46  
974.0  16:14:56 42.319393 -72.52836   5     18     41  
975.0  16:15:00 42.319393 -72.52836   4     15     46  
975.0  16:15:04 42.319397 -72.528366   3     13     41  
975.0  16:15:14 42.31937 -72.52829   5     14     43  
975.0  16:15:23 42.31934 -72.52821   5     16     40  
975.0  16:15:32 42.319332 -72.5282   4     11     55  
975.0  16:15:40 42.31932 -72.52816   5     13     44  
975.0  16:15:49 42.319283 -72.52806   3     16     53  
975.0  16:15:57 42.319263 -72.52801   3     17     54  
976.0  16:16:00 42.319244 -72.52798   4     13     52  
976.0  16:16:09 42.31925 -72.527985   4     18     59  
976.0  16:16:17 42.319256 -72.52799   5     19     47  
976.0  16:16:26 42.319252 -72.527985   3     13     42  
976.0  16:16:34 42.319237 -72.52797   4     14     51  
976.0  16:16:42 42.319237 -72.52797   3     10     54  
976.0  16:16:51 42.319263 -72.52739   5     10     56  
977.0  16:17:00 42.31967 -72.52617   3     11     41  
977.0  16:17:01 42.31959 -72.52627   3     11     40  
977.0  16:17:09 42.320415 -72.52561   4     14     42  
977.0  16:17:18 42.32142 -72.52502   5     13     53  
977.0  16:17:26 42.322567 -72.524765   3     12     42  
977.0  16:17:34 42.323883 -72.52467   5     12     55  
977.0  16:17:43 42.32542 -72.5245   5     15     46  
977.0  16:17:53 42.32713 -72.524345   3     13     57  
978.0  16:18:00 42.32888 -72.52414   5     14     47  
978.0  16:18:02 42.32888 -72.52414   5     11     58  
978.0  16:18:10 42.33047 -72.52389   4     18     54  
978.0  16:18:18 42.331905 -72.52367   4     13     50  
978.0  16:18:27 42.33325 -72.523476   4     19     52  
978.0  16:18:36 42.3344 -72.52336   4     11     54  
978.0  16:18:46 42.33453 -72.52412   5     16     42  
978.0  16:18:56 42.33488 -72.52498   3     10     43  
979.0  16:19:00 42.335335 -72.525665   3     16     46  
979.0  16:19:05 42.335407 -72.52585   4     14     52  
979.0  16:19:19 42.33567 -72.5268   3     17     57  
979.0  16:19:45 42.33578 -72.52855   4     18     45  
980.0  16:20:00 42.33588 -72.53215   4     17     44  
980.0  16:20:00 42.335896 -72.53218   3     17     51  
981.0  16:21:00 42.338593 -72.52959   5     12     45  
981.0  16:21:10 42.338585 -72.5289   5     13     46  
981.0  16:21:21 42.338554 -72.52772   4     10     41  
981.0  16:21:30 42.33852 -72.526764   4     13     52  
981.0  16:21:40 42.33833 -72.52576   4     12     48  
981.0  16:21:48 42.338108 -72.5247   4     17     49  
981.0  16:21:58 42.33816 -72.52379   5     10     44  
982.0  16:22:00 42.338173 -72.52352   3     18     41  
982.0  16:22:07 42.33816 -72.5235   5     16     59  
982.0  16:22:18 42.33819 -72.5234   3     18     56  
982.0  16:22:27 42.33829 -72.522766   4     18     58  
982.0  16:22:36 42.338135 -72.5219   4     19     51  
982.0  16:22:47 42.33795 -72.52138   3     10     57  
982.0  16:22:55 42.33794 -72.521355   4     16     47  
983.0  16:23:00 42.337936 -72.521324   4     11     48  
983.0  16:23:04 42.337936 -72.521324   3     10     48  
983.0  16:23:14 42.337933 -72.52132   3     17     48  
983.0  16:23:23 42.338036 -72.5211   3     19     41  
983.0  16:23:41 42.338684 -72.520744   4     10     47  
983.0  16:23:50 42.338684 -72.520744   4     14     53  
983.0  16:23:58 42.339943 -72.52018   5     14     44  
984.0  16:24:00 42.33995 -72.52017   4     12     47  
984.0  16:24:09 42.340023 -72.52012   5     16     48  
984.0  16:24:17 42.340027 -72.51971   5     14     56  
984.0  16:24:26 42.340015 -72.519714   3     17     50  
984.0  16:24:35 42.34002 -72.51949   3     11     47  
984.0  16:24:43 42.340054 -72.5184   5     13     47  
984.0  16:24:51 42.340076 -72.51705   4     18     58  
985.0  16:25:00 42.340134 -72.51496   4     13     52  
985.0  16:25:02 42.340134 -72.51496   4     16     51  
985.0  16:25:12 42.340168 -72.51335   4     11     51  
985.0  16:25:20 42.340183 -72.51131   5     15     48  
985.0  16:25:28 42.340183 -72.50963   3     17     56  
985.0  16:25:36 42.340183 -72.50798   4     19     54  
985.0  16:25:45 42.340206 -72.50647   4     11     56  
985.0  16:25:55 42.340275 -72.50494   3     18     53  
986.0  16:26:00 42.340286 -72.50469   3     16     40  
986.0  16:26:05 42.340286 -72.50469   4     16     46  
986.0  16:26:13 42.340256 -72.50459   5     10     53  
986.0  16:26:22 42.340614 -72.50452   4     12     49  
986.0  16:26:31 42.34094 -72.50472   4     17     52  
986.0  16:26:40 42.341072 -72.50495   4     10     45  
986.0  16:26:52 42.341076 -72.50501   4     16     45  
987.0  16:27:00 42.341335 -72.50556   3     10     53  
987.0  16:27:00 42.341454 -72.50577   4     18     55  
987.0  16:27:09 42.341927 -72.50636   5     15     51  
987.0  16:27:18 42.342743 -72.50692   3     18     45  
987.0  16:27:27 42.343815 -72.507484   5     11     44  
987.0  16:27:35 42.344986 -72.50829   5     14     41  
987.0  16:27:46 42.346302 -72.50943   5     17     55  
987.0  16:27:56 42.347084 -72.510376   3     18     51  
988.0  16:28:00 42.34761 -72.51158   3     14     45  
988.0  16:28:04 42.347717 -72.51192   5     15     45  
988.0  16:28:13 42.347908 -72.51327   4     15     57  
988.0  16:28:22 42.348263 -72.51475   4     19     49  
988.0  16:28:31 42.3488 -72.51648   4     17     45  
988.0  16:28:41 42.34944 -72.51809   3     14     51  
988.0  16:28:51 42.350094 -72.51926   3     11     56  
988.0  16:28:59 42.350494 -72.51979   4     12     57  
989.0  16:29:00 42.350544 -72.51983   4     15     41  
989.0  16:29:07 42.350777 -72.51997   4     14     40  
989.0  16:29:16 42.351566 -72.52037   5     16     47  
989.0  16:29:26 42.35288 -72.520615   3     12     48  
989.0  16:29:39 42.354656 -72.52062   3     18     41  
989.0  16:29:49 42.35552 -72.520805   4     18     54  
989.0  16:29:57 42.35634 -72.52091   4     16     59  
990.0  16:30:00 42.357124 -72.520905   5     12     42  
990.0  16:30:06 42.35768 -72.52087   4     18     50  
990.0  16:30:14 42.358864 -72.52081   5     19     52  
990.0  16:30:22 42.36004 -72.52078   4     19     51  
990.0  16:30:35 42.36164 -72.52077   4     16     53  
990.0  16:30:46 42.363117 -72.52074   4     18     40  
990.0  16:30:58 42.363117 -72.52074   4     15     51  
991.0  16:31:00 42.366055 -72.52034   5     17     50  
991.0  16:31:09 42.366817 -72.52023   3     19     57  
991.0  16:31:18 42.36719 -72.52016   5     16     42  
991.0  16:31:31 42.367947 -72.52002   5     15     45  
991.0  16:31:39 42.368996 -72.519905   3     11     48  
991.0  16:31:47 42.37015 -72.51978   3     16     53  
991.0  16:31:56 42.371155 -72.51972   4     12     51  
992.0  16:32:00 42.37193 -72.519684   5     12     54  
992.0  16:32:05 42.372093 -72.519684   4     17     58  
992.0  16:32:14 42.372463 -72.51969   3     18     47  
992.0  16:32:25 42.372578 -72.5197   5     15     41  
992.0  16:32:33 42.372784 -72.51971   4     12     48  
992.0  16:32:42 42.37333 -72.51973   3     18     49  
992.0  16:32:50 42.373966 -72.51977   3     18     49  
992.0  16:32:58 42.3744 -72.51976   5     15     53  
993.0  16:33:00 42.374504 -72.51973   5     16     56  
993.0  16:33:07 42.37465 -72.51974   5     16     41  
993.0  16:33:18 42.374752 -72.51976   3     10     47  
993.0  16:33:27 42.37479 -72.51978   4     19     41  
993.0  16:33:35 42.374805 -72.5198   5     17     53  
993.0  16:33:44 42.37481 -72.5198   4     19     41  
993.0  16:33:52 42.3748 -72.5198   3     18     59  
994.0  16:34:00 42.374752 -72.519775   3     16     40  
994.0  16:34:01 42.37476 -72.51978   4     19     51  
994.0  16:34:11 42.374744 -72.519775   4     10     40  
994.0  16:34:20 42.374825 -72.51979   4     16     52  
994.0  16:34:28 42.374958 -72.51982   5     16     49  
994.0  16:34:37 42.37502 -72.51984   5     12     48  
994.0  16:34:46 42.374973 -72.51982   3     10     41  
994.0  16:34:54 42.374973 -72.51981   5     13     53  
995.0  16:35:00 42.374977 -72.5198   5     16     45  
995.0  16:35:05 42.374977 -72.5198   3     18     41  
995.0  16:35:14 42.375034 -72.5198   5     11     42  
995.0  16:35:23 42.3754 -72.519775   4     16     55  
995.0  16:35:33 42.375957 -72.51981   3     12     44  
995.0  16:35:41 42.37625 -72.51981   3     18     55  
995.0  16:35:50 42.37643 -72.51982   4     16     44  
996.0  16:36:00 42.376675 -72.519844   4     13     46  
996.0  16:36:01 42.37662 -72.51984   5     15     49  
996.0  16:36:09 42.376743 -72.51985   5     15     57  
996.0  16:36:18 42.37695 -72.51985   5     14     45  
996.0  16:36:26 42.377357 -72.51987   5     19     54  
996.0  16:36:35 42.37753 -72.51983   4     17     40  
996.0  16:36:44 42.3775 -72.51985   5     15     44  
996.0  16:36:55 42.377495 -72.51987   3     16     55  
997.0  16:37:00 42.37752 -72.51987   4     18     41  
997.0  16:37:05 42.377525 -72.51987   3     18     55  
997.0  16:37:13 42.377857 -72.519905   4     16     48  
997.0  16:37:23 42.378483 -72.51993   5     14     46  
997.0  16:37:32 42.37923 -72.51977   4     17     43  
997.0  16:37:40 42.37977 -72.51952   5     12     40  
997.0  16:37:51 42.379833 -72.5195   4     18     43  
997.0  16:37:59 42.379875 -72.51949   5     15     40  
998.0  16:38:00 42.37989 -72.51949   5     11     52  
998.0  16:38:08 42.37997 -72.51949   3     17     44  
998.0  16:38:16 42.380524 -72.519356   5     17     55  
998.0  16:38:25 42.381184 -72.519295   5     14     52  
998.0  16:38:34 42.38175 -72.51948   5     10     44  
998.0  16:38:44 42.382454 -72.52012   5     12     46  
998.0  16:38:53 42.38315 -72.52056   5     12     52  
999.0  16:39:00 42.384113 -72.52112   3     17     57  
999.0  16:39:02 42.384014 -72.521065   4     13     55  
999.0  16:39:11 42.384815 -72.52151   5     15     54  
999.0  16:39:19 42.385757 -72.52201   4     16     47  
999.0  16:39:28 42.386166 -72.52241   3     14     50  
999.0  16:39:40 42.386955 -72.52265   5     14     44  
999.0  16:39:51 42.38758 -72.52337   4     16     49  
1000.0  16:40:00 42.387733 -72.523544   5     12     41  
1000.0  16:40:00 42.387733 -72.523544   5     15     56  
1000.0  16:40:09 42.38774 -72.52355   3     18     55  
1000.0  16:40:18 42.387753 -72.52359   4     10     51  
1000.0  16:40:26 42.38782 -72.52375   4     14     54  
1000.0  16:40:37 42.388287 -72.524216   4     14     55  
1000.0  16:40:46 42.388542 -72.52439   5     12     54  
1001.0  16:41:00 42.390053 -72.52501   3     14     55  
1001.0  16:41:02 42.389954 -72.524994   3     10     51  
1001.0  16:41:10 42.39069 -72.52514   4     12     46  
1001.0  16:41:50 42.39237 -72.525505   4     11     49  
1001.0  16:41:50 42.392548 -72.52556   3     17     40  
1001.0  16:41:51 42.391094 -72.52521   3     11     51  
1002.0  16:42:00 42.393253 -72.525826   5     19     41  
1002.0  16:42:00 42.3934 -72.525894   4     15     41  
1002.0  16:42:03 42.391094 -72.52521   5     11     54  
1002.0  16:42:09 42.393776 -72.52606   5     11     57  
1002.0  16:42:18 42.393894 -72.52612   5     17     48  
1002.0  16:42:26 42.39389 -72.52612   5     19     44  
1002.0  16:42:35 42.393898 -72.526146   3     15     56  
1002.0  16:42:44 42.394047 -72.52629   3     13     47  
1003.0  16:43:00 42.395256 -72.52687   5     19     41  
1003.0  16:43:28 42.394787 -72.52671   4     19     44  
1004.0  16:44:00 42.397312 -72.52019   4     18     44  
1004.0  16:44:26 42.39819 -72.51666   4     17     58  
1004.0  16:44:27 42.39801 -72.51718   3     11     52  
1004.0  16:44:31 42.397083 -72.52238   3     17     42  
1004.0  16:44:32 42.394787 -72.52671   3     10     52  
1004.0  16:44:39 42.398468 -72.515724   3     14     53  
1004.0  16:44:45 42.397083 -72.52238   4     11     45  
1004.0  16:44:47 42.398457 -72.5157   3     18     58  
1005.0  16:45:00 42.39846 -72.51573   5     12     48  
1005.0  16:45:21 42.398453 -72.51572   5     10     49  
1005.0  16:45:26 42.398468 -72.51566   5     15     46  
1005.0  16:45:29 42.39846 -72.51573   3     10     45  
1005.0  16:45:34 42.398827 -72.515656   5     16     41  
1005.0  16:45:41 42.39846 -72.51573   5     13     54  
1005.0  16:45:48 42.400375 -72.51571   3     18     59  
1005.0  16:45:57 42.401623 -72.515526   3     19     55  
1006.0  16:46:00 42.402462 -72.51534   4     13     58  
1006.0  16:46:07 42.402866 -72.51525   4     11     40  
1006.0  16:46:17 42.404236 -72.514946   4     18     55  
1006.0  16:46:27 42.40559 -72.514694   3     17     55  
1006.0  16:46:44 42.406902 -72.51449   5     14     52  
1006.0  16:46:53 42.4069 -72.5145   5     10     55  
1007.0  16:47:00 42.4071 -72.51449   3     10     55  
1007.0  16:47:02 42.407043 -72.514496   3     19     41  
1007.0  16:47:10 42.40785 -72.51437   3     19     54  
1007.0  16:47:19 42.40886 -72.51416   3     16     47  
1007.0  16:47:28 42.410007 -72.513885   3     16     57  
1007.0  16:47:40 42.411507 -72.5135   3     10     59  
1007.0  16:47:48 42.412365 -72.513275   5     19     45  
1007.0  16:47:58 42.41286 -72.513115   4     14     58  
1008.0  16:48:00 42.412876 -72.51312   3     19     56  
1008.0  16:48:07 42.412865 -72.51313   5     13     49  
1008.0  16:48:16 42.41288 -72.51314   4     13     51  
1008.0  16:48:25 42.412994 -72.51305   5     13     44  
1008.0  16:48:41 42.41313 -72.51191   3     14     44  
1009.0  16:49:00 42.413033 -72.50849   4     10     53  
1009.0  16:49:02 42.413025 -72.5097   3     18     43  
1009.0  16:49:33 42.412983 -72.50796   5     10     40  
1009.0  16:49:49 42.41296 -72.50721   3     12     45  
1010.0  16:50:00 42.412945 -72.505875   3     10     55  
1010.0  16:50:07 42.41293 -72.506035   5     15     48  
1010.0  16:50:15 42.413673 -72.50628   4     17     49  
1010.0  16:50:26 42.414536 -72.50676   4     10     48  
1010.0  16:50:37 42.41532 -72.507355   5     10     53  
1010.0  16:50:47 42.41535 -72.50741   3     15     49  
1011.0  16:51:00 42.4156 -72.50751   4     13     42  
1011.0  16:51:29 42.415516 -72.50749   4     12     47  
1011.0  16:51:33 42.414288 -72.50838   3     17     48  
1012.0  16:52:00 42.41306 -72.50972   3     17     59  
1012.0  16:52:07 42.414013 -72.50846   5     15     41  
1012.0  16:52:08 42.414013 -72.50846   4     16     55  
1012.0  16:52:23 42.413025 -72.512886   3     13     40  
1012.0  16:52:29 42.415516 -72.50749   4     14     40  
1012.0  16:52:34 42.41281 -72.51386   3     18     42  
1012.0  16:52:42 42.412857 -72.51423   5     13     54  
1012.0  16:52:51 42.41317 -72.51496   3     16     58  
1013.0  16:53:00 42.413525 -72.5159   5     13     57  
1013.0  16:53:00 42.41354 -72.51624   5     17     56  
1013.0  16:53:43 42.41356 -72.51687   5     10     54  
1013.0  16:53:47 42.41555 -72.51976   3     13     57  
1013.0  16:53:55 42.41356 -72.51687   4     10     42  
1013.0  16:53:58 42.416084 -72.51998   3     13     49  
1014.0  16:54:00 42.41609 -72.51998   3     14     49  
1014.0  16:54:10 42.416096 -72.51999   5     14     43  
1014.0  16:54:18 42.41608 -72.520004   5     16     45  
1014.0  16:54:28 42.416203 -72.52013   4     12     59  
1014.0  16:54:37 42.41638 -72.5203   4     13     55  
1014.0  16:54:48 42.41701 -72.520966   5     12     48  
1014.0  16:54:56 42.417564 -72.52176   5     10     46  
1015.0  16:55:00 42.41763 -72.52246   5     13     48  
1015.0  16:55:38 42.417587 -72.52273   5     10     42  
1015.0  16:55:46 42.417316 -72.525406   3     14     57  
1015.0  16:55:50 42.417587 -72.52273   4     19     45  
1015.0  16:55:57 42.417164 -72.52675   5     15     50  
1016.0  16:56:00 42.417183 -72.52686   4     10     58  
1016.0  16:56:06 42.417183 -72.52687   5     15     53  
1016.0  16:56:20 42.417217 -72.52701   3     15     55  
1016.0  16:56:29 42.41711 -72.52713   4     17     45  
1016.0  16:56:39 42.416348 -72.52706   4     19     47  
1016.0  16:56:50 42.41497 -72.52757   5     16     56  
1016.0  16:56:58 42.414062 -72.528404   5     17     44  
1017.0  16:57:00 42.413513 -72.528915   3     16     42  
1017.0  16:57:06 42.413177 -72.52922   4     18     56  
1017.0  16:57:15 42.412266 -72.52995   4     11     54  
1017.0  16:57:23 42.411217 -72.53056   3     10     43  
1017.0  16:57:32 42.41055 -72.53095   3     18     47  
1017.0  16:57:43 42.4105 -72.53099   5     10     42  
1017.0  16:57:52 42.410305 -72.5311   4     12     55  
1018.0  16:58:00 42.409584 -72.5309   3     10     47  
1018.0  16:58:00 42.409325 -72.5308   3     12     50  
1018.0  16:58:09 42.40875 -72.530556   3     18     50  
1018.0  16:58:19 42.407608 -72.5302   3     17     48  
1018.0  16:58:28 42.406406 -72.52986   3     11     57  
1018.0  16:58:39 42.40486 -72.52968   4     16     54  
1018.0  16:58:48 42.40391 -72.529526   3     18     57  
1018.0  16:58:56 42.40303 -72.52894   3     14     58  
1019.0  16:59:00 42.402233 -72.52845   5     12     53  
1019.0  16:59:05 42.402115 -72.52838   3     13     52  
1019.0  16:59:14 42.400963 -72.527954   5     12     53  
1019.0  16:59:23 42.39981 -72.52796   3     17     58  
1019.0  16:59:33 42.39845 -72.5281   4     13     55  
1019.0  16:59:45 42.39845 -72.5281   5     18     46  
1019.0  16:59:53 42.396233 -72.52745   4     16     56  
1020.0  17:00:00 42.395367 -72.527084   4     10     57  
1020.0  17:00:02 42.395416 -72.5271   5     14     58  
1020.0  17:00:10 42.39525 -72.52705   3     19     40  
1020.0  17:00:19 42.39524 -72.52705   5     15     52  
1020.0  17:00:30 42.39527 -72.52706   4     10     43  
1020.0  17:00:38 42.395256 -72.52706   4     13     51  
1020.0  17:00:47 42.395245 -72.527054   4     11     49  
1020.0  17:00:56 42.395256 -72.527054   4     19     50  
1021.0  17:01:00 42.39489 -72.52686   3     17     40  
1021.0  17:01:04 42.39472 -72.52677   3     11     54  
1021.0  17:01:13 42.394024 -72.526405   4     12     42  
1021.0  17:01:24 42.393684 -72.52621   4     13     52  
1021.0  17:01:32 42.39334 -72.52605   3     15     46  
1021.0  17:01:41 42.393353 -72.52604   3     13     48  
1021.0  17:01:49 42.39337 -72.52605   3     18     45  
1021.0  17:01:58 42.39333 -72.526024   5     10     46  
1022.0  17:02:00 42.393322 -72.52602   4     16     48  
1022.0  17:02:06 42.39332 -72.52601   3     16     48  
1022.0  17:02:18 42.393208 -72.52587   3     17     43  
1022.0  17:02:29 42.392628 -72.52565   5     16     51  
1022.0  17:02:38 42.391926 -72.52543   4     10     55  
1022.0  17:02:47 42.391254 -72.52527   5     18     49  
1022.0  17:02:56 42.390907 -72.52524   5     17     55  
1023.0  17:03:00 42.39088 -72.525246   5     11     57  
1023.0  17:03:04 42.390877 -72.525246   5     10     53  
1023.0  17:03:15 42.390873 -72.52525   4     15     45  
1023.0  17:03:23 42.39088 -72.52525   3     16     50  
1023.0  17:03:31 42.390892 -72.52525   5     13     58  
1023.0  17:03:40 42.3909 -72.52525   5     16     46  
1023.0  17:03:48 42.390907 -72.52525   4     17     52  
1023.0  17:03:57 42.39087 -72.52522   3     16     44  
1024.0  17:04:00 42.390797 -72.52519   3     15     47  
1025.0  17:05:00 42.38779 -72.52389   5     11     40  
1025.0  17:05:28 42.387646 -72.52367   4     12     49  
1025.0  17:05:40 42.387028 -72.52279   4     10     56  
1025.0  17:05:48 42.3865 -72.5224   3     17     41  
1025.0  17:05:57 42.38615 -72.522446   5     10     49  
1026.0  17:06:00 42.38609 -72.52246   4     14     43  
1026.0  17:06:06 42.386024 -72.522484   3     16     42  
1026.0  17:06:15 42.38564 -72.522194   4     19     51  
1026.0  17:06:24 42.385143 -72.52173   3     14     48  
1026.0  17:06:35 42.384167 -72.52117   5     14     49  
1026.0  17:06:44 42.38344 -72.52075   5     15     54  
1026.0  17:06:52 42.38288 -72.520515   4     14     43  
1027.0  17:07:00 42.382866 -72.52052   4     14     48  
1027.0  17:07:01 42.382874 -72.52052   3     19     59  
1027.0  17:07:21 42.38282 -72.52052   5     15     40  
1027.0  17:07:25 42.38282 -72.52052   5     17     52  
1027.0  17:07:41 42.381187 -72.519295   4     11     53  
1027.0  17:07:55 42.3801 -72.5195   3     11     45  
1028.0  17:08:00 42.379574 -72.51971   4     13     53  
1028.0  17:08:04 42.379574 -72.51971   4     14     55  
1028.0  17:08:14 42.379543 -72.519714   5     17     41  
1028.0  17:08:22 42.37952 -72.51972   4     18     49  
1028.0  17:08:31 42.379433 -72.51974   3     14     44  
1028.0  17:08:39 42.379013 -72.51992   4     14     51  
1028.0  17:08:50 42.378284 -72.51999   3     17     48  
1028.0  17:08:59 42.37794 -72.52002   4     19     54  
1029.0  17:09:00 42.377876 -72.52002   5     14     58  
1029.0  17:09:08 42.37787 -72.52002   5     16     57  
1029.0  17:09:16 42.377827 -72.52001   4     11     57  
1029.0  17:09:25 42.37779 -72.52001   3     12     58  
1029.0  17:09:34 42.37777 -72.52001   4     14     58  
1029.0  17:09:45 42.37776 -72.520004   4     10     49  
1029.0  17:09:54 42.37759 -72.51996   4     11     45  
1030.0  17:10:00 42.37759 -72.51998   4     12     52  
1030.0  17:10:03 42.377586 -72.51998   4     12     53  
1030.0  17:10:11 42.37759 -72.51999   5     16     49  
1030.0  17:10:20 42.377594 -72.51999   4     12     55  
1030.0  17:10:29 42.377613 -72.51998   5     10     59  
1030.0  17:10:39 42.377617 -72.51998   3     12     52  
1030.0  17:10:48 42.37754 -72.51997   4     19     40  
1030.0  17:10:56 42.37703 -72.51996   3     19     54  
1031.0  17:11:00 42.37662 -72.51994   3     11     52  
1031.0  17:11:05 42.376476 -72.519936   3     15     46  
1031.0  17:11:14 42.37613 -72.51992   4     14     54  
1031.0  17:11:22 42.376137 -72.51993   5     15     47  
1031.0  17:11:33 42.37587 -72.519936   3     12     54  
1031.0  17:11:42 42.375263 -72.519905   5     19     43  
1031.0  17:11:50 42.37474 -72.519875   4     16     50  
1031.0  17:11:59 42.37436 -72.51992   5     14     41  
1032.0  17:12:00 42.374348 -72.51991   5     14     56  
1032.0  17:12:09 42.374363 -72.519905   5     18     52  
1032.0  17:12:17 42.37434 -72.51993   4     10     44  
1032.0  17:12:28 42.374275 -72.519936   4     14     43  
1032.0  17:12:37 42.374126 -72.51988   5     18     48  
1032.0  17:12:46 42.373642 -72.519875   3     19     49  
1032.0  17:12:55 42.373413 -72.51987   5     19     48  
1033.0  17:13:00 42.37344 -72.51985   3     16     40  
1033.0  17:13:04 42.373444 -72.51985   5     15     52  
1033.0  17:13:13 42.373447 -72.51986   5     16     40  
1033.0  17:13:24 42.373478 -72.51985   3     16     58  
1033.0  17:13:32 42.37347 -72.51984   5     16     52  
1033.0  17:13:41 42.373466 -72.51981   4     17     48  
1033.0  17:13:50 42.37323 -72.5198   4     16     55  
1033.0  17:13:59 42.37237 -72.51975   3     13     45  
1034.0  17:14:00 42.37194 -72.51974   5     17     50  
1034.0  17:14:09 42.371338 -72.51978   5     14     46  
1034.0  17:14:21 42.369877 -72.51988   4     17     50  
1034.0  17:14:29 42.368633 -72.52002   4     16     48  
1034.0  17:14:38 42.367607 -72.52014   3     14     51  
1034.0  17:14:46 42.366558 -72.52027   3     17     56  
1034.0  17:14:55 42.365437 -72.52048   5     19     55  
1035.0  17:15:00 42.3643 -72.52067   4     13     56  
1035.0  17:15:04 42.36417 -72.52068   5     15     47  
1035.0  17:15:19 42.36236 -72.520775   5     19     56  
1035.0  17:15:54 42.357796 -72.520905   3     19     52  
1036.0  17:16:00 42.356567 -72.52098   5     17     45  
1036.0  17:16:05 42.356434 -72.52098   4     16     58  
1036.0  17:16:15 42.355114 -72.520775   4     10     44  
1036.0  17:16:24 42.353737 -72.52055   4     10     46  
1036.0  17:16:34 42.35253 -72.52064   3     17     52  
1036.0  17:16:43 42.351357 -72.52033   5     18     57  
1036.0  17:16:51 42.350464 -72.51996   3     19     59  
1037.0  17:17:00 42.349167 -72.51993   4     15     42  
1037.0  17:17:01 42.34938 -72.519905   3     15     43  
1037.0  17:17:10 42.348362 -72.52006   4     16     50  
1037.0  17:17:19 42.347263 -72.520294   4     13     49  
1037.0  17:17:28 42.346333 -72.520454   4     14     50  
1037.0  17:17:36 42.34529 -72.52048   3     18     48  
1037.0  17:17:44 42.344307 -72.52048   5     19     45  
1037.0  17:17:55 42.342804 -72.52018   3     11     57  
1038.0  17:18:00 42.341774 -72.51995   4     14     48  
1038.0  17:18:04 42.341652 -72.51994   5     10     49  
1038.0  17:18:12 42.34078 -72.520004   4     14     42  
1038.0  17:18:20 42.34027 -72.52012   3     15     40  
1038.0  17:18:29 42.339764 -72.520294   5     14     43  
1038.0  17:18:37 42.338886 -72.520775   5     18     45  
1038.0  17:18:48 42.33769 -72.521515   4     11     47  
1038.0  17:18:56 42.336647 -72.522354   4     19     42  
1039.0  17:19:00 42.33581 -72.52292   4     11     47  
1039.0  17:19:04 42.335686 -72.52297   4     11     54  
1039.0  17:19:13 42.33454 -72.52336   5     16     58  
1039.0  17:19:21 42.33349 -72.52351   3     16     53  
1039.0  17:19:30 42.33287 -72.52362   3     19     58  
1039.0  17:19:41 42.332863 -72.52361   4     17     47  
1039.0  17:19:50 42.332863 -72.523605   4     10     56  
1039.0  17:19:59 42.332848 -72.5236   4     12     49  
1040.0  17:20:00 42.332756 -72.52359   4     17     47  
1040.0  17:20:08 42.332485 -72.52361   3     13     43  
1040.0  17:20:16 42.331448 -72.52377   4     10     41  
1040.0  17:20:28 42.330093 -72.52398   5     15     41  
1040.0  17:20:39 42.32765 -72.524315   3     17     50  
1040.0  17:20:47 42.326195 -72.524445   5     12     51  
1040.0  17:20:57 42.324978 -72.52459   5     11     46  
1041.0  17:21:00 42.323933 -72.52471   4     12     48  
1041.0  17:21:05 42.3235 -72.524765   3     16     48  
1041.0  17:21:14 42.322304 -72.52489   3     18     59  
1041.0  17:21:23 42.32099 -72.52532   4     13     58  
1041.0  17:21:34 42.31966 -72.52627   5     12     59  
1041.0  17:21:43 42.319317 -72.52743   5     14     55  
1041.0  17:21:51 42.319397 -72.52838   3     17     40  
1042.0  17:22:00 42.319614 -72.52891   3     12     54  
1042.0  17:22:00 42.319702 -72.52914   3     18     45  
1042.0  17:22:08 42.319904 -72.529655   4     14     48  
1043.0  17:23:00 42.320797 -72.533905   5     11     53  
1043.0  17:23:12 42.32106 -72.53365   5     16     44  
1043.0  17:23:22 42.321087 -72.53364   3     18     43  
1043.0  17:23:30 42.32116 -72.533676   4     18     44  
1043.0  17:23:39 42.32119 -72.53407   3     11     54  
1043.0  17:23:48 42.321163 -72.53425   3     14     46  
1043.0  17:23:56 42.32073 -72.53436   3     18     44  
1044.0  17:24:00 42.320404 -72.534386   4     15     59  
1044.0  17:24:05 42.320385 -72.53439   3     10     47  
1044.0  17:24:15 42.320347 -72.53439   5     17     40  
1044.0  17:24:27 42.320347 -72.53439   3     10     45  
1044.0  17:24:35 42.320335 -72.53439   4     15     42  
1044.0  17:24:44 42.320297 -72.53436   3     14     48  
1044.0  17:24:53 42.320225 -72.53349   5     13     40  
1045.0  17:25:00 42.320213 -72.53271   5     18     51  
1045.0  17:25:04 42.320206 -72.53272   3     15     41  
1045.0  17:25:15 42.32022 -72.53268   4     10     48  
1045.0  17:25:23 42.320206 -72.53262   5     19     40  
1045.0  17:25:32 42.320194 -72.532394   3     16     44  
1045.0  17:25:41 42.320194 -72.5323   5     14     58  
1045.0  17:25:49 42.320194 -72.53227   3     15     59  
1046.0  17:26:00 42.320206 -72.53226   4     19     47  
1046.0  17:26:02 42.32019 -72.53224   3     17     44  
1046.0  17:26:13 42.32022 -72.53227   3     16     46  
1046.0  17:26:54 42.320183 -72.53149   4     15     59  
1047.0  17:27:00 42.320175 -72.53131   3     19     45  
1047.0  17:27:04 42.320175 -72.5313   4     13     55  
1047.0  17:27:13 42.32018 -72.531105   3     10     44  
1047.0  17:27:21 42.32019 -72.531105   4     10     46  
1047.0  17:27:29 42.320213 -72.53112   3     11     50  
1048.0  17:28:00 42.320087 -72.53043   4     17     42  
1048.0  17:28:14 42.320026 -72.530075   5     13     50  
1048.0  17:28:24 42.31998 -72.52985   5     12     45  
1048.0  17:28:32 42.319984 -72.52985   5     18     45  
1048.0  17:28:41 42.319973 -72.5298   3     15     47  
1048.0  17:28:50 42.31995 -72.52973   3     11     45  
1048.0  17:28:58 42.319935 -72.52972   3     17     45  
1049.0  17:29:00 42.319935 -72.52971   4     11     47  
1049.0  17:29:06 42.31993 -72.52969   5     16     58  
1049.0  17:29:17 42.319798 -72.52931   5     16     43  
1049.0  17:29:25 42.31964 -72.528915   4     17     56  
1049.0  17:29:34 42.319508 -72.52858   3     19     41  
1049.0  17:29:42 42.319473 -72.52853   3     13     54  
1049.0  17:29:50 42.31945 -72.5285   3     15     56  
1049.0  17:29:59 42.319447 -72.52851   3     15     44  
1050.0  17:30:00 42.31945 -72.52852   4     16     45  
1050.0  17:30:09 42.319447 -72.52852   3     15     56  
1050.0  17:30:18 42.31945 -72.52851   4     16     40  
1050.0  17:30:26 42.319447 -72.52852   5     12     46  
1050.0  17:30:36 42.319405 -72.52838   4     13     40  
1050.0  17:30:44 42.319355 -72.528244   3     10     55  
1050.0  17:30:53 42.319355 -72.5282   3     13     45  
1051.0  17:31:00 42.31925 -72.528   5     18     58  
1051.0  17:31:07 42.319244 -72.52801   4     12     52  
1051.0  17:31:18 42.319233 -72.52799   5     16     43  
1051.0  17:31:27 42.319237 -72.52799   5     17     49  
1051.0  17:31:35 42.319225 -72.527985   3     14     41  
1051.0  17:31:43 42.31924 -72.527985   5     18     55  
1051.0  17:31:51 42.31923 -72.52798   3     13     49  
1052.0  17:32:00 42.31924 -72.52797   4     10     46  
1052.0  17:32:00 42.31925 -72.52797   4     13     40  
1052.0  17:32:10 42.31924 -72.52793   3     18     44  
1052.0  17:32:19 42.319237 -72.52793   5     13     58  
1052.0  17:32:28 42.319225 -72.52792   5     12     57  
1052.0  17:32:36 42.319225 -72.52792   5     14     59  
1052.0  17:32:45 42.319275 -72.52738   5     17     53  
1053.0  17:33:00 42.320633 -72.52549   5     19     45  
1053.0  17:33:28 42.324314 -72.52461   3     12     51  
1053.0  17:33:38 42.3259 -72.52442   3     15     57  
1053.0  17:33:46 42.327328 -72.52429   3     14     52  
1053.0  17:33:55 42.32868 -72.52413   3     13     43  
1054.0  17:34:00 42.330055 -72.52394   4     19     48  
1054.0  17:34:04 42.330227 -72.52392   3     16     43  
1054.0  17:34:12 42.331722 -72.523705   3     15     40  
1054.0  17:34:21 42.332916 -72.52351   4     19     54  
1054.0  17:34:31 42.334194 -72.52336   5     14     47  
1054.0  17:34:39 42.334347 -72.52335   4     17     56  
1054.0  17:34:48 42.334476 -72.52383   3     18     41  
1054.0  17:34:56 42.334663 -72.5247   3     12     55  
1055.0  17:35:00 42.33502 -72.52519   5     18     57  
1055.0  17:35:05 42.335148 -72.52537   3     16     56  
1055.0  17:35:15 42.335564 -72.52635   5     14     50  
1056.0  17:36:00 42.335766 -72.532265   5     18     59  
1056.0  17:36:21 42.336296 -72.53213   3     18     42  
1056.0  17:36:31 42.336372 -72.532104   5     14     53  
1056.0  17:36:40 42.336773 -72.53171   5     14     59  
1056.0  17:36:48 42.337303 -72.53139   3     10     48  
1056.0  17:36:57 42.337906 -72.53161   3     19     49  
1057.0  17:37:00 42.338135 -72.53149   3     13     51  
1057.0  17:37:39 42.338512 -72.52693   3     16     45  
1057.0  17:37:52 42.338203 -72.52547   4     15     51  
1058.0  17:38:00 42.338116 -72.52391   5     17     57  
1058.0  17:38:01 42.338078 -72.52432   5     19     55  
1058.0  17:38:10 42.33827 -72.523094   5     15     58  
1058.0  17:38:19 42.338135 -72.52181   5     18     55  
1058.0  17:38:28 42.337967 -72.52142   4     10     42  
1058.0  17:38:36 42.337975 -72.52142   4     11     57  
1058.0  17:38:46 42.337967 -72.52138   4     10     47  
1058.0  17:38:56 42.337963 -72.52135   3     11     56  
1059.0  17:39:00 42.33815 -72.52111   5     14     44  
1059.0  17:39:19 42.33823 -72.521065   5     19     57  
1059.0  17:39:20 42.33823 -72.521065   3     12     46  
1059.0  17:39:29 42.340042 -72.520065   5     19     46  
1059.0  17:39:40 42.340042 -72.51886   5     15     55  
1059.0  17:39:48 42.340054 -72.5173   3     12     54  
1059.0  17:39:56 42.34009 -72.515785   3     16     40  
1060.0  17:40:00 42.340096 -72.51433   5     15     41  
1060.0  17:40:05 42.3401 -72.51392   5     19     47  
1060.0  17:40:15 42.340137 -72.51205   4     16     50  
1060.0  17:40:24 42.34017 -72.51014   3     15     56  
1060.0  17:40:34 42.34023 -72.5078   3     17     47  
1060.0  17:40:42 42.340263 -72.50651   4     14     40  
1060.0  17:40:51 42.34028 -72.50539   4     17     53  
1061.0  17:41:00 42.340286 -72.50469   5     19     48  
1061.0  17:41:00 42.340286 -72.50465   5     15     53  
1061.0  17:41:08 42.340355 -72.50451   3     14     55  
1061.0  17:41:18 42.340633 -72.50453   5     18     45  
1061.0  17:41:30 42.340984 -72.50489   5     11     53  
1061.0  17:41:39 42.340973 -72.50488   4     19     48  
1061.0  17:41:47 42.341084 -72.50511   4     17     55  
1061.0  17:41:56 42.341515 -72.50589   5     11     41  
1062.0  17:42:00 42.34209 -72.506516   3     11     43  
1062.0  17:42:04 42.34219 -72.5066   4     16     44  
1062.0  17:42:12 42.343166 -72.50711   5     15     48  
1062.0  17:42:24 42.344296 -72.507805   4     17     56  
1062.0  17:42:33 42.34531 -72.50854   5     18     56  
1062.0  17:42:41 42.346313 -72.50946   3     10     55  
1062.0  17:42:50 42.347176 -72.51056   3     19     50  
1062.0  17:42:59 42.34774 -72.512024   3     19     49  
1063.0  17:43:00 42.34791 -72.5128   3     18     46  
1063.0  17:43:07 42.348125 -72.51372   5     10     43  
1063.0  17:43:18 42.34866 -72.51556   5     14     44  
1063.0  17:43:26 42.349087 -72.51702   4     17     54  
1063.0  17:43:36 42.349754 -72.518555   5     15     56  
1063.0  17:43:44 42.350426 -72.51963   4     18     42  
1063.0  17:43:53 42.350616 -72.51994   5     10     50  
1064.0  17:44:00 42.351414 -72.52032   4     16     59  
1064.0  17:44:02 42.351303 -72.52026   4     19     47  
1064.0  17:44:13 42.352684 -72.52064   3     13     57  
1064.0  17:44:26 42.353962 -72.52055   4     16     58  
1064.0  17:44:36 42.355263 -72.52076   4     10     49  
1064.0  17:44:44 42.35561 -72.52084   5     13     43  
1064.0  17:44:59 42.35568 -72.52085   4     10     49  
1065.0  17:45:00 42.35592 -72.52089   3     13     42  
1065.0  17:45:09 42.356445 -72.52094   5     11     55  
1065.0  17:45:18 42.3575 -72.520874   3     12     56  
1065.0  17:45:26 42.35864 -72.52081   4     12     46  
1065.0  17:45:35 42.359955 -72.52077   4     15     58  
1065.0  17:45:43 42.361176 -72.52074   5     14     57  
1065.0  17:45:56 42.362606 -72.52072   5     19     54  
1066.0  17:46:00 42.364357 -72.52062   4     18     52  
1066.0  17:46:07 42.365013 -72.52051   5     10     59  
1066.0  17:46:16 42.36643 -72.52029   5     19     59  
1066.0  17:46:26 42.367638 -72.5201   4     17     58  
1066.0  17:46:34 42.368645 -72.519966   4     10     54  
1066.0  17:46:43 42.36964 -72.51986   5     12     58  
1066.0  17:46:52 42.370693 -72.51975   5     13     46  
1067.0  17:47:00 42.371914 -72.51969   3     15     58  
1067.0  17:47:03 42.371914 -72.51969   4     19     43  
1067.0  17:47:15 42.37265 -72.519714   4     14     47  
1067.0  17:47:23 42.37313 -72.51975   5     18     56  
1067.0  17:47:32 42.373074 -72.51975   5     11     50  
1067.0  17:47:41 42.373085 -72.51975   3     17     55  
1067.0  17:47:49 42.373096 -72.519745   5     17     47  
1068.0  17:48:00 42.373108 -72.51974   5     19     43  
1068.0  17:48:01 42.373104 -72.51974   3     14     51  
1068.0  17:48:09 42.373104 -72.519745   5     10     54  
1068.0  17:48:18 42.373108 -72.519745   3     16     53  
1068.0  17:48:26 42.3731 -72.51976   4     14     45  
1068.0  17:48:34 42.373104 -72.519775   3     14     54  
1068.0  17:48:43 42.373096 -72.519775   3     18     47  
1068.0  17:48:54 42.373093 -72.519775   3     12     42  
1069.0  17:49:00 42.373096 -72.519775   5     10     47  
1069.0  17:49:03 42.373096 -72.519775   3     14     55  
1069.0  17:49:11 42.3731 -72.519775   4     10     53  
1069.0  17:49:20 42.37309 -72.519775   5     15     40  
1069.0  17:49:29 42.37312 -72.51977   5     18     40  
1069.0  17:49:38 42.373135 -72.51976   4     15     43  
1069.0  17:49:48 42.37311 -72.51976   4     11     48  
1069.0  17:49:57 42.373108 -72.51976   3     17     47  
1070.0  17:50:00 42.37311 -72.51976   5     16     55  
1070.0  17:50:06 42.37312 -72.51975   4     16     58  
1070.0  17:50:14 42.373127 -72.519745   5     16     57  
1070.0  17:50:23 42.373203 -72.51974   4     18     56  
1070.0  17:50:31 42.373875 -72.51977   5     11     43  
1070.0  17:50:42 42.374607 -72.519745   5     10     46  
1070.0  17:50:51 42.37473 -72.519745   5     13     51  
1071.0  17:51:00 42.37475 -72.51974   4     15     57  
1071.0  17:51:00 42.374752 -72.51974   4     13     41  
1071.0  17:51:09 42.374794 -72.51975   3     18     48  
1071.0  17:51:17 42.375 -72.51979   5     14     53  
1071.0  17:51:26 42.37507 -72.5198   3     13     50  
1071.0  17:51:37 42.375076 -72.5198   3     10     57  
1071.0  17:51:45 42.375282 -72.51979   3     18     54  
1071.0  17:51:54 42.37579 -72.5198   4     11     57  
1072.0  17:52:00 42.376377 -72.51984   5     11     48  
1072.0  17:52:02 42.37631 -72.51983   4     19     55  
1072.0  17:52:10 42.37674 -72.519844   5     19     46  
1072.0  17:52:19 42.377033 -72.51985   4     17     45  
1072.0  17:52:30 42.377167 -72.51985   3     19     54  
1072.0  17:52:39 42.37749 -72.51981   3     14     42  
1072.0  17:52:47 42.37751 -72.51981   5     11     53  
1072.0  17:52:56 42.377495 -72.519806   3     16     43  
1073.0  17:53:00 42.377495 -72.519806   3     14     43  
1073.0  17:53:05 42.3775 -72.51981   3     13     51  
1073.0  17:53:13 42.377556 -72.51983   3     14     53  
1073.0  17:53:24 42.37758 -72.519844   4     10     56  
1073.0  17:53:32 42.377537 -72.519844   3     10     41  
1073.0  17:53:41 42.377693 -72.519875   4     13     41  
1073.0  17:53:50 42.378365 -72.51988   5     17     45  
1073.0  17:53:58 42.37902 -72.51984   5     10     45  
1074.0  17:54:00 42.37943 -72.51968   4     11     44  
1074.0  17:54:07 42.379765 -72.51955   3     17     58  
1074.0  17:54:17 42.38075 -72.519325   5     11     49  
1074.0  17:54:26 42.381386 -72.51927   4     13     40  
1074.0  17:54:35 42.38137 -72.519264   4     18     56  
1074.0  17:54:43 42.381382 -72.51926   3     10     52  
1074.0  17:54:52 42.38143 -72.51924   5     11     58  
1075.0  17:55:00 42.381447 -72.51923   4     17     57  
1075.0  17:55:00 42.381474 -72.51923   4     11     45  
1075.0  17:55:11 42.38151 -72.51923   3     16     49  
1075.0  17:55:20 42.381767 -72.51945   5     14     40  
1075.0  17:55:29 42.382168 -72.519905   5     16     57  
1075.0  17:55:38 42.382782 -72.52034   5     19     57  
1075.0  17:55:48 42.38324 -72.52061   3     19     59  
1075.0  17:55:57 42.38323 -72.52064   5     17     54  
1076.0  17:56:00 42.383305 -72.52068   4     18     51  
1076.0  17:56:09 42.383663 -72.5209   5     15     57  
1076.0  17:56:18 42.38446 -72.52134   3     19     45  
1076.0  17:56:26 42.38517 -72.52172   5     18     53  
1076.0  17:56:35 42.38582 -72.52215   3     15     56  
1076.0  17:56:44 42.386322 -72.52236   4     15     43  
1076.0  17:56:55 42.38719 -72.522896   3     12     50  
1077.0  17:57:00 42.387634 -72.52341   3     14     48  
1077.0  17:57:06 42.387695 -72.52349   3     16     53  
1077.0  17:57:14 42.38772 -72.52355   3     12     55  
1077.0  17:57:23 42.38773 -72.52356   5     10     56  
1077.0  17:57:32 42.387707 -72.52356   4     18     58  
1077.0  17:57:50 42.387756 -72.52357   3     10     51  
1078.0  17:58:00 42.387737 -72.52356   4     11     46  
1078.0  17:58:01 42.387737 -72.52356   4     13     57  
1078.0  17:58:09 42.387733 -72.52355   4     11     57  
1078.0  17:58:12 42.387737 -72.523575   4     12     44  
1078.0  17:58:21 42.387863 -72.523834   5     18     50  
1078.0  17:58:29 42.388393 -72.52434   4     15     52  
1078.0  17:58:38 42.38926 -72.524765   4     11     54  
1078.0  17:58:48 42.390213 -72.52506   5     13     45  
1078.0  17:58:59 42.391075 -72.52521   3     13     44  
1079.0  17:59:00 42.39112 -72.52522   5     11     44  
1079.0  17:59:07 42.39116 -72.52523   4     15     55  
1079.0  17:59:16 42.39123 -72.52526   3     14     51  
1079.0  17:59:24 42.391678 -72.52535   5     15     57  
1079.0  17:59:33 42.39229 -72.525505   4     18     56  
1079.0  17:59:44 42.39307 -72.52577   3     10     42  
1079.0  17:59:54 42.39386 -72.526146   4     19     57  
1080.0  18:00:00 42.393917 -72.526146   4     11     53  
1080.0  18:00:02 42.393917 -72.526146   5     14     40  
1080.0  18:00:10 42.393913 -72.52614   4     14     42  
1080.0  18:00:19 42.393913 -72.52618   5     10     47  
1080.0  18:00:27 42.394146 -72.52636   4     16     40  
1080.0  18:00:36 42.394604 -72.52664   4     13     50  
1080.0  18:00:46 42.39494 -72.52684   5     16     48  
1080.0  18:00:54 42.395035 -72.526886   3     11     40  
1081.0  18:01:00 42.395123 -72.52693   4     12     40  
1081.0  18:01:03 42.395123 -72.52693   3     11     51  
1081.0  18:01:12 42.39525 -72.52673   4     18     52  
1081.0  18:01:20 42.39551 -72.52586   3     12     48  
1081.0  18:01:29 42.395695 -72.525215   3     11     41  
1081.0  18:01:39 42.395683 -72.52519   4     16     42  
1081.0  18:01:48 42.39568 -72.52518   5     11     55  
1081.0  18:01:57 42.39576 -72.525024   4     17     53  
1082.0  18:02:00 42.395996 -72.524315   4     10     45  
1082.0  18:02:05 42.396152 -72.523926   3     14     54  
1082.0  18:02:14 42.396755 -72.52308   4     15     52  
1082.0  18:02:22 42.397125 -72.52186   4     14     53  
1082.0  18:02:33 42.397106 -72.52128   3     11     47  
1082.0  18:02:42 42.397102 -72.521255   5     17     46  
1082.0  18:02:54 42.3972 -72.52106   3     14     47  
1083.0  18:03:00 42.39731 -72.51976   3     11     55  
1083.0  18:03:03 42.39731 -72.51976   3     18     48  
1083.0  18:03:12 42.397587 -72.51846   4     12     46  
1083.0  18:03:21 42.39805 -72.51713   3     12     55  
1083.0  18:03:32 42.39842 -72.515945   3     15     46  
1083.0  18:03:43 42.39845 -72.5157   5     18     52  
1083.0  18:03:52 42.39842 -72.51566   4     10     59  
1084.0  18:04:00 42.398403 -72.51568   4     15     42  
1084.0  18:04:01 42.398407 -72.51568   4     12     50  
1084.0  18:04:09 42.398396 -72.51568   4     10     57  
1084.0  18:04:20 42.39878 -72.51564   3     13     53  
1084.0  18:04:30 42.400265 -72.51568   5     12     59  
1084.0  18:04:41 42.401585 -72.515465   4     14     50  
1084.0  18:04:49 42.403084 -72.51515   3     12     59  
1084.0  18:04:58 42.40437 -72.5149   3     10     49  
1085.0  18:05:00 42.40506 -72.51477   4     16     51  
1085.0  18:05:08 42.405773 -72.51465   5     11     52  
1085.0  18:05:18 42.407104 -72.514435   3     10     55  
1085.0  18:05:29 42.40899 -72.51411   5     12     47  
1085.0  18:05:38 42.41042 -72.513756   3     13     43  
1085.0  18:05:46 42.411587 -72.51346   4     16     48  
1085.0  18:05:56 42.412575 -72.5132   4     15     57  
1086.0  18:06:00 42.412884 -72.51313   4     15     50  
1086.0  18:06:05 42.412903 -72.51312   5     19     53  
1086.0  18:06:14 42.413074 -72.512535   5     13     43  
1086.0  18:06:29 42.413116 -72.51073   5     12     55  
1086.0  18:06:40 42.413063 -72.50893   5     17     51  
1087.0  18:07:00 42.412975 -72.508   4     15     44  
1087.0  18:07:33 42.412895 -72.50591   5     12     46  
1087.0  18:07:38 42.412857 -72.50613   4     11     43  
1087.0  18:07:39 42.41315 -72.50608   5     17     58  
1087.0  18:07:42 42.412857 -72.50613   3     15     50  
1088.0  18:08:00 42.41533 -72.50733   3     16     50  
1088.0  18:08:01 42.41501 -72.50709   4     13     53  
1088.0  18:08:32 42.415623 -72.50745   4     17     52  
1088.0  18:08:35 42.415623 -72.50745   3     15     55  
1089.0  18:09:19 42.413036 -72.509415   3     14     43  
1089.0  18:09:30 42.413185 -72.511116   5     18     44  
1089.0  18:09:47 42.413013 -72.51281   5     14     42  
1089.0  18:09:55 42.41314 -72.51479   4     14     43  
1090.0  18:10:00 42.41342 -72.5156   4     15     51  
1090.0  18:10:04 42.413452 -72.51572   4     18     54  
1090.0  18:10:12 42.41354 -72.516335   3     10     57  
1090.0  18:10:24 42.413567 -72.517044   3     13     40  
1090.0  18:10:33 42.414055 -72.51809   4     14     48  
1090.0  18:10:42 42.414795 -72.51882   5     10     59  
1090.0  18:10:52 42.4151 -72.5196   5     17     43  
1091.0  18:11:00 42.41589 -72.51981   3     13     59  
1091.0  18:11:01 42.41566 -72.51975   4     12     58  
1091.0  18:11:13 42.416195 -72.52   5     17     53  
1091.0  18:11:27 42.41628 -72.51999   4     11     56  
1091.0  18:11:35 42.416267 -72.52   4     17     48  
1091.0  18:11:43 42.416237 -72.520004   5     17     54  
1091.0  18:11:52 42.416225 -72.52004   3     19     45  
1092.0  18:12:00 42.41636 -72.52025   4     14     45  
1092.0  18:12:01 42.416294 -72.52017   3     15     49  
1092.0  18:12:09 42.416634 -72.52061   4     12     50  
1092.0  18:12:20 42.417336 -72.52149   5     14     43  
1092.0  18:12:29 42.41756 -72.52239   4     19     50  
1092.0  18:12:37 42.417408 -72.52377   4     16     47  
1092.0  18:12:46 42.417286 -72.525215   4     11     40  
1092.0  18:12:55 42.41719 -72.52638   3     16     55  
1093.0  18:13:00 42.41717 -72.526985   3     19     59  
1093.0  18:13:03 42.41717 -72.526985   4     11     51  
1093.0  18:13:14 42.416924 -72.52715   3     16     59  
1093.0  18:13:23 42.415993 -72.52714   4     15     43  
1093.0  18:13:32 42.414894 -72.52764   4     10     55  
1093.0  18:13:40 42.41403 -72.528435   4     11     47  
1093.0  18:13:48 42.413143 -72.529236   5     13     50  
1093.0  18:13:57 42.412193 -72.52995   5     13     48  
1094.0  18:14:00 42.411316 -72.53051   3     18     54  
1094.0  18:14:08 42.410774 -72.53083   4     12     51  
1094.0  18:14:17 42.41052 -72.530975   3     10     57  
1094.0  18:14:26 42.410515 -72.531   4     19     49  
1094.0  18:14:34 42.410503 -72.53102   3     17     59  
1094.0  18:14:45 42.4105 -72.53104   5     19     40  
1094.0  18:14:54 42.41022 -72.53112   5     17     41  
1095.0  18:15:00 42.409595 -72.530914   5     14     59  
1095.0  18:15:06 42.40933 -72.53081   5     18     49  
1095.0  18:15:14 42.408485 -72.53054   3     13     42  
1095.0  18:15:23 42.407345 -72.53014   3     12     58  
1095.0  18:15:32 42.406223 -72.52984   3     12     53  
1095.0  18:15:41 42.405087 -72.529686   5     18     41  
1095.0  18:15:50 42.404087 -72.529625   3     19     42  
1096.0  18:16:00 42.402843 -72.52883   3     13     54  
1096.0  18:16:02 42.403027 -72.52897   3     14     55  
1096.0  18:16:11 42.401886 -72.528305   5     12     56  
1096.0  18:16:19 42.400795 -72.52794   3     14     48  
1096.0  18:16:29 42.399647 -72.52803   4     16     54  
1096.0  18:16:38 42.39853 -72.52812   3     19     44  
1096.0  18:16:47 42.3974 -72.52799   3     11     43  
1096.0  18:16:58 42.39631 -72.52752   3     16     43  
1097.0  18:17:00 42.39559 -72.52722   4     14     48  
1097.0  18:17:06 42.395294 -72.52708   5     14     59  
1097.0  18:17:15 42.395218 -72.527016   3     14     50  
1097.0  18:17:23 42.395226 -72.52701   5     13     56  
1097.0  18:17:33 42.395237 -72.52701   4     15     42  
1097.0  18:17:41 42.395245 -72.527016   5     18     48  
1097.0  18:17:51 42.39491 -72.52684   3     12     55  
1098.0  18:18:00 42.39418 -72.52642   4     14     50  
1098.0  18:18:00 42.393932 -72.526276   5     14     40  
1098.0  18:18:08 42.393593 -72.52609   4     13     52  
1098.0  18:18:17 42.393394 -72.52603   4     14     47  
1098.0  18:18:26 42.39341 -72.52605   4     19     44  
1098.0  18:18:35 42.393448 -72.52608   5     15     55  
1098.0  18:18:45 42.393436 -72.52606   3     12     49  
1098.0  18:18:54 42.393234 -72.52589   3     12     52  
1099.0  18:19:00 42.392662 -72.525665   5     15     51  
1099.0  18:19:02 42.392735 -72.52569   3     16     53  
1099.0  18:19:11 42.39193 -72.52546   5     11     52  
1099.0  18:19:20 42.39123 -72.52531   4     11     47  
1099.0  18:19:28 42.390846 -72.52528   5     17     44  
1099.0  18:19:39 42.390854 -72.52527   4     14     52  
1099.0  18:19:48 42.390533 -72.52515   5     16     49  
1099.0  18:19:56 42.389652 -72.52494   5     10     52  
1100.0  18:20:00 42.38902 -72.52468   3     13     47  
1100.0  18:20:05 42.388805 -72.52458   4     12     46  
1100.0  18:20:14 42.388016 -72.52409   5     16     40  
1100.0  18:20:22 42.38777 -72.523865   3     10     45  
1100.0  18:20:37 42.387802 -72.52389   5     19     58  
1100.0  18:20:48 42.387787 -72.523865   5     15     43  
1100.0  18:20:57 42.38778 -72.52386   3     12     49  
1101.0  18:21:00 42.387783 -72.52386   4     15     55  
1101.0  18:21:05 42.387783 -72.52386   4     15     55  
1101.0  18:21:13 42.387787 -72.523865   4     19     48  
1101.0  18:21:22 42.38779 -72.52389   4     13     44  
1101.0  18:21:30 42.387787 -72.52388   5     19     54  
1101.0  18:21:51 42.387707 -72.52369   3     14     42  
1102.0  18:22:00 42.38638 -72.522415   3     19     52  
1102.0  18:22:25 42.386047 -72.52294   4     15     56  
1102.0  18:22:37 42.3855 -72.52588   4     12     51  
1102.0  18:22:57 42.38497 -72.52812   4     14     40  
1103.0  18:23:00 42.384876 -72.52892   4     13     45  
1103.0  18:23:05 42.384888 -72.52921   3     18     45  
1103.0  18:23:14 42.385147 -72.53048   3     12     56  
1103.0  18:23:22 42.385193 -72.53085   4     14     56  
1103.0  18:23:33 42.38583 -72.530975   3     15     47  
1103.0  18:23:41 42.386795 -72.53135   4     10     56  
1103.0  18:23:50 42.387733 -72.53172   3     17     43  
1103.0  18:23:59 42.388733 -72.532135   5     12     52  
1104.0  18:24:00 42.389145 -72.53231   3     13     57  
1104.0  18:24:07 42.389557 -72.53248   4     19     46  
1104.0  18:24:16 42.390484 -72.532875   4     16     56  
1104.0  18:24:26 42.391502 -72.533295   3     13     57  
1104.0  18:24:35 42.392284 -72.53363   5     16     50  
1104.0  18:24:46 42.392693 -72.53365   3     19     44  
1104.0  18:24:55 42.392994 -72.53288   3     10     49  
1105.0  18:25:00 42.39323 -72.53248   4     16     56  
1105.0  18:25:04 42.393265 -72.53246   4     11     54  
1105.0  18:25:13 42.39365 -72.532616   4     10     58  
1105.0  18:25:24 42.394093 -72.532845   4     12     54  
1105.0  18:25:33 42.39414 -72.53286   3     12     59  
1105.0  18:25:42 42.39432 -72.53295   4     12     59  
1105.0  18:25:51 42.394707 -72.533134   4     18     44  
1106.0  18:26:00 42.39481 -72.5332   5     14     49  
1106.0  18:26:00 42.394794 -72.5332   4     13     53  
1106.0  18:26:17 42.394787 -72.5332   3     17     43  
1106.0  18:26:26 42.394768 -72.5332   5     16     58  
1106.0  18:26:35 42.394745 -72.53322   5     10     53  
1106.0  18:26:44 42.39475 -72.53322   4     11     58  
1106.0  18:26:52 42.394814 -72.533226   4     14     43  
1107.0  18:27:00 42.39486 -72.533226   3     19     53  
1107.0  18:27:01 42.394855 -72.533226   3     17     46  
1107.0  18:27:12 42.39485 -72.53322   3     14     46  
1107.0  18:27:20 42.394833 -72.53322   5     18     42  
1120.0  18:40:32 42.39476 -72.53384   5     12     55  
1120.0  18:40:44 42.394753 -72.53384   5     13     45  
1120.0  18:40:56 42.394753 -72.53382   4     10     50  
1121.0  18:41:09 42.39476 -72.53382   4     19     49  
1121.0  18:41:21 42.394756 -72.53381   4     14     44  
1122.0  18:42:00 42.394756 -72.53379   4     15     42  
1122.0  18:42:14 42.394756 -72.53379   5     11     42  
1122.0  18:42:26 42.394764 -72.533806   4     18     44  
1122.0  18:42:34 42.394764 -72.533844   3     12     50  
1122.0  18:42:42 42.394764 -72.53387   4     19     53  
1122.0  18:42:50 42.394764 -72.53386   5     11     51  
1122.0  18:42:59 42.394768 -72.533844   5     10     48  
1123.0  18:43:00 42.394768 -72.533844   4     19     46  
1123.0  18:43:07 42.394768 -72.533844   4     12     54  
1123.0  18:43:18 42.394768 -72.53384   3     14     42  
1123.0  18:43:27 42.39477 -72.53382   5     12     40  
1123.0  18:43:35 42.39477 -72.53382   5     15     45  
1123.0  18:43:44 42.394764 -72.53384   3     18     40  
1123.0  18:43:52 42.394768 -72.53381   3     17     42  
1124.0  18:44:00 42.394764 -72.53381   4     11     40  
1124.0  18:44:01 42.394764 -72.53381   5     17     50  
1124.0  18:44:11 42.394768 -72.53382   3     12     47  
1124.0  18:44:19 42.39476 -72.53381   3     19     43  
1124.0  18:44:28 42.39476 -72.53381   3     19     57  
1124.0  18:44:36 42.394756 -72.53379   5     19     50  
1124.0  18:44:45 42.394753 -72.533875   5     15     46  
1124.0  18:44:53 42.394646 -72.53395   5     14     58  
1125.0  18:45:00 42.39451 -72.53391   3     13     48  
1125.0  18:45:04 42.39451 -72.53391   3     11     59  
