600.0  10:00:00 42.325256 -72.531006   4     16     44  
600.0  10:00:04 42.325256 -72.531006   3     14     52  
600.0  10:00:13 42.325253 -72.53101   4     12     53  
600.0  10:00:21 42.32525 -72.53101   4     12     49  
600.0  10:00:30 42.325245 -72.53101   5     10     44  
600.0  10:00:41 42.325245 -72.53098   3     15     57  
600.0  10:00:49 42.32525 -72.53096   4     10     42  
600.0  10:00:58 42.325256 -72.53095   4     10     46  
601.0  10:01:00 42.325264 -72.530945   4     11     42  
601.0  10:01:06 42.32527 -72.530945   3     13     44  
601.0  10:01:15 42.32528 -72.53096   5     11     46  
601.0  10:01:23 42.325275 -72.53097   4     13     48  
601.0  10:01:34 42.32527 -72.53098   4     18     48  
601.0  10:01:43 42.32528 -72.53098   3     10     41  
601.0  10:01:52 42.325287 -72.531   4     13     46  
602.0  10:02:00 42.32529 -72.531006   3     10     56  
602.0  10:02:00 42.32529 -72.53101   3     17     50  
602.0  10:02:08 42.32528 -72.53105   3     13     50  
602.0  10:02:17 42.325275 -72.531075   5     14     59  
602.0  10:02:28 42.32527 -72.531075   5     18     57  
602.0  10:02:37 42.32527 -72.53107   3     13     49  
602.0  10:02:46 42.325275 -72.53105   5     16     40  
602.0  10:02:54 42.325287 -72.53104   5     19     42  
603.0  10:03:00 42.32529 -72.53103   5     16     43  
603.0  10:03:03 42.32529 -72.53103   5     16     41  
603.0  10:03:11 42.325294 -72.53102   3     11     45  
603.0  10:03:21 42.32529 -72.53102   3     16     47  
603.0  10:03:29 42.325287 -72.53102   3     11     49  
603.0  10:03:37 42.325283 -72.53103   3     12     49  
603.0  10:03:45 42.32528 -72.53104   3     16     53  
603.0  10:03:54 42.325283 -72.53103   3     14     47  
604.0  10:04:00 42.32529 -72.53102   3     17     46  
604.0  10:04:03 42.32529 -72.53102   3     15     51  
604.0  10:04:14 42.32529 -72.53102   3     10     46  
604.0  10:04:22 42.32529 -72.53102   5     14     43  
604.0  10:04:31 42.325287 -72.53103   5     16     58  
604.0  10:04:39 42.325287 -72.53105   4     17     46  
604.0  10:04:48 42.325283 -72.53107   4     11     57  
604.0  10:04:57 42.32528 -72.53107   5     17     58  
605.0  10:05:00 42.32528 -72.53106   3     15     40  
605.0  10:05:08 42.32528 -72.53106   5     18     51  
605.0  10:05:16 42.325275 -72.53105   5     19     47  
605.0  10:05:25 42.325275 -72.53104   4     11     48  
605.0  10:05:33 42.325275 -72.53103   3     11     56  
605.0  10:05:41 42.32527 -72.53103   3     16     43  
605.0  10:05:49 42.325268 -72.53102   3     10     46  
605.0  10:05:59 42.32527 -72.531   3     13     55  
606.0  10:06:00 42.32527 -72.531   3     15     45  
606.0  10:06:08 42.32527 -72.531   3     12     47  
606.0  10:06:17 42.32527 -72.531   4     14     51  
606.0  10:06:25 42.32527 -72.531006   4     16     52  
606.0  10:06:35 42.325268 -72.531006   4     12     52  
606.0  10:06:43 42.32526 -72.531006   4     15     48  
606.0  10:06:54 42.325245 -72.53098   4     16     41  
607.0  10:07:00 42.32523 -72.530975   3     14     59  
607.0  10:07:03 42.32523 -72.530975   4     13     44  
607.0  10:07:12 42.325222 -72.530975   5     13     50  
607.0  10:07:20 42.32522 -72.530975   5     13     56  
607.0  10:07:29 42.325226 -72.53097   4     16     47  
607.0  10:07:38 42.325233 -72.53097   4     14     45  
607.0  10:07:48 42.325233 -72.53097   4     17     51  
607.0  10:07:57 42.325237 -72.53097   3     11     40  
608.0  10:08:00 42.32524 -72.53097   4     10     46  
608.0  10:08:05 42.325245 -72.53097   3     13     41  
608.0  10:08:14 42.325245 -72.53097   5     12     46  
608.0  10:08:22 42.325245 -72.530975   4     14     43  
608.0  10:08:32 42.325245 -72.53098   5     15     47  
608.0  10:08:44 42.325245 -72.53098   4     13     51  
608.0  10:08:52 42.32524 -72.531   3     12     40  
609.0  10:09:00 42.325237 -72.531006   3     13     47  
609.0  10:09:01 42.325237 -72.531006   5     18     43  
609.0  10:09:10 42.325237 -72.531006   4     10     53  
609.0  10:09:18 42.32524 -72.531006   3     18     57  
609.0  10:09:28 42.325245 -72.531006   5     14     42  
609.0  10:09:40 42.32525 -72.531   5     16     50  
609.0  10:09:50 42.32525 -72.53099   5     10     47  
609.0  10:09:58 42.32525 -72.53098   3     17     45  
610.0  10:10:00 42.325253 -72.53098   4     19     57  
610.0  10:10:07 42.325253 -72.53098   5     15     42  
610.0  10:10:16 42.325253 -72.53098   4     19     47  
610.0  10:10:24 42.325253 -72.53097   4     14     55  
610.0  10:10:35 42.325256 -72.530975   4     13     52  
610.0  10:10:43 42.32525 -72.53097   4     10     48  
610.0  10:10:52 42.325245 -72.53097   4     19     51  
611.0  10:11:00 42.325245 -72.53097   4     15     56  
611.0  10:11:00 42.325245 -72.53097   5     15     49  
611.0  10:11:08 42.325245 -72.53097   3     10     52  
611.0  10:11:17 42.325245 -72.53097   4     16     49  
611.0  10:11:28 42.325104 -72.53129   4     12     59  
611.0  10:11:40 42.324905 -72.530914   5     10     40  
611.0  10:11:49 42.32507 -72.52986   4     10     49  
611.0  10:11:58 42.32508 -72.528984   4     17     44  
612.0  10:12:00 42.325085 -72.52883   4     11     49  
612.0  10:12:07 42.32501 -72.52874   4     14     53  
612.0  10:12:18 42.324352 -72.52869   5     19     55  
612.0  10:12:27 42.323654 -72.52843   5     10     57  
612.0  10:12:34 42.32292 -72.528564   3     16     46  
612.0  10:12:42 42.32246 -72.52917   5     18     48  
612.0  10:12:50 42.322224 -72.52977   4     16     56  
612.0  10:12:58 42.322174 -72.529915   5     18     47  
613.0  10:13:00 42.322174 -72.529915   3     17     46  
613.0  10:13:09 42.32218 -72.52991   3     13     46  
613.0  10:13:18 42.322166 -72.52994   5     18     47  
613.0  10:13:26 42.32211 -72.53009   4     16     57  
613.0  10:13:35 42.321968 -72.5305   3     14     44  
613.0  10:13:44 42.321888 -72.53126   4     19     50  
613.0  10:13:53 42.32181 -72.53221   5     12     51  
614.0  10:14:00 42.321705 -72.53324   5     14     54  
614.0  10:14:03 42.321705 -72.53324   5     15     43  
614.0  10:14:12 42.321766 -72.53403   4     12     59  
614.0  10:14:20 42.32153 -72.53434   4     15     56  
614.0  10:14:30 42.321007 -72.53436   3     18     40  
614.0  10:14:38 42.32081 -72.533875   5     15     48  
614.0  10:14:46 42.321068 -72.533646   5     12     41  
614.0  10:14:56 42.32119 -72.53414   4     14     55  
615.0  10:15:00 42.321117 -72.5343   4     12     58  
615.0  10:15:04 42.32107 -72.534325   3     11     55  
615.0  10:15:12 42.320595 -72.53437   4     10     45  
615.0  10:15:20 42.320507 -72.53438   5     14     56  
615.0  10:15:28 42.320503 -72.53438   4     18     44  
615.0  10:15:36 42.320404 -72.534386   4     19     40  
615.0  10:15:46 42.320354 -72.53443   5     13     41  
615.0  10:15:55 42.3204 -72.53512   5     18     51  
616.0  10:16:00 42.320446 -72.53664   4     10     55  
616.0  10:16:14 42.320446 -72.53664   4     16     42  
616.0  10:16:18 42.320446 -72.53664   4     16     54  
616.0  10:16:29 42.319565 -72.541275   3     15     45  
616.0  10:16:39 42.31989 -72.54395   4     19     56  
616.0  10:16:52 42.3204 -72.54581   3     19     53  
617.0  10:17:00 42.321243 -72.54891   5     14     57  
617.0  10:17:01 42.321102 -72.54829   5     16     42  
617.0  10:17:10 42.321514 -72.55017   4     18     53  
617.0  10:17:18 42.32206 -72.55197   4     17     47  
617.0  10:17:32 42.32361 -72.554214   5     11     47  
617.0  10:17:40 42.324596 -72.55536   3     12     52  
617.0  10:17:49 42.325596 -72.55652   4     13     55  
617.0  10:17:57 42.326565 -72.55765   3     13     41  
618.0  10:18:00 42.3274 -72.55862   3     16     48  
618.0  10:18:05 42.327637 -72.55889   4     18     49  
618.0  10:18:13 42.328453 -72.55985   5     14     40  
618.0  10:18:26 42.32938 -72.56106   4     14     59  
618.0  10:18:34 42.330173 -72.56253   5     13     45  
618.0  10:18:45 42.33021 -72.56391   5     10     55  
618.0  10:18:54 42.329597 -72.5658   4     17     58  
619.0  10:19:00 42.32939 -72.56763   4     19     53  
619.0  10:19:03 42.329403 -72.567444   3     17     58  
619.0  10:19:18 42.32957 -72.56967   3     19     48  
619.0  10:19:26 42.330193 -72.57186   4     15     45  
619.0  10:19:35 42.330647 -72.573296   5     13     53  
619.0  10:19:43 42.331207 -72.57486   4     14     44  
619.0  10:19:52 42.331703 -72.57624   4     18     59  
620.0  10:20:00 42.331783 -72.57764   4     10     42  
620.0  10:20:01 42.331783 -72.577484   3     11     58  
620.0  10:20:11 42.33192 -72.57791   4     17     53  
620.0  10:20:19 42.332603 -72.578476   3     17     40  
620.0  10:20:28 42.33329 -72.57947   5     10     52  
620.0  10:20:36 42.33369 -72.580765   3     16     50  
620.0  10:20:44 42.33393 -72.58238   3     13     47  
620.0  10:20:52 42.334145 -72.58372   3     18     56  
621.0  10:21:00 42.33432 -72.585945   5     12     50  
621.0  10:21:01 42.334297 -72.58559   3     11     43  
621.0  10:21:10 42.334362 -72.586975   5     19     44  
621.0  10:21:18 42.33443 -72.588264   4     10     56  
621.0  10:21:26 42.334446 -72.58955   4     18     48  
621.0  10:21:34 42.334423 -72.59115   4     17     47  
621.0  10:21:42 42.334442 -72.592995   4     16     44  
621.0  10:21:52 42.33503 -72.59492   3     18     50  
622.0  10:22:00 42.336033 -72.59695   4     17     46  
622.0  10:22:01 42.335827 -72.59631   5     18     59  
622.0  10:22:12 42.336273 -72.598335   4     16     48  
622.0  10:22:20 42.336666 -72.60089   4     12     46  
622.0  10:22:33 42.336983 -72.602745   3     18     55  
622.0  10:22:44 42.337547 -72.60604   5     10     41  
622.0  10:22:52 42.337814 -72.60726   3     11     46  
623.0  10:23:00 42.33865 -72.60818   4     17     48  
623.0  10:23:00 42.33899 -72.60829   5     11     46  
623.0  10:23:08 42.339314 -72.60838   4     13     41  
623.0  10:23:16 42.33948 -72.60843   4     18     58  
623.0  10:23:24 42.33951 -72.60842   5     11     54  
623.0  10:23:34 42.339535 -72.60842   3     11     41  
623.0  10:23:42 42.339546 -72.60841   4     17     44  
623.0  10:23:50 42.33955 -72.60841   5     14     45  
623.0  10:23:59 42.339542 -72.6084   3     14     40  
624.0  10:24:00 42.339542 -72.6084   3     17     51  
624.0  10:24:07 42.33956 -72.608406   4     10     49  
624.0  10:24:18 42.339584 -72.608894   4     17     50  
624.0  10:24:28 42.33912 -72.61134   4     12     47  
624.0  10:24:37 42.33892 -72.613   5     10     58  
624.0  10:24:46 42.33868 -72.61482   4     17     50  
624.0  10:24:54 42.337875 -72.616356   3     17     40  
625.0  10:25:00 42.336742 -72.61763   3     15     51  
625.0  10:25:02 42.33687 -72.61749   3     18     54  
625.0  10:25:10 42.33587 -72.61862   3     16     51  
625.0  10:25:22 42.33473 -72.61992   4     15     51  
625.0  10:25:30 42.33375 -72.62093   5     11     58  
625.0  10:25:38 42.332798 -72.6217   5     10     55  
625.0  10:25:46 42.33178 -72.622475   5     18     41  
625.0  10:25:54 42.330627 -72.62332   5     15     54  
626.0  10:26:00 42.32948 -72.623985   3     19     45  
626.0  10:26:02 42.329605 -72.62392   4     11     56  
626.0  10:26:12 42.328377 -72.62458   4     12     42  
626.0  10:26:21 42.32739 -72.625046   3     19     57  
626.0  10:26:29 42.32638 -72.625244   5     13     50  
626.0  10:26:38 42.325245 -72.625244   3     10     49  
626.0  10:26:47 42.324173 -72.625244   5     18     42  
626.0  10:26:55 42.323315 -72.62525   5     14     41  
627.0  10:27:00 42.32251 -72.62578   4     11     58  
627.0  10:27:06 42.32237 -72.626   4     11     50  
627.0  10:27:14 42.321854 -72.62686   4     19     46  
627.0  10:27:23 42.32128 -72.62771   4     12     50  
627.0  10:27:31 42.320724 -72.62834   3     13     58  
627.0  10:27:40 42.32036 -72.62868   5     10     52  
627.0  10:27:48 42.32016 -72.6289   3     13     40  
627.0  10:27:59 42.31995 -72.62915   3     16     40  
628.0  10:28:00 42.319878 -72.62926   3     14     49  
628.0  10:28:07 42.319847 -72.62931   5     18     57  
628.0  10:28:16 42.319508 -72.629906   3     15     55  
628.0  10:28:25 42.31925 -72.63038   3     13     49  
628.0  10:28:34 42.319225 -72.63037   4     17     58  
628.0  10:28:42 42.318893 -72.63082   3     13     40  
628.0  10:28:53 42.31836 -72.63151   3     10     49  
629.0  10:29:00 42.317863 -72.63229   5     16     52  
629.0  10:29:01 42.31792 -72.632095   4     13     54  
629.0  10:29:09 42.317772 -72.632935   5     16     58  
629.0  10:29:18 42.31776 -72.633644   4     11     56  
629.0  10:29:27 42.317783 -72.63378   4     11     55  
629.0  10:29:35 42.317787 -72.6338   5     15     49  
629.0  10:29:45 42.317783 -72.63379   4     11     44  
629.0  10:29:57 42.317783 -72.63378   4     19     45  
630.0  10:30:00 42.317787 -72.63377   5     10     53  
630.0  10:30:05 42.31779 -72.63377   4     17     49  
630.0  10:30:13 42.317787 -72.63378   3     10     56  
630.0  10:30:22 42.31778 -72.63378   5     14     40  
630.0  10:30:31 42.317776 -72.63379   5     10     44  
630.0  10:30:42 42.317772 -72.63379   5     19     59  
630.0  10:30:51 42.31777 -72.633835   3     15     59  
631.0  10:31:00 42.31779 -72.6345   3     14     54  
631.0  10:31:01 42.317776 -72.634445   5     13     45  
631.0  10:31:10 42.31781 -72.63451   3     16     56  
631.0  10:31:19 42.31783 -72.634514   4     11     47  
631.0  10:31:28 42.318005 -72.63505   3     15     46  
631.0  10:31:39 42.318638 -72.63576   5     16     45  
631.0  10:31:48 42.31893 -72.636116   4     19     44  
631.0  10:31:58 42.319187 -72.63659   4     14     56  
632.0  10:32:00 42.319473 -72.63714   3     18     56  
632.0  10:32:08 42.31954 -72.63725   4     14     59  
632.0  10:32:17 42.319565 -72.63731   5     16     40  
632.0  10:32:25 42.31963 -72.63741   4     18     41  
632.0  10:32:35 42.31978 -72.63759   5     13     59  
632.0  10:32:45 42.319813 -72.637596   5     10     48  
632.0  10:32:53 42.319916 -72.63772   3     14     49  
633.0  10:33:00 42.320095 -72.63793   5     16     51  
633.0  10:33:01 42.320107 -72.63788   3     17     57  
633.0  10:33:09 42.320023 -72.638016   4     17     55  
633.0  10:33:18 42.31983 -72.63797   5     11     57  
633.0  10:33:28 42.319622 -72.63759   4     10     44  
633.0  10:33:37 42.31962 -72.637566   4     14     55  
633.0  10:33:45 42.31962 -72.63755   5     15     48  
633.0  10:33:54 42.31962 -72.63754   4     12     46  
634.0  10:34:00 42.319622 -72.637535   5     15     46  
634.0  10:34:02 42.319622 -72.637535   5     18     55  
634.0  10:34:11 42.319626 -72.63753   5     14     55  
634.0  10:34:22 42.31962 -72.63752   3     12     51  
634.0  10:34:30 42.319607 -72.63752   3     16     50  
634.0  10:34:38 42.319614 -72.63751   3     12     41  
634.0  10:34:46 42.31963 -72.63751   3     14     43  
634.0  10:34:54 42.31964 -72.637505   3     12     58  
635.0  10:35:00 42.319653 -72.6375   5     16     55  
635.0  10:35:02 42.31965 -72.6375   4     12     42  
635.0  10:35:12 42.31966 -72.63749   3     17     42  
635.0  10:35:20 42.319653 -72.63749   3     13     55  
635.0  10:35:28 42.319645 -72.63749   4     11     54  
635.0  10:35:36 42.31964 -72.63749   3     15     44  
635.0  10:35:43 42.319626 -72.63749   3     13     57  
635.0  10:35:52 42.319607 -72.63748   5     14     47  
636.0  10:36:00 42.319584 -72.63748   4     14     58  
636.0  10:36:02 42.319584 -72.63748   3     17     50  
636.0  10:36:11 42.319572 -72.637405   4     13     58  
636.0  10:36:20 42.319305 -72.636826   5     13     50  
636.0  10:36:28 42.31911 -72.63646   5     13     40  
636.0  10:36:36 42.319073 -72.636406   4     19     57  
636.0  10:36:44 42.318745 -72.635925   5     10     48  
636.0  10:36:54 42.318012 -72.6352   3     19     54  
637.0  10:37:00 42.3177 -72.63472   4     17     52  
637.0  10:37:03 42.3177 -72.63472   4     19     51  
637.0  10:37:11 42.317677 -72.63437   4     10     51  
637.0  10:37:20 42.317677 -72.63437   4     12     57  
637.0  10:37:27 42.317688 -72.63438   3     15     42  
637.0  10:37:36 42.317696 -72.63438   5     11     45  
637.0  10:37:46 42.31769 -72.63437   4     15     58  
637.0  10:37:55 42.31769 -72.63436   5     11     52  
638.0  10:38:00 42.317684 -72.63435   3     17     49  
638.0  10:38:04 42.317684 -72.63435   3     18     52  
638.0  10:38:13 42.317677 -72.634346   5     15     50  
638.0  10:38:22 42.317677 -72.634346   3     11     46  
638.0  10:38:31 42.317688 -72.63436   5     13     59  
638.0  10:38:41 42.317703 -72.63383   5     10     52  
638.0  10:38:50 42.317707 -72.63326   5     12     57  
639.0  10:39:00 42.317726 -72.633286   5     10     40  
639.0  10:39:02 42.317722 -72.633286   4     14     51  
639.0  10:39:11 42.317734 -72.63328   5     13     56  
639.0  10:39:19 42.317795 -72.63293   3     16     42  
639.0  10:39:28 42.31786 -72.63224   5     12     58  
639.0  10:39:38 42.318108 -72.63159   4     17     56  
639.0  10:39:47 42.318443 -72.631256   3     19     58  
639.0  10:39:56 42.31872 -72.63097   3     14     41  
640.0  10:40:00 42.318733 -72.630936   3     12     57  
640.0  10:40:05 42.318764 -72.63089   5     19     48  
640.0  10:40:13 42.318882 -72.63072   4     12     50  
640.0  10:40:21 42.31893 -72.63069   5     12     44  
640.0  10:40:32 42.319035 -72.6306   4     16     57  
640.0  10:40:40 42.319218 -72.630295   4     13     42  
640.0  10:40:47 42.3195 -72.62984   4     16     49  
640.0  10:40:58 42.31997 -72.62909   4     15     58  
641.0  10:41:00 42.32039 -72.62858   4     11     54  
641.0  10:41:08 42.320545 -72.628426   4     18     53  
641.0  10:41:17 42.321274 -72.62768   5     16     42  
641.0  10:41:28 42.3216 -72.62717   5     11     59  
641.0  10:41:36 42.3216 -72.62716   5     17     41  
641.0  10:41:45 42.321617 -72.62717   4     15     53  
641.0  10:41:55 42.32163 -72.62717   3     10     45  
642.0  10:42:00 42.32175 -72.62709   4     14     49  
642.0  10:42:03 42.32175 -72.62709   4     11     56  
642.0  10:42:11 42.322186 -72.62642   5     14     45  
642.0  10:42:21 42.32288 -72.62533   3     13     42  
642.0  10:42:29 42.32363 -72.62517   5     18     55  
642.0  10:42:38 42.32465 -72.62519   3     12     47  
642.0  10:42:46 42.32558 -72.625175   5     18     56  
642.0  10:42:55 42.326496 -72.62515   4     18     58  
643.0  10:43:00 42.327644 -72.62489   3     18     47  
643.0  10:43:03 42.327644 -72.62489   5     19     44  
643.0  10:43:14 42.328876 -72.62426   4     16     54  
643.0  10:43:22 42.329975 -72.62365   5     15     53  
643.0  10:43:30 42.331 -72.62301   5     15     58  
643.0  10:43:38 42.33194 -72.62219   3     17     46  
643.0  10:43:46 42.332375 -72.621765   5     10     53  
643.0  10:43:54 42.33236 -72.62177   3     13     40  
644.0  10:44:00 42.332344 -72.62177   3     15     48  
644.0  10:44:05 42.332344 -72.62177   4     16     58  
644.0  10:44:14 42.332718 -72.621475   5     12     53  
644.0  10:44:22 42.33345 -72.62095   4     10     44  
644.0  10:44:31 42.33361 -72.62079   3     10     57  
644.0  10:44:40 42.33361 -72.62077   4     15     44  
644.0  10:44:49 42.333607 -72.62077   4     12     45  
644.0  10:44:59 42.333595 -72.6208   4     10     54  
645.0  10:45:00 42.33359 -72.62081   4     17     54  
645.0  10:45:08 42.333576 -72.620834   4     19     59  
645.0  10:45:16 42.33356 -72.62086   3     16     44  
645.0  10:45:24 42.333626 -72.620804   5     13     58  
645.0  10:45:33 42.334175 -72.620346   4     17     58  
645.0  10:45:42 42.33508 -72.61936   3     13     42  
645.0  10:45:53 42.33636 -72.617874   3     11     57  
646.0  10:46:00 42.33771 -72.61632   3     14     51  
646.0  10:46:02 42.337463 -72.6166   4     18     57  
646.0  10:46:11 42.338406 -72.61521   4     14     56  
646.0  10:46:20 42.33878 -72.6134   5     10     56  
646.0  10:46:28 42.3388 -72.61177   3     14     51  
646.0  10:46:38 42.338497 -72.61051   4     17     49  
646.0  10:46:49 42.33803 -72.608444   4     16     59  
646.0  10:46:57 42.3381 -72.60781   5     16     45  
647.0  10:47:00 42.33794 -72.6075   3     14     52  
647.0  10:47:05 42.33783 -72.6073   4     16     43  
647.0  10:47:14 42.33753 -72.60615   5     15     41  
647.0  10:47:23 42.337433 -72.60569   3     15     49  
647.0  10:47:34 42.33742 -72.605675   3     19     42  
647.0  10:47:46 42.337406 -72.60565   3     19     42  
647.0  10:47:54 42.3374 -72.605644   4     11     46  
648.0  10:48:00 42.3374 -72.605644   4     19     50  
648.0  10:48:03 42.3374 -72.605644   4     13     40  
648.0  10:48:11 42.3374 -72.605644   4     10     55  
648.0  10:48:20 42.337402 -72.60565   5     13     47  
648.0  10:48:28 42.337406 -72.60566   4     13     51  
648.0  10:48:40 42.337406 -72.60567   3     11     45  
648.0  10:48:49 42.337402 -72.60565   4     10     56  
648.0  10:48:57 42.3374 -72.60565   4     13     44  
649.0  10:49:00 42.3374 -72.605644   3     14     42  
649.0  10:49:05 42.3374 -72.605644   5     12     46  
649.0  10:49:13 42.337402 -72.60565   3     14     43  
649.0  10:49:22 42.33741 -72.60559   3     10     45  
649.0  10:49:32 42.337246 -72.6045   3     10     58  
649.0  10:49:40 42.33695 -72.60277   5     19     41  
649.0  10:49:49 42.33665 -72.60102   5     13     48  
649.0  10:49:57 42.336334 -72.59898   3     14     49  
650.0  10:50:00 42.336124 -72.59761   5     18     59  
650.0  10:50:06 42.336052 -72.59717   4     11     45  
650.0  10:50:14 42.33551 -72.595634   5     16     51  
650.0  10:50:24 42.334606 -72.593925   5     10     53  
650.0  10:50:31 42.334373 -72.59233   3     13     45  
650.0  10:50:39 42.334393 -72.590706   4     17     56  
650.0  10:50:48 42.334427 -72.5891   3     19     47  
650.0  10:50:56 42.334373 -72.58751   4     16     54  
651.0  10:51:00 42.33429 -72.58592   4     17     50  
651.0  10:51:05 42.33428 -72.58573   5     14     53  
651.0  10:51:16 42.334045 -72.5832   5     19     57  
651.0  10:51:29 42.333805 -72.58172   4     16     45  
651.0  10:51:39 42.3334 -72.57968   4     12     41  
651.0  10:51:47 42.332687 -72.57861   4     15     55  
651.0  10:51:55 42.331985 -72.5779   4     17     48  
652.0  10:52:00 42.331722 -72.57736   5     19     57  
652.0  10:52:06 42.33173 -72.57712   5     17     59  
652.0  10:52:14 42.331505 -72.57574   3     11     49  
652.0  10:52:24 42.33099 -72.57432   4     15     47  
652.0  10:52:32 42.33036 -72.57252   5     12     53  
652.0  10:52:41 42.329903 -72.57097   5     12     51  
652.0  10:52:49 42.329403 -72.56906   3     18     59  
653.0  10:53:00 42.329388 -72.56694   4     14     54  
653.0  10:53:00 42.32945 -72.56636   5     19     45  
653.0  10:53:17 42.329655 -72.565414   5     13     49  
653.0  10:53:26 42.330055 -72.562225   5     11     42  
653.0  10:53:35 42.32942 -72.561104   4     16     54  
653.0  10:53:43 42.32847 -72.55987   3     11     41  
653.0  10:53:54 42.3272 -72.55841   3     18     47  
654.0  10:54:00 42.326035 -72.557045   5     15     50  
654.0  10:54:03 42.326157 -72.55719   3     12     47  
654.0  10:54:11 42.32517 -72.55603   5     17     42  
654.0  10:54:20 42.32405 -72.554726   3     13     40  
654.0  10:54:28 42.32308 -72.55353   5     18     44  
654.0  10:54:37 42.32209 -72.55204   5     10     51  
654.0  10:54:48 42.32146 -72.55017   4     15     54  
654.0  10:54:57 42.321083 -72.54837   4     11     45  
655.0  10:55:00 42.320675 -72.54677   3     10     44  
655.0  10:55:06 42.32062 -72.54657   3     13     40  
655.0  10:55:14 42.320065 -72.54474   5     18     40  
655.0  10:55:23 42.319633 -72.542854   5     13     53  
655.0  10:55:31 42.31952 -72.54125   5     11     56  
655.0  10:55:46 42.32001 -72.53844   5     19     43  
655.0  10:55:56 42.320396 -72.536644   5     12     53  
656.0  10:56:00 42.320393 -72.53528   5     18     42  
656.0  10:56:08 42.32037 -72.535   3     15     42  
656.0  10:56:17 42.32033 -72.53441   3     17     46  
656.0  10:56:26 42.320732 -72.5343   3     11     44  
656.0  10:56:36 42.320847 -72.53386   4     19     47  
656.0  10:56:45 42.321144 -72.533714   3     13     50  
656.0  10:56:53 42.32118 -72.53414   5     17     49  
657.0  10:57:00 42.321457 -72.53425   4     18     45  
657.0  10:57:02 42.321404 -72.53426   5     16     41  
657.0  10:57:11 42.321705 -72.534225   4     12     58  
657.0  10:57:20 42.321754 -72.533775   5     11     51  
657.0  10:57:30 42.32176 -72.53249   3     19     51  
657.0  10:57:39 42.3219 -72.531624   3     10     45  
657.0  10:57:48 42.321915 -72.53069   5     14     40  
657.0  10:57:56 42.322094 -72.53001   3     17     52  
658.0  10:58:00 42.322155 -72.52985   3     14     52  
658.0  10:58:05 42.322178 -72.52979   5     18     49  
658.0  10:58:13 42.322247 -72.529625   5     17     41  
658.0  10:58:24 42.322617 -72.52884   4     16     56  
658.0  10:58:32 42.32352 -72.528366   5     13     57  
658.0  10:58:41 42.324375 -72.528656   3     18     42  
658.0  10:58:50 42.32503 -72.52873   4     12     51  
658.0  10:58:59 42.325138 -72.52879   3     15     47  
659.0  10:59:00 42.325157 -72.52913   4     18     47  
659.0  10:59:07 42.325146 -72.529495   5     15     55  
659.0  10:59:17 42.325138 -72.53032   3     16     44  
659.0  10:59:25 42.325256 -72.53067   5     15     54  
659.0  10:59:34 42.32526 -72.53075   5     14     51  
659.0  10:59:42 42.325245 -72.53078   4     15     52  
659.0  10:59:51 42.325287 -72.5308   3     15     59  
659.0  10:59:59 42.325287 -72.53094   4     12     43  
660.0  11:00:00 42.32527 -72.53097   5     14     53  
660.0  11:00:10 42.325268 -72.531006   5     12     42  
660.0  11:00:18 42.325264 -72.53102   5     14     59  
660.0  11:00:27 42.325264 -72.53103   5     19     56  
660.0  11:00:36 42.325264 -72.53103   3     18     47  
660.0  11:00:44 42.325268 -72.531044   5     16     53  
672.0  11:12:35 42.3251 -72.52932   3     18     55  
672.0  11:12:47 42.32503 -72.5288   3     19     40  
673.0  11:13:48 42.322033 -72.530235   3     12     43  
673.0  11:13:59 42.32189 -72.53126   4     17     41  
674.0  11:14:00 42.32188 -72.53183   4     12     59  
674.0  11:14:07 42.321823 -72.532166   3     16     58  
674.0  11:14:15 42.321705 -72.533165   3     17     40  
674.0  11:14:23 42.321754 -72.534004   4     11     42  
674.0  11:14:32 42.321453 -72.53433   3     17     43  
674.0  11:14:41 42.32089 -72.53438   3     16     41  
674.0  11:14:52 42.320396 -72.53442   5     16     45  
675.0  11:15:00 42.32039 -72.53441   3     10     40  
675.0  11:15:04 42.320385 -72.53442   4     10     55  
675.0  11:15:13 42.32034 -72.53449   5     14     52  
675.0  11:15:22 42.320435 -72.53551   4     19     56  
675.0  11:15:42 42.320408 -72.53688   4     13     52  
675.0  11:15:56 42.31954 -72.542366   5     11     51  
676.0  11:16:00 42.31984 -72.543816   4     16     47  
676.0  11:16:05 42.319935 -72.54424   4     18     56  
676.0  11:16:17 42.320408 -72.5459   3     16     55  
676.0  11:16:27 42.321136 -72.54855   4     13     45  
676.0  11:16:36 42.32156 -72.5505   5     19     40  
676.0  11:16:48 42.322536 -72.55276   4     12     53  
676.0  11:16:56 42.323624 -72.55422   5     18     45  
677.0  11:17:00 42.324543 -72.55528   3     13     41  
677.0  11:17:06 42.3248 -72.55557   4     12     57  
677.0  11:17:15 42.326065 -72.55705   4     15     53  
677.0  11:17:24 42.327206 -72.558395   5     11     49  
677.0  11:17:36 42.327206 -72.558395   3     16     52  
677.0  11:17:48 42.329758 -72.561615   5     12     54  
678.0  11:18:00 42.330067 -72.56446   3     10     44  
678.0  11:18:03 42.330235 -72.563095   3     12     49  
678.0  11:18:11 42.329617 -72.56573   4     13     57  
678.0  11:18:20 42.329456 -72.566666   4     12     42  
678.0  11:18:33 42.329437 -72.56671   3     10     59  
678.0  11:18:43 42.329365 -72.56768   5     13     56  
678.0  11:18:51 42.32942 -72.56911   5     18     41  
679.0  11:19:00 42.329834 -72.570694   4     16     58  
679.0  11:19:00 42.330063 -72.57148   3     12     40  
679.0  11:19:09 42.330345 -72.57244   5     16     43  
679.0  11:19:17 42.330868 -72.573975   3     12     42  
679.0  11:19:26 42.331364 -72.575325   3     16     57  
679.0  11:19:37 42.331753 -72.57692   4     15     53  
679.0  11:19:45 42.33177 -72.57776   5     16     51  
679.0  11:19:53 42.331795 -72.57764   3     11     53  
680.0  11:20:00 42.332134 -72.57794   5     13     56  
680.0  11:20:02 42.33198 -72.57784   5     18     44  
680.0  11:20:10 42.33271 -72.5786   4     12     40  
680.0  11:20:19 42.333378 -72.57959   4     10     49  
680.0  11:20:29 42.3338 -72.58156   5     13     57  
680.0  11:20:38 42.334045 -72.58311   5     12     46  
680.0  11:20:46 42.33425 -72.58504   4     10     58  
680.0  11:20:54 42.33434 -72.5867   5     14     42  
681.0  11:21:00 42.33442 -72.58817   5     17     56  
681.0  11:21:03 42.33441 -72.588005   4     14     43  
681.0  11:21:11 42.334435 -72.58954   4     11     46  
681.0  11:21:22 42.3344 -72.59181   3     10     40  
681.0  11:21:31 42.334476 -72.59346   5     10     50  
681.0  11:21:41 42.335117 -72.595116   4     13     53  
681.0  11:21:59 42.335964 -72.59679   4     14     46  
682.0  11:22:00 42.33648 -72.599884   5     17     43  
682.0  11:22:03 42.335964 -72.59679   3     15     58  
682.0  11:22:17 42.336998 -72.60303   3     10     49  
682.0  11:22:28 42.337364 -72.605125   3     14     49  
682.0  11:22:36 42.337593 -72.60649   3     14     45  
682.0  11:22:45 42.33808 -72.60777   4     11     42  
682.0  11:22:53 42.33894 -72.60829   5     19     55  
683.0  11:23:00 42.33945 -72.60842   3     18     52  
683.0  11:23:02 42.33937 -72.608406   5     17     46  
683.0  11:23:10 42.339527 -72.60884   4     14     53  
683.0  11:23:23 42.339146 -72.61087   5     10     51  
683.0  11:23:31 42.338943 -72.61237   5     15     46  
683.0  11:23:39 42.338818 -72.61379   4     14     57  
683.0  11:23:48 42.338345 -72.61563   4     18     50  
683.0  11:23:56 42.337246 -72.61704   4     10     40  
684.0  11:24:00 42.336365 -72.61804   5     15     55  
684.0  11:24:05 42.33624 -72.61818   5     13     55  
684.0  11:24:16 42.33502 -72.619576   5     12     40  
684.0  11:24:24 42.334217 -72.62049   5     12     41  
684.0  11:24:33 42.33336 -72.62125   5     16     45  
684.0  11:24:41 42.33226 -72.62207   5     11     53  
684.0  11:24:49 42.331383 -72.622734   3     18     47  
684.0  11:24:58 42.33043 -72.623405   5     18     40  
685.0  11:25:00 42.329723 -72.623825   4     11     43  
685.0  11:25:08 42.329147 -72.62414   5     10     57  
685.0  11:25:17 42.328255 -72.62464   5     11     58  
685.0  11:25:26 42.32734 -72.62507   4     16     54  
685.0  11:25:34 42.326286 -72.62527   5     13     49  
685.0  11:25:43 42.325207 -72.625275   5     14     40  
685.0  11:25:51 42.32415 -72.62527   5     18     59  
686.0  11:26:00 42.32283 -72.625374   5     12     50  
686.0  11:26:02 42.32302 -72.62529   4     12     42  
686.0  11:26:09 42.322388 -72.625946   4     19     42  
686.0  11:26:18 42.321877 -72.62679   5     14     53  
686.0  11:26:27 42.32139 -72.62753   3     11     52  
686.0  11:26:36 42.32124 -72.62777   4     19     59  
686.0  11:26:45 42.32124 -72.62778   3     10     45  
686.0  11:26:56 42.321243 -72.62778   5     12     52  
687.0  11:27:00 42.321068 -72.62801   4     19     45  
687.0  11:27:04 42.321068 -72.62801   3     17     51  
687.0  11:27:12 42.32072 -72.62838   4     14     58  
687.0  11:27:21 42.32032 -72.62869   5     17     48  
687.0  11:27:30 42.319992 -72.62909   3     18     49  
687.0  11:27:38 42.319763 -72.62951   3     12     59  
687.0  11:27:49 42.319725 -72.629555   4     10     58  
687.0  11:27:58 42.319725 -72.62955   3     10     51  
688.0  11:28:00 42.319725 -72.62955   3     10     54  
688.0  11:28:06 42.319725 -72.62955   5     15     44  
688.0  11:28:15 42.319595 -72.629745   4     10     47  
688.0  11:28:24 42.319355 -72.630165   3     16     49  
688.0  11:28:33 42.319324 -72.630226   4     14     53  
688.0  11:28:43 42.319103 -72.63053   5     14     42  
688.0  11:28:51 42.318825 -72.63096   4     15     41  
689.0  11:29:00 42.318523 -72.63134   3     10     51  
689.0  11:29:00 42.31848 -72.63138   3     12     52  
689.0  11:29:09 42.31822 -72.63165   3     10     50  
689.0  11:29:18 42.3179 -72.63218   5     17     47  
689.0  11:29:27 42.317783 -72.63293   4     18     40  
689.0  11:29:39 42.317772 -72.63324   5     13     52  
689.0  11:29:47 42.31776 -72.63336   4     12     51  
689.0  11:29:55 42.317757 -72.63395   4     18     52  
690.0  11:30:00 42.31781 -72.6345   5     17     47  
690.0  11:30:04 42.31781 -72.6345   3     10     49  
690.0  11:30:12 42.31814 -72.63528   3     13     48  
690.0  11:30:20 42.318535 -72.63567   3     14     42  
690.0  11:30:31 42.318577 -72.63575   4     12     46  
690.0  11:30:39 42.318893 -72.63607   3     12     48  
690.0  11:30:48 42.31914 -72.636536   4     17     57  
690.0  11:30:57 42.31936 -72.63696   4     13     53  
691.0  11:31:00 42.319397 -72.637024   5     18     41  
691.0  11:31:05 42.319435 -72.63709   4     12     53  
691.0  11:31:14 42.319664 -72.63749   4     10     54  
691.0  11:31:24 42.31971 -72.637535   5     13     52  
691.0  11:31:32 42.319733 -72.63756   3     11     46  
691.0  11:31:41 42.319874 -72.637695   5     11     53  
691.0  11:31:49 42.32007 -72.63783   5     15     58  
691.0  11:31:58 42.31998 -72.637985   5     13     55  
692.0  11:32:00 42.319935 -72.63802   4     17     42  
692.0  11:32:06 42.319824 -72.638   4     19     45  
692.0  11:32:16 42.319683 -72.63772   5     14     42  
692.0  11:32:24 42.31968 -72.63772   3     13     46  
692.0  11:32:33 42.31968 -72.63772   3     19     50  
692.0  11:32:41 42.31968 -72.63772   3     19     54  
692.0  11:32:54 42.31968 -72.63772   4     17     55  
693.0  11:33:00 42.31968 -72.63772   5     15     58  
693.0  11:33:03 42.31968 -72.63772   3     16     54  
693.0  11:33:13 42.319683 -72.63772   5     14     42  
693.0  11:33:22 42.319683 -72.63772   4     11     45  
693.0  11:33:31 42.31968 -72.63771   3     19     55  
693.0  11:33:40 42.319675 -72.6377   3     15     47  
693.0  11:33:48 42.319675 -72.6377   5     15     51  
693.0  11:33:57 42.31967 -72.6377   5     13     54  
694.0  11:34:00 42.319675 -72.6377   3     12     54  
694.0  11:34:08 42.319675 -72.6377   5     19     55  
694.0  11:34:16 42.319675 -72.637695   4     15     53  
694.0  11:34:24 42.319675 -72.6377   5     19     51  
694.0  11:34:33 42.319675 -72.637695   5     17     51  
694.0  11:34:41 42.319675 -72.637695   5     19     57  
694.0  11:34:51 42.319675 -72.637695   3     19     55  
695.0  11:35:00 42.319675 -72.637695   3     16     41  
695.0  11:35:01 42.319675 -72.637695   5     17     51  
695.0  11:35:10 42.31967 -72.637695   4     16     40  
695.0  11:35:19 42.31967 -72.637695   3     15     58  
695.0  11:35:28 42.31967 -72.637695   4     10     54  
695.0  11:35:36 42.31967 -72.637695   5     18     56  
695.0  11:35:44 42.319668 -72.637695   3     18     51  
695.0  11:35:55 42.319664 -72.63769   5     19     50  
696.0  11:36:00 42.319637 -72.63766   5     17     56  
696.0  11:36:03 42.319637 -72.63766   4     16     59  
696.0  11:36:11 42.319645 -72.637665   5     18     52  
696.0  11:36:19 42.31965 -72.63767   5     11     53  
696.0  11:36:29 42.319656 -72.63769   5     12     55  
696.0  11:36:38 42.319656 -72.63769   4     13     46  
696.0  11:36:48 42.319656 -72.63769   3     19     58  
696.0  11:36:57 42.31966 -72.637695   5     12     47  
697.0  11:37:00 42.319664 -72.637695   5     11     43  
697.0  11:37:06 42.319668 -72.6377   4     14     55  
697.0  11:37:14 42.319675 -72.6377   4     16     41  
697.0  11:37:22 42.319675 -72.6377   5     17     43  
697.0  11:37:30 42.319683 -72.63771   4     10     50  
697.0  11:37:42 42.319687 -72.63771   4     14     50  
697.0  11:37:50 42.31969 -72.63771   5     12     40  
697.0  11:37:58 42.3197 -72.63772   3     19     51  
698.0  11:38:00 42.3197 -72.63772   4     15     50  
698.0  11:38:06 42.319702 -72.63772   4     15     55  
698.0  11:38:15 42.319695 -72.63771   3     15     44  
698.0  11:38:23 42.319675 -72.637695   3     18     59  
698.0  11:38:34 42.319656 -72.63767   5     13     47  
698.0  11:38:43 42.319656 -72.63767   3     14     43  
698.0  11:38:52 42.31966 -72.63768   5     18     42  
699.0  11:39:00 42.31965 -72.63753   5     11     50  
699.0  11:39:01 42.31967 -72.6376   4     16     54  
699.0  11:39:11 42.31961 -72.63747   4     19     57  
699.0  11:39:19 42.31949 -72.63724   5     14     53  
699.0  11:39:30 42.319122 -72.63655   4     17     58  
699.0  11:39:38 42.318954 -72.636246   5     16     57  
699.0  11:39:46 42.318504 -72.63568   4     14     51  
699.0  11:39:54 42.31788 -72.63509   5     19     56  
700.0  11:40:00 42.317677 -72.63421   3     10     51  
700.0  11:40:03 42.317673 -72.63433   3     14     52  
700.0  11:40:12 42.31769 -72.63336   3     17     44  
700.0  11:40:22 42.31767 -72.6332   3     11     48  
700.0  11:40:30 42.317665 -72.633194   5     16     58  
700.0  11:40:38 42.317703 -72.63312   4     11     50  
700.0  11:40:47 42.317795 -72.632545   5     18     51  
700.0  11:40:55 42.31792 -72.631874   4     11     43  
701.0  11:41:00 42.31812 -72.63157   4     14     40  
701.0  11:41:05 42.31812 -72.63157   4     16     59  
701.0  11:41:16 42.318375 -72.63133   3     17     50  
701.0  11:41:25 42.318653 -72.63101   5     19     49  
701.0  11:41:33 42.31908 -72.63039   5     14     54  
701.0  11:41:41 42.319313 -72.63002   4     15     47  
701.0  11:41:49 42.319344 -72.629974   5     19     55  
701.0  11:41:58 42.319363 -72.62997   4     15     45  
702.0  11:42:00 42.31937 -72.62995   3     15     48  
702.0  11:42:09 42.319378 -72.62995   4     12     53  
702.0  11:42:17 42.31938 -72.62994   4     13     59  
702.0  11:42:26 42.319412 -72.62988   5     15     53  
702.0  11:42:35 42.319782 -72.62933   3     11     45  
702.0  11:42:44 42.32018 -72.62876   4     12     53  
702.0  11:42:53 42.32064 -72.62833   4     15     40  
703.0  11:43:00 42.320637 -72.62834   3     19     54  
703.0  11:43:04 42.320637 -72.62834   4     18     44  
703.0  11:43:13 42.320633 -72.62835   5     11     46  
703.0  11:43:21 42.320637 -72.62835   3     18     43  
703.0  11:43:31 42.321083 -72.62789   5     17     47  
703.0  11:43:40 42.32158 -72.62718   4     11     56  
703.0  11:43:48 42.321606 -72.62717   5     16     58  
704.0  11:44:00 42.321648 -72.62712   4     16     57  
704.0  11:44:00 42.32187 -72.62681   3     19     53  
704.0  11:44:08 42.322113 -72.6264   4     14     40  
704.0  11:44:16 42.32271 -72.62543   3     16     41  
704.0  11:44:25 42.323402 -72.62514   5     10     41  
704.0  11:44:34 42.32429 -72.62517   3     14     54  
704.0  11:44:43 42.325367 -72.62516   5     11     44  
704.0  11:44:54 42.326813 -72.62511   4     13     42  
705.0  11:45:00 42.328037 -72.62469   5     18     58  
705.0  11:45:03 42.327793 -72.62481   5     12     52  
705.0  11:45:11 42.328983 -72.62417   3     19     56  
705.0  11:45:20 42.329964 -72.62362   3     12     45  
705.0  11:45:28 42.331 -72.62297   3     13     59  
705.0  11:45:37 42.331997 -72.62211   4     13     46  
705.0  11:45:48 42.33236 -72.621765   3     10     52  
705.0  11:45:57 42.332382 -72.62177   5     19     41  
706.0  11:46:00 42.33238 -72.62177   3     18     46  
706.0  11:46:05 42.33238 -72.62177   5     15     50  
706.0  11:46:14 42.33238 -72.621765   3     10     54  
706.0  11:46:22 42.33259 -72.62158   4     13     57  
706.0  11:46:32 42.333164 -72.62111   3     18     48  
706.0  11:46:44 42.333538 -72.62083   5     14     53  
706.0  11:46:52 42.333645 -72.62075   3     18     58  
707.0  11:47:00 42.33459 -72.6199   4     15     42  
707.0  11:47:01 42.33429 -72.62022   5     14     41  
707.0  11:47:10 42.33523 -72.619156   5     17     47  
707.0  11:47:18 42.336174 -72.61807   4     14     41  
707.0  11:47:28 42.33729 -72.61679   3     10     43  
707.0  11:47:39 42.338333 -72.615364   5     17     41  
707.0  11:47:52 42.33886 -72.6125   3     15     53  
708.0  11:48:00 42.338684 -72.61125   3     13     48  
708.0  11:48:00 42.338512 -72.61055   4     12     54  
708.0  11:48:09 42.33829 -72.60965   4     12     49  
708.0  11:48:17 42.33803 -72.60845   3     16     46  
708.0  11:48:25 42.3381 -72.60784   4     19     50  
708.0  11:48:36 42.33771 -72.607025   5     13     55  
708.0  11:48:45 42.337395 -72.605316   4     10     57  
708.0  11:48:53 42.337093 -72.60357   4     16     58  
709.0  11:49:00 42.336792 -72.60184   3     13     56  
709.0  11:49:00 42.33668 -72.60118   3     18     43  
709.0  11:49:09 42.336502 -72.60008   3     15     58  
709.0  11:49:17 42.336235 -72.59834   3     12     57  
709.0  11:49:27 42.335766 -72.59615   4     19     43  
709.0  11:49:36 42.334995 -72.59481   4     12     58  
709.0  11:49:45 42.334408 -72.59301   3     17     57  
709.0  11:49:53 42.334373 -72.591225   5     10     55  
710.0  11:50:00 42.334427 -72.58922   3     18     48  
710.0  11:50:02 42.33442 -72.58953   5     17     40  
710.0  11:50:11 42.334427 -72.58823   4     18     59  
710.0  11:50:22 42.334324 -72.58618   3     13     49  
710.0  11:50:30 42.33423 -72.58471   4     10     50  
710.0  11:50:39 42.334026 -72.58304   4     18     49  
710.0  11:50:47 42.333786 -72.58165   4     13     55  
710.0  11:50:55 42.33358 -72.580315   5     10     45  
711.0  11:51:00 42.333076 -72.57914   5     13     43  
711.0  11:51:03 42.333076 -72.57914   4     16     45  
711.0  11:51:13 42.332203 -72.57806   3     19     49  
711.0  11:51:22 42.33172 -72.5776   4     18     58  
711.0  11:51:30 42.33169 -72.57654   5     13     46  
711.0  11:51:39 42.33124 -72.57505   4     10     47  
711.0  11:51:50 42.330666 -72.57346   4     16     52  
711.0  11:51:58 42.330105 -72.57168   4     15     46  
712.0  11:52:00 42.32978 -72.57057   3     19     40  
712.0  11:52:10 42.329533 -72.56962   4     14     46  
712.0  11:52:18 42.329304 -72.56792   5     13     53  
712.0  11:52:27 42.32942 -72.56649   3     17     53  
712.0  11:52:53 42.32971 -72.56516   3     14     47  
713.0  11:53:00 42.3288 -72.560295   3     13     46  
713.0  11:53:15 42.32847 -72.5599   4     14     58  
713.0  11:53:25 42.326443 -72.55753   4     16     48  
713.0  11:53:34 42.32537 -72.55629   4     14     44  
713.0  11:53:42 42.32445 -72.55521   5     10     48  
713.0  11:53:51 42.32343 -72.55401   5     13     55  
714.0  11:54:00 42.322483 -72.55267   3     16     54  
714.0  11:54:00 42.322083 -72.55204   3     12     50  
714.0  11:54:09 42.321762 -72.55135   5     12     45  
714.0  11:54:19 42.321243 -72.54918   3     11     45  
714.0  11:54:28 42.32083 -72.54734   5     10     56  
714.0  11:54:36 42.32036 -72.545746   3     19     45  
714.0  11:54:45 42.319847 -72.54389   4     10     42  
714.0  11:54:54 42.31951 -72.54225   4     18     42  
715.0  11:55:00 42.3197 -72.53998   4     14     55  
715.0  11:55:08 42.31966 -72.54019   4     16     48  
715.0  11:55:20 42.320316 -72.53695   4     14     49  
715.0  11:55:31 42.320427 -72.535706   4     14     40  
715.0  11:55:42 42.320427 -72.535706   5     18     46  
715.0  11:55:50 42.32086 -72.5342   5     16     43  
716.0  11:56:00 42.32112 -72.533676   4     18     41  
716.0  11:56:01 42.320885 -72.533676   4     10     53  
716.0  11:56:12 42.321175 -72.53413   4     18     51  
716.0  11:56:20 42.321465 -72.53425   3     17     40  
716.0  11:56:29 42.321774 -72.53417   3     13     44  
716.0  11:56:38 42.321743 -72.533485   5     14     48  
716.0  11:56:46 42.321754 -72.53246   3     12     49  
716.0  11:56:56 42.3219 -72.53159   4     11     51  
717.0  11:57:00 42.32191 -72.53046   5     17     42  
717.0  11:57:07 42.321995 -72.53018   3     12     54  
717.0  11:57:15 42.32218 -72.52982   5     19     55  
717.0  11:57:24 42.32222 -72.52979   3     14     45  
717.0  11:57:32 42.322243 -72.529755   4     18     53  
717.0  11:57:40 42.32231 -72.52959   5     17     54  
717.0  11:57:49 42.322563 -72.52897   3     14     46  
717.0  11:57:59 42.323635 -72.52835   3     16     43  
718.0  11:58:00 42.324085 -72.52851   4     16     59  
718.0  11:58:07 42.324505 -72.52866   3     17     50  
718.0  11:58:15 42.325058 -72.528725   3     17     50  
718.0  11:58:23 42.325176 -72.52892   4     18     40  
718.0  11:58:32 42.325134 -72.52977   4     19     56  
718.0  11:58:42 42.32519 -72.53052   3     16     53  
718.0  11:58:54 42.325264 -72.53099   5     12     44  
719.0  11:59:00 42.325253 -72.531   4     11     47  
719.0  11:59:02 42.325253 -72.531   5     10     57  
