624.0  10:24:29 42.348366 -72.53018   5     12     40  
624.0  10:24:41 42.34872 -72.53063   3     15     47  
624.0  10:24:54 42.349236 -72.530426   4     13     41  
625.0  10:25:06 42.349976 -72.530334   3     11     40  
626.0  10:26:00 42.351543 -72.52668   3     18     41  
626.0  10:26:12 42.351543 -72.52653   3     15     56  
626.0  10:26:22 42.351547 -72.526505   3     18     53  
626.0  10:26:31 42.351624 -72.52561   5     19     52  
626.0  10:26:39 42.35189 -72.52417   3     11     42  
626.0  10:26:48 42.35269 -72.52317   4     18     56  
626.0  10:26:56 42.353867 -72.52231   3     17     59  
627.0  10:27:00 42.35472 -72.52164   3     18     58  
627.0  10:27:05 42.354958 -72.52149   5     19     41  
627.0  10:27:25 42.355705 -72.5211   3     10     50  
627.0  10:27:33 42.35564 -72.5211   4     16     48  
627.0  10:27:42 42.35565 -72.521126   4     17     52  
627.0  10:27:53 42.35567 -72.52118   5     17     58  
628.0  10:28:00 42.356556 -72.52104   5     18     57  
628.0  10:28:03 42.356438 -72.52105   4     16     57  
628.0  10:28:13 42.357944 -72.520935   3     19     56  
628.0  10:28:22 42.35924 -72.52088   4     10     55  
629.0  10:29:00 42.366787 -72.52032   4     18     40  
629.0  10:29:11 42.36795 -72.52015   4     17     43  
629.0  10:29:21 42.369465 -72.51998   3     18     45  
629.0  10:29:30 42.370773 -72.519844   5     12     59  
629.0  10:29:39 42.37191 -72.51978   3     12     40  
629.0  10:29:50 42.372913 -72.51984   5     12     50  
629.0  10:29:58 42.373066 -72.51984   5     15     45  
630.0  10:30:00 42.373062 -72.51984   4     10     52  
631.0  10:31:00 42.373062 -72.51984   3     16     42  
632.0  10:32:00 42.373062 -72.51984   3     10     47  
633.0  10:33:00 42.373062 -72.51984   4     10     51  
634.0  10:34:00 42.373062 -72.51984   4     15     57  
635.0  10:35:00 42.373062 -72.51984   4     15     55  
636.0  10:36:00 42.373062 -72.51984   4     19     53  
637.0  10:37:00 42.373062 -72.51984   4     15     54  
638.0  10:38:00 42.373062 -72.51984   4     18     49  
639.0  10:39:00 42.373062 -72.51984   4     19     58  
640.0  10:40:00 42.373062 -72.51984   4     12     42  
641.0  10:41:00 42.373062 -72.51984   3     13     42  
642.0  10:42:00 42.373062 -72.51984   3     10     59  
643.0  10:43:00 42.373062 -72.51984   4     17     52  
644.0  10:44:00 42.373062 -72.51984   5     16     44  
645.0  10:45:00 42.373062 -72.51984   5     14     56  
646.0  10:46:00 42.373062 -72.51984   3     18     59  
647.0  10:47:00 42.373062 -72.51984   4     19     48  
648.0  10:48:00 42.373062 -72.51984   3     17     49  
649.0  10:49:00 42.373062 -72.51984   5     11     47  
657.0  10:57:45 42.46641 -72.57968   5     15     51  
657.0  10:57:57 42.46533 -72.580124   3     12     42  
658.0  10:58:00 42.46419 -72.5806   4     13     42  
658.0  10:58:05 42.464046 -72.58065   4     10     45  
658.0  10:58:13 42.462894 -72.581055   4     11     58  
658.0  10:58:21 42.461514 -72.58154   3     16     50  
658.0  10:58:31 42.46024 -72.58196   5     11     54  
659.0  10:59:00 42.45963 -72.582184   4     13     41  
660.0  11:00:00 42.45963 -72.582184   4     14     55  
661.0  11:01:00 42.45963 -72.582184   5     17     57  
662.0  11:02:00 42.45963 -72.582184   3     11     47  
663.0  11:03:00 42.45963 -72.582184   4     19     46  
664.0  11:04:00 42.45963 -72.582184   4     19     44  
665.0  11:05:00 42.45963 -72.582184   5     10     42  
666.0  11:06:00 42.45963 -72.582184   3     13     45  
667.0  11:07:00 42.45963 -72.582184   4     17     45  
668.0  11:08:00 42.45963 -72.582184   5     14     59  
669.0  11:09:00 42.45963 -72.582184   4     16     47  
670.0  11:10:00 42.45963 -72.582184   5     13     59  
671.0  11:11:00 42.45963 -72.582184   4     19     46  
672.0  11:12:00 42.45963 -72.582184   5     14     42  
673.0  11:13:00 42.45963 -72.582184   4     16     40  
674.0  11:14:00 42.45963 -72.582184   4     11     42  
675.0  11:15:00 42.45963 -72.582184   3     11     51  
676.0  11:16:00 42.45963 -72.582184   5     19     56  
677.0  11:17:00 42.45963 -72.582184   3     11     54  
678.0  11:18:00 42.45963 -72.582184   4     18     41  
679.0  11:19:00 42.45963 -72.582184   4     10     47  
680.0  11:20:00 42.45963 -72.582184   4     11     55  
681.0  11:21:00 42.45963 -72.582184   4     18     46  
682.0  11:22:00 42.45963 -72.582184   5     18     55  
683.0  11:23:00 42.45963 -72.582184   5     12     58  
684.0  11:24:00 42.45963 -72.582184   3     18     57  
685.0  11:25:00 42.45963 -72.582184   3     11     45  
686.0  11:26:00 42.45963 -72.582184   5     16     44  
687.0  11:27:00 42.45963 -72.582184   3     10     49  
688.0  11:28:00 42.45963 -72.582184   5     13     48  
689.0  11:29:00 42.45963 -72.582184   4     18     59  
690.0  11:30:00 42.45963 -72.582184   5     15     42  
691.0  11:31:00 42.45963 -72.582184   3     11     59  
692.0  11:32:00 42.45963 -72.582184   3     15     51  
693.0  11:33:00 42.45963 -72.582184   4     19     58  
694.0  11:34:00 42.45963 -72.582184   5     17     49  
695.0  11:35:00 42.45963 -72.582184   3     13     52  
696.0  11:36:00 42.45963 -72.582184   4     16     45  
697.0  11:37:00 42.45963 -72.582184   5     19     58  
698.0  11:38:00 42.45963 -72.582184   3     13     45  
699.0  11:39:00 42.45963 -72.582184   4     15     41  
700.0  11:40:00 42.45963 -72.582184   3     12     45  
701.0  11:41:00 42.45963 -72.582184   3     19     50  
702.0  11:42:00 42.45963 -72.582184   3     12     54  
703.0  11:43:00 42.45963 -72.582184   4     13     50  
704.0  11:44:00 42.45963 -72.582184   3     11     49  
705.0  11:45:00 42.45963 -72.582184   5     10     56  
706.0  11:46:00 42.45963 -72.582184   4     17     44  
707.0  11:47:00 42.45963 -72.582184   3     14     47  
708.0  11:48:00 42.45963 -72.582184   4     18     48  
709.0  11:49:00 42.45963 -72.582184   4     13     40  
710.0  11:50:00 42.45963 -72.582184   4     17     59  
711.0  11:51:00 42.45963 -72.582184   4     16     53  
712.0  11:52:00 42.45963 -72.582184   3     11     48  
713.0  11:53:00 42.45963 -72.582184   5     10     40  
714.0  11:54:00 42.45963 -72.582184   4     19     57  
715.0  11:55:00 42.45963 -72.582184   4     14     53  
716.0  11:56:00 42.45963 -72.582184   4     19     45  
717.0  11:57:00 42.45963 -72.582184   5     16     54  
718.0  11:58:00 42.45963 -72.582184   5     14     51  
719.0  11:59:00 42.45963 -72.582184   3     19     41  
720.0  12:00:00 42.45963 -72.582184   3     10     52  
