601.0  10:01:23 42.325348 -72.53101   3     15     56  
601.0  10:01:36 42.32529 -72.53099   3     19     44  
601.0  10:01:48 42.325302 -72.531006   5     17     54  
602.0  10:02:00 42.325348 -72.53103   5     12     46  
604.0  10:04:00 42.32223 -72.52977   5     17     40  
604.0  10:04:13 42.32217 -72.52998   5     13     45  
604.0  10:04:25 42.32205 -72.530334   5     14     42  
604.0  10:04:38 42.32194 -72.5316   4     13     57  
604.0  10:04:51 42.32174 -72.5332   4     10     51  
605.0  10:05:53 42.32116 -72.53396   5     17     45  
606.0  10:06:03 42.321083 -72.53428   3     17     50  
606.0  10:06:11 42.32056 -72.53437   3     17     58  
606.0  10:06:20 42.32036 -72.53439   3     14     53  
606.0  10:06:28 42.320248 -72.5336   4     19     41  
606.0  10:06:37 42.32019 -72.532074   5     19     46  
606.0  10:06:46 42.320145 -72.5307   4     19     45  
606.0  10:06:57 42.31963 -72.52888   3     12     46  
607.0  10:07:05 42.31929 -72.5281   3     13     45  
607.0  10:07:14 42.319176 -72.52803   5     18     49  
607.0  10:07:22 42.31872 -72.528625   5     16     40  
607.0  10:07:30 42.317875 -72.52946   3     19     47  
607.0  10:07:39 42.316826 -72.53009   3     15     41  
607.0  10:07:49 42.314972 -72.5307   4     19     47  
607.0  10:07:58 42.313786 -72.53092   4     14     48  
608.0  10:08:07 42.312347 -72.530495   4     18     59  
608.0  10:08:18 42.310947 -72.53001   3     19     43  
608.0  10:08:27 42.30929 -72.5295   4     19     53  
608.0  10:08:36 42.30809 -72.53017   3     11     54  
608.0  10:08:46 42.30673 -72.53069   3     18     58  
608.0  10:08:58 42.305935 -72.52977   3     11     47  
609.0  10:09:07 42.304626 -72.52827   3     10     53  
609.0  10:09:16 42.303352 -72.52772   4     15     53  
609.0  10:09:29 42.303352 -72.52772   3     15     47  
609.0  10:09:39 42.299305 -72.529655   3     18     50  
609.0  10:09:47 42.297756 -72.530815   5     16     41  
609.0  10:09:56 42.29572 -72.53127   4     14     58  
610.0  10:10:04 42.293907 -72.53137   4     14     56  
610.0  10:10:13 42.292194 -72.53229   4     17     52  
610.0  10:10:22 42.290676 -72.53332   5     10     57  
610.0  10:10:32 42.289364 -72.534935   4     10     42  
610.0  10:10:40 42.288826 -72.53682   4     10     44  
610.0  10:10:49 42.288055 -72.538155   5     18     54  
610.0  10:10:57 42.287296 -72.5396   3     12     41  
611.0  10:11:06 42.286602 -72.541306   4     14     48  
611.0  10:11:14 42.286022 -72.5428   4     19     52  
611.0  10:11:24 42.285526 -72.54482   5     13     41  
611.0  10:11:33 42.28522 -72.54674   3     15     52  
611.0  10:11:41 42.28468 -72.548195   5     11     56  
611.0  10:11:49 42.284264 -72.5492   4     15     57  
611.0  10:11:58 42.283733 -72.55053   5     18     55  
612.0  10:12:06 42.283157 -72.55202   5     16     54  
612.0  10:12:17 42.28237 -72.553955   4     15     41  
612.0  10:12:25 42.28182 -72.55535   4     17     59  
612.0  10:12:34 42.28115 -72.55702   5     14     47  
612.0  10:12:43 42.28057 -72.55842   4     18     41  
612.0  10:12:51 42.279682 -72.55942   5     17     56  
613.0  10:13:00 42.278564 -72.56047   4     16     59  
613.0  10:13:10 42.277607 -72.56246   5     18     53  
613.0  10:13:18 42.27677 -72.56404   3     13     41  
613.0  10:13:27 42.275383 -72.564964   5     10     45  
613.0  10:13:35 42.274033 -72.56512   4     18     41  
613.0  10:13:44 42.27255 -72.56555   5     10     46  
613.0  10:13:52 42.271214 -72.56582   3     14     45  
614.0  10:14:02 42.269455 -72.56612   3     11     56  
614.0  10:14:10 42.26816 -72.566765   5     13     54  
614.0  10:14:19 42.266853 -72.56783   4     19     42  
614.0  10:14:28 42.266567 -72.569115   4     14     59  
614.0  10:14:36 42.266743 -72.57069   4     13     48  
614.0  10:14:47 42.266396 -72.5716   4     13     45  
614.0  10:14:58 42.264748 -72.57196   5     18     47  
615.0  10:15:06 42.263393 -72.57232   5     10     42  
615.0  10:15:15 42.262016 -72.57266   4     12     59  
615.0  10:15:23 42.260967 -72.57291   3     10     48  
615.0  10:15:32 42.260067 -72.57357   5     19     50  
615.0  10:15:41 42.259644 -72.5742   3     15     55  
615.0  10:15:51 42.259224 -72.5748   3     16     47  
616.0  10:16:00 42.25884 -72.574715   3     16     44  
616.0  10:16:09 42.258514 -72.574295   3     15     58  
616.0  10:16:17 42.25821 -72.57367   3     19     54  
616.0  10:16:25 42.258068 -72.5731   5     18     52  
616.0  10:16:34 42.258057 -72.57301   3     10     49  
616.0  10:16:45 42.258045 -72.57304   5     18     46  
616.0  10:16:53 42.25803 -72.57301   4     16     46  
617.0  10:17:03 42.257923 -72.57258   5     19     52  
617.0  10:17:11 42.25787 -72.57216   4     10     48  
617.0  10:17:21 42.257698 -72.57197   3     15     50  
617.0  10:17:29 42.25733 -72.57209   4     10     52  
617.0  10:17:40 42.25666 -72.57218   4     10     54  
617.0  10:17:48 42.25636 -72.572205   5     16     58  
617.0  10:17:57 42.255962 -72.572334   4     16     59  
618.0  10:18:05 42.255413 -72.572685   4     16     52  
618.0  10:18:14 42.25481 -72.57312   3     15     51  
618.0  10:18:22 42.254333 -72.57379   5     18     50  
618.0  10:18:33 42.25424 -72.57422   3     11     42  
618.0  10:18:41 42.254265 -72.574234   3     10     54  
618.0  10:18:50 42.25427 -72.574234   3     11     56  
618.0  10:18:58 42.2543 -72.57427   4     18     48  
619.0  10:19:07 42.254333 -72.57428   5     14     47  
619.0  10:19:16 42.254375 -72.57428   3     14     58  
619.0  10:19:27 42.254326 -72.57426   4     10     50  
619.0  10:19:36 42.25428 -72.57433   4     13     54  
619.0  10:19:44 42.254253 -72.57432   5     17     46  
619.0  10:19:53 42.25425 -72.57429   4     17     43  
620.0  10:20:01 42.254265 -72.574295   3     13     52  
620.0  10:20:10 42.254257 -72.57426   3     16     51  
620.0  10:20:21 42.254253 -72.57427   3     15     57  
620.0  10:20:30 42.254276 -72.574265   5     17     47  
620.0  10:20:39 42.254307 -72.57425   5     15     59  
620.0  10:20:48 42.254288 -72.57422   3     13     49  
621.0  10:21:00 42.25424 -72.57418   5     18     58  
621.0  10:21:08 42.254227 -72.57417   4     13     47  
621.0  10:21:19 42.254253 -72.574196   4     19     40  
621.0  10:21:28 42.254093 -72.5744   3     16     46  
621.0  10:21:37 42.253727 -72.57461   4     11     58  
621.0  10:21:45 42.25359 -72.57491   3     12     57  
621.0  10:21:54 42.253857 -72.575584   5     19     53  
622.0  10:22:03 42.254063 -72.57628   4     10     43  
622.0  10:22:17 42.254242 -72.57705   5     18     59  
622.0  10:22:26 42.254642 -72.57704   4     19     59  
622.0  10:22:35 42.2555 -72.57672   5     13     50  
622.0  10:22:43 42.256344 -72.57648   5     16     44  
622.0  10:22:52 42.25702 -72.57618   3     18     46  
623.0  10:23:01 42.25741 -72.57602   3     12     48  
623.0  10:23:14 42.25764 -72.5759   4     11     42  
623.0  10:23:24 42.25762 -72.575905   4     12     43  
623.0  10:23:32 42.257687 -72.57589   4     17     47  
623.0  10:23:41 42.25828 -72.57555   4     10     47  
623.0  10:23:49 42.25889 -72.57498   4     11     43  
623.0  10:23:58 42.25959 -72.574196   3     12     50  
624.0  10:24:09 42.260384 -72.57314   3     14     49  
624.0  10:24:17 42.261456 -72.5727   3     16     59  
624.0  10:24:26 42.26258 -72.57243   4     15     52  
624.0  10:24:35 42.26392 -72.57209   3     10     45  
624.0  10:24:45 42.2652 -72.57179   5     19     40  
624.0  10:24:54 42.2665 -72.57144   5     12     49  
625.0  10:25:05 42.26664 -72.570045   3     19     47  
625.0  10:25:13 42.266533 -72.56855   3     19     55  
625.0  10:25:21 42.2671 -72.567535   5     18     57  
625.0  10:25:30 42.26806 -72.566765   3     11     43  
625.0  10:25:38 42.26921 -72.56612   3     19     43  
625.0  10:25:47 42.270374 -72.56587   5     13     52  
626.0  10:26:02 42.272892 -72.56537   4     12     45  
626.0  10:26:11 42.274162 -72.56506   3     16     55  
626.0  10:26:19 42.275497 -72.56481   3     11     43  
626.0  10:26:28 42.276768 -72.56397   3     12     48  
626.0  10:26:36 42.27759 -72.56236   5     17     57  
626.0  10:26:44 42.278297 -72.560905   4     10     58  
626.0  10:26:54 42.27926 -72.55955   3     11     48  
627.0  10:27:03 42.280174 -72.55896   3     12     54  
627.0  10:27:12 42.280792 -72.55774   5     17     57  
627.0  10:27:20 42.281357 -72.556305   5     15     59  
627.0  10:27:29 42.281975 -72.554695   3     19     55  
627.0  10:27:37 42.28254 -72.55328   5     16     50  
627.0  10:27:48 42.28335 -72.55121   4     10     42  
627.0  10:27:57 42.28404 -72.54948   3     17     48  
628.0  10:28:05 42.284706 -72.547935   4     14     53  
628.0  10:28:14 42.285275 -72.54636   4     11     54  
628.0  10:28:22 42.285603 -72.544395   5     15     43  
628.0  10:28:31 42.286003 -72.54269   5     16     51  
628.0  10:28:41 42.28684 -72.540535   4     16     46  
628.0  10:28:50 42.287514 -72.5389   5     15     41  
628.0  10:28:59 42.288486 -72.5374   4     10     49  
629.0  10:29:07 42.289112 -72.53561   4     15     54  
629.0  10:29:16 42.28979 -72.53397   3     19     51  
629.0  10:29:24 42.291164 -72.53279   4     13     50  
629.0  10:29:36 42.292953 -72.53166   3     15     43  
629.0  10:29:44 42.294586 -72.531166   5     16     51  
629.0  10:29:53 42.296146 -72.53112   5     14     48  
630.0  10:30:01 42.29785 -72.53064   4     13     52  
630.0  10:30:10 42.2992 -72.529625   5     13     46  
630.0  10:30:18 42.300587 -72.52861   4     11     41  
630.0  10:30:28 42.302006 -72.52779   3     13     46  
630.0  10:30:38 42.3032 -72.52761   3     16     40  
630.0  10:30:51 42.30472 -72.52829   5     15     42  
630.0  10:30:59 42.306015 -72.52971   4     13     55  
631.0  10:31:08 42.3068 -72.53065   5     19     40  
631.0  10:31:19 42.308167 -72.53015   4     18     56  
631.0  10:31:28 42.30916 -72.52945   3     16     53  
631.0  10:31:37 42.310474 -72.52977   3     14     56  
631.0  10:31:45 42.311935 -72.53033   4     10     46  
631.0  10:31:53 42.313087 -72.53074   5     19     47  
632.0  10:32:08 42.314476 -72.5308   3     15     43  
632.0  10:32:21 42.317455 -72.529724   4     19     57  
632.0  10:32:29 42.318447 -72.52883   5     17     44  
632.0  10:32:38 42.31912 -72.528076   5     12     57  
632.0  10:32:46 42.31938 -72.52812   3     17     56  
632.0  10:32:54 42.31977 -72.52918   5     13     50  
633.0  10:33:03 42.32015 -72.5305   3     17     42  
633.0  10:33:14 42.320255 -72.53248   3     13     42  
633.0  10:33:22 42.320324 -72.53381   4     10     55  
633.0  10:33:30 42.320423 -72.53442   5     18     55  
633.0  10:33:39 42.320744 -72.53436   3     14     57  
633.0  10:33:49 42.32084 -72.53397   5     17     45  
633.0  10:33:58 42.321053 -72.53365   4     19     44  
634.0  10:34:08 42.32118 -72.534164   5     12     46  
634.0  10:34:16 42.3215 -72.53421   3     10     40  
634.0  10:34:25 42.321747 -72.534164   5     11     58  
634.0  10:34:33 42.321735 -72.53362   3     19     56  
634.0  10:34:42 42.321743 -72.532555   5     19     58  
634.0  10:34:51 42.32189 -72.53146   4     18     44  
635.0  10:35:01 42.321995 -72.53021   4     18     52  
635.0  10:35:09 42.322117 -72.52987   5     18     59  
635.0  10:35:18 42.322166 -72.52987   5     10     41  
635.0  10:35:26 42.322205 -72.52985   4     16     48  
635.0  10:35:34 42.32224 -72.52968   3     18     42  
635.0  10:35:43 42.322445 -72.529175   5     17     52  
635.0  10:35:53 42.32324 -72.52837   5     12     59  
636.0  10:36:01 42.324177 -72.52856   5     18     40  
636.0  10:36:09 42.32499 -72.52868   3     10     44  
636.0  10:36:18 42.325146 -72.52881   5     18     48  
636.0  10:36:27 42.32516 -72.52973   5     12     42  
636.0  10:36:35 42.325268 -72.530556   4     13     59  
636.0  10:36:46 42.32534 -72.53096   5     10     48  
636.0  10:36:54 42.325382 -72.53096   3     11     55  
637.0  10:37:02 42.325397 -72.53093   5     12     43  
637.0  10:37:11 42.325382 -72.53089   3     17     44  
637.0  10:37:20 42.32536 -72.53092   4     14     45  
637.0  10:37:28 42.32535 -72.53095   3     17     48  
637.0  10:37:38 42.32541 -72.53095   4     18     41  
637.0  10:37:47 42.325466 -72.53095   3     12     54  
637.0  10:37:55 42.32548 -72.53093   3     14     55  
638.0  10:38:04 42.325462 -72.5309   5     18     48  
638.0  10:38:12 42.32545 -72.53092   5     11     44  
638.0  10:38:21 42.325462 -72.53092   5     19     50  
638.0  10:38:31 42.325443 -72.53092   3     11     50  
638.0  10:38:39 42.32542 -72.5309   4     18     43  
638.0  10:38:48 42.325394 -72.530876   4     19     58  
638.0  10:38:57 42.32538 -72.53087   3     15     43  
639.0  10:39:05 42.325382 -72.53087   3     18     58  
639.0  10:39:14 42.325363 -72.53085   5     11     48  
639.0  10:39:26 42.32536 -72.53084   5     18     54  
639.0  10:39:34 42.32533 -72.530785   4     19     59  
639.0  10:39:43 42.325314 -72.53078   4     14     42  
639.0  10:39:52 42.325314 -72.530846   3     12     46  
640.0  10:40:00 42.325317 -72.53086   3     18     55  
640.0  10:40:09 42.32532 -72.53085   5     19     53  
640.0  10:40:19 42.325325 -72.530846   5     16     50  
640.0  10:40:27 42.325314 -72.53078   5     17     57  
640.0  10:40:36 42.325314 -72.530785   5     15     57  
640.0  10:40:44 42.325314 -72.530815   3     18     56  
640.0  10:40:54 42.325306 -72.53084   4     18     56  
641.0  10:41:02 42.325302 -72.53087   5     16     56  
641.0  10:41:13 42.325325 -72.5309   5     11     56  
641.0  10:41:21 42.32535 -72.53087   5     12     45  
641.0  10:41:30 42.32531 -72.5309   5     13     45  
641.0  10:41:38 42.325264 -72.53096   3     17     48  
641.0  10:41:47 42.32505 -72.53118   3     18     59  
641.0  10:41:55 42.324947 -72.5308   3     16     57  
642.0  10:42:06 42.324936 -72.530685   5     11     44  
642.0  10:42:15 42.325073 -72.5303   4     12     40  
642.0  10:42:23 42.325085 -72.52954   4     18     59  
642.0  10:42:31 42.32509 -72.528946   4     16     58  
642.0  10:42:40 42.32508 -72.52858   5     17     58  
642.0  10:42:48 42.325047 -72.52768   4     14     50  
642.0  10:42:59 42.324142 -72.526825   5     15     45  
643.0  10:43:08 42.32346 -72.52623   4     13     41  
643.0  10:43:16 42.32329 -72.525185   5     12     45  
643.0  10:43:24 42.323296 -72.52491   3     18     51  
643.0  10:43:33 42.323547 -72.52473   4     11     49  
643.0  10:43:42 42.324467 -72.52463   5     13     47  
643.0  10:43:52 42.326195 -72.52442   5     11     40  
644.0  10:44:00 42.32753 -72.524284   3     12     53  
644.0  10:44:09 42.328926 -72.52412   4     16     41  
644.0  10:44:18 42.330482 -72.52391   4     17     42  
644.0  10:44:26 42.331856 -72.523705   5     18     54  
644.0  10:44:35 42.33333 -72.52351   4     15     45  
644.0  10:44:45 42.335087 -72.5232   3     15     51  
644.0  10:44:53 42.336327 -72.522644   4     14     42  
645.0  10:45:02 42.337414 -72.52172   5     13     52  
645.0  10:45:10 42.338654 -72.5209   5     17     57  
645.0  10:45:19 42.33969 -72.520294   3     13     57  
645.0  10:45:27 42.34053 -72.52   3     15     59  
645.0  10:45:37 42.340767 -72.51993   4     11     54  
645.0  10:45:46 42.340748 -72.519936   4     12     53  
645.0  10:45:54 42.341072 -72.51992   5     13     56  
646.0  10:46:02 42.342194 -72.519966   5     16     47  
646.0  10:46:11 42.343437 -72.520294   3     14     51  
646.0  10:46:20 42.344875 -72.52043   3     19     59  
646.0  10:46:30 42.346375 -72.520424   4     11     50  
646.0  10:46:39 42.34728 -72.52024   3     14     50  
646.0  10:46:47 42.34741 -72.52021   3     18     41  
646.0  10:46:56 42.34741 -72.5202   4     13     41  
647.0  10:47:05 42.347782 -72.52017   4     18     50  
647.0  10:47:13 42.34875 -72.51996   5     18     53  
647.0  10:47:23 42.350033 -72.5199   4     18     57  
647.0  10:47:32 42.351154 -72.520096   5     10     59  
647.0  10:47:41 42.35229 -72.52056   5     11     44  
647.0  10:47:49 42.353455 -72.52051   4     10     51  
647.0  10:47:58 42.354645 -72.52053   4     11     58  
648.0  10:48:07 42.355 -72.52062   4     11     44  
648.0  10:48:18 42.35498 -72.520676   5     14     40  
648.0  10:48:26 42.355495 -72.52082   3     13     52  
648.0  10:48:35 42.356533 -72.52096   5     14     53  
648.0  10:48:43 42.357925 -72.520874   3     19     54  
648.0  10:48:52 42.359303 -72.5208   3     12     53  
649.0  10:49:00 42.360832 -72.52076   5     12     55  
649.0  10:49:14 42.362396 -72.520744   5     11     48  
649.0  10:49:22 42.364235 -72.52067   4     17     49  
649.0  10:49:30 42.365498 -72.52044   4     13     44  
649.0  10:49:39 42.36682 -72.520226   4     16     53  
649.0  10:49:48 42.36815 -72.520035   5     19     51  
649.0  10:49:56 42.36938 -72.51988   5     13     47  
650.0  10:50:08 42.370625 -72.519745   3     18     57  
650.0  10:50:16 42.371586 -72.51972   4     19     49  
650.0  10:50:25 42.372234 -72.51969   4     16     43  
650.0  10:50:33 42.37219 -72.51933   4     16     43  
650.0  10:50:41 42.37221 -72.5188   5     13     54  
650.0  10:50:50 42.37266 -72.51883   4     17     57  
651.0  10:51:01 42.37298 -72.51882   5     15     52  
651.0  10:51:10 42.372963 -72.51881   3     10     41  
651.0  10:51:18 42.37294 -72.51879   3     10     57  
651.0  10:51:27 42.372932 -72.51879   4     18     51  
651.0  10:51:35 42.372986 -72.518814   4     11     46  
651.0  10:51:44 42.37308 -72.51882   3     13     48  
651.0  10:51:54 42.373104 -72.51884   3     18     55  
652.0  10:52:02 42.373108 -72.518845   5     12     42  
652.0  10:52:11 42.37312 -72.51886   3     17     52  
652.0  10:52:19 42.373123 -72.51887   3     13     55  
652.0  10:52:28 42.37313 -72.518875   3     18     42  
652.0  10:52:36 42.373142 -72.518875   5     18     59  
652.0  10:52:47 42.373142 -72.518875   3     10     45  
652.0  10:52:55 42.373123 -72.51886   5     16     55  
653.0  10:53:03 42.373123 -72.51885   4     16     59  
653.0  10:53:11 42.37313 -72.51886   3     19     47  
653.0  10:53:20 42.37314 -72.51886   4     17     44  
653.0  10:53:28 42.37315 -72.51886   3     19     54  
653.0  10:53:39 42.373165 -72.51887   3     11     42  
653.0  10:53:48 42.373177 -72.51887   3     14     52  
653.0  10:53:56 42.37318 -72.518875   4     11     43  
654.0  10:54:05 42.373203 -72.51884   4     13     49  
654.0  10:54:14 42.37322 -72.518814   4     13     43  
654.0  10:54:22 42.373203 -72.51884   5     18     40  
654.0  10:54:32 42.37319 -72.51884   3     15     58  
654.0  10:54:41 42.37325 -72.518875   5     18     40  
654.0  10:54:49 42.373302 -72.51955   5     19     53  
654.0  10:54:57 42.373608 -72.519775   4     18     59  
655.0  10:55:06 42.37437 -72.51975   5     12     42  
655.0  10:55:14 42.374706 -72.51975   5     17     49  
655.0  10:55:25 42.374714 -72.51975   3     10     41  
655.0  10:55:33 42.374733 -72.51974   3     11     46  
655.0  10:55:42 42.374725 -72.519745   4     16     55  
655.0  10:55:51 42.375145 -72.51975   5     16     50  
655.0  10:55:59 42.376003 -72.51978   5     11     41  
656.0  10:56:09 42.376804 -72.5198   4     13     49  
656.0  10:56:19 42.37736 -72.51977   5     11     53  
656.0  10:56:27 42.377476 -72.519775   4     11     40  
656.0  10:56:35 42.377472 -72.51979   3     12     55  
656.0  10:56:44 42.37749 -72.51979   5     10     49  
656.0  10:56:52 42.377533 -72.519806   3     18     57  
657.0  10:57:06 42.37753 -72.51978   4     19     48  
657.0  10:57:16 42.377506 -72.5198   3     17     45  
657.0  10:57:24 42.377506 -72.51981   5     17     48  
657.0  10:57:32 42.377502 -72.51981   4     16     48  
657.0  10:57:41 42.377605 -72.519844   5     15     40  
657.0  10:57:49 42.37817 -72.519844   3     11     47  
657.0  10:57:57 42.378765 -72.51984   5     19     46  
658.0  10:58:08 42.379505 -72.51961   4     12     54  
658.0  10:58:16 42.379692 -72.519485   3     12     49  
658.0  10:58:25 42.379635 -72.51946   4     16     46  
658.0  10:58:34 42.37962 -72.519485   3     11     52  
658.0  10:58:42 42.37972 -72.519485   5     16     49  
658.0  10:58:51 42.380337 -72.51932   4     15     49  
659.0  10:59:02 42.381176 -72.51925   5     15     46  
659.0  10:59:10 42.38138 -72.51921   4     14     51  
659.0  10:59:19 42.381363 -72.519196   5     11     53  
659.0  10:59:28 42.381313 -72.519165   5     13     57  
659.0  10:59:36 42.381268 -72.51915   5     16     43  
659.0  10:59:47 42.381317 -72.51919   4     19     45  
659.0  10:59:58 42.381683 -72.51939   4     16     43  
660.0  11:00:08 42.38238 -72.520065   5     13     55  
660.0  11:00:16 42.38323 -72.52059   3     19     50  
660.0  11:00:26 42.384216 -72.52117   3     19     43  
660.0  11:00:35 42.38516 -72.52168   5     10     44  
660.0  11:00:43 42.385883 -72.52215   3     17     58  
660.0  11:00:54 42.38596 -72.52227   5     15     52  
661.0  11:01:02 42.38596 -72.52226   4     17     46  
661.0  11:01:11 42.385975 -72.52225   4     10     57  
661.0  11:01:19 42.38596 -72.52227   3     18     44  
661.0  11:01:28 42.38602 -72.522446   4     12     55  
661.0  11:01:37 42.38609 -72.5235   4     19     59  
661.0  11:01:52 42.38574 -72.52491   4     16     58  
662.0  11:02:01 42.38603 -72.52533   4     18     42  
662.0  11:02:10 42.386593 -72.52554   3     16     56  
662.0  11:02:19 42.38702 -72.52572   4     19     40  
662.0  11:02:28 42.387257 -72.52595   5     15     49  
662.0  11:02:38 42.387222 -72.52626   4     14     45  
662.0  11:02:46 42.387226 -72.52627   4     12     56  
662.0  11:02:55 42.387238 -72.52628   5     13     59  
663.0  11:03:04 42.38725 -72.526276   3     10     54  
663.0  11:03:12 42.387245 -72.52628   4     10     55  
663.0  11:03:21 42.387234 -72.5263   4     10     57  
663.0  11:03:32 42.38722 -72.52632   3     14     52  
663.0  11:03:40 42.387207 -72.52633   3     18     49  
663.0  11:03:49 42.387203 -72.52635   3     12     46  
663.0  11:03:57 42.387207 -72.52637   5     11     51  
664.0  11:04:06 42.38722 -72.526375   5     18     48  
664.0  11:04:15 42.387207 -72.526375   3     14     44  
664.0  11:04:26 42.386715 -72.52637   4     14     50  
664.0  11:04:35 42.38629 -72.52617   4     14     48  
664.0  11:04:44 42.38605 -72.52604   3     12     49  
664.0  11:04:52 42.38592 -72.52599   4     17     44  
665.0  11:05:01 42.385864 -72.52595   4     17     55  
665.0  11:05:09 42.385784 -72.5259   5     16     45  
665.0  11:05:19 42.385723 -72.525894   5     16     55  
665.0  11:05:28 42.385677 -72.52589   5     13     57  
665.0  11:05:37 42.38568 -72.52588   3     18     54  
665.0  11:05:45 42.385696 -72.52587   5     13     41  
665.0  11:05:53 42.385643 -72.52585   3     13     46  
666.0  11:06:02 42.385586 -72.52581   5     19     57  
666.0  11:06:12 42.38532 -72.525665   4     14     42  
666.0  11:06:21 42.38538 -72.525085   4     19     43  
666.0  11:06:30 42.3854 -72.525   4     16     48  
666.0  11:06:38 42.385593 -72.52418   5     14     43  
666.0  11:06:47 42.38583 -72.5231   4     17     51  
666.0  11:06:55 42.385857 -72.52281   5     11     58  
667.0  11:07:06 42.385807 -72.522835   5     13     49  
667.0  11:07:14 42.385803 -72.522705   4     19     44  
667.0  11:07:23 42.385296 -72.52187   5     18     43  
667.0  11:07:32 42.384396 -72.521385   5     11     48  
667.0  11:07:40 42.383293 -72.520775   3     13     42  
667.0  11:07:54 42.38237 -72.52021   5     19     59  
668.0  11:08:06 42.38122 -72.51929   3     17     57  
668.0  11:08:15 42.380283 -72.51943   4     16     45  
668.0  11:08:24 42.37942 -72.51972   5     15     44  
668.0  11:08:32 42.3786 -72.51999   3     16     54  
668.0  11:08:41 42.377995 -72.52   5     10     56  
668.0  11:08:50 42.377888 -72.520004   4     12     52  
669.0  11:09:00 42.377922 -72.52001   5     12     58  
669.0  11:09:09 42.377945 -72.520004   4     12     49  
669.0  11:09:18 42.37756 -72.51997   3     13     59  
669.0  11:09:26 42.37718 -72.51997   5     11     53  
669.0  11:09:35 42.376507 -72.5199   3     19     57  
669.0  11:09:44 42.376232 -72.51988   3     18     46  
669.0  11:09:55 42.376236 -72.51987   3     10     54  
670.0  11:10:03 42.375935 -72.519844   4     16     56  
670.0  11:10:12 42.37529 -72.51981   5     19     48  
670.0  11:10:20 42.374718 -72.51981   3     17     56  
670.0  11:10:29 42.374607 -72.51987   3     13     52  
670.0  11:10:38 42.37459 -72.5199   5     11     49  
670.0  11:10:48 42.37456 -72.51989   3     12     51  
670.0  11:10:59 42.374207 -72.519844   3     19     53  
671.0  11:11:07 42.372883 -72.519844   4     17     55  
671.0  11:11:16 42.372265 -72.51976   5     18     42  
671.0  11:11:25 42.37206 -72.519005   4     12     51  
671.0  11:11:33 42.37238 -72.518814   5     18     53  
671.0  11:11:44 42.37292 -72.51881   4     15     40  
671.0  11:11:52 42.372925 -72.51881   3     19     47  
672.0  11:12:01 42.37294 -72.51879   5     12     56  
672.0  11:12:10 42.372932 -72.5188   4     18     41  
672.0  11:12:18 42.372936 -72.51878   4     19     42  
672.0  11:12:27 42.37295 -72.51879   3     11     40  
672.0  11:12:38 42.37295 -72.518776   4     19     51  
672.0  11:12:46 42.372932 -72.51876   5     17     58  
672.0  11:12:55 42.372925 -72.51874   5     19     42  
673.0  11:13:03 42.37294 -72.51874   3     15     48  
673.0  11:13:12 42.373024 -72.51876   3     11     44  
673.0  11:13:20 42.373135 -72.51879   4     11     56  
673.0  11:13:31 42.373238 -72.51912   3     15     56  
673.0  11:13:39 42.37323 -72.519646   4     15     45  
673.0  11:13:48 42.37268 -72.5198   4     10     49  
673.0  11:13:57 42.371765 -72.519745   4     17     43  
674.0  11:14:06 42.37046 -72.51985   4     11     55  
674.0  11:14:16 42.369072 -72.519966   4     17     58  
674.0  11:14:27 42.36703 -72.52022   3     12     48  
674.0  11:14:35 42.365776 -72.52041   3     18     42  
674.0  11:14:46 42.36452 -72.52061   4     17     49  
674.0  11:14:55 42.362644 -72.52076   5     11     43  
675.0  11:15:04 42.361412 -72.520775   3     16     41  
675.0  11:15:12 42.360046 -72.52081   3     17     59  
675.0  11:15:22 42.358498 -72.52088   5     16     41  
675.0  11:15:30 42.35728 -72.520996   4     10     44  
675.0  11:15:39 42.356037 -72.521   3     13     54  
675.0  11:15:48 42.354473 -72.52065   5     16     48  
675.0  11:15:57 42.3532 -72.5206   5     19     46  
676.0  11:16:06 42.351894 -72.52055   3     11     45  
676.0  11:16:20 42.349907 -72.519936   3     19     52  
676.0  11:16:31 42.348137 -72.520134   3     10     41  
676.0  11:16:40 42.346813 -72.52039   3     13     45  
676.0  11:16:48 42.34539 -72.5205   4     13     50  
676.0  11:16:56 42.344795 -72.520546   3     13     47  
677.0  11:17:05 42.344845 -72.52052   4     11     42  
677.0  11:17:14 42.34456 -72.52047   4     12     42  
677.0  11:17:25 42.343246 -72.5203   5     15     43  
677.0  11:17:34 42.341885 -72.51996   3     14     51  
677.0  11:17:42 42.340572 -72.52005   4     18     40  
677.0  11:17:50 42.339413 -72.520454   5     17     47  
677.0  11:17:59 42.338257 -72.52115   3     14     48  
678.0  11:18:08 42.336987 -72.522064   3     16     57  
678.0  11:18:18 42.335552 -72.52303   3     18     43  
678.0  11:18:27 42.33412 -72.52346   5     13     49  
678.0  11:18:35 42.332657 -72.52361   4     19     54  
678.0  11:18:43 42.330845 -72.523895   4     14     59  
678.0  11:18:52 42.329235 -72.52413   4     19     40  
679.0  11:19:01 42.327454 -72.524376   5     18     45  
679.0  11:19:11 42.325336 -72.52458   3     12     56  
679.0  11:19:19 42.323845 -72.524765   5     16     50  
679.0  11:19:28 42.32326 -72.52494   4     15     57  
679.0  11:19:36 42.32335 -72.52579   3     13     47  
679.0  11:19:45 42.323956 -72.52673   4     14     41  
679.0  11:19:53 42.32487 -72.52723   5     18     58  
680.0  11:20:04 42.325172 -72.528404   4     13     52  
680.0  11:20:12 42.325176 -72.52865   5     11     58  
680.0  11:20:21 42.32516 -72.52964   3     11     54  
680.0  11:20:30 42.325222 -72.53047   3     10     52  
680.0  11:20:38 42.32531 -72.530975   5     12     53  
680.0  11:20:47 42.325287 -72.53109   5     11     46  
680.0  11:20:58 42.32526 -72.53104   4     16     52  
681.0  11:21:10 42.325237 -72.53098   3     19     50  
681.0  11:21:19 42.325253 -72.530945   4     16     43  
681.0  11:21:27 42.32527 -72.53099   5     13     51  
681.0  11:21:36 42.325294 -72.531044   3     16     52  
681.0  11:21:45 42.32531 -72.531075   5     18     54  
681.0  11:21:56 42.325336 -72.531075   3     16     56  
682.0  11:22:04 42.325348 -72.53109   4     19     40  
682.0  11:22:13 42.325363 -72.53108   4     17     51  
682.0  11:22:22 42.325356 -72.5311   5     19     47  
682.0  11:22:30 42.32534 -72.5311   5     17     43  
682.0  11:22:39 42.32533 -72.5311   3     13     45  
682.0  11:22:49 42.325317 -72.531105   3     14     50  
682.0  11:22:58 42.325314 -72.53111   3     16     44  
683.0  11:23:07 42.32531 -72.531105   4     17     52  
683.0  11:23:15 42.325314 -72.53109   4     14     52  
683.0  11:23:24 42.325317 -72.53109   3     15     47  
691.0  11:31:13 42.325382 -72.53102   4     10     58  
691.0  11:31:25 42.325058 -72.531136   4     11     45  
691.0  11:31:38 42.325005 -72.530464   3     11     43  
691.0  11:31:50 42.32509 -72.5293   5     14     52  
693.0  11:33:51 42.321808 -72.53385   5     18     42  
694.0  11:34:04 42.321335 -72.5343   5     11     50  
694.0  11:34:17 42.3208 -72.5339   5     17     53  
694.0  11:34:29 42.321182 -72.53394   4     12     43  
694.0  11:34:42 42.321022 -72.53427   4     17     54  
695.0  11:35:42 42.31997 -72.53005   4     17     51  
695.0  11:35:51 42.319458 -72.528534   5     15     55  
696.0  11:36:00 42.319218 -72.52799   5     17     57  
696.0  11:36:09 42.319202 -72.52799   5     14     57  
696.0  11:36:17 42.31874 -72.52856   4     18     57  
696.0  11:36:26 42.317783 -72.529495   3     19     58  
696.0  11:36:35 42.31662 -72.530136   5     17     42  
696.0  11:36:45 42.314842 -72.53072   3     15     57  
696.0  11:36:54 42.313454 -72.53086   5     16     49  
697.0  11:37:03 42.311707 -72.530396   4     18     55  
697.0  11:37:11 42.310524 -72.52994   3     17     48  
697.0  11:37:20 42.309376 -72.52951   3     11     52  
697.0  11:37:28 42.308144 -72.530014   5     11     52  
697.0  11:37:39 42.30677 -72.53071   5     15     54  
697.0  11:37:51 42.305912 -72.52967   3     15     43  
698.0  11:38:00 42.304504 -72.528145   4     16     56  
698.0  11:38:17 42.303173 -72.52758   5     17     45  
698.0  11:38:25 42.300316 -72.52872   4     16     53  
698.0  11:38:36 42.29854 -72.530106   3     11     45  
698.0  11:38:49 42.29854 -72.530106   5     18     52  
699.0  11:39:12 42.29261 -72.53193   3     15     56  
699.0  11:39:21 42.291344 -72.53275   3     11     51  
699.0  11:39:36 42.289776 -72.53391   5     10     42  
699.0  11:39:53 42.289116 -72.53561   3     14     44  
700.0  11:40:02 42.287575 -72.538826   4     14     43  
700.0  11:40:10 42.28689 -72.54039   3     11     50  
700.0  11:40:21 42.286064 -72.54257   3     10     42  
700.0  11:40:30 42.285576 -72.544495   5     15     41  
700.0  11:40:39 42.28523 -72.54653   3     17     50  
700.0  11:40:47 42.284645 -72.54834   4     12     55  
700.0  11:40:56 42.283955 -72.54993   3     10     51  
701.0  11:41:05 42.283188 -72.551796   4     14     48  
701.0  11:41:15 42.282314 -72.5539   5     10     54  
701.0  11:41:24 42.2817 -72.555405   5     11     50  
701.0  11:41:32 42.28113 -72.556854   3     12     56  
701.0  11:41:41 42.280483 -72.5585   5     18     42  
701.0  11:41:49 42.27964 -72.559395   5     18     43  
701.0  11:41:58 42.278564 -72.560394   5     15     47  
702.0  11:42:08 42.277683 -72.56231   4     12     58  
702.0  11:42:17 42.27693 -72.5638   5     19     57  
702.0  11:42:25 42.275715 -72.564835   3     10     43  
702.0  11:42:34 42.274204 -72.56507   5     11     50  
702.0  11:42:43 42.272873 -72.565414   5     13     49  
702.0  11:42:51 42.27139 -72.565765   3     19     40  
703.0  11:43:02 42.26984 -72.56596   4     18     56  
703.0  11:43:11 42.2698 -72.5659   3     19     51  
703.0  11:43:19 42.26984 -72.56597   4     12     50  
703.0  11:43:28 42.269127 -72.56614   4     17     48  
703.0  11:43:36 42.26804 -72.56684   3     15     48  
703.0  11:43:51 42.266464 -72.56878   3     13     58  
704.0  11:44:00 42.266685 -72.570206   5     16     57  
704.0  11:44:08 42.266666 -72.5714   5     12     59  
704.0  11:44:17 42.265713 -72.57175   5     18     55  
704.0  11:44:25 42.264492 -72.572044   3     15     44  
704.0  11:44:33 42.26369 -72.57222   4     19     41  
704.0  11:44:44 42.26215 -72.5726   3     13     46  
704.0  11:44:53 42.26105 -72.57287   3     17     45  
705.0  11:45:02 42.26008 -72.57352   3     12     57  
705.0  11:45:10 42.259373 -72.57458   5     10     53  
705.0  11:45:19 42.259087 -72.57509   5     19     47  
705.0  11:45:27 42.2587 -72.57461   5     19     51  
705.0  11:45:38 42.25817 -72.57371   3     18     57  
705.0  11:45:47 42.257984 -72.573006   5     12     53  
705.0  11:45:55 42.25798 -72.57304   3     13     54  
706.0  11:46:03 42.25795 -72.57304   4     12     59  
706.0  11:46:12 42.25782 -72.57231   5     11     57  
706.0  11:46:20 42.257603 -72.571884   5     13     58  
706.0  11:46:32 42.256893 -72.5721   4     19     41  
706.0  11:46:41 42.256367 -72.57222   4     15     52  
706.0  11:46:50 42.256233 -72.57221   3     13     46  
706.0  11:46:58 42.25568 -72.57249   4     12     42  
707.0  11:47:07 42.255074 -72.5729   3     17     58  
707.0  11:47:16 42.25443 -72.57349   4     15     49  
707.0  11:47:26 42.2542 -72.574165   3     19     59  
707.0  11:47:35 42.254242 -72.57413   4     14     45  
707.0  11:47:43 42.25427 -72.574135   4     11     52  
707.0  11:47:52 42.254276 -72.57414   3     19     40  
708.0  11:48:00 42.254276 -72.57416   5     19     40  
708.0  11:48:09 42.254276 -72.57416   4     10     52  
708.0  11:48:20 42.25426 -72.57415   4     10     54  
708.0  11:48:29 42.254242 -72.57415   4     16     45  
708.0  11:48:37 42.25424 -72.57414   5     11     59  
708.0  11:48:46 42.25424 -72.57414   3     19     41  
708.0  11:48:54 42.254234 -72.57415   4     12     59  
709.0  11:49:04 42.25423 -72.574165   5     18     44  
709.0  11:49:14 42.254227 -72.57416   5     10     46  
709.0  11:49:23 42.254227 -72.57416   5     19     42  
709.0  11:49:32 42.254215 -72.57416   5     12     42  
709.0  11:49:40 42.254166 -72.57414   3     14     49  
709.0  11:49:49 42.254166 -72.57415   3     11     52  
709.0  11:49:58 42.254185 -72.57416   4     14     58  
710.0  11:50:09 42.254208 -72.574135   5     13     52  
710.0  11:50:18 42.254215 -72.574135   3     16     59  
710.0  11:50:26 42.25422 -72.57415   5     12     45  
710.0  11:50:35 42.2542 -72.57419   3     14     43  
710.0  11:50:44 42.254208 -72.57422   3     19     49  
710.0  11:50:52 42.25425 -72.574234   4     11     46  
711.0  11:51:02 42.254246 -72.57423   4     11     52  
711.0  11:51:11 42.254257 -72.574234   4     10     56  
711.0  11:51:20 42.254078 -72.574425   5     16     55  
711.0  11:51:28 42.25362 -72.57462   5     18     45  
711.0  11:51:37 42.253674 -72.57527   3     10     44  
711.0  11:51:45 42.25394 -72.57603   3     15     43  
712.0  11:52:00 42.254025 -72.5762   4     11     41  
712.0  11:52:09 42.254055 -72.57629   5     13     42  
712.0  11:52:17 42.25419 -72.57694   4     19     55  
712.0  11:52:26 42.254234 -72.57712   3     16     40  
712.0  11:52:34 42.254242 -72.57707   4     17     46  
712.0  11:52:43 42.25426 -72.57707   4     12     51  
712.0  11:52:53 42.254272 -72.5771   3     19     48  
713.0  11:53:02 42.254272 -72.577095   5     17     56  
713.0  11:53:11 42.25454 -72.57709   4     19     43  
713.0  11:53:19 42.254925 -72.5769   4     13     44  
713.0  11:53:28 42.25532 -72.57674   3     13     57  
713.0  11:53:37 42.255817 -72.57653   5     10     48  
713.0  11:53:47 42.2564 -72.57629   4     14     55  
713.0  11:53:55 42.256866 -72.576164   3     10     51  
714.0  11:54:04 42.257404 -72.57594   4     11     55  
714.0  11:54:12 42.25756 -72.57589   4     18     45  
714.0  11:54:21 42.25757 -72.57587   5     14     43  
714.0  11:54:29 42.257908 -72.57579   4     18     40  
714.0  11:54:41 42.258766 -72.57509   3     17     46  
714.0  11:54:50 42.258915 -72.574905   4     13     58  
715.0  11:55:00 42.258915 -72.574936   3     19     59  
715.0  11:55:08 42.258907 -72.57495   5     19     46  
715.0  11:55:16 42.258896 -72.57496   3     19     57  
715.0  11:55:25 42.258907 -72.57495   5     14     48  
715.0  11:55:36 42.25901 -72.574875   5     14     50  
715.0  11:55:45 42.25966 -72.57405   4     17     42  
715.0  11:55:54 42.260498 -72.572945   4     14     57  
716.0  11:56:02 42.2616 -72.57264   5     16     48  
716.0  11:56:11 42.262722 -72.57239   5     10     55  
716.0  11:56:20 42.264008 -72.572075   3     18     52  
716.0  11:56:35 42.26622 -72.57155   5     14     54  
716.0  11:56:44 42.26677 -72.57081   3     15     53  
716.0  11:56:53 42.266544 -72.569016   5     19     52  
717.0  11:57:01 42.26683 -72.56768   3     10     56  
717.0  11:57:10 42.267895 -72.56677   4     19     44  
717.0  11:57:18 42.269264 -72.56601   3     13     56  
717.0  11:57:28 42.270763 -72.565796   3     16     41  
717.0  11:57:36 42.272224 -72.56554   5     19     45  
717.0  11:57:45 42.273556 -72.56519   5     17     54  
717.0  11:57:53 42.274857 -72.5649   5     15     49  
718.0  11:58:02 42.276295 -72.56438   5     19     56  
718.0  11:58:10 42.277252 -72.56307   5     11     52  
718.0  11:58:21 42.278305 -72.56098   3     13     47  
718.0  11:58:29 42.27904 -72.55969   4     11     54  
718.0  11:58:38 42.280167 -72.5589   5     13     52  
718.0  11:58:47 42.280933 -72.55736   4     14     55  
718.0  11:58:55 42.281567 -72.55579   4     18     59  
719.0  11:59:03 42.28227 -72.55399   3     17     55  
719.0  11:59:15 42.283077 -72.55199   5     12     40  
719.0  11:59:23 42.2838 -72.550125   5     13     42  
719.0  11:59:32 42.284454 -72.54848   5     16     40  
719.0  11:59:40 42.285175 -72.54666   4     12     46  
719.0  11:59:48 42.285484 -72.544876   5     17     44  
719.0  11:59:57 42.28593 -72.54283   4     11     42  
720.0  12:00:08 42.28682 -72.54051   5     19     45  
720.0  12:00:16 42.287483 -72.53879   5     17     50  
720.0  12:00:25 42.288483 -72.53721   4     15     58  
720.0  12:00:33 42.289104 -72.535515   5     13     44  
720.0  12:00:42 42.289917 -72.53364   3     12     46  
720.0  12:00:52 42.291473 -72.53257   3     17     43  
