600.0  10:00:00 42.38712 -72.52652   3     12     59  
600.0  10:00:07 42.387123 -72.52653   3     16     56  
600.0  10:00:15 42.387123 -72.52655   3     16     51  
600.0  10:00:23 42.38712 -72.52657   4     14     44  
600.0  10:00:34 42.387115 -72.52658   5     17     45  
600.0  10:00:42 42.38712 -72.52657   5     17     45  
600.0  10:00:51 42.38711 -72.52655   3     14     52  
600.0  10:00:59 42.3869 -72.52649   5     14     49  
601.0  10:01:00 42.386715 -72.52641   4     11     49  
601.0  10:01:07 42.38645 -72.52624   4     13     47  
601.0  10:01:16 42.385883 -72.526   3     19     59  
601.0  10:01:26 42.3856 -72.52587   5     19     55  
601.0  10:01:35 42.385548 -72.52585   4     11     57  
601.0  10:01:43 42.38528 -72.525734   4     12     45  
601.0  10:01:51 42.38536 -72.525116   5     18     55  
602.0  10:02:00 42.385612 -72.52415   4     18     59  
602.0  10:02:00 42.385715 -72.52368   5     12     41  
602.0  10:02:08 42.38583 -72.52314   4     10     53  
602.0  10:02:18 42.38571 -72.52215   3     10     41  
602.0  10:02:26 42.385006 -72.52161   5     13     43  
602.0  10:02:34 42.384113 -72.52117   5     15     56  
602.0  10:02:43 42.38324 -72.52071   3     10     50  
602.0  10:02:51 42.382343 -72.52016   3     10     50  
603.0  10:03:00 42.38174 -72.519615   4     18     59  
603.0  10:03:00 42.38159 -72.51942   3     16     41  
603.0  10:03:11 42.38133 -72.519264   4     19     59  
603.0  10:03:22 42.38062 -72.51938   5     18     46  
603.0  10:03:29 42.379513 -72.51963   4     15     46  
603.0  10:03:38 42.378735 -72.51994   4     18     53  
603.0  10:03:46 42.378017 -72.52001   4     17     41  
603.0  10:03:54 42.37784 -72.520004   4     14     45  
604.0  10:04:00 42.377758 -72.519966   4     14     50  
604.0  10:04:05 42.377666 -72.51994   4     15     54  
604.0  10:04:13 42.376923 -72.51991   4     17     40  
604.0  10:04:22 42.376064 -72.519905   3     11     51  
604.0  10:04:30 42.375248 -72.519875   5     18     45  
604.0  10:04:39 42.374477 -72.519905   4     11     59  
604.0  10:04:48 42.37438 -72.5199   4     19     50  
604.0  10:04:58 42.374306 -72.51985   5     15     41  
605.0  10:05:00 42.373775 -72.51986   4     19     45  
605.0  10:05:06 42.37352 -72.51985   3     11     50  
605.0  10:05:15 42.373337 -72.51985   5     13     58  
605.0  10:05:23 42.373257 -72.519905   5     16     44  
605.0  10:05:32 42.373207 -72.519966   4     18     53  
605.0  10:05:40 42.37268 -72.51993   3     17     49  
605.0  10:05:51 42.37217 -72.51949   5     17     45  
605.0  10:05:59 42.37204 -72.51879   4     13     57  
606.0  10:06:00 42.372307 -72.51879   5     16     49  
606.0  10:06:07 42.372643 -72.518814   4     15     50  
606.0  10:06:16 42.37301 -72.518845   3     18     43  
606.0  10:06:24 42.372986 -72.51882   3     11     58  
606.0  10:06:33 42.372974 -72.51881   4     10     47  
606.0  10:06:43 42.372974 -72.51878   5     19     53  
606.0  10:06:52 42.373005 -72.5188   4     16     54  
607.0  10:07:00 42.37303 -72.51882   3     16     57  
607.0  10:07:00 42.37304 -72.51882   3     14     44  
607.0  10:07:08 42.373047 -72.51882   4     12     57  
607.0  10:07:16 42.37306 -72.51882   5     18     47  
607.0  10:07:24 42.373062 -72.51883   5     17     58  
607.0  10:07:35 42.373047 -72.51884   5     14     54  
607.0  10:07:43 42.37302 -72.518845   3     16     40  
607.0  10:07:52 42.37302 -72.51882   5     14     51  
608.0  10:08:00 42.373005 -72.51884   3     10     52  
608.0  10:08:00 42.372993 -72.518845   5     12     48  
608.0  10:08:08 42.372963 -72.51884   3     14     50  
608.0  10:08:17 42.37292 -72.51881   5     10     58  
608.0  10:08:27 42.372913 -72.5188   4     17     56  
608.0  10:08:35 42.372925 -72.518814   3     13     58  
608.0  10:08:44 42.372932 -72.51882   3     16     55  
608.0  10:08:52 42.372932 -72.518814   3     18     41  
609.0  10:09:00 42.372948 -72.51882   5     19     41  
609.0  10:09:00 42.37295 -72.518814   5     13     55  
609.0  10:09:09 42.372963 -72.51882   5     11     55  
609.0  10:09:20 42.372963 -72.51882   3     11     56  
609.0  10:09:29 42.372963 -72.518814   4     10     43  
609.0  10:09:37 42.372963 -72.518814   3     18     45  
609.0  10:09:45 42.37297 -72.518814   4     19     44  
609.0  10:09:54 42.372967 -72.5188   5     14     59  
610.0  10:10:00 42.372955 -72.51879   5     18     46  
610.0  10:10:02 42.372955 -72.5188   4     16     52  
610.0  10:10:13 42.37294 -72.518745   4     19     47  
610.0  10:10:21 42.372963 -72.518745   4     12     51  
610.0  10:10:29 42.372986 -72.51879   5     16     47  
610.0  10:10:38 42.373013 -72.51883   3     10     48  
610.0  10:10:46 42.373047 -72.51886   5     16     53  
610.0  10:10:54 42.37319 -72.518906   5     15     55  
611.0  10:11:00 42.373215 -72.51893   4     13     51  
611.0  10:11:08 42.37327 -72.5191   5     15     42  
611.0  10:11:17 42.373245 -72.51951   4     13     45  
611.0  10:11:25 42.37312 -72.5199   5     14     54  
611.0  10:11:34 42.3724 -72.519806   5     18     44  
611.0  10:11:42 42.37127 -72.5198   3     13     42  
611.0  10:11:51 42.3697 -72.5199   3     10     45  
612.0  10:12:00 42.367245 -72.52023   4     17     47  
612.0  10:12:04 42.367245 -72.52023   3     10     53  
612.0  10:12:12 42.36555 -72.52049   3     11     47  
612.0  10:12:23 42.363503 -72.520775   3     18     51  
612.0  10:12:31 42.361385 -72.5208   5     14     46  
612.0  10:12:40 42.359627 -72.52087   5     10     43  
612.0  10:12:48 42.35823 -72.52091   3     12     57  
612.0  10:12:58 42.356724 -72.520966   4     14     43  
613.0  10:13:00 42.356068 -72.52096   4     10     49  
613.0  10:13:06 42.35593 -72.52095   3     13     49  
613.0  10:13:15 42.35536 -72.52084   3     18     55  
613.0  10:13:25 42.354977 -72.52081   4     14     55  
613.0  10:13:34 42.354984 -72.5208   3     17     54  
613.0  10:13:43 42.35491 -72.52075   3     19     57  
613.0  10:13:53 42.353977 -72.52057   5     16     48  
614.0  10:14:00 42.35261 -72.520645   3     17     49  
614.0  10:14:02 42.352757 -72.520645   5     12     52  
614.0  10:14:10 42.3516 -72.52045   4     13     59  
614.0  10:14:18 42.350178 -72.51992   3     17     47  
614.0  10:14:27 42.348614 -72.520004   4     10     55  
614.0  10:14:35 42.347027 -72.52034   3     14     51  
614.0  10:14:45 42.345135 -72.52051   3     11     52  
614.0  10:14:54 42.34352 -72.52041   4     16     45  
615.0  10:15:00 42.341915 -72.51996   4     17     41  
615.0  10:15:02 42.342094 -72.52   5     11     59  
615.0  10:15:10 42.34081 -72.51998   3     14     49  
615.0  10:15:19 42.34016 -72.52014   4     16     59  
615.0  10:15:26 42.339733 -72.52031   5     15     59  
615.0  10:15:36 42.338406 -72.521095   3     12     46  
615.0  10:15:44 42.337177 -72.52194   5     15     58  
615.0  10:15:52 42.336136 -72.5228   5     18     54  
616.0  10:16:00 42.334717 -72.523346   5     17     43  
616.0  10:16:00 42.334175 -72.523476   3     19     56  
616.0  10:16:08 42.333237 -72.52358   3     12     44  
616.0  10:16:17 42.33147 -72.52383   3     19     58  
616.0  10:16:27 42.329483 -72.5241   3     15     56  
616.0  10:16:36 42.327953 -72.524315   5     15     42  
616.0  10:16:44 42.326378 -72.524475   3     19     40  
616.0  10:16:52 42.325047 -72.52459   5     17     58  
617.0  10:17:00 42.32349 -72.524796   5     15     41  
617.0  10:17:01 42.32369 -72.524765   4     19     58  
617.0  10:17:08 42.32325 -72.52497   4     19     41  
617.0  10:17:18 42.323456 -72.52615   3     14     48  
617.0  10:17:27 42.324333 -72.52694   4     17     52  
617.0  10:17:35 42.325123 -72.52776   4     17     48  
617.0  10:17:44 42.325138 -72.528656   3     16     49  
617.0  10:17:52 42.325108 -72.52926   5     10     45  
618.0  10:18:00 42.3251 -72.53027   3     17     54  
618.0  10:18:00 42.32518 -72.53054   5     12     53  
618.0  10:18:11 42.32528 -72.531044   5     12     57  
618.0  10:18:19 42.325245 -72.53117   5     10     52  
618.0  10:18:27 42.32524 -72.53115   3     17     45  
618.0  10:18:36 42.325237 -72.53114   3     17     49  
618.0  10:18:44 42.325253 -72.531166   5     18     40  
618.0  10:18:52 42.325245 -72.531204   4     13     45  
619.0  10:19:00 42.325214 -72.53122   3     14     54  
619.0  10:19:03 42.325214 -72.53122   4     11     50  
619.0  10:19:11 42.32519 -72.53129   3     17     42  
619.0  10:19:20 42.325172 -72.53132   5     14     57  
619.0  10:19:28 42.325157 -72.53132   5     13     49  
619.0  10:19:37 42.325153 -72.531296   3     13     52  
619.0  10:19:45 42.32514 -72.53128   4     18     40  
619.0  10:19:56 42.32514 -72.53126   5     11     54  
620.0  10:20:00 42.325146 -72.53124   3     19     53  
620.0  10:20:04 42.325146 -72.53124   3     10     51  
620.0  10:20:13 42.325153 -72.53125   4     19     49  
620.0  10:20:21 42.325153 -72.53124   3     18     47  
620.0  10:20:30 42.325172 -72.53121   5     13     42  
620.0  10:20:40 42.32519 -72.53114   3     12     40  
620.0  10:20:51 42.32522 -72.53114   3     18     43  
621.0  10:21:00 42.3252 -72.53114   3     10     52  
621.0  10:21:00 42.325203 -72.531136   3     12     53  
621.0  10:21:08 42.325207 -72.531136   3     15     57  
621.0  10:21:17 42.32517 -72.53113   3     10     54  
621.0  10:21:26 42.32515 -72.53113   5     15     45  
621.0  10:21:34 42.32518 -72.53116   4     14     45  
621.0  10:21:45 42.32522 -72.5312   3     19     52  
633.0  10:33:40 42.32115 -72.53397   5     14     48  
633.0  10:33:52 42.32073 -72.53435   4     14     45  
634.0  10:34:05 42.320347 -72.53439   4     15     54  
634.0  10:34:17 42.320236 -72.53418   3     11     45  
635.0  10:35:18 42.318745 -72.528595   3     15     42  
635.0  10:35:29 42.31765 -72.52962   5     10     45  
635.0  10:35:37 42.316196 -72.53026   5     12     40  
635.0  10:35:45 42.314735 -72.53073   5     14     59  
635.0  10:35:53 42.31327 -72.5308   5     11     40  
636.0  10:36:00 42.31142 -72.530136   4     14     52  
636.0  10:36:01 42.31173 -72.530266   4     14     41  
636.0  10:36:09 42.310688 -72.52986   3     19     48  
636.0  10:36:20 42.30936 -72.52944   3     18     41  
636.0  10:36:28 42.3083 -72.529884   4     16     47  
636.0  10:36:36 42.307484 -72.53068   4     18     59  
636.0  10:36:44 42.306477 -72.53062   4     11     52  
636.0  10:36:53 42.305725 -72.52974   3     16     43  
637.0  10:37:00 42.3043 -72.52803   4     18     45  
637.0  10:37:07 42.304638 -72.52824   3     13     58  
637.0  10:37:19 42.302055 -72.527756   3     17     52  
637.0  10:37:28 42.3002 -72.52885   4     17     50  
637.0  10:37:35 42.298756 -72.52992   3     17     47  
637.0  10:37:44 42.29735 -72.5309   4     13     53  
637.0  10:37:53 42.29568 -72.53123   4     10     52  
638.0  10:38:00 42.293793 -72.53134   3     15     53  
638.0  10:38:02 42.294106 -72.531296   5     11     47  
638.0  10:38:12 42.29255 -72.53196   4     12     57  
638.0  10:38:20 42.291275 -72.53281   4     17     46  
638.0  10:38:28 42.290005 -72.53373   3     15     55  
638.0  10:38:36 42.289093 -72.535484   5     15     52  
638.0  10:38:50 42.288578 -72.537315   5     14     45  
638.0  10:38:57 42.287106 -72.53991   3     11     49  
639.0  10:39:00 42.28659 -72.54112   3     18     53  
639.0  10:39:08 42.2863 -72.54197   3     19     44  
639.0  10:39:16 42.28573 -72.543816   5     17     40  
639.0  10:39:25 42.28536 -72.54555   3     17     45  
639.0  10:39:33 42.285 -72.54725   4     18     49  
639.0  10:39:41 42.28425 -72.54906   5     16     57  
639.0  10:39:49 42.283577 -72.55072   5     11     40  
639.0  10:39:59 42.28283 -72.55252   5     15     59  
640.0  10:40:00 42.28242 -72.55349   3     12     40  
640.0  10:40:07 42.282124 -72.55426   3     18     52  
640.0  10:40:15 42.281544 -72.55574   3     14     45  
640.0  10:40:23 42.280975 -72.55728   4     17     58  
640.0  10:40:31 42.280403 -72.55865   4     19     43  
640.0  10:40:39 42.279587 -72.559494   4     12     42  
640.0  10:40:49 42.27838 -72.56069   5     11     59  
640.0  10:40:58 42.27764 -72.56223   3     14     42  
641.0  10:41:00 42.27711 -72.56333   3     19     47  
641.0  10:41:06 42.27695 -72.56369   5     13     41  
641.0  10:41:14 42.275986 -72.564705   4     13     45  
641.0  10:41:22 42.274628 -72.56503   3     11     55  
641.0  10:41:30 42.2734 -72.565254   5     15     51  
641.0  10:41:41 42.27172 -72.56567   5     19     50  
641.0  10:41:49 42.27011 -72.56595   5     12     54  
641.0  10:41:57 42.26883 -72.566315   3     12     42  
642.0  10:42:00 42.267986 -72.56684   4     12     48  
642.0  10:42:08 42.2677 -72.56704   5     18     41  
642.0  10:42:16 42.26646 -72.56847   5     18     52  
642.0  10:42:24 42.26662 -72.56999   3     15     53  
642.0  10:42:34 42.266586 -72.57149   3     11     58  
642.0  10:42:42 42.26574 -72.57171   5     16     59  
642.0  10:42:50 42.264477 -72.57201   3     19     51  
642.0  10:42:58 42.2631 -72.572365   3     16     40  
643.0  10:43:00 42.26216 -72.57257   3     15     48  
643.0  10:43:11 42.26129 -72.57277   3     18     51  
643.0  10:43:19 42.260258 -72.57325   3     10     56  
643.0  10:43:30 42.25961 -72.574234   3     14     45  
643.0  10:43:39 42.2593 -72.57463   3     11     43  
643.0  10:43:47 42.25894 -72.57484   3     12     44  
643.0  10:43:55 42.25848 -72.57415   5     18     52  
644.0  10:44:00 42.258144 -72.57337   3     19     47  
644.0  10:44:08 42.258007 -72.573   4     16     55  
644.0  10:44:17 42.258045 -72.573   3     19     47  
644.0  10:44:26 42.258045 -72.57305   3     15     49  
644.0  10:44:35 42.25805 -72.57306   3     11     59  
644.0  10:44:43 42.25803 -72.573006   4     14     47  
644.0  10:44:51 42.2579 -72.57224   5     19     41  
644.0  10:44:59 42.25763 -72.57194   3     19     47  
645.0  10:45:00 42.25723 -72.57205   4     19     56  
645.0  10:45:07 42.25693 -72.572105   3     18     59  
645.0  10:45:17 42.25617 -72.57219   5     10     49  
645.0  10:45:25 42.255516 -72.57257   5     16     42  
645.0  10:45:34 42.25463 -72.57323   4     17     45  
645.0  10:45:42 42.254234 -72.57398   5     11     48  
645.0  10:45:50 42.254166 -72.574196   5     13     46  
645.0  10:45:59 42.254177 -72.57422   4     17     42  
646.0  10:46:00 42.254185 -72.5742   5     17     43  
646.0  10:46:09 42.25419 -72.5742   4     14     56  
646.0  10:46:17 42.254196 -72.57423   5     12     57  
646.0  10:46:25 42.2542 -72.57426   5     17     48  
646.0  10:46:33 42.254204 -72.574265   4     10     58  
646.0  10:46:41 42.254204 -72.57427   4     17     44  
646.0  10:46:49 42.254192 -72.57431   4     12     46  
646.0  10:46:59 42.25419 -72.574326   3     18     49  
647.0  10:47:00 42.254192 -72.57433   3     15     40  
647.0  10:47:07 42.2542 -72.57432   4     13     57  
647.0  10:47:15 42.25419 -72.574295   5     19     54  
647.0  10:47:23 42.254185 -72.57428   4     18     54  
647.0  10:47:31 42.254173 -72.57426   3     14     59  
647.0  10:47:39 42.254158 -72.574265   4     12     40  
647.0  10:47:51 42.254135 -72.57425   5     19     47  
648.0  10:48:00 42.25414 -72.574234   4     13     50  
648.0  10:48:00 42.254135 -72.57426   5     14     52  
648.0  10:48:08 42.254147 -72.57429   5     18     56  
648.0  10:48:17 42.254143 -72.574295   5     13     50  
648.0  10:48:25 42.254143 -72.57428   3     16     59  
648.0  10:48:33 42.25416 -72.57423   5     13     48  
648.0  10:48:43 42.254173 -72.574165   5     11     58  
648.0  10:48:52 42.25421 -72.57411   3     11     55  
649.0  10:49:00 42.25423 -72.57407   3     15     51  
649.0  10:49:00 42.254234 -72.57408   5     13     59  
649.0  10:49:08 42.254234 -72.57408   4     18     50  
649.0  10:49:17 42.25423 -72.5741   4     12     53  
649.0  10:49:25 42.254227 -72.57411   5     14     53  
649.0  10:49:34 42.254234 -72.57413   5     19     55  
649.0  10:49:42 42.254242 -72.574135   5     15     59  
649.0  10:49:51 42.25425 -72.57414   5     15     44  
649.0  10:49:59 42.254242 -72.57413   3     16     45  
650.0  10:50:00 42.25425 -72.57413   4     12     49  
650.0  10:50:07 42.254257 -72.57413   3     11     43  
650.0  10:50:16 42.254257 -72.57409   3     11     45  
650.0  10:50:26 42.254276 -72.57406   3     12     41  
650.0  10:50:34 42.254265 -72.57405   5     14     55  
650.0  10:50:42 42.25426 -72.57407   5     19     58  
650.0  10:50:50 42.254265 -72.57407   5     15     55  
650.0  10:50:58 42.254276 -72.57408   5     19     58  
651.0  10:51:00 42.254265 -72.57407   4     10     54  
651.0  10:51:07 42.254265 -72.57407   4     10     53  
651.0  10:51:17 42.254276 -72.574104   4     14     40  
651.0  10:51:25 42.254276 -72.57412   3     15     43  
651.0  10:51:34 42.254066 -72.57433   4     15     46  
651.0  10:51:42 42.253654 -72.57454   3     10     45  
651.0  10:51:51 42.25374 -72.57532   4     18     55  
652.0  10:52:00 42.254005 -72.57608   3     16     40  
652.0  10:52:00 42.254044 -72.57626   5     11     44  
652.0  10:52:10 42.25405 -72.5763   5     13     44  
652.0  10:52:18 42.25418 -72.57679   4     15     58  
652.0  10:52:27 42.254314 -72.5772   5     16     54  
652.0  10:52:35 42.255085 -72.57691   5     16     41  
652.0  10:52:43 42.255936 -72.57655   4     17     42  
652.0  10:52:51 42.2563 -72.57644   4     18     41  
653.0  10:53:00 42.256313 -72.57646   5     17     44  
653.0  10:53:01 42.256313 -72.576454   3     10     42  
653.0  10:53:10 42.256374 -72.576485   5     15     55  
653.0  10:53:19 42.25679 -72.5764   5     13     48  
653.0  10:53:27 42.2575 -72.57603   4     13     59  
653.0  10:53:35 42.257698 -72.5759   5     16     45  
653.0  10:53:43 42.257713 -72.57588   5     13     56  
653.0  10:53:53 42.25809 -72.57581   3     12     51  
654.0  10:54:00 42.25835 -72.5756   4     12     52  
654.0  10:54:03 42.258255 -72.57569   4     15     52  
654.0  10:54:11 42.2588 -72.57514   3     13     58  
654.0  10:54:20 42.259174 -72.57475   4     12     44  
654.0  10:54:28 42.25984 -72.5739   5     13     45  
654.0  10:54:37 42.260532 -72.573006   5     13     50  
654.0  10:54:47 42.261765 -72.572655   3     16     59  
654.0  10:54:55 42.263206 -72.57231   5     13     52  
655.0  10:55:00 42.264526 -72.571976   4     16     51  
655.0  10:55:03 42.264526 -72.571976   5     11     54  
655.0  10:55:11 42.265907 -72.57165   3     14     58  
655.0  10:55:20 42.266747 -72.571045   3     19     55  
655.0  10:55:30 42.26663 -72.56953   5     15     43  
655.0  10:55:40 42.266838 -72.56774   5     17     44  
655.0  10:55:48 42.268105 -72.56667   3     18     52  
655.0  10:55:56 42.26932 -72.566055   3     18     53  
656.0  10:56:00 42.27051 -72.56584   3     19     46  
656.0  10:56:08 42.270866 -72.565796   3     19     50  
656.0  10:56:16 42.272835 -72.56543   3     12     41  
656.0  10:56:25 42.274258 -72.565056   3     17     46  
656.0  10:56:35 42.276085 -72.56459   5     10     43  
656.0  10:56:43 42.277336 -72.56306   3     10     43  
656.0  10:56:52 42.2782 -72.561226   4     14     43  
657.0  10:57:00 42.279175 -72.55959   4     18     47  
657.0  10:57:00 42.2796 -72.55931   4     16     59  
657.0  10:57:08 42.280304 -72.55887   5     11     41  
657.0  10:57:17 42.28094 -72.55741   4     10     40  
657.0  10:57:28 42.28193 -72.55483   3     10     57  
657.0  10:57:36 42.282585 -72.55322   3     15     52  
657.0  10:57:44 42.283463 -72.55104   3     13     40  
657.0  10:57:53 42.284233 -72.54908   5     13     48  
658.0  10:58:00 42.285255 -72.54644   3     10     53  
658.0  10:58:01 42.28502 -72.54718   4     16     52  
658.0  10:58:09 42.2855 -72.544876   5     13     59  
658.0  10:58:20 42.286137 -72.54223   4     14     59  
658.0  10:58:28 42.28704 -72.53999   4     13     53  
658.0  10:58:36 42.287865 -72.53821   4     16     51  
658.0  10:58:45 42.288776 -72.536865   5     16     48  
658.0  10:58:53 42.28935 -72.534836   4     17     54  
659.0  10:59:00 42.290752 -72.53308   4     13     42  
659.0  10:59:04 42.29039 -72.533325   4     10     43  
659.0  10:59:15 42.29331 -72.53155   3     17     49  
659.0  10:59:23 42.295086 -72.53117   4     12     55  
659.0  10:59:32 42.297005 -72.53102   4     19     48  
659.0  10:59:40 42.29884 -72.529945   3     14     51  
659.0  10:59:49 42.300224 -72.528915   4     10     40  
659.0  10:59:57 42.301502 -72.52808   5     16     41  
660.0  11:00:00 42.302708 -72.52767   4     14     54  
660.0  11:00:07 42.303413 -72.52766   5     13     42  
660.0  11:00:20 42.304676 -72.528206   3     17     52  
660.0  11:00:28 42.30622 -72.52993   5     14     53  
660.0  11:00:37 42.30704 -72.53076   5     19     45  
660.0  11:00:45 42.308033 -72.530754   3     12     40  
660.0  11:00:53 42.30876 -72.52998   4     19     59  
661.0  11:01:00 42.31027 -72.52976   4     15     59  
661.0  11:01:04 42.31027 -72.52976   4     11     48  
661.0  11:01:16 42.311867 -72.53026   4     11     58  
661.0  11:01:24 42.31384 -72.53089   4     15     59  
661.0  11:01:36 42.31507 -72.530655   4     11     47  
661.0  11:01:44 42.316643 -72.53011   4     14     56  
661.0  11:01:55 42.31792 -72.52943   3     19     53  
662.0  11:02:00 42.318638 -72.528694   5     17     48  
662.0  11:02:03 42.318638 -72.528694   3     12     50  
662.0  11:02:12 42.31906 -72.5282   3     11     46  
662.0  11:02:20 42.31913 -72.52802   3     18     57  
662.0  11:02:28 42.3193 -72.52793   3     15     44  
662.0  11:02:37 42.31949 -72.5284   5     15     46  
662.0  11:02:47 42.319843 -72.52936   4     16     46  
662.0  11:02:56 42.320183 -72.5306   3     12     50  
663.0  11:03:00 42.320244 -72.531975   4     16     57  
663.0  11:03:04 42.320244 -72.531975   4     10     41  
663.0  11:03:12 42.320282 -72.53352   4     17     59  
663.0  11:03:27 42.32034 -72.53443   5     19     49  
663.0  11:03:37 42.32086 -72.533714   4     12     44  
663.0  11:03:46 42.321102 -72.53363   5     14     51  
663.0  11:03:54 42.3211 -72.533646   4     19     50  
664.0  11:04:00 42.321175 -72.534164   5     19     40  
664.0  11:04:02 42.321175 -72.53412   4     10     42  
664.0  11:04:11 42.321423 -72.534256   4     10     44  
664.0  11:04:19 42.321716 -72.534195   5     15     43  
664.0  11:04:29 42.321815 -72.53401   4     10     51  
664.0  11:04:38 42.32176 -72.53293   3     16     44  
664.0  11:04:47 42.32193 -72.53165   5     15     47  
664.0  11:04:55 42.32202 -72.53022   3     19     51  
665.0  11:05:00 42.322166 -72.52983   4     19     51  
665.0  11:05:03 42.322166 -72.52983   4     17     44  
665.0  11:05:11 42.322163 -72.52981   5     13     40  
665.0  11:05:22 42.322323 -72.529396   3     15     58  
665.0  11:05:30 42.322968 -72.52844   3     19     51  
665.0  11:05:39 42.32412 -72.5285   4     17     51  
665.0  11:05:48 42.32507 -72.528725   3     12     43  
665.0  11:05:56 42.325172 -72.52914   5     17     54  
666.0  11:06:00 42.32514 -72.53016   5     10     45  
666.0  11:06:04 42.32514 -72.53016   4     18     50  
666.0  11:06:14 42.32522 -72.53054   4     17     57  
666.0  11:06:22 42.32527 -72.530655   5     17     46  
666.0  11:06:30 42.325283 -72.53069   5     15     47  
666.0  11:06:38 42.325306 -72.53067   4     12     53  
666.0  11:06:47 42.325325 -72.53081   4     10     58  
666.0  11:06:56 42.325302 -72.53094   3     10     42  
667.0  11:07:00 42.325294 -72.53097   4     17     51  
667.0  11:07:06 42.32529 -72.530975   3     11     57  
667.0  11:07:15 42.325287 -72.53102   4     18     48  
667.0  11:07:23 42.325294 -72.531044   5     16     40  
667.0  11:07:31 42.325287 -72.531075   3     13     42  
667.0  11:07:40 42.32526 -72.53107   5     13     42  
667.0  11:07:48 42.325245 -72.53106   4     17     46  
667.0  11:07:58 42.325245 -72.531044   4     10     50  
668.0  11:08:00 42.325245 -72.53105   4     11     45  
668.0  11:08:07 42.325245 -72.53105   4     18     51  
668.0  11:08:16 42.325245 -72.53107   5     14     40  
668.0  11:08:24 42.325256 -72.53106   3     11     57  
668.0  11:08:33 42.325253 -72.531075   3     19     52  
668.0  11:08:41 42.325253 -72.53107   5     17     59  
668.0  11:08:51 42.325245 -72.53106   3     13     56  
669.0  11:09:00 42.325226 -72.53109   5     13     49  
669.0  11:09:00 42.325222 -72.531075   3     12     44  
669.0  11:09:08 42.325222 -72.53107   4     13     52  
669.0  11:09:16 42.32522 -72.531044   5     18     41  
669.0  11:09:25 42.325222 -72.53106   3     11     54  
669.0  11:09:33 42.32525 -72.53106   4     15     54  
669.0  11:09:43 42.32524 -72.53104   5     12     53  
669.0  11:09:51 42.325233 -72.531044   3     12     47  
669.0  11:09:59 42.325233 -72.531044   5     18     52  
670.0  11:10:00 42.325233 -72.53104   3     13     40  
670.0  11:10:07 42.325226 -72.53104   5     13     51  
670.0  11:10:15 42.325222 -72.53103   3     17     55  
670.0  11:10:23 42.325222 -72.53102   3     11     51  
670.0  11:10:34 42.32523 -72.53101   4     16     52  
670.0  11:10:42 42.325222 -72.53101   5     11     54  
670.0  11:10:50 42.325214 -72.531006   4     12     40  
670.0  11:10:59 42.325127 -72.53122   4     13     44  
671.0  11:11:00 42.32493 -72.53117   3     15     40  
671.0  11:11:08 42.32491 -72.531   4     12     57  
671.0  11:11:16 42.32509 -72.53016   4     18     59  
671.0  11:11:27 42.325108 -72.52905   3     18     57  
671.0  11:11:36 42.32512 -72.52861   3     11     49  
671.0  11:11:44 42.324997 -72.527374   4     15     40  
671.0  11:11:52 42.32399 -72.52672   5     18     46  
672.0  11:12:00 42.32332 -72.52568   3     12     50  
672.0  11:12:00 42.323296 -72.52505   5     19     49  
672.0  11:12:08 42.323315 -72.52484   4     19     42  
672.0  11:12:18 42.323307 -72.52485   5     18     49  
672.0  11:12:26 42.32374 -72.52467   4     11     54  
672.0  11:12:34 42.32477 -72.52453   4     12     46  
672.0  11:12:42 42.32611 -72.524376   5     11     45  
672.0  11:12:50 42.32758 -72.524254   5     16     46  
672.0  11:12:59 42.32936 -72.52404   4     19     58  
673.0  11:13:00 42.330338 -72.52391   5     11     52  
673.0  11:13:09 42.331284 -72.52378   3     16     43  
673.0  11:13:20 42.33283 -72.52354   4     11     50  
673.0  11:13:28 42.33489 -72.52321   5     12     56  
673.0  11:13:37 42.336452 -72.52253   4     12     50  
673.0  11:13:45 42.337753 -72.521515   3     19     53  
673.0  11:13:53 42.339134 -72.520645   3     15     41  
674.0  11:14:00 42.3399 -72.52026   3     18     44  
674.0  11:14:04 42.3399 -72.52026   5     14     50  
674.0  11:14:12 42.339966 -72.52025   3     18     54  
674.0  11:14:21 42.34056 -72.52007   4     15     54  
674.0  11:14:29 42.340805 -72.52   3     10     51  
674.0  11:14:37 42.34077 -72.52003   4     15     58  
674.0  11:14:46 42.340755 -72.52003   3     11     57  
674.0  11:14:56 42.340767 -72.52003   4     12     59  
675.0  11:15:00 42.341385 -72.519966   5     10     47  
675.0  11:15:06 42.34152 -72.519966   3     16     50  
675.0  11:15:14 42.343037 -72.520226   3     12     55  
675.0  11:15:22 42.344795 -72.52047   3     10     59  
675.0  11:15:31 42.346107 -72.52045   3     12     44  
675.0  11:15:39 42.347626 -72.52022   3     16     43  
675.0  11:15:49 42.349293 -72.519905   5     11     40  
675.0  11:15:58 42.350544 -72.51989   3     16     56  
676.0  11:16:00 42.351543 -72.520294   5     13     54  
676.0  11:16:06 42.351837 -72.52044   3     16     50  
676.0  11:16:15 42.353317 -72.52058   4     17     48  
676.0  11:16:24 42.354733 -72.520645   5     12     58  
676.0  11:16:32 42.355457 -72.520805   5     19     51  
676.0  11:16:42 42.356716 -72.52096   5     17     59  
676.0  11:16:51 42.35798 -72.5209   3     13     40  
676.0  11:16:59 42.35922 -72.52086   3     16     48  
677.0  11:17:00 42.35998 -72.52085   4     12     57  
677.0  11:17:07 42.36042 -72.52085   4     18     45  
677.0  11:17:15 42.36166 -72.52083   3     19     42  
677.0  11:17:24 42.363102 -72.52083   3     13     58  
677.0  11:17:39 42.365547 -72.520485   5     17     57  
677.0  11:17:48 42.366787 -72.52027   3     15     52  
677.0  11:17:56 42.36792 -72.520096   5     19     44  
678.0  11:18:00 42.36908 -72.51991   3     16     47  
678.0  11:18:05 42.36908 -72.51991   4     15     46  
678.0  11:18:13 42.37048 -72.519775   4     16     55  
678.0  11:18:22 42.371525 -72.51974   5     16     42  
678.0  11:18:32 42.372173 -72.519684   5     17     43  
678.0  11:18:40 42.372265 -72.51943   5     13     41  
678.0  11:18:48 42.37209 -72.51888   4     14     53  
678.0  11:18:57 42.372547 -72.51881   3     11     42  
679.0  11:19:00 42.373005 -72.518814   4     11     59  
679.0  11:19:06 42.373055 -72.518814   4     13     54  
679.0  11:19:15 42.37315 -72.51882   5     18     53  
679.0  11:19:25 42.373116 -72.51881   5     15     53  
679.0  11:19:33 42.373096 -72.5188   4     19     51  
679.0  11:19:40 42.373093 -72.51881   3     17     47  
679.0  11:19:48 42.373116 -72.51883   5     19     48  
679.0  11:19:57 42.37316 -72.51888   5     14     59  
680.0  11:20:00 42.37318 -72.518906   5     18     57  
680.0  11:20:05 42.373184 -72.518906   5     11     45  
680.0  11:20:16 42.373173 -72.51889   3     17     46  
680.0  11:20:24 42.373188 -72.51891   5     13     58  
680.0  11:20:32 42.373184 -72.5189   5     15     49  
680.0  11:20:41 42.373177 -72.518875   4     15     50  
680.0  11:20:49 42.373158 -72.518845   3     15     46  
680.0  11:20:58 42.37315 -72.51883   3     19     59  
681.0  11:21:00 42.373276 -72.518974   3     19     40  
681.0  11:21:08 42.3733 -72.51935   5     19     56  
681.0  11:21:16 42.373425 -72.51983   3     11     56  
681.0  11:21:25 42.37426 -72.519806   4     10     42  
681.0  11:21:33 42.374737 -72.51975   5     13     47  
681.0  11:21:41 42.374714 -72.51975   4     16     44  
681.0  11:21:50 42.37472 -72.519775   3     13     54  
682.0  11:22:00 42.3748 -72.51984   5     15     47  
682.0  11:22:00 42.37486 -72.51986   4     19     55  
682.0  11:22:08 42.374912 -72.51984   4     15     44  
682.0  11:22:16 42.375008 -72.51981   3     12     48  
682.0  11:22:24 42.375526 -72.51981   3     11     53  
682.0  11:22:35 42.376076 -72.51986   3     13     45  
682.0  11:22:44 42.376606 -72.51986   3     19     55  
682.0  11:22:55 42.37693 -72.51987   3     18     48  
683.0  11:23:00 42.377094 -72.51987   3     14     45  
683.0  11:23:03 42.377094 -72.51987   5     15     50  
683.0  11:23:12 42.37744 -72.51983   4     19     54  
683.0  11:23:20 42.377445 -72.519844   5     18     40  
683.0  11:23:28 42.377533 -72.51988   4     17     54  
683.0  11:23:37 42.378178 -72.519905   3     11     51  
683.0  11:23:49 42.37921 -72.519775   4     13     57  
683.0  11:23:57 42.379818 -72.51951   4     15     53  
684.0  11:24:00 42.37982 -72.519485   4     11     58  
684.0  11:24:06 42.379814 -72.519485   3     16     41  
684.0  11:24:14 42.380005 -72.5194   4     15     42  
684.0  11:24:23 42.380764 -72.51927   3     12     58  
684.0  11:24:31 42.381626 -72.51928   4     19     43  
684.0  11:24:43 42.38263 -72.520256   4     13     57  
684.0  11:24:54 42.38263 -72.520256   4     14     50  
685.0  11:25:00 42.38522 -72.52176   5     18     43  
685.0  11:25:02 42.384995 -72.521645   5     12     42  
685.0  11:25:11 42.385784 -72.52207   5     13     57  
685.0  11:25:19 42.38588 -72.522255   5     10     55  
685.0  11:25:28 42.38586 -72.52228   5     18     57  
685.0  11:25:38 42.38585 -72.52227   3     11     59  
685.0  11:25:46 42.385826 -72.52226   4     16     50  
685.0  11:25:54 42.38585 -72.52234   3     17     46  
686.0  11:26:00 42.38605 -72.5231   3     11     55  
686.0  11:26:03 42.386044 -72.522995   3     13     48  
686.0  11:26:11 42.385967 -72.52376   3     14     59  
686.0  11:26:19 42.385773 -72.52463   3     13     41  
686.0  11:26:30 42.385815 -72.5252   5     11     42  
686.0  11:26:39 42.386543 -72.52552   5     12     42  
686.0  11:26:47 42.387245 -72.52587   3     13     56  
686.0  11:26:56 42.387173 -72.526436   5     10     52  
687.0  11:27:00 42.387123 -72.52642   5     10     57  
687.0  11:27:05 42.387123 -72.52642   5     19     46  
687.0  11:27:13 42.38712 -72.526405   5     17     44  
687.0  11:27:30 42.387108 -72.52639   5     13     47  
687.0  11:27:38 42.387135 -72.52642   4     14     56  
687.0  11:27:46 42.38715 -72.526436   5     19     48  
687.0  11:27:55 42.387146 -72.52642   5     14     46  
688.0  11:28:00 42.387146 -72.526436   5     18     55  
688.0  11:28:03 42.387142 -72.52643   3     16     42  
688.0  11:28:14 42.38714 -72.52643   3     11     50  
688.0  11:28:22 42.38714 -72.52643   4     16     41  
688.0  11:28:30 42.387135 -72.52642   3     15     55  
688.0  11:28:39 42.38711 -72.526405   5     18     44  
688.0  11:28:47 42.3871 -72.5264   5     14     41  
688.0  11:28:56 42.387108 -72.52641   4     12     46  
689.0  11:29:00 42.387115 -72.52642   5     11     56  
689.0  11:29:07 42.38711 -72.52642   5     18     40  
689.0  11:29:15 42.387108 -72.52643   5     13     52  
689.0  11:29:24 42.3871 -72.526436   5     14     47  
689.0  11:29:32 42.387093 -72.52643   4     12     49  
689.0  11:29:42 42.387104 -72.52643   5     12     54  
689.0  11:29:50 42.387115 -72.526436   3     15     59  
690.0  11:30:00 42.3871 -72.52645   3     13     41  
690.0  11:30:00 42.3871 -72.52646   4     16     53  
690.0  11:30:09 42.387123 -72.52648   5     11     52  
690.0  11:30:18 42.38714 -72.5265   3     14     58  
690.0  11:30:26 42.38711 -72.52647   4     19     41  
690.0  11:30:34 42.387074 -72.52648   3     19     59  
690.0  11:30:43 42.387066 -72.52648   3     11     58  
690.0  11:30:53 42.38704 -72.526474   5     19     50  
691.0  11:31:00 42.386814 -72.52632   3     13     51  
691.0  11:31:02 42.386898 -72.52639   3     16     51  
691.0  11:31:10 42.3866 -72.52622   4     17     47  
691.0  11:31:18 42.385826 -72.52593   4     16     49  
691.0  11:31:27 42.385536 -72.52585   4     19     44  
691.0  11:31:36 42.38527 -72.525665   4     16     45  
691.0  11:31:47 42.385635 -72.5241   3     10     40  
691.0  11:31:56 42.38592 -72.52284   4     17     51  
692.0  11:32:00 42.38591 -72.52273   5     19     50  
692.0  11:32:04 42.38591 -72.52273   4     13     57  
692.0  11:32:12 42.385883 -72.52246   5     11     40  
692.0  11:32:20 42.385292 -72.52171   3     10     43  
692.0  11:32:29 42.38438 -72.5213   4     10     43  
692.0  11:32:40 42.3834 -72.52081   4     13     59  
692.0  11:32:49 42.38251 -72.52029   3     17     56  
692.0  11:32:57 42.381603 -72.51951   5     13     44  
693.0  11:33:00 42.38151 -72.519295   3     19     44  
693.0  11:33:05 42.381493 -72.51928   4     10     51  
693.0  11:33:14 42.380985 -72.519295   3     12     57  
693.0  11:33:23 42.37997 -72.51946   5     12     52  
693.0  11:33:33 42.379307 -72.51974   4     14     49  
693.0  11:33:42 42.378532 -72.51996   3     14     42  
693.0  11:33:50 42.378193 -72.51993   5     11     58  
693.0  11:33:58 42.378082 -72.51991   4     11     43  
694.0  11:34:00 42.377926 -72.51993   3     19     57  
694.0  11:34:07 42.37784 -72.51994   5     13     53  
694.0  11:34:15 42.37782 -72.52   4     15     55  
694.0  11:34:26 42.377758 -72.52001   4     12     44  
694.0  11:34:34 42.377697 -72.51998   4     10     53  
694.0  11:34:42 42.377567 -72.51998   5     19     56  
694.0  11:34:51 42.376923 -72.51994   5     15     43  
694.0  11:34:59 42.376183 -72.51992   3     10     40  
695.0  11:35:00 42.375984 -72.519905   4     11     59  
695.0  11:35:08 42.37595 -72.51991   3     19     53  
695.0  11:35:18 42.37597 -72.519966   5     18     58  
695.0  11:35:26 42.37596 -72.51999   5     14     45  
695.0  11:35:34 42.3755 -72.51996   4     10     51  
695.0  11:35:43 42.374817 -72.519936   3     15     56  
695.0  11:35:51 42.374424 -72.519936   4     16     45  
695.0  11:35:59 42.374443 -72.51989   4     11     54  
696.0  11:36:00 42.374435 -72.51987   4     14     57  
696.0  11:36:12 42.374092 -72.51981   3     11     56  
696.0  11:36:20 42.373386 -72.5198   4     10     44  
696.0  11:36:29 42.373413 -72.51978   5     15     51  
696.0  11:36:37 42.37343 -72.51977   3     13     57  
696.0  11:36:46 42.373398 -72.5198   4     14     50  
696.0  11:36:54 42.37336 -72.51985   4     13     51  
697.0  11:37:00 42.373352 -72.51986   4     19     48  
697.0  11:37:04 42.373352 -72.51986   5     11     50  
697.0  11:37:13 42.37336 -72.51987   5     13     56  
697.0  11:37:21 42.373375 -72.51986   5     18     48  
697.0  11:37:30 42.373417 -72.51978   4     10     48  
697.0  11:37:38 42.372723 -72.51981   3     15     47  
697.0  11:37:47 42.372234 -72.519714   5     11     46  
697.0  11:37:57 42.372047 -72.518845   3     18     46  
698.0  11:38:00 42.37235 -72.518776   4     14     56  
698.0  11:38:06 42.372486 -72.5188   5     12     58  
698.0  11:38:14 42.372982 -72.51884   3     15     44  
698.0  11:38:23 42.373093 -72.518845   3     15     58  
698.0  11:38:32 42.37312 -72.51882   4     14     41  
698.0  11:38:40 42.373142 -72.518845   3     12     57  
698.0  11:38:50 42.373146 -72.51884   5     17     52  
698.0  11:38:59 42.37315 -72.51884   4     18     56  
699.0  11:39:00 42.373146 -72.51884   5     10     41  
699.0  11:39:07 42.37314 -72.51883   5     15     47  
699.0  11:39:15 42.373123 -72.51884   4     14     53  
699.0  11:39:25 42.373108 -72.518845   3     12     52  
699.0  11:39:33 42.37308 -72.51881   5     10     50  
699.0  11:39:43 42.373077 -72.51881   4     15     49  
699.0  11:39:51 42.373077 -72.51881   5     18     59  
699.0  11:39:59 42.373074 -72.51881   3     12     51  
700.0  11:40:00 42.373074 -72.51881   4     10     46  
700.0  11:40:08 42.373074 -72.518814   3     18     41  
700.0  11:40:16 42.37307 -72.51883   3     12     56  
700.0  11:40:24 42.373055 -72.51888   4     16     57  
700.0  11:40:35 42.37305 -72.51888   3     14     55  
700.0  11:40:44 42.37304 -72.518906   5     14     51  
700.0  11:40:52 42.373055 -72.51887   5     15     49  
701.0  11:41:00 42.3732 -72.51911   4     11     46  
701.0  11:41:04 42.37316 -72.51893   3     19     45  
701.0  11:41:13 42.37321 -72.51947   4     13     53  
701.0  11:41:21 42.37322 -72.51949   3     18     42  
701.0  11:41:32 42.373222 -72.51949   5     15     59  
701.0  11:41:40 42.373226 -72.51964   3     12     43  
701.0  11:41:49 42.372875 -72.51983   5     19     49  
702.0  11:42:00 42.370804 -72.51982   5     10     55  
702.0  11:42:01 42.371803 -72.51977   4     17     53  
702.0  11:42:09 42.36977 -72.51987   5     11     46  
702.0  11:42:18 42.36842 -72.520035   3     18     45  
702.0  11:42:28 42.36693 -72.52021   5     12     43  
702.0  11:42:36 42.36525 -72.52047   4     12     46  
702.0  11:42:45 42.36369 -72.52073   3     18     55  
702.0  11:42:53 42.36213 -72.52075   4     10     49  
703.0  11:43:00 42.359913 -72.52079   3     19     45  
703.0  11:43:01 42.360336 -72.520775   3     15     46  
703.0  11:43:10 42.358604 -72.52084   4     15     47  
703.0  11:43:20 42.356514 -72.52095   4     13     59  
703.0  11:43:30 42.356033 -72.52096   5     12     48  
703.0  11:43:39 42.355938 -72.5209   3     17     58  
703.0  11:43:48 42.355442 -72.52081   5     10     59  
703.0  11:43:57 42.35497 -72.52075   5     10     50  
704.0  11:44:00 42.35497 -72.52077   3     17     40  
704.0  11:44:06 42.354958 -72.52076   4     16     51  
704.0  11:44:17 42.35403 -72.52056   5     14     41  
704.0  11:44:26 42.352806 -72.52062   5     19     59  
704.0  11:44:38 42.3516 -72.520485   5     14     47  
704.0  11:44:46 42.34947 -72.51992   4     17     41  
704.0  11:44:55 42.347923 -72.52013   3     12     51  
705.0  11:45:00 42.346226 -72.52045   4     18     50  
705.0  11:45:03 42.34641 -72.52043   4     10     53  
705.0  11:45:14 42.34447 -72.520485   3     12     57  
705.0  11:45:22 42.343117 -72.520256   4     14     40  
705.0  11:45:40 42.34062 -72.52002   3     16     43  
705.0  11:45:48 42.340267 -72.520134   3     19     57  
705.0  11:45:56 42.34025 -72.5201   4     12     51  
706.0  11:46:00 42.339737 -72.52024   4     10     42  
706.0  11:46:06 42.339504 -72.52035   4     15     56  
706.0  11:46:15 42.338158 -72.521164   4     13     51  
706.0  11:46:23 42.336823 -72.52213   5     12     43  
706.0  11:46:32 42.33522 -72.5231   4     12     40  
706.0  11:46:40 42.333656 -72.523506   4     19     49  
706.0  11:46:48 42.33207 -72.52368   4     19     48  
706.0  11:46:58 42.329895 -72.52401   4     14     56  
707.0  11:47:00 42.328575 -72.52419   5     12     57  
707.0  11:47:06 42.327953 -72.52426   4     12     42  
707.0  11:47:14 42.326572 -72.5244   4     19     42  
707.0  11:47:22 42.32506 -72.52457   3     14     44  
707.0  11:47:30 42.32365 -72.52474   3     19     54  
707.0  11:47:39 42.323223 -72.52491   5     17     58  
707.0  11:47:49 42.323406 -72.52611   3     10     45  
707.0  11:47:57 42.324326 -72.5269   4     17     45  
708.0  11:48:00 42.3251 -72.52757   5     14     47  
708.0  11:48:06 42.325172 -72.5279   3     15     42  
708.0  11:48:14 42.325146 -72.52869   5     17     49  
708.0  11:48:22 42.325138 -72.529564   4     13     54  
708.0  11:48:31 42.32522 -72.53061   4     14     40  
708.0  11:48:41 42.325283 -72.5312   5     14     45  
708.0  11:48:49 42.325302 -72.531136   3     18     46  
708.0  11:48:58 42.325264 -72.531136   3     13     56  
709.0  11:49:00 42.32525 -72.53115   4     18     58  
709.0  11:49:06 42.32524 -72.53117   4     19     51  
709.0  11:49:14 42.325207 -72.53123   5     11     52  
709.0  11:49:23 42.325184 -72.53127   3     17     45  
709.0  11:49:33 42.32519 -72.531265   3     15     45  
709.0  11:49:42 42.325184 -72.53125   3     13     50  
709.0  11:49:50 42.325207 -72.53117   4     18     46  
709.0  11:49:59 42.325184 -72.531166   5     11     57  
710.0  11:50:00 42.32517 -72.53116   5     10     48  
710.0  11:50:07 42.32516 -72.531166   5     13     54  
710.0  11:50:15 42.325146 -72.53121   4     13     59  
