602.0  10:02:18 0.0 -0.0   4     18     42  
602.0  10:02:30 0.0 -1.1095744E27   4     15     52  
602.0  10:02:43 0.0 -1.8111362E22   5     17     43  
602.0  10:02:55 0.0 -1.8111362E22   3     12     50  
603.0  10:03:07 0.0 -1.8111362E22   5     11     47  
604.0  10:04:00 42.393734 -72.53274   3     17     57  
604.0  10:04:04 42.393734 -72.53274   4     10     53  
604.0  10:04:14 42.393642 -72.53271   3     12     59  
604.0  10:04:22 42.393623 -72.53275   4     11     52  
604.0  10:04:31 42.39363 -72.53272   4     17     43  
604.0  10:04:39 42.39365 -72.532646   5     12     43  
604.0  10:04:48 42.39366 -72.5326   5     12     50  
604.0  10:04:55 42.393665 -72.53258   4     13     50  
605.0  10:05:00 42.39367 -72.53256   5     18     44  
605.0  10:05:06 42.393673 -72.532555   5     15     51  
605.0  10:05:14 42.393677 -72.53254   3     16     40  
605.0  10:05:23 42.393677 -72.53257   5     14     43  
605.0  10:05:31 42.39368 -72.53257   5     12     48  
605.0  10:05:40 42.393677 -72.53261   5     15     47  
605.0  10:05:48 42.393677 -72.532616   4     15     55  
605.0  10:05:59 42.39369 -72.532616   4     17     48  
606.0  10:06:00 42.39369 -72.53264   5     17     55  
606.0  10:06:06 42.39369 -72.53265   4     13     49  
606.0  10:06:15 42.39369 -72.53265   4     13     50  
606.0  10:06:23 42.393677 -72.53268   5     14     45  
606.0  10:06:31 42.393684 -72.53267   4     16     57  
606.0  10:06:39 42.393703 -72.53261   4     15     44  
606.0  10:06:49 42.393715 -72.532555   3     13     45  
606.0  10:06:57 42.393715 -72.53255   3     19     40  
607.0  10:07:00 42.3937 -72.532585   5     19     56  
607.0  10:07:05 42.393696 -72.53258   3     14     53  
607.0  10:07:14 42.393684 -72.5326   5     13     40  
607.0  10:07:22 42.393673 -72.53261   4     12     48  
607.0  10:07:31 42.39366 -72.53263   3     13     51  
607.0  10:07:42 42.393677 -72.53256   4     15     44  
607.0  10:07:51 42.39362 -72.532555   4     17     54  
608.0  10:08:00 42.393402 -72.53252   4     12     51  
608.0  10:08:00 42.393364 -72.53252   4     11     55  
608.0  10:08:08 42.39323 -72.5325   3     11     42  
608.0  10:08:17 42.39299 -72.53292   4     11     56  
608.0  10:08:26 42.39277 -72.5335   3     15     57  
608.0  10:08:36 42.392735 -72.53373   3     11     51  
608.0  10:08:45 42.392567 -72.533905   4     17     57  
608.0  10:08:53 42.39181 -72.53356   3     17     58  
609.0  10:09:00 42.390976 -72.533195   3     18     55  
609.0  10:09:01 42.391136 -72.533264   3     14     44  
609.0  10:09:09 42.39063 -72.53309   3     10     53  
609.0  10:09:18 42.390347 -72.53298   5     11     52  
609.0  10:09:29 42.39 -72.53282   4     13     45  
609.0  10:09:37 42.389317 -72.532486   5     18     55  
609.0  10:09:45 42.38861 -72.53219   3     13     50  
609.0  10:09:54 42.388054 -72.53193   5     11     43  
610.0  10:10:00 42.387005 -72.53148   3     10     44  
610.0  10:10:02 42.387123 -72.531525   5     13     41  
610.0  10:10:10 42.386333 -72.53121   3     12     51  
610.0  10:10:28 42.385567 -72.53098   5     19     54  
610.0  10:10:37 42.385 -72.53079   3     15     52  
610.0  10:10:46 42.384933 -72.52992   4     18     44  
610.0  10:10:55 42.384747 -72.52899   3     17     52  
611.0  10:11:00 42.384735 -72.52812   3     18     58  
611.0  10:11:03 42.384735 -72.52812   3     12     48  
611.0  10:11:14 42.385025 -72.526726   5     12     49  
611.0  10:11:23 42.385197 -72.52607   5     15     56  
611.0  10:11:32 42.38529 -72.52573   4     19     56  
611.0  10:11:40 42.385426 -72.525116   3     16     46  
611.0  10:11:49 42.38576 -72.52517   5     15     48  
611.0  10:11:58 42.386333 -72.52547   4     12     45  
612.0  10:12:00 42.38667 -72.525604   3     13     45  
612.0  10:12:10 42.387074 -72.52579   4     11     50  
612.0  10:12:18 42.387295 -72.52616   5     15     42  
612.0  10:12:26 42.38718 -72.52646   3     13     52  
612.0  10:12:34 42.38714 -72.5265   5     16     40  
612.0  10:12:43 42.3871 -72.5265   4     14     51  
612.0  10:12:51 42.387077 -72.526474   4     16     46  
613.0  10:13:00 42.38707 -72.52646   5     17     51  
613.0  10:13:01 42.38707 -72.52647   3     18     45  
613.0  10:13:09 42.386925 -72.5264   4     13     51  
613.0  10:13:17 42.386505 -72.52621   5     16     49  
613.0  10:13:25 42.386017 -72.52599   4     15     45  
613.0  10:13:33 42.38565 -72.525856   4     11     50  
613.0  10:13:41 42.385452 -72.525826   5     18     56  
613.0  10:13:52 42.385315 -72.52579   5     18     51  
614.0  10:14:00 42.385345 -72.5253   3     12     53  
614.0  10:14:00 42.38542 -72.524956   5     14     47  
614.0  10:14:08 42.3855 -72.524635   4     17     57  
614.0  10:14:16 42.385696 -72.52379   3     17     48  
614.0  10:14:24 42.38587 -72.52312   5     13     49  
614.0  10:14:32 42.385876 -72.52281   4     13     50  
614.0  10:14:43 42.385803 -72.52272   5     14     47  
614.0  10:14:51 42.385643 -72.52215   3     17     43  
615.0  10:15:00 42.38507 -72.52169   4     13     46  
615.0  10:15:00 42.384724 -72.52149   5     17     54  
615.0  10:15:11 42.38425 -72.52123   4     10     40  
615.0  10:15:20 42.38323 -72.520676   4     12     59  
615.0  10:15:29 42.38244 -72.520195   3     14     45  
615.0  10:15:45 42.381565 -72.51942   3     11     48  
615.0  10:15:53 42.381603 -72.51936   3     11     57  
616.0  10:16:00 42.38157 -72.519295   5     17     51  
616.0  10:16:01 42.38159 -72.51931   5     10     41  
616.0  10:16:10 42.381313 -72.51922   5     15     44  
616.0  10:16:19 42.380592 -72.51937   3     16     43  
616.0  10:16:27 42.37978 -72.51958   3     17     45  
616.0  10:16:38 42.379055 -72.51991   5     15     41  
616.0  10:16:47 42.378582 -72.51998   4     12     44  
616.0  10:16:55 42.37821 -72.51997   4     12     52  
617.0  10:17:00 42.377926 -72.52001   5     12     43  
617.0  10:17:03 42.377926 -72.52001   3     17     42  
617.0  10:17:11 42.37792 -72.51996   3     14     55  
617.0  10:17:20 42.377945 -72.51994   3     15     49  
617.0  10:17:31 42.37796 -72.519875   5     16     41  
617.0  10:17:40 42.377872 -72.51984   3     18     51  
617.0  10:17:49 42.37753 -72.51987   3     17     43  
617.0  10:17:57 42.37742 -72.51992   5     12     48  
618.0  10:18:00 42.37739 -72.51993   3     18     47  
618.0  10:18:06 42.377384 -72.519936   3     13     55  
618.0  10:18:14 42.37714 -72.51995   3     13     43  
618.0  10:18:26 42.37706 -72.519905   5     18     43  
618.0  10:18:35 42.37665 -72.51989   3     14     53  
618.0  10:18:43 42.3762 -72.519905   3     17     57  
618.0  10:18:52 42.376057 -72.51991   5     10     47  
619.0  10:19:00 42.37602 -72.51985   3     17     45  
619.0  10:19:00 42.37601 -72.51982   4     19     59  
619.0  10:19:09 42.375957 -72.51982   3     13     56  
619.0  10:19:19 42.375343 -72.51983   3     13     57  
619.0  10:19:27 42.374832 -72.51982   5     12     51  
619.0  10:19:36 42.374477 -72.51987   5     11     54  
619.0  10:19:44 42.37443 -72.51984   5     19     52  
619.0  10:19:53 42.374363 -72.51981   4     13     59  
620.0  10:20:00 42.373676 -72.51982   5     19     42  
620.0  10:20:01 42.373775 -72.51983   4     16     42  
620.0  10:20:12 42.373394 -72.51984   5     13     56  
620.0  10:20:21 42.37264 -72.51981   5     12     48  
620.0  10:20:29 42.372265 -72.519775   3     14     49  
620.0  10:20:37 42.372128 -72.51932   5     16     58  
620.0  10:20:45 42.37208 -72.51888   3     16     44  
620.0  10:20:53 42.372437 -72.51883   4     11     44  
621.0  10:21:00 42.372925 -72.518814   4     13     47  
621.0  10:21:04 42.372925 -72.518814   3     18     41  
621.0  10:21:12 42.373024 -72.51884   5     14     52  
621.0  10:21:25 42.373005 -72.518875   5     16     50  
621.0  10:21:33 42.373093 -72.5189   3     17     41  
621.0  10:21:42 42.37308 -72.51888   3     13     51  
621.0  10:21:50 42.37308 -72.518875   3     11     42  
622.0  10:22:00 42.373177 -72.51889   3     19     49  
622.0  10:22:01 42.373135 -72.518875   3     12     49  
622.0  10:22:10 42.373245 -72.51918   4     17     46  
622.0  10:22:19 42.37322 -72.51948   5     16     43  
622.0  10:22:27 42.373203 -72.519516   5     18     51  
622.0  10:22:36 42.373062 -72.51986   5     15     46  
622.0  10:22:45 42.372272 -72.51981   3     17     52  
622.0  10:22:56 42.370895 -72.51983   3     14     44  
623.0  10:23:00 42.369934 -72.51987   3     11     44  
623.0  10:23:08 42.36965 -72.51988   3     18     56  
623.0  10:23:16 42.36805 -72.520096   4     11     54  
623.0  10:23:24 42.3668 -72.520256   3     19     47  
623.0  10:23:34 42.365334 -72.5205   3     11     44  
623.0  10:23:45 42.36377 -72.520775   3     16     48  
623.0  10:23:56 42.361694 -72.520805   3     16     47  
624.0  10:24:00 42.36054 -72.52081   4     13     46  
624.0  10:24:05 42.360367 -72.52081   5     16     47  
624.0  10:24:16 42.358818 -72.52086   4     16     48  
624.0  10:24:24 42.35713 -72.520966   5     19     59  
624.0  10:24:34 42.356155 -72.521   3     11     43  
624.0  10:24:52 42.35452 -72.520676   4     11     57  
625.0  10:25:00 42.353024 -72.520615   3     14     51  
625.0  10:25:01 42.353306 -72.52059   3     17     40  
625.0  10:25:10 42.35201 -72.52061   3     18     52  
625.0  10:25:18 42.3509 -72.52013   3     14     59  
625.0  10:25:27 42.349598 -72.51996   3     15     50  
625.0  10:25:35 42.348335 -72.52009   3     16     45  
625.0  10:25:46 42.34672 -72.52042   5     13     41  
625.0  10:25:54 42.345734 -72.52049   3     12     47  
626.0  10:26:00 42.344513 -72.5205   5     18     55  
626.0  10:26:02 42.34465 -72.5205   5     16     55  
626.0  10:26:11 42.343388 -72.52036   3     14     50  
626.0  10:26:20 42.342175 -72.52006   5     13     50  
626.0  10:26:29 42.34111 -72.51998   4     15     54  
626.0  10:26:39 42.339672 -72.52033   4     12     44  
626.0  10:26:47 42.338585 -72.52096   5     18     50  
626.0  10:26:56 42.337555 -72.521614   3     12     55  
627.0  10:27:00 42.336613 -72.52237   3     16     41  
627.0  10:27:04 42.336487 -72.522484   5     18     53  
627.0  10:27:13 42.335293 -72.52313   4     15     59  
627.0  10:27:21 42.333828 -72.5235   3     13     43  
627.0  10:27:32 42.331936 -72.52375   3     16     54  
627.0  10:27:41 42.33054 -72.52395   5     18     52  
628.0  10:28:00 42.32649 -72.524475   5     18     42  
628.0  10:28:21 42.323895 -72.52474   5     12     44  
628.0  10:28:23 42.32889 -72.52418   4     14     40  
628.0  10:28:31 42.323246 -72.52488   5     16     50  
628.0  10:28:40 42.323315 -72.52562   5     14     49  
628.0  10:28:48 42.323757 -72.52661   3     16     48  
628.0  10:28:56 42.32453 -72.52701   3     12     47  
629.0  10:29:00 42.324997 -72.527466   4     19     43  
629.0  10:29:05 42.325043 -72.52756   5     14     56  
629.0  10:29:13 42.32514 -72.5283   4     15     49  
629.0  10:29:23 42.32512 -72.52863   4     15     55  
629.0  10:29:31 42.325108 -72.52909   3     11     58  
629.0  10:29:39 42.32511 -72.5295   4     13     49  
629.0  10:29:47 42.32511 -72.52998   3     10     53  
629.0  10:29:56 42.32518 -72.53052   4     13     51  
630.0  10:30:00 42.325294 -72.53099   3     17     45  
630.0  10:30:05 42.3253 -72.531044   3     14     49  
630.0  10:30:15 42.32527 -72.53116   4     10     51  
630.0  10:30:23 42.325222 -72.53123   4     10     58  
630.0  10:30:31 42.324993 -72.531265   4     14     42  
630.0  10:30:39 42.324936 -72.530846   4     14     41  
630.0  10:30:48 42.325108 -72.53027   3     16     40  
630.0  10:30:56 42.325134 -72.52945   3     14     47  
631.0  10:31:00 42.325138 -72.52894   5     19     46  
631.0  10:31:06 42.32514 -72.5289   5     19     40  
631.0  10:31:14 42.324936 -72.528725   5     11     46  
631.0  10:31:23 42.32432 -72.528656   3     16     45  
631.0  10:31:31 42.323578 -72.5284   4     18     44  
631.0  10:31:39 42.323036 -72.528465   3     19     46  
631.0  10:31:48 42.322502 -72.528946   4     16     47  
631.0  10:31:58 42.32215 -72.52976   5     17     53  
632.0  10:32:00 42.322124 -72.52988   3     14     45  
632.0  10:32:06 42.322094 -72.52997   4     13     49  
632.0  10:32:14 42.32199 -72.53024   5     10     41  
632.0  10:32:23 42.321835 -72.53085   5     13     50  
632.0  10:32:32 42.321846 -72.53185   5     19     51  
632.0  10:32:40 42.321697 -72.53304   4     19     46  
632.0  10:32:51 42.3218 -72.534096   5     15     58  
633.0  10:33:00 42.32133 -72.53433   5     12     42  
633.0  10:33:00 42.32103 -72.53435   5     11     58  
633.0  10:33:08 42.320812 -72.53427   3     15     55  
633.0  10:33:17 42.32083 -72.5337   5     12     54  
633.0  10:33:25 42.321136 -72.53375   5     19     54  
633.0  10:33:33 42.32118 -72.53415   5     19     53  
634.0  10:34:00 42.320293 -72.53392   5     16     52  
634.0  10:34:22 42.320133 -72.53086   5     11     59  
634.0  10:34:31 42.319836 -72.52948   4     11     53  
634.0  10:34:43 42.31937 -72.528275   3     17     59  
634.0  10:34:51 42.319313 -72.52802   5     11     56  
635.0  10:35:00 42.319347 -72.52806   3     16     42  
636.0  10:36:00 42.312927 -72.53067   4     17     54  
636.0  10:36:04 42.313084 -72.53072   4     13     49  
636.0  10:36:15 42.31122 -72.53008   4     15     53  
636.0  10:36:27 42.31011 -72.52969   3     13     54  
636.0  10:36:36 42.308598 -72.529655   4     11     43  
636.0  10:36:44 42.307564 -72.53064   5     19     46  
636.0  10:36:52 42.30636 -72.530525   4     10     40  
637.0  10:37:00 42.305454 -72.52952   5     14     53  
637.0  10:37:00 42.305233 -72.52905   4     15     55  
637.0  10:37:14 42.303936 -72.52796   4     13     45  
637.0  10:37:36 42.30287 -72.52765   5     11     40  
637.0  10:37:43 42.299576 -72.5293   3     13     50  
638.0  10:38:00 42.296112 -72.531235   4     17     56  
638.0  10:38:17 42.29376 -72.53138   3     14     45  
638.0  10:38:27 42.29216 -72.53223   3     12     40  
638.0  10:38:36 42.290752 -72.53316   4     10     57  
638.0  10:38:44 42.289543 -72.53444   4     10     58  
638.0  10:38:52 42.288925 -72.536285   4     15     47  
639.0  10:39:00 42.28805 -72.5381   4     15     52  
639.0  10:39:01 42.28834 -72.53769   3     17     44  
639.0  10:39:09 42.28753 -72.538826   4     10     41  
639.0  10:39:19 42.286682 -72.54091   4     16     57  
639.0  10:39:28 42.286137 -72.54229   3     12     43  
639.0  10:39:36 42.285656 -72.54392   3     14     43  
639.0  10:39:44 42.285374 -72.54557   5     16     42  
639.0  10:39:52 42.28512 -72.547066   4     15     43  
640.0  10:40:00 42.284504 -72.548485   4     16     53  
640.0  10:40:00 42.284267 -72.54905   4     11     57  
640.0  10:40:11 42.283627 -72.550545   3     17     55  
640.0  10:40:19 42.28298 -72.55214   3     13     47  
640.0  10:40:27 42.282345 -72.55369   4     19     55  
640.0  10:40:35 42.281746 -72.55521   5     15     40  
640.0  10:40:43 42.281162 -72.55676   3     19     54  
640.0  10:40:52 42.28062 -72.5581   4     13     40  
641.0  10:41:00 42.27974 -72.55937   4     17     51  
641.0  10:41:01 42.279957 -72.55923   3     12     43  
641.0  10:41:10 42.27898 -72.5598   5     18     42  
641.0  10:41:18 42.27828 -72.56099   4     15     56  
641.0  10:41:26 42.277664 -72.56236   5     18     43  
641.0  10:41:34 42.276997 -72.56376   3     16     47  
641.0  10:41:42 42.275894 -72.56477   3     16     43  
641.0  10:41:52 42.274483 -72.565125   5     19     52  
642.0  10:42:00 42.272865 -72.56545   4     10     49  
642.0  10:42:01 42.27331 -72.565346   4     18     52  
642.0  10:42:09 42.272163 -72.565636   3     18     48  
642.0  10:42:17 42.27086 -72.56589   5     16     59  
642.0  10:42:26 42.269375 -72.56612   5     17     51  
642.0  10:42:34 42.268173 -72.56675   3     16     54  
642.0  10:42:48 42.266537 -72.5683   3     19     52  
642.0  10:42:56 42.266598 -72.5696   4     10     55  
643.0  10:43:00 42.266693 -72.57073   5     13     48  
643.0  10:43:04 42.266697 -72.57086   5     17     59  
643.0  10:43:12 42.266247 -72.57155   5     17     42  
643.0  10:43:20 42.26523 -72.571724   5     13     53  
643.0  10:43:28 42.26394 -72.57204   3     19     58  
643.0  10:43:41 42.262245 -72.57262   5     14     58  
643.0  10:43:49 42.26108 -72.572945   4     13     50  
643.0  10:43:58 42.260235 -72.57335   5     15     54  
644.0  10:44:00 42.259853 -72.57388   3     11     49  
644.0  10:44:07 42.259644 -72.57417   5     15     42  
644.0  10:44:15 42.259304 -72.57464   5     13     56  
644.0  10:44:23 42.259186 -72.57464   4     17     57  
644.0  10:44:33 42.25931 -72.57473   4     16     59  
644.0  10:44:41 42.259357 -72.57473   5     15     57  
644.0  10:44:49 42.259377 -72.57473   3     17     55  
644.0  10:44:58 42.259377 -72.57474   3     15     59  
645.0  10:45:00 42.259373 -72.57473   4     19     45  
645.0  10:45:06 42.259373 -72.57473   4     18     47  
645.0  10:45:14 42.259373 -72.57474   5     18     54  
645.0  10:45:25 42.25929 -72.57482   4     17     51  
645.0  10:45:33 42.25894 -72.57476   3     13     40  
645.0  10:45:41 42.258553 -72.574234   5     16     42  
645.0  10:45:50 42.258186 -72.57347   3     12     40  
645.0  10:45:58 42.258053 -72.573   3     14     52  
646.0  10:46:00 42.25806 -72.57301   4     13     56  
646.0  10:46:06 42.258068 -72.57303   3     13     51  
646.0  10:46:20 42.258068 -72.573006   4     17     57  
646.0  10:46:32 42.25791 -72.57227   4     12     47  
646.0  10:46:41 42.257687 -72.57198   5     19     51  
646.0  10:46:50 42.257084 -72.572136   5     10     46  
646.0  10:46:57 42.25649 -72.57227   3     16     52  
647.0  10:47:00 42.256287 -72.57229   4     17     49  
647.0  10:47:05 42.25619 -72.57227   4     19     47  
647.0  10:47:13 42.25585 -72.57242   5     17     56  
647.0  10:47:24 42.2551 -72.572914   5     16     49  
647.0  10:47:32 42.254635 -72.573265   4     19     45  
647.0  10:47:41 42.254463 -72.573555   3     13     52  
647.0  10:47:49 42.254387 -72.573685   5     10     58  
647.0  10:47:57 42.25428 -72.57398   5     19     53  
648.0  10:48:00 42.254223 -72.574165   5     10     40  
648.0  10:48:06 42.2542 -72.574196   3     19     42  
648.0  10:48:16 42.254192 -72.574165   3     13     58  
648.0  10:48:24 42.254192 -72.57416   4     13     47  
648.0  10:48:32 42.254185 -72.57415   5     11     47  
648.0  10:48:40 42.254192 -72.57415   3     15     53  
648.0  10:48:48 42.254208 -72.57415   5     12     55  
648.0  10:48:56 42.2542 -72.57415   3     10     57  
649.0  10:49:00 42.25418 -72.57414   3     12     58  
649.0  10:49:07 42.25417 -72.57414   3     15     42  
649.0  10:49:16 42.25417 -72.57415   5     12     40  
649.0  10:49:24 42.25418 -72.574165   5     19     42  
649.0  10:49:32 42.25419 -72.57417   4     14     54  
649.0  10:49:40 42.2542 -72.57418   4     11     54  
649.0  10:49:49 42.25421 -72.574196   5     15     45  
649.0  10:49:59 42.254215 -72.5742   3     19     43  
650.0  10:50:00 42.254227 -72.5742   3     13     53  
650.0  10:50:08 42.25424 -72.574196   5     10     59  
650.0  10:50:16 42.254234 -72.57416   5     18     40  
651.0  10:51:00 42.25424 -72.574234   3     19     52  
651.0  10:51:20 42.254253 -72.57425   3     13     56  
651.0  10:51:31 42.254246 -72.57424   5     15     47  
651.0  10:51:39 42.254234 -72.57423   3     19     56  
651.0  10:51:48 42.254276 -72.57421   5     15     50  
651.0  10:51:56 42.254116 -72.57436   3     14     50  
652.0  10:52:00 42.25376 -72.57458   4     17     51  
652.0  10:52:04 42.25372 -72.574585   5     14     49  
652.0  10:52:12 42.25358 -72.57493   3     19     42  
652.0  10:52:22 42.253807 -72.57565   3     10     45  
652.0  10:52:30 42.253963 -72.57619   3     19     45  
652.0  10:52:38 42.254 -72.57625   3     11     50  
652.0  10:52:50 42.254055 -72.57633   3     10     40  
652.0  10:52:58 42.254227 -72.57695   3     15     55  
653.0  10:53:00 42.254215 -72.577034   5     10     59  
653.0  10:53:07 42.254208 -72.57705   4     17     46  
653.0  10:53:17 42.254196 -72.577095   4     11     46  
653.0  10:53:25 42.254616 -72.57706   5     14     47  
653.0  10:53:34 42.25521 -72.57682   4     19     47  
653.0  10:53:43 42.255543 -72.57674   3     17     46  
653.0  10:53:51 42.256054 -72.576515   3     15     42  
653.0  10:53:59 42.256855 -72.57622   4     17     47  
654.0  10:54:00 42.257202 -72.57609   5     18     45  
654.0  10:54:09 42.257656 -72.57592   3     18     40  
654.0  10:54:17 42.258305 -72.57556   3     10     53  
654.0  10:54:26 42.25876 -72.57516   3     13     45  
654.0  10:54:34 42.25925 -72.57466   5     16     52  
654.0  10:54:42 42.259884 -72.57381   4     19     54  
654.0  10:54:51 42.26053 -72.57299   5     16     53  
655.0  10:55:00 42.26202 -72.57258   4     10     51  
655.0  10:55:01 42.26177 -72.57264   5     11     57  
655.0  10:55:10 42.262943 -72.57235   5     10     57  
656.0  10:56:00 42.26659 -72.56829   5     11     53  
656.0  10:56:03 42.26659 -72.56829   5     11     42  
656.0  10:56:14 42.26755 -72.56708   5     10     43  
656.0  10:56:22 42.26859 -72.56641   5     11     51  
656.0  10:56:30 42.269684 -72.56596   4     12     41  
656.0  10:56:42 42.27109 -72.56576   5     17     51  
656.0  10:56:50 42.27278 -72.56537   4     13     43  
656.0  10:56:59 42.274162 -72.56508   5     11     55  
657.0  10:57:00 42.27492 -72.56497   5     17     52  
657.0  10:57:09 42.275665 -72.56476   5     15     58  
657.0  10:57:17 42.276722 -72.56402   4     16     53  
657.0  10:57:25 42.27747 -72.56266   3     10     41  
657.0  10:57:33 42.278263 -72.56106   5     16     45  
657.0  10:57:41 42.278927 -72.55986   4     19     48  
657.0  10:57:49 42.279903 -72.55916   3     13     47  
658.0  10:58:00 42.280735 -72.55786   4     10     47  
658.0  10:58:00 42.281006 -72.55715   5     17     59  
658.0  10:58:08 42.281303 -72.556435   5     13     49  
658.0  10:58:16 42.28195 -72.55477   5     10     52  
658.0  10:58:25 42.28256 -72.55326   5     19     48  
658.0  10:58:33 42.283203 -72.55165   3     19     42  
658.0  10:58:41 42.283844 -72.55002   5     15     49  
658.0  10:58:51 42.28463 -72.548065   3     12     41  
658.0  10:58:59 42.28524 -72.546455   5     11     41  
659.0  10:59:00 42.28538 -72.54558   3     15     59  
659.0  10:59:07 42.285572 -72.54449   4     12     49  
659.0  10:59:15 42.28597 -72.54277   4     15     55  
659.0  10:59:24 42.286575 -72.541214   5     16     43  
659.0  10:59:32 42.287216 -72.539635   5     18     53  
659.0  10:59:42 42.28812 -72.53791   5     13     52  
659.0  10:59:50 42.288826 -72.53678   3     11     41  
659.0  10:59:58 42.289215 -72.53528   5     16     57  
660.0  11:00:00 42.28958 -72.534355   4     13     42  
660.0  11:00:07 42.28988 -72.53388   5     16     51  
660.0  11:00:15 42.291115 -72.5329   5     13     47  
660.0  11:00:24 42.29244 -72.53204   5     16     46  
660.0  11:00:35 42.29415 -72.53122   5     16     50  
660.0  11:00:43 42.29558 -72.53118   3     17     48  
660.0  11:00:51 42.29705 -72.531105   4     17     43  
660.0  11:00:59 42.29839 -72.53027   4     14     55  
661.0  11:01:00 42.299 -72.52978   3     16     48  
661.0  11:01:08 42.299725 -72.52922   5     15     48  
662.0  11:02:00 42.30669 -72.53056   4     16     49  
662.0  11:02:04 42.306767 -72.53066   5     19     56  
662.0  11:02:14 42.30793 -72.530396   4     18     57  
662.0  11:02:23 42.30888 -72.52957   4     12     59  
662.0  11:02:31 42.31022 -72.52968   4     18     47  
662.0  11:02:39 42.311535 -72.5302   4     14     58  
662.0  11:02:47 42.312927 -72.53069   4     10     43  
662.0  11:02:55 42.31434 -72.53087   3     16     50  
663.0  11:03:00 42.315598 -72.53046   5     12     59  
663.0  11:03:06 42.315907 -72.53036   5     16     56  
663.0  11:03:14 42.31723 -72.529884   4     19     52  
663.0  11:03:22 42.31813 -72.529175   5     19     53  
663.0  11:03:32 42.31896 -72.52832   4     19     49  
663.0  11:03:40 42.31917 -72.528015   4     10     41  
663.0  11:03:49 42.319324 -72.52807   3     10     51  
664.0  11:04:00 42.31979 -72.529305   4     10     49  
664.0  11:04:00 42.31995 -72.52976   5     13     55  
664.0  11:04:09 42.320145 -72.53058   3     11     40  
664.0  11:04:18 42.320225 -72.5321   5     10     50  
664.0  11:04:27 42.320263 -72.53346   3     11     55  
664.0  11:04:35 42.32034 -72.53436   3     15     56  
664.0  11:04:44 42.320732 -72.53433   4     10     48  
664.0  11:04:54 42.32083 -72.5338   3     18     53  
665.0  11:05:00 42.321167 -72.53381   4     13     48  
665.0  11:05:03 42.32115 -72.53375   4     18     52  
665.0  11:05:11 42.32115 -72.53416   4     15     55  
665.0  11:05:19 42.321434 -72.53423   3     19     40  
665.0  11:05:27 42.32169 -72.5342   4     15     48  
665.0  11:05:35 42.32172 -72.53359   3     18     45  
665.0  11:05:45 42.321793 -72.532265   3     18     57  
665.0  11:05:54 42.321896 -72.53124   3     19     58  
666.0  11:06:00 42.322052 -72.53006   3     15     45  
666.0  11:06:02 42.32202 -72.53014   5     16     55  
666.0  11:06:11 42.322163 -72.529816   3     18     56  
666.0  11:06:19 42.32227 -72.52958   5     18     57  
666.0  11:06:28 42.322502 -72.52904   5     13     41  
666.0  11:06:40 42.32344 -72.52839   3     10     56  
666.0  11:06:49 42.32432 -72.52866   5     17     47  
666.0  11:06:57 42.324867 -72.528755   4     10     47  
667.0  11:07:00 42.325066 -72.52878   5     13     43  
667.0  11:07:06 42.325127 -72.52881   5     19     46  
667.0  11:07:15 42.32515 -72.52942   5     11     54  
667.0  11:07:23 42.325127 -72.5303   5     18     43  
667.0  11:07:35 42.32528 -72.531006   3     18     55  
667.0  11:07:43 42.325287 -72.53112   4     14     41  
667.0  11:07:51 42.32525 -72.53111   4     11     43  
668.0  11:08:00 42.32521 -72.531105   5     14     48  
668.0  11:08:00 42.325127 -72.53117   3     15     54  
668.0  11:08:08 42.32496 -72.53115   3     19     51  
668.0  11:08:16 42.324917 -72.5308   4     14     40  
668.0  11:08:27 42.32509 -72.529884   5     15     49  
668.0  11:08:36 42.32511 -72.52916   5     11     49  
668.0  11:08:44 42.325115 -72.528786   4     17     48  
668.0  11:08:52 42.325127 -72.528015   4     12     46  
669.0  11:09:00 42.32471 -72.52712   5     18     58  
669.0  11:09:00 42.32438 -72.52693   3     12     54  
669.0  11:09:08 42.32382 -72.526665   4     17     41  
669.0  11:09:20 42.3233 -72.525314   3     16     40  
669.0  11:09:29 42.323288 -72.524956   4     15     40  
669.0  11:09:37 42.323277 -72.52484   4     19     47  
669.0  11:09:45 42.323593 -72.52467   5     19     56  
669.0  11:09:53 42.32456 -72.524574   4     12     54  
670.0  11:10:00 42.326168 -72.52441   4     18     58  
670.0  11:10:02 42.325836 -72.524445   5     12     55  
670.0  11:10:13 42.3277 -72.524284   5     19     40  
670.0  11:10:21 42.32938 -72.52406   4     18     41  
670.0  11:10:30 42.330757 -72.52387   5     17     59  
670.0  11:10:38 42.332233 -72.52362   5     18     41  
670.0  11:10:47 42.33338 -72.52347   3     12     40  
670.0  11:10:55 42.33462 -72.52329   4     17     52  
671.0  11:11:00 42.336 -72.522804   5     15     50  
671.0  11:11:07 42.33628 -72.522644   4     10     40  
671.0  11:11:16 42.337715 -72.52149   4     10     53  
671.0  11:11:24 42.33889 -72.520744   4     13     48  
671.0  11:11:32 42.340046 -72.52014   4     19     58  
671.0  11:11:40 42.3409 -72.51996   4     19     40  
671.0  11:11:49 42.341015 -72.51997   5     18     46  
672.0  11:12:00 42.342308 -72.52005   5     11     55  
672.0  11:12:00 42.342728 -72.52014   3     18     43  
672.0  11:12:09 42.3435 -72.520325   5     13     40  
672.0  11:12:17 42.34475 -72.52045   3     14     54  
672.0  11:12:25 42.345917 -72.520454   4     15     51  
672.0  11:12:35 42.34707 -72.52035   5     12     46  
672.0  11:12:44 42.347412 -72.52021   3     15     41  
672.0  11:12:54 42.34741 -72.52023   4     15     40  
673.0  11:13:00 42.348034 -72.5201   5     18     44  
673.0  11:13:02 42.34793 -72.520134   5     19     59  
673.0  11:13:11 42.34887 -72.51993   3     14     44  
673.0  11:13:19 42.35011 -72.51989   4     16     50  
673.0  11:13:29 42.35122 -72.520134   5     11     50  
673.0  11:13:37 42.352398 -72.52062   3     12     43  
673.0  11:13:48 42.35397 -72.52055   4     10     49  
673.0  11:13:56 42.35534 -72.520805   4     19     49  
674.0  11:14:00 42.356365 -72.52097   3     17     47  
674.0  11:14:05 42.35668 -72.52096   4     13     47  
674.0  11:14:15 42.357933 -72.52088   4     10     59  
674.0  11:14:23 42.359528 -72.52083   5     12     40  
674.0  11:14:32 42.360657 -72.52079   3     15     47  
674.0  11:14:43 42.362274 -72.52075   3     19     57  
674.0  11:14:52 42.363735 -72.52072   5     13     40  
675.0  11:15:00 42.365192 -72.5205   3     15     49  
675.0  11:15:00 42.365654 -72.520424   3     19     46  
675.0  11:15:09 42.366417 -72.52029   4     18     57  
675.0  11:15:17 42.367584 -72.52013   5     11     46  
675.0  11:15:26 42.368687 -72.519966   5     12     49  
675.0  11:15:37 42.370415 -72.5198   3     12     57  
675.0  11:15:46 42.371475 -72.51975   3     16     44  
676.0  11:16:00 42.372173 -72.51953   4     15     56  
676.0  11:16:34 42.372963 -72.51886   5     10     52  
676.0  11:16:44 42.373035 -72.51889   5     14     51  
676.0  11:16:53 42.373035 -72.51889   5     15     40  
677.0  11:17:00 42.37311 -72.51888   5     11     45  
677.0  11:17:01 42.37309 -72.51888   4     11     59  
677.0  11:17:10 42.37317 -72.51885   5     16     52  
677.0  11:17:18 42.373215 -72.51881   4     10     44  
677.0  11:17:27 42.373165 -72.51885   3     14     46  
677.0  11:17:37 42.37324 -72.51889   3     18     43  
677.0  11:17:45 42.37331 -72.51922   3     13     45  
677.0  11:17:53 42.37327 -72.51928   4     11     59  
678.0  11:18:00 42.373257 -72.51934   4     12     46  
678.0  11:18:02 42.373257 -72.51933   5     16     40  
678.0  11:18:10 42.373257 -72.51933   4     14     55  
678.0  11:18:18 42.37324 -72.51934   3     14     46  
678.0  11:18:38 42.373238 -72.51938   4     16     40  
678.0  11:18:45 42.373436 -72.519905   5     17     47  
678.0  11:18:50 42.37357 -72.51992   5     12     56  
678.0  11:18:55 42.373672 -72.51987   5     17     49  
679.0  11:19:00 42.37369 -72.5198   4     12     57  
679.0  11:19:00 42.37369 -72.51978   3     17     57  
679.0  11:19:05 42.37369 -72.519806   4     18     43  
679.0  11:19:06 42.373688 -72.51977   3     19     58  
679.0  11:19:06 42.373238 -72.51938   5     13     46  
679.0  11:19:15 42.373676 -72.51977   3     12     55  
679.0  11:19:27 42.373672 -72.51977   5     10     43  
679.0  11:19:35 42.373695 -72.519806   3     12     55  
679.0  11:19:43 42.373924 -72.51978   3     12     53  
679.0  11:19:52 42.374126 -72.5198   5     14     41  
680.0  11:20:00 42.374416 -72.5198   3     15     42  
680.0  11:20:00 42.374516 -72.5198   4     11     43  
680.0  11:20:09 42.37464 -72.51976   5     13     51  
680.0  11:20:21 42.374687 -72.519905   4     12     53  
680.0  11:20:30 42.374672 -72.51994   5     18     41  
680.0  11:20:38 42.374725 -72.51992   5     13     45  
680.0  11:20:46 42.37472 -72.51993   5     15     46  
680.0  11:20:55 42.374714 -72.51994   4     19     41  
681.0  11:21:00 42.374714 -72.51996   4     17     40  
681.0  11:21:03 42.374714 -72.51996   5     12     54  
681.0  11:21:14 42.374737 -72.51994   4     15     50  
681.0  11:21:23 42.374863 -72.51995   3     15     56  
681.0  11:21:31 42.375202 -72.51991   3     16     52  
681.0  11:21:42 42.37522 -72.519806   3     11     44  
681.0  11:21:50 42.375214 -72.5198   4     12     46  
681.0  11:21:59 42.375214 -72.519806   4     16     43  
682.0  11:22:00 42.37521 -72.51981   4     10     59  
682.0  11:22:11 42.37523 -72.519806   3     19     49  
682.0  11:22:20 42.375328 -72.519745   3     16     44  
682.0  11:22:28 42.37531 -72.51966   4     18     53  
682.0  11:22:37 42.37545 -72.51966   5     19     46  
682.0  11:22:45 42.376076 -72.519775   5     14     42  
682.0  11:22:53 42.37665 -72.51977   5     13     51  
683.0  11:23:00 42.377205 -72.51983   5     12     52  
683.0  11:23:03 42.377205 -72.51983   5     19     59  
683.0  11:23:12 42.37727 -72.51986   5     17     59  
683.0  11:23:20 42.377365 -72.51985   4     16     50  
683.0  11:23:29 42.377346 -72.51983   5     14     58  
683.0  11:23:37 42.377346 -72.519844   5     15     48  
683.0  11:23:45 42.37734 -72.51987   4     15     54  
683.0  11:23:56 42.377316 -72.519875   3     16     59  
684.0  11:24:00 42.377342 -72.519875   5     18     46  
684.0  11:24:04 42.37735 -72.519875   4     19     47  
684.0  11:24:13 42.37783 -72.51987   5     14     50  
684.0  11:24:21 42.37843 -72.519875   3     12     51  
684.0  11:24:29 42.37911 -72.51978   5     18     48  
684.0  11:24:37 42.37957 -72.51965   5     12     47  
684.0  11:24:49 42.37986 -72.51956   5     13     42  
684.0  11:24:59 42.380478 -72.51939   5     12     46  
685.0  11:25:00 42.381016 -72.51934   4     15     40  
685.0  11:25:07 42.381256 -72.519295   4     13     41  
685.0  11:25:16 42.381386 -72.51931   5     14     51  
685.0  11:25:24 42.381374 -72.51936   3     10     52  
685.0  11:25:33 42.381405 -72.51936   5     11     44  
685.0  11:25:45 42.381462 -72.519325   3     10     51  
685.0  11:25:53 42.381603 -72.51938   3     17     53  
686.0  11:26:00 42.382244 -72.52003   5     18     57  
686.0  11:26:01 42.382065 -72.51988   4     19     51  
686.0  11:26:11 42.38286 -72.52047   5     17     41  
686.0  11:26:20 42.383995 -72.52113   3     13     56  
686.0  11:26:29 42.385197 -72.52179   3     10     47  
686.0  11:26:39 42.385883 -72.52229   4     12     51  
686.0  11:26:48 42.38587 -72.52234   3     13     53  
686.0  11:26:56 42.385853 -72.52234   4     19     57  
687.0  11:27:00 42.385887 -72.52244   5     11     51  
687.0  11:27:05 42.385914 -72.5225   3     13     43  
687.0  11:27:13 42.386066 -72.523415   3     13     59  
687.0  11:27:22 42.385838 -72.52444   4     17     45  
687.0  11:27:33 42.38581 -72.52527   3     17     41  
687.0  11:27:41 42.386383 -72.525505   4     19     56  
687.0  11:27:49 42.386982 -72.525764   3     11     57  
687.0  11:27:57 42.387302 -72.52616   5     14     58  
688.0  11:28:00 42.387207 -72.52642   3     17     50  
688.0  11:28:06 42.387146 -72.52646   5     14     54  
688.0  11:28:14 42.387108 -72.52645   5     13     51  
688.0  11:28:25 42.387085 -72.52646   4     17     44  
688.0  11:28:34 42.387047 -72.52652   4     10     45  
688.0  11:28:42 42.386913 -72.526505   5     11     43  
688.0  11:28:50 42.386505 -72.526245   3     13     41  
688.0  11:28:59 42.38645 -72.52618   3     13     47  
689.0  11:29:00 42.38629 -72.5261   4     12     47  
689.0  11:29:07 42.38604 -72.52602   5     15     48  
689.0  11:29:17 42.385597 -72.52585   4     17     57  
689.0  11:29:26 42.38549 -72.52583   4     14     49  
689.0  11:29:34 42.38528 -72.52553   5     14     45  
689.0  11:29:42 42.385487 -72.52463   4     12     54  
689.0  11:29:50 42.38574 -72.52356   5     10     47  
689.0  11:29:58 42.38587 -72.522865   3     13     40  
690.0  11:30:00 42.38584 -72.522575   3     15     57  
690.0  11:30:09 42.385643 -72.52209   3     15     40  
690.0  11:30:17 42.38479 -72.521545   5     13     52  
690.0  11:30:26 42.384064 -72.521126   5     19     54  
690.0  11:30:35 42.383293 -72.52074   4     17     57  
690.0  11:30:44 42.382355 -72.52015   5     14     56  
690.0  11:30:54 42.381596 -72.51946   5     15     57  
691.0  11:31:00 42.380863 -72.51936   4     11     52  
691.0  11:31:06 42.38066 -72.51939   3     16     55  
691.0  11:31:14 42.379734 -72.519585   5     11     47  
692.0  11:32:00 42.377865 -72.520004   3     14     46  
692.0  11:32:00 42.377857 -72.520035   4     18     53  
692.0  11:32:11 42.377857 -72.52002   5     17     55  
692.0  11:32:20 42.377846 -72.52003   5     10     56  
692.0  11:32:28 42.37754 -72.51996   4     10     45  
692.0  11:32:37 42.377457 -72.51993   5     13     40  
692.0  11:32:45 42.377247 -72.519936   4     19     40  
692.0  11:32:54 42.376892 -72.51991   5     15     56  
693.0  11:33:00 42.376507 -72.51992   4     13     48  
693.0  11:33:04 42.376457 -72.51992   5     19     55  
693.0  11:33:12 42.37627 -72.51993   4     16     55  
693.0  11:33:20 42.376244 -72.51996   4     14     44  
693.0  11:33:29 42.37623 -72.51996   3     15     40  
693.0  11:33:37 42.376225 -72.51994   3     10     45  
693.0  11:33:46 42.376205 -72.51992   4     15     47  
693.0  11:33:57 42.376198 -72.5199   4     11     58  
694.0  11:34:00 42.376198 -72.51987   4     14     55  
694.0  11:34:05 42.376137 -72.51984   3     19     48  
694.0  11:34:13 42.375603 -72.51984   5     10     56  
694.0  11:34:22 42.375053 -72.5198   3     10     50  
694.0  11:34:30 42.3748 -72.51969   4     19     46  
694.0  11:34:39 42.374798 -72.51961   5     14     57  
694.0  11:34:50 42.37442 -72.51973   3     16     45  
694.0  11:34:58 42.374393 -72.519806   3     13     58  
695.0  11:35:00 42.37438 -72.51979   3     16     45  
695.0  11:35:07 42.37438 -72.51979   5     10     54  
695.0  11:35:16 42.374374 -72.51975   3     10     51  
695.0  11:35:24 42.374363 -72.51974   5     14     58  
695.0  11:35:32 42.374363 -72.51975   5     19     42  
695.0  11:35:42 42.374382 -72.51981   4     10     41  
695.0  11:35:50 42.374153 -72.519806   4     16     40  
695.0  11:35:59 42.37359 -72.51978   5     17     49  
696.0  11:36:00 42.37326 -72.51978   4     12     54  
696.0  11:36:07 42.372902 -72.51978   3     17     44  
696.0  11:36:15 42.372284 -72.51975   5     10     51  
696.0  11:36:24 42.372128 -72.51945   3     14     48  
696.0  11:36:34 42.372047 -72.51886   3     13     51  
696.0  11:36:43 42.37245 -72.51879   3     19     51  
696.0  11:36:52 42.37295 -72.51881   3     10     59  
697.0  11:37:00 42.373047 -72.51885   5     14     58  
697.0  11:37:00 42.373043 -72.51887   5     12     41  
697.0  11:37:08 42.37305 -72.518906   4     14     45  
697.0  11:37:16 42.373077 -72.5189   5     18     49  
697.0  11:37:27 42.37309 -72.51889   3     10     43  
697.0  11:37:35 42.373096 -72.518875   4     13     57  
697.0  11:37:43 42.373096 -72.518875   4     13     50  
697.0  11:37:51 42.37315 -72.51891   5     12     58  
697.0  11:37:59 42.373234 -72.51917   3     19     51  
698.0  11:38:00 42.37323 -72.51929   5     13     43  
698.0  11:38:07 42.373234 -72.51947   3     10     50  
698.0  11:38:18 42.373234 -72.51959   4     17     59  
698.0  11:38:26 42.37323 -72.519615   4     14     54  
698.0  11:38:34 42.373226 -72.51963   4     11     41  
698.0  11:38:42 42.37322 -72.519775   5     13     43  
698.0  11:38:50 42.372795 -72.51987   3     18     42  
698.0  11:38:58 42.371967 -72.51979   5     17     44  
699.0  11:39:00 42.371292 -72.51981   3     10     48  
699.0  11:39:09 42.3704 -72.519844   5     17     46  
699.0  11:39:20 42.369167 -72.51995   4     12     55  
699.0  11:39:28 42.367455 -72.52015   5     19     46  
699.0  11:39:36 42.36613 -72.52033   3     12     46  
699.0  11:39:44 42.36478 -72.52055   3     13     52  
699.0  11:39:52 42.36347 -72.520744   4     15     56  
700.0  11:40:00 42.36177 -72.52075   3     11     40  
700.0  11:40:02 42.361927 -72.52075   5     19     59  
700.0  11:40:11 42.360607 -72.52076   4     12     58  
700.0  11:40:19 42.359024 -72.52081   5     16     59  
700.0  11:40:28 42.357655 -72.5209   5     10     47  
701.0  11:41:00 42.352505 -72.52062   4     10     58  
702.0  11:42:00 42.343433 -72.52032   3     18     42  
702.0  11:42:36 42.340263 -72.52016   3     16     46  
702.0  11:42:41 42.340275 -72.52019   4     10     47  
702.0  11:42:46 42.34027 -72.520195   5     12     55  
703.0  11:43:00 42.33905 -72.52064   5     15     56  
704.0  11:44:00 42.329323 -72.52404   5     12     54  
704.0  11:44:15 42.326893 -72.52436   3     15     57  
705.0  11:45:00 42.32378 -72.526665   3     15     47  
706.0  11:46:00 42.32528 -72.531006   4     16     58  
707.0  11:47:00 42.325115 -72.52926   5     15     42  
707.0  11:47:51 42.322903 -72.52851   4     12     41  
708.0  11:48:00 42.322117 -72.5299   4     15     57  
709.0  11:49:00 42.32079 -72.53429   5     14     59  
710.0  11:50:00 42.320374 -72.53434   4     13     41  
711.0  11:51:00 42.319878 -72.529495   4     19     49  
711.0  11:51:23 42.319252 -72.528015   4     18     51  
711.0  11:51:25 42.319466 -72.52848   5     13     48  
711.0  11:51:45 42.31902 -72.52825   4     13     48  
712.0  11:52:00 42.317543 -72.52972   3     12     54  
713.0  11:53:00 42.308125 -72.53003   3     13     45  
714.0  11:54:00 42.304302 -72.528   5     13     57  
715.0  11:55:00 42.30307 -72.52774   5     10     55  
716.0  11:56:00 42.292694 -72.53182   3     18     50  
716.0  11:56:55 42.286686 -72.5408   4     11     58  
717.0  11:57:00 42.286297 -72.54179   4     15     44  
717.0  11:57:00 42.286217 -72.54198   4     13     54  
718.0  11:58:00 42.282494 -72.55337   4     10     48  
718.0  11:58:23 42.282345 -72.553795   4     17     56  
718.0  11:58:28 42.282055 -72.55451   5     14     46  
719.0  11:59:00 42.279526 -72.55944   4     10     51  
720.0  12:00:00 42.271732 -72.56569   5     16     59  
720.0  12:00:47 42.266594 -72.570335   5     12     50  
