0.0  00:00:00 42.37308 -72.51884   5     13     54  
0.0  00:00:01 42.373062 -72.518845   5     12     51  
0.0  00:00:09 42.373093 -72.518845   4     19     49  
0.0  00:00:18 42.373077 -72.518845   3     11     59  
0.0  00:00:26 42.37307 -72.51882   4     15     57  
0.0  00:00:35 42.373077 -72.51881   3     12     56  
0.0  00:00:46 42.37308 -72.51883   4     12     58  
0.0  00:00:54 42.373135 -72.51886   3     19     44  
1.0  00:01:00 42.373272 -72.51925   5     18     58  
1.0  00:01:03 42.37327 -72.51907   3     19     46  
1.0  00:01:11 42.37325 -72.51969   4     14     57  
1.0  00:01:20 42.37381 -72.5198   5     15     56  
1.0  00:01:28 42.37446 -72.51973   5     12     45  
1.0  00:01:39 42.374683 -72.51972   5     11     57  
1.0  00:01:47 42.374844 -72.51976   3     11     52  
1.0  00:01:56 42.37534 -72.51979   4     18     43  
2.0  00:02:00 42.375484 -72.51981   3     17     49  
2.0  00:02:05 42.37548 -72.519806   3     18     48  
2.0  00:02:14 42.375553 -72.519905   4     13     50  
2.0  00:02:23 42.375546 -72.51988   4     13     46  
2.0  00:02:34 42.375587 -72.51985   4     14     48  
2.0  00:02:42 42.375946 -72.51988   5     15     41  
2.0  00:02:50 42.376423 -72.51993   5     12     56  
2.0  00:02:59 42.37691 -72.51994   4     11     48  
3.0  00:03:00 42.377285 -72.519936   4     17     47  
3.0  00:03:08 42.377422 -72.519905   5     11     52  
3.0  00:03:16 42.377506 -72.51988   4     16     47  
3.0  00:03:27 42.37753 -72.51985   5     19     59  
3.0  00:03:36 42.377556 -72.51982   3     17     55  
3.0  00:03:44 42.377567 -72.51978   4     16     51  
3.0  00:03:53 42.377586 -72.51976   4     14     42  
4.0  00:04:00 42.37755 -72.519775   4     15     52  
4.0  00:04:02 42.377563 -72.519775   3     15     58  
4.0  00:04:10 42.377533 -72.51978   5     10     54  
4.0  00:04:24 42.377453 -72.519775   3     17     56  
4.0  00:04:33 42.37747 -72.519775   3     17     47  
4.0  00:04:42 42.377537 -72.51981   4     12     50  
4.0  00:04:51 42.377583 -72.519844   5     19     44  
4.0  00:04:59 42.37758 -72.51988   5     16     44  
5.0  00:05:00 42.377575 -72.519875   3     11     45  
5.0  00:05:08 42.377575 -72.51987   4     11     46  
5.0  00:05:21 42.37756 -72.51984   4     14     44  
5.0  00:05:30 42.377827 -72.51986   5     19     53  
5.0  00:05:38 42.378635 -72.519875   4     15     54  
5.0  00:05:47 42.379425 -72.51965   5     18     59  
5.0  00:05:56 42.380154 -72.51938   5     19     54  
6.0  00:06:00 42.381073 -72.51926   4     12     48  
6.0  00:06:05 42.380993 -72.519264   4     12     53  
6.0  00:06:19 42.381367 -72.519196   5     17     45  
6.0  00:06:28 42.381435 -72.51914   5     19     52  
6.0  00:06:36 42.38146 -72.519165   4     16     53  
6.0  00:06:49 42.38149 -72.519165   3     19     59  
7.0  00:07:00 42.382187 -72.51996   3     12     42  
7.0  00:07:01 42.381733 -72.51936   3     18     41  
7.0  00:07:14 42.38286 -72.52051   5     17     54  
7.0  00:07:22 42.383427 -72.520805   3     11     58  
7.0  00:07:30 42.384052 -72.5212   5     18     53  
7.0  00:07:39 42.384697 -72.52162   3     16     48  
7.0  00:07:48 42.38553 -72.521965   5     16     40  
7.0  00:07:57 42.385914 -72.52234   3     15     42  
8.0  00:08:00 42.386017 -72.52246   3     18     43  
8.0  00:08:07 42.386005 -72.522446   5     16     55  
8.0  00:08:16 42.385914 -72.52233   5     16     47  
8.0  00:08:24 42.385887 -72.52232   3     13     53  
8.0  00:08:33 42.38579 -72.5223   4     19     51  
8.0  00:08:42 42.385857 -72.522385   3     10     46  
8.0  00:08:50 42.385983 -72.52275   4     18     48  
9.0  00:09:00 42.385998 -72.52367   4     15     54  
9.0  00:09:00 42.38582 -72.52429   5     16     51  
9.0  00:09:09 42.385735 -72.524574   5     19     44  
9.0  00:09:17 42.38571 -72.525185   5     10     43  
9.0  00:09:25 42.386353 -72.52552   5     18     51  
9.0  00:09:34 42.38694 -72.52576   5     12     41  
9.0  00:09:43 42.387367 -72.52607   5     15     49  
9.0  00:09:53 42.38717 -72.5265   4     13     48  
10.0  00:10:00 42.387165 -72.52656   4     15     49  
10.0  00:10:02 42.38716 -72.52654   3     16     57  
10.0  00:10:17 42.38717 -72.526535   3     11     51  
10.0  00:10:26 42.386677 -72.52635   4     14     53  
10.0  00:10:34 42.385986 -72.526054   3     19     48  
10.0  00:10:47 42.385593 -72.52588   3     17     52  
10.0  00:10:55 42.38535 -72.52576   5     18     59  
11.0  00:11:00 42.385452 -72.52501   4     10     52  
11.0  00:11:04 42.38542 -72.52514   4     14     56  
11.0  00:11:13 42.38571 -72.523964   4     19     49  
11.0  00:11:21 42.385918 -72.52303   4     10     59  
11.0  00:11:32 42.38584 -72.52258   5     19     56  
11.0  00:11:42 42.385178 -72.521675   4     19     47  
11.0  00:11:51 42.384453 -72.521286   4     13     50  
12.0  00:12:00 42.38372 -72.520966   4     15     53  
12.0  00:12:00 42.38336 -72.52083   5     18     52  
12.0  00:12:11 42.383137 -72.52071   4     19     49  
12.0  00:12:19 42.38213 -72.51997   3     16     58  
12.0  00:12:28 42.381588 -72.51945   3     10     41  
12.0  00:12:39 42.38155 -72.51936   5     14     46  
12.0  00:12:48 42.381474 -72.51929   3     17     42  
12.0  00:12:56 42.380936 -72.51935   5     12     50  
13.0  00:13:00 42.38015 -72.519485   4     12     44  
13.0  00:13:05 42.38015 -72.519485   4     16     45  
13.0  00:13:14 42.379368 -72.519745   4     10     51  
13.0  00:13:22 42.37871 -72.51993   3     15     49  
13.0  00:13:32 42.377953 -72.51995   5     14     54  
13.0  00:13:42 42.37783 -72.519966   3     10     41  
13.0  00:13:50 42.377853 -72.52   5     13     42  
13.0  00:13:59 42.37725 -72.51994   4     12     52  
14.0  00:14:00 42.37682 -72.519936   4     18     53  
14.0  00:14:08 42.37668 -72.51992   3     17     54  
14.0  00:14:16 42.37616 -72.5199   4     14     53  
14.0  00:14:27 42.376053 -72.51993   5     10     40  
14.0  00:14:38 42.37609 -72.51999   5     10     54  
14.0  00:14:47 42.375534 -72.51996   4     14     44  
14.0  00:14:56 42.37486 -72.51986   4     14     44  
15.0  00:15:00 42.374393 -72.51984   4     11     48  
15.0  00:15:05 42.374393 -72.51984   4     10     40  
15.0  00:15:13 42.374462 -72.519875   4     16     55  
15.0  00:15:24 42.37366 -72.51977   5     19     44  
15.0  00:15:32 42.373535 -72.51976   3     12     56  
15.0  00:15:41 42.373276 -72.5198   5     16     59  
15.0  00:15:54 42.372528 -72.519745   3     18     56  
16.0  00:16:00 42.372086 -72.51914   4     14     47  
16.0  00:16:02 42.372147 -72.51937   5     10     58  
16.0  00:16:11 42.37211 -72.51879   3     19     45  
16.0  00:16:22 42.372818 -72.51882   4     17     51  
16.0  00:16:30 42.373116 -72.51887   4     19     56  
16.0  00:16:39 42.37315 -72.518906   3     12     45  
16.0  00:16:48 42.373116 -72.518845   4     19     41  
16.0  00:16:56 42.37307 -72.518814   3     19     50  
17.0  00:17:00 42.37309 -72.51886   3     12     41  
17.0  00:17:05 42.37309 -72.51886   5     18     41  
17.0  00:17:16 42.373234 -72.519   3     10     49  
17.0  00:17:25 42.37323 -72.51974   4     11     42  
17.0  00:17:33 42.37317 -72.519745   3     17     47  
17.0  00:17:42 42.37274 -72.51981   3     10     43  
17.0  00:17:51 42.372086 -72.5198   5     17     56  
17.0  00:17:59 42.371113 -72.519875   4     13     59  
18.0  00:18:00 42.370342 -72.5199   5     17     44  
18.0  00:18:09 42.369854 -72.51994   4     16     54  
18.0  00:18:27 42.36874 -72.520065   5     14     55  
18.0  00:18:36 42.36631 -72.52038   5     16     59  
18.0  00:18:45 42.364918 -72.5206   5     16     43  
18.0  00:18:54 42.363728 -72.52079   5     15     49  
19.0  00:19:00 42.362 -72.52077   3     16     52  
19.0  00:19:04 42.36214 -72.52077   3     19     41  
19.0  00:19:13 42.360832 -72.52083   4     17     54  
19.0  00:19:22 42.35964 -72.52088   3     15     49  
19.0  00:19:31 42.358147 -72.52097   5     15     50  
19.0  00:19:40 42.356876 -72.52101   4     19     47  
19.0  00:19:49 42.355637 -72.52095   4     13     52  
19.0  00:19:59 42.354053 -72.520645   3     13     43  
20.0  00:20:00 42.353058 -72.520645   4     16     44  
20.0  00:20:08 42.352554 -72.520645   4     15     57  
20.0  00:20:16 42.351303 -72.52032   3     19     40  
20.0  00:20:25 42.350098 -72.519905   4     11     44  
20.0  00:20:33 42.34863 -72.51997   3     14     54  
20.0  00:20:41 42.347404 -72.52024   3     18     52  
20.0  00:20:52 42.345978 -72.52045   3     12     43  
21.0  00:21:00 42.34407 -72.52047   3     16     58  
21.0  00:21:01 42.344746 -72.520485   5     12     41  
21.0  00:21:09 42.343513 -72.520386   5     19     50  
21.0  00:21:18 42.342228 -72.52002   5     11     47  
21.0  00:21:27 42.341007 -72.519936   5     19     45  
21.0  00:21:35 42.34035 -72.52009   4     19     56  
21.0  00:21:46 42.34026 -72.5201   5     18     44  
21.0  00:21:55 42.34028 -72.520134   3     18     53  
22.0  00:22:00 42.33988 -72.52022   4     14     45  
22.0  00:22:03 42.34 -72.52015   3     16     53  
22.0  00:22:11 42.33927 -72.52051   4     13     48  
22.0  00:22:20 42.338024 -72.52126   5     18     47  
22.0  00:22:29 42.336723 -72.5222   4     19     40  
22.0  00:22:40 42.33529 -72.523094   5     16     47  
22.0  00:22:48 42.33388 -72.523476   5     17     50  
22.0  00:22:57 42.3325 -72.52366   5     19     55  
23.0  00:23:00 42.331013 -72.52383   3     12     46  
23.0  00:23:06 42.331013 -72.52383   5     16     49  
23.0  00:23:14 42.329346 -72.52405   3     19     53  
23.0  00:23:22 42.327908 -72.52424   4     10     40  
23.0  00:23:36 42.326187 -72.52437   3     16     44  
23.0  00:23:44 42.324432 -72.52458   4     13     50  
23.0  00:23:53 42.323612 -72.52471   4     11     52  
24.0  00:24:00 42.323296 -72.525246   3     10     44  
24.0  00:24:03 42.32325 -72.52495   5     12     53  
24.0  00:24:11 42.323353 -72.5258   4     17     41  
24.0  00:24:22 42.323677 -72.526505   3     17     41  
24.0  00:24:38 42.324806 -72.52721   3     16     51  
24.0  00:24:47 42.325188 -72.5281   4     17     40  
24.0  00:24:55 42.325157 -72.52855   4     12     44  
25.0  00:25:00 42.32513 -72.528885   5     17     52  
25.0  00:25:04 42.325138 -72.52874   4     15     47  
25.0  00:25:12 42.325134 -72.5295   4     11     52  
25.0  00:25:23 42.32513 -72.53031   4     14     54  
25.0  00:25:34 42.3253 -72.53081   3     14     43  
25.0  00:25:43 42.32528 -72.53092   3     17     57  
25.0  00:25:52 42.32529 -72.53094   5     13     51  
26.0  00:26:00 42.32521 -72.53082   3     19     49  
26.0  00:26:01 42.32527 -72.5309   3     12     43  
26.0  00:26:12 42.32515 -72.53075   3     15     49  
26.0  00:26:23 42.3251 -72.53104   5     12     43  
26.0  00:26:32 42.324875 -72.53095   3     19     43  
26.0  00:26:40 42.324955 -72.53042   4     15     54  
26.0  00:26:49 42.325085 -72.529816   5     19     57  
26.0  00:26:57 42.325092 -72.529144   4     19     40  
27.0  00:27:00 42.32509 -72.52883   4     12     44  
27.0  00:27:05 42.32509 -72.52883   4     14     59  
27.0  00:27:16 42.324707 -72.52869   5     18     51  
27.0  00:27:25 42.32407 -72.528564   3     10     51  
27.0  00:27:34 42.323357 -72.52844   3     18     59  
27.0  00:27:42 42.322803 -72.52868   3     14     57  
27.0  00:27:51 42.322422 -72.52918   5     19     43  
27.0  00:27:59 42.322235 -72.529686   4     11     58  
28.0  00:28:00 42.322205 -72.52987   4     18     53  
28.0  00:28:10 42.322193 -72.52994   3     18     56  
28.0  00:28:19 42.32213 -72.53008   5     17     42  
28.0  00:28:32 42.322002 -72.53036   3     11     49  
28.0  00:28:40 42.321945 -72.53137   5     18     42  
28.0  00:28:48 42.32184 -72.532196   4     16     49  
28.0  00:28:57 42.321712 -72.53298   4     15     51  
29.0  00:29:00 42.321735 -72.53369   5     10     52  
29.0  00:29:08 42.321762 -72.53393   4     17     57  
29.0  00:29:17 42.321583 -72.53426   5     18     47  
29.0  00:29:26 42.320953 -72.53429   4     13     58  
29.0  00:29:35 42.32081 -72.53392   3     10     40  
29.0  00:29:44 42.32101 -72.53362   3     11     53  
29.0  00:29:53 42.321026 -72.533615   5     12     43  
30.0  00:30:00 42.32095 -72.53354   3     16     54  
30.0  00:30:08 42.320965 -72.53353   4     18     52  
30.0  00:30:19 42.32112 -72.53399   3     10     51  
30.0  00:30:28 42.32109 -72.534256   5     19     52  
30.0  00:30:36 42.320698 -72.53429   3     18     58  
30.0  00:30:45 42.320362 -72.53432   3     12     48  
30.0  00:30:54 42.320248 -72.53379   4     17     56  
31.0  00:31:00 42.320217 -72.53216   3     14     55  
31.0  00:31:03 42.320225 -72.53262   5     10     49  
31.0  00:31:13 42.320156 -72.53092   5     12     50  
31.0  00:31:21 42.319954 -72.52975   4     19     58  
31.0  00:31:29 42.319603 -72.5288   3     18     54  
31.0  00:31:38 42.31935 -72.528114   4     14     56  
31.0  00:31:46 42.319195 -72.528046   4     16     44  
31.0  00:31:55 42.318695 -72.52865   4     12     45  
32.0  00:32:00 42.317684 -72.52956   3     12     58  
32.0  00:32:06 42.317684 -72.52956   5     10     44  
32.0  00:32:15 42.316444 -72.53013   3     16     52  
32.0  00:32:24 42.315063 -72.53054   4     12     47  
32.0  00:32:32 42.313713 -72.530754   4     17     51  
32.0  00:32:41 42.312416 -72.53043   3     17     52  
32.0  00:32:50 42.31106 -72.530014   5     10     47  
33.0  00:33:00 42.309464 -72.52952   5     15     57  
33.0  00:33:00 42.308773 -72.529495   4     19     49  
33.0  00:33:11 42.3084 -72.529655   4     11     40  
33.0  00:33:20 42.307175 -72.5306   5     17     58  
33.0  00:33:29 42.306313 -72.530365   3     17     43  
33.0  00:33:39 42.30547 -72.52918   5     17     56  
33.0  00:33:49 42.30408 -72.52771   5     11     40  
33.0  00:33:59 42.302696 -72.52751   3     19     44  
34.0  00:34:00 42.30154 -72.527916   4     18     40  
34.0  00:34:16 42.301193 -72.5281   5     17     47  
34.0  00:34:19 42.301193 -72.5281   5     17     40  
34.0  00:34:28 42.297974 -72.53062   5     13     44  
34.0  00:34:36 42.296425 -72.5312   3     15     49  
34.0  00:34:47 42.29471 -72.53125   5     15     41  
34.0  00:34:55 42.293144 -72.53154   3     11     56  
35.0  00:35:00 42.291584 -72.53253   3     14     48  
35.0  00:35:04 42.291897 -72.532326   4     15     49  
35.0  00:35:15 42.290535 -72.53321   5     19     59  
35.0  00:35:24 42.289246 -72.534935   5     19     43  
35.0  00:35:33 42.288715 -72.536896   3     18     47  
35.0  00:35:43 42.28761 -72.53872   3     11     58  
35.0  00:35:51 42.286987 -72.54018   3     17     47  
36.0  00:36:00 42.28636 -72.541725   3     11     49  
36.0  00:36:00 42.28591 -72.54283   3     16     48  
36.0  00:36:08 42.285755 -72.543434   3     11     41  
36.0  00:36:17 42.28544 -72.54511   4     10     49  
36.0  00:36:25 42.285164 -72.54684   5     17     40  
36.0  00:36:35 42.28454 -72.54845   3     11     46  
36.0  00:36:44 42.28388 -72.55013   5     16     54  
36.0  00:36:52 42.283283 -72.551575   3     18     54  
37.0  00:37:00 42.282635 -72.55319   5     11     46  
37.0  00:37:00 42.282276 -72.55405   3     19     43  
37.0  00:37:09 42.28205 -72.55455   4     15     42  
37.0  00:37:18 42.281372 -72.55621   4     13     48  
37.0  00:37:29 42.280666 -72.55815   4     13     46  
37.0  00:37:37 42.280033 -72.559296   4     15     48  
37.0  00:37:46 42.279083 -72.55981   4     15     55  
37.0  00:37:54 42.278275 -72.56102   5     14     45  
38.0  00:38:00 42.277428 -72.56282   5     13     52  
38.0  00:38:03 42.277653 -72.56234   3     19     41  
38.0  00:38:12 42.276997 -72.56372   4     15     47  
38.0  00:38:22 42.275696 -72.56483   4     11     56  
38.0  00:38:31 42.27457 -72.56499   5     12     50  
38.0  00:38:39 42.273308 -72.56529   4     10     48  
38.0  00:38:47 42.272198 -72.565506   4     12     44  
38.0  00:38:56 42.270996 -72.565765   3     12     57  
39.0  00:39:00 42.269615 -72.56603   3     18     51  
39.0  00:39:04 42.269615 -72.56603   5     18     49  
39.0  00:39:19 42.26835 -72.56653   3     17     51  
39.0  00:39:27 42.26699 -72.56762   3     19     49  
39.0  00:39:36 42.266487 -72.56878   5     11     49  
39.0  00:39:44 42.266644 -72.57003   5     10     47  
39.0  00:39:53 42.26667 -72.57119   5     10     43  
40.0  00:40:00 42.26559 -72.571754   3     19     51  
40.0  00:40:01 42.266056 -72.57166   3     17     54  
40.0  00:40:13 42.26472 -72.57194   5     16     43  
40.0  00:40:21 42.26356 -72.572235   3     17     54  
40.0  00:40:33 42.262444 -72.572525   5     10     43  
40.0  00:40:41 42.26111 -72.57288   5     16     55  
40.0  00:40:50 42.260353 -72.57322   4     19     51  
40.0  00:40:59 42.259693 -72.5741   4     12     51  
41.0  00:41:00 42.259365 -72.574554   4     18     55  
41.0  00:41:10 42.25927 -72.57472   4     16     45  
41.0  00:41:18 42.259243 -72.57476   4     11     52  
41.0  00:41:27 42.258972 -72.574875   3     13     41  
41.0  00:41:36 42.258583 -72.57444   3     13     58  
41.0  00:41:44 42.258213 -72.573715   3     16     56  
41.0  00:41:53 42.258068 -72.57319   4     18     44  
42.0  00:42:00 42.25804 -72.573166   3     13     56  
42.0  00:42:03 42.258053 -72.57316   5     10     50  
42.0  00:42:12 42.25804 -72.57316   3     10     44  
42.0  00:42:21 42.25791 -72.572525   5     19     46  
42.0  00:42:29 42.25778 -72.57201   5     16     51  
42.0  00:42:38 42.25739 -72.57202   3     17     47  
42.0  00:42:46 42.25688 -72.57217   5     15     56  
42.0  00:42:57 42.25639 -72.57217   4     13     42  
43.0  00:43:00 42.256287 -72.57223   3     17     44  
43.0  00:43:06 42.256287 -72.57223   4     16     52  
43.0  00:43:14 42.25587 -72.57235   4     16     54  
43.0  00:43:23 42.255386 -72.572624   3     10     42  
43.0  00:43:31 42.25489 -72.57299   3     15     42  
43.0  00:43:40 42.25446 -72.57346   5     12     54  
43.0  00:43:51 42.254257 -72.57403   4     13     51  
44.0  00:44:00 42.25421 -72.57419   4     15     59  
44.0  00:44:00 42.254223 -72.57418   5     16     58  
44.0  00:44:08 42.254223 -72.57417   5     16     59  
44.0  00:44:17 42.254196 -72.57412   4     16     47  
44.0  00:44:25 42.25417 -72.57409   4     10     48  
44.0  00:44:34 42.254158 -72.57407   4     19     53  
44.0  00:44:45 42.254166 -72.5741   3     11     46  
44.0  00:44:54 42.25416 -72.5741   3     19     56  
45.0  00:45:00 42.25415 -72.57409   4     13     52  
45.0  00:45:03 42.254147 -72.57408   4     16     49  
45.0  00:45:11 42.254154 -72.5741   4     14     49  
45.0  00:45:20 42.25416 -72.574104   4     19     40  
45.0  00:45:29 42.25416 -72.57411   4     18     43  
45.0  00:45:39 42.254173 -72.57412   4     18     51  
45.0  00:45:48 42.254177 -72.574135   5     10     45  
45.0  00:45:56 42.254185 -72.57414   5     11     48  
46.0  00:46:00 42.25419 -72.57415   5     12     48  
46.0  00:46:05 42.25419 -72.57415   3     13     56  
46.0  00:46:14 42.25419 -72.57417   4     15     40  
46.0  00:46:22 42.254154 -72.574165   3     17     50  
46.0  00:46:33 42.254147 -72.57414   3     18     43  
46.0  00:46:42 42.254124 -72.57416   5     14     53  
46.0  00:46:50 42.254128 -72.57417   3     19     59  
47.0  00:47:00 42.25416 -72.5742   4     10     59  
47.0  00:47:05 42.254135 -72.574196   5     13     55  
47.0  00:47:14 42.25418 -72.5742   3     18     53  
47.0  00:47:24 42.254196 -72.57421   5     14     51  
47.0  00:47:32 42.254204 -72.57422   5     11     56  
47.0  00:47:41 42.254208 -72.57423   5     12     50  
47.0  00:47:50 42.254173 -72.57424   5     16     42  
47.0  00:47:58 42.254147 -72.57426   3     13     58  
48.0  00:48:00 42.254147 -72.57424   3     18     44  
48.0  00:48:07 42.25415 -72.57423   4     14     56  
48.0  00:48:17 42.25421 -72.57417   4     18     54  
48.0  00:48:26 42.25428 -72.57417   4     17     58  
48.0  00:48:35 42.254326 -72.57414   5     14     54  
48.0  00:48:43 42.25431 -72.574135   3     11     44  
48.0  00:48:52 42.254288 -72.57415   4     19     51  
49.0  00:49:00 42.254265 -72.574165   3     17     59  
49.0  00:49:00 42.254246 -72.57417   3     15     58  
49.0  00:49:11 42.254234 -72.57417   3     12     44  
49.0  00:49:19 42.254227 -72.57418   5     18     42  
49.0  00:49:28 42.254196 -72.57418   3     14     54  
49.0  00:49:37 42.2542 -72.5742   5     17     45  
49.0  00:49:46 42.25422 -72.57425   3     10     59  
49.0  00:49:55 42.254215 -72.574265   3     12     54  
50.0  00:50:00 42.254215 -72.57424   5     15     48  
50.0  00:50:06 42.254215 -72.57424   5     11     45  
50.0  00:50:15 42.25421 -72.57423   4     19     45  
50.0  00:50:23 42.2542 -72.57421   4     19     49  
50.0  00:50:32 42.25417 -72.57419   4     12     48  
50.0  00:50:41 42.254147 -72.57417   5     12     44  
50.0  00:50:49 42.254135 -72.57415   5     10     56  
51.0  00:51:00 42.254135 -72.57415   3     12     55  
51.0  00:51:00 42.254135 -72.57415   4     18     45  
51.0  00:51:09 42.254135 -72.57415   5     12     40  
51.0  00:51:17 42.254143 -72.57414   3     11     58  
51.0  00:51:26 42.254147 -72.574104   5     15     46  
51.0  00:51:35 42.254158 -72.57409   3     18     58  
51.0  00:51:49 42.25417 -72.5741   5     19     59  
52.0  00:52:00 42.25419 -72.5742   5     16     53  
52.0  00:52:03 42.25419 -72.574196   5     16     43  
52.0  00:52:12 42.25418 -72.57423   5     18     45  
52.0  00:52:20 42.25418 -72.57423   5     11     58  
52.0  00:52:29 42.25416 -72.57422   4     18     51  
52.0  00:52:37 42.25385 -72.57447   5     11     56  
52.0  00:52:46 42.253525 -72.57463   4     18     49  
52.0  00:52:56 42.253666 -72.57533   3     10     56  
53.0  00:53:00 42.253918 -72.57602   4     19     40  
53.0  00:53:04 42.253887 -72.57596   5     17     45  
53.0  00:53:13 42.253994 -72.576256   3     16     45  
53.0  00:53:21 42.253994 -72.57627   4     19     42  
53.0  00:53:33 42.254135 -72.57661   4     14     47  
53.0  00:53:42 42.25429 -72.57708   3     12     43  
53.0  00:53:52 42.255173 -72.57679   4     10     55  
54.0  00:54:00 42.25638 -72.57637   4     18     41  
54.0  00:54:01 42.256035 -72.5765   3     12     58  
54.0  00:54:09 42.256702 -72.57625   4     17     44  
54.0  00:54:18 42.257244 -72.57606   4     18     59  
54.0  00:54:32 42.257355 -72.57603   3     13     41  
54.0  00:54:43 42.257626 -72.57589   4     14     54  
54.0  00:54:52 42.257633 -72.575935   3     17     57  
55.0  00:55:00 42.257584 -72.57593   3     19     41  
55.0  00:55:00 42.25778 -72.575905   3     18     56  
55.0  00:55:08 42.25799 -72.5758   3     11     45  
55.0  00:55:17 42.25846 -72.57539   4     13     57  
55.0  00:55:26 42.25923 -72.57464   3     16     53  
55.0  00:55:36 42.26013 -72.57345   4     10     40  
55.0  00:55:45 42.26088 -72.57287   4     19     45  
55.0  00:55:54 42.261936 -72.57262   3     16     47  
56.0  00:56:00 42.2635 -72.572266   3     13     57  
56.0  00:56:03 42.26309 -72.572365   4     19     56  
56.0  00:56:11 42.264343 -72.57206   5     17     49  
56.0  00:56:20 42.26542 -72.57178   4     19     41  
56.0  00:56:31 42.266552 -72.57142   3     14     59  
56.0  00:56:40 42.266663 -72.57031   4     16     53  
56.0  00:56:48 42.266537 -72.56897   3     11     53  
56.0  00:56:57 42.26665 -72.56795   3     16     54  
57.0  00:57:00 42.267727 -72.56692   4     12     50  
57.0  00:57:05 42.267727 -72.56692   4     18     43  
57.0  00:57:14 42.268887 -72.5662   4     12     53  
57.0  00:57:25 42.27059 -72.56585   3     19     56  
57.0  00:57:33 42.272007 -72.565605   4     12     55  
57.0  00:57:42 42.273212 -72.56528   3     17     57  
57.0  00:57:50 42.274487 -72.564964   4     18     52  
58.0  00:58:00 42.275715 -72.56472   4     16     48  
58.0  00:58:00 42.2765 -72.56424   3     19     42  
58.0  00:58:09 42.27684 -72.563866   3     13     58  
58.0  00:58:19 42.277687 -72.56225   4     18     59  
58.0  00:58:27 42.27843 -72.560745   4     12     51  
58.0  00:58:36 42.27914 -72.55959   4     15     53  
58.0  00:58:44 42.28025 -72.55885   4     19     53  
58.0  00:58:53 42.280743 -72.557846   3     17     44  
59.0  00:59:00 42.28166 -72.55548   5     16     51  
59.0  00:59:02 42.281353 -72.556206   3     12     41  
59.0  00:59:12 42.282124 -72.55418   3     13     54  
59.0  00:59:21 42.28265 -72.55283   4     15     41  
59.0  00:59:29 42.283203 -72.55152   3     16     50  
59.0  00:59:38 42.28384 -72.54991   3     13     56  
59.0  00:59:46 42.284466 -72.54836   5     13     41  
59.0  00:59:55 42.285057 -72.547035   4     17     48  
60.0  01:00:00 42.285484 -72.54482   3     17     54  
60.0  01:00:04 42.285446 -72.54503   4     18     41  
60.0  01:00:13 42.285778 -72.54341   3     16     44  
60.0  01:00:22 42.2863 -72.54174   3     13     45  
60.0  01:00:30 42.286934 -72.5403   3     11     42  
60.0  01:00:38 42.28765 -72.53853   3     14     51  
60.0  01:00:47 42.288517 -72.537346   5     14     53  
60.0  01:00:57 42.289127 -72.53556   5     19     49  
61.0  01:01:00 42.28964 -72.53416   3     14     55  
61.0  01:01:06 42.28964 -72.53416   5     15     42  
61.0  01:01:14 42.29075 -72.53301   3     11     48  
61.0  01:01:23 42.29231 -72.53205   3     17     48  
61.0  01:01:31 42.293533 -72.53135   5     16     58  
61.0  01:01:40 42.29509 -72.53113   3     17     58  
61.0  01:01:50 42.296963 -72.53101   3     18     57  
61.0  01:01:58 42.298504 -72.5302   5     18     55  
62.0  01:02:00 42.299393 -72.52944   5     18     54  
62.0  01:02:07 42.299686 -72.529205   4     10     41  
62.0  01:02:16 42.300922 -72.52828   4     19     50  
62.0  01:02:24 42.301876 -72.527756   5     14     46  
62.0  01:02:33 42.3031 -72.527534   3     12     43  
62.0  01:02:49 42.304893 -72.528275   5     19     43  
62.0  01:02:59 42.30587 -72.52949   5     13     48  
63.0  01:03:00 42.306267 -72.530075   4     13     55  
63.0  01:03:08 42.306404 -72.53023   4     11     52  
63.0  01:03:16 42.30721 -72.53063   3     15     49  
63.0  01:03:24 42.308056 -72.530304   3     18     50  
63.0  01:03:33 42.308792 -72.52955   3     11     54  
63.0  01:03:41 42.30977 -72.529465   3     12     54  
63.0  01:03:54 42.311115 -72.529945   4     14     52  
64.0  01:04:00 42.313023 -72.53059   5     10     55  
64.0  01:04:04 42.312763 -72.53048   4     11     52  
64.0  01:04:13 42.31402 -72.53076   4     13     59  
64.0  01:04:21 42.315277 -72.5305   5     18     52  
64.0  01:04:30 42.316555 -72.530075   5     18     52  
64.0  01:04:43 42.31759 -72.529655   3     19     40  
64.0  01:04:54 42.318794 -72.52851   3     15     56  
65.0  01:05:00 42.31926 -72.52795   5     19     59  
65.0  01:05:03 42.319157 -72.527985   3     18     59  
65.0  01:05:12 42.31943 -72.52823   4     10     51  
65.0  01:05:20 42.31978 -72.52912   4     16     47  
65.0  01:05:29 42.320152 -72.53044   5     15     58  
65.0  01:05:38 42.320248 -72.531784   4     15     59  
65.0  01:05:48 42.320232 -72.533485   3     15     57  
65.0  01:05:59 42.320236 -72.53431   3     12     57  
66.0  01:06:00 42.320583 -72.534325   5     11     50  
66.0  01:06:08 42.32068 -72.53432   4     15     50  
66.0  01:06:16 42.320793 -72.53391   4     12     40  
66.0  01:06:25 42.320957 -72.533615   4     17     44  
66.0  01:06:33 42.321095 -72.53362   4     13     53  
66.0  01:06:45 42.32114 -72.53413   4     19     49  
66.0  01:06:54 42.32146 -72.53423   3     12     43  
67.0  01:07:00 42.321785 -72.53395   3     10     54  
67.0  01:07:02 42.32177 -72.534096   4     13     47  
67.0  01:07:11 42.32175 -72.53358   5     13     44  
67.0  01:07:19 42.321724 -72.53271   3     10     42  
67.0  01:07:28 42.321865 -72.53196   4     11     49  
67.0  01:07:39 42.321915 -72.53102   5     16     57  
67.0  01:07:47 42.322014 -72.5303   3     10     56  
67.0  01:07:56 42.322166 -72.52984   3     14     51  
68.0  01:08:00 42.322224 -72.52967   5     11     52  
68.0  01:08:05 42.32222 -72.52968   5     13     42  
68.0  01:08:13 42.322273 -72.52953   3     18     45  
68.0  01:08:22 42.322407 -72.52921   5     15     44  
68.0  01:08:32 42.322903 -72.528465   5     14     44  
68.0  01:08:41 42.323494 -72.52831   4     13     52  
68.0  01:08:50 42.32414 -72.528534   3     16     47  
68.0  01:08:59 42.32466 -72.52866   3     19     42  
69.0  01:09:00 42.32496 -72.52871   4     11     53  
69.0  01:09:08 42.32499 -72.52872   5     19     52  
69.0  01:09:17 42.325092 -72.52899   5     15     56  
69.0  01:09:28 42.325134 -72.529976   5     17     43  
69.0  01:09:36 42.32526 -72.53051   3     19     57  
69.0  01:09:44 42.32532 -72.53097   3     16     50  
69.0  01:09:54 42.32524 -72.531006   5     11     52  
70.0  01:10:00 42.325157 -72.53096   5     17     54  
70.0  01:10:02 42.325176 -72.53096   4     16     46  
70.0  01:10:11 42.32512 -72.531105   4     16     57  
70.0  01:10:21 42.324883 -72.53098   4     19     58  
70.0  01:10:30 42.324963 -72.53049   4     19     51  
70.0  01:10:39 42.325104 -72.52977   5     19     42  
70.0  01:10:47 42.32511 -72.52899   3     15     48  
70.0  01:10:56 42.325115 -72.5288   5     13     44  
71.0  01:11:00 42.32513 -72.52841   4     15     40  
71.0  01:11:05 42.325127 -72.52843   4     16     49  
71.0  01:11:15 42.32516 -72.52807   5     18     46  
71.0  01:11:23 42.324936 -72.527275   5     12     57  
71.0  01:11:32 42.324352 -72.526886   3     12     59  
71.0  01:11:46 42.323704 -72.52654   5     12     48  
71.0  01:11:54 42.323303 -72.52544   3     14     41  
72.0  01:12:00 42.3233 -72.524864   4     18     40  
72.0  01:12:05 42.3233 -72.52488   4     17     52  
72.0  01:12:13 42.323444 -72.52465   5     16     45  
72.0  01:12:22 42.324436 -72.52462   4     17     40  
72.0  01:12:30 42.325886 -72.52441   4     10     46  
72.0  01:12:40 42.327263 -72.52433   5     16     56  
72.0  01:12:48 42.328983 -72.524086   4     15     57  
72.0  01:12:59 42.330906 -72.52383   4     10     45  
73.0  01:13:00 42.331905 -72.52368   5     19     55  
73.0  01:13:08 42.3322 -72.52363   5     12     59  
73.0  01:13:16 42.333256 -72.52345   3     17     54  
73.0  01:13:25 42.334213 -72.52335   4     16     44  
73.0  01:13:34 42.33543 -72.52302   4     14     52  
73.0  01:13:43 42.336563 -72.5224   4     11     53  
73.0  01:13:53 42.337746 -72.52145   5     11     44  
74.0  01:14:00 42.339176 -72.52052   3     12     56  
74.0  01:14:02 42.338737 -72.52078   5     14     46  
74.0  01:14:10 42.3396 -72.52029   5     16     56  
74.0  01:14:19 42.34041 -72.52   3     11     52  
74.0  01:14:28 42.34126 -72.519844   5     17     59  
74.0  01:14:37 42.342587 -72.520035   4     18     57  
74.0  01:14:48 42.344143 -72.52041   5     11     46  
74.0  01:14:57 42.3453 -72.52042   5     17     46  
75.0  01:15:00 42.346214 -72.5204   4     16     45  
75.0  01:15:05 42.346214 -72.5204   4     12     45  
75.0  01:15:14 42.347088 -72.52027   3     10     51  
75.0  01:15:22 42.34797 -72.5201   5     16     41  
75.0  01:15:31 42.349148 -72.519905   3     16     44  
75.0  01:15:41 42.35041 -72.519905   5     18     45  
75.0  01:15:50 42.351463 -72.52032   3     12     57  
75.0  01:15:58 42.35239 -72.52064   4     12     48  
76.0  01:16:00 42.35324 -72.520584   4     17     54  
76.0  01:16:07 42.353474 -72.52058   4     11     57  
76.0  01:16:16 42.35437 -72.52056   4     17     44  
76.0  01:16:25 42.354774 -72.52069   5     16     47  
76.0  01:16:36 42.35478 -72.52069   4     14     58  
76.0  01:16:44 42.354767 -72.5207   4     14     44  
76.0  01:16:53 42.354748 -72.52067   3     18     43  
77.0  01:17:00 42.35598 -72.52095   3     15     45  
77.0  01:17:01 42.35542 -72.52087   4     12     44  
77.0  01:17:10 42.35661 -72.52095   3     15     51  
77.0  01:17:18 42.35804 -72.52087   5     16     42  
77.0  01:17:28 42.359642 -72.52077   3     12     47  
77.0  01:17:40 42.361015 -72.520744   3     17     47  
77.0  01:17:52 42.36267 -72.52073   3     13     58  
78.0  01:18:00 42.36451 -72.520615   3     15     58  
78.0  01:18:00 42.36526 -72.52048   5     13     55  
78.0  01:18:08 42.365704 -72.52041   4     18     51  
78.0  01:18:19 42.36734 -72.52017   4     19     42  
78.0  01:18:28 42.36855 -72.520004   4     10     51  
78.0  01:18:37 42.369793 -72.51993   3     19     54  
78.0  01:18:46 42.370968 -72.51986   5     18     49  
78.0  01:18:55 42.372093 -72.519714   5     13     42  
79.0  01:19:00 42.37217 -72.51926   5     18     56  
79.0  01:19:03 42.372227 -72.519394   4     19     44  
79.0  01:19:13 42.372158 -72.5188   3     15     55  
79.0  01:19:22 42.372787 -72.51879   4     16     59  
79.0  01:19:31 42.373062 -72.51881   4     18     48  
79.0  01:19:39 42.373108 -72.51877   4     13     46  
79.0  01:19:48 42.373093 -72.51881   4     18     58  
79.0  01:19:57 42.37312 -72.518906   4     16     42  
80.0  01:20:00 42.37327 -72.519485   4     14     52  
80.0  01:20:08 42.37328 -72.51962   4     16     49  
80.0  01:20:17 42.373325 -72.51969   4     19     40  
80.0  01:20:30 42.373447 -72.5198   3     16     54  
80.0  01:20:39 42.374393 -72.519844   4     14     49  
80.0  01:20:47 42.374683 -72.51973   4     12     44  
80.0  01:20:57 42.374706 -72.51976   4     18     44  
81.0  01:21:00 42.375305 -72.5198   5     13     52  
81.0  01:21:06 42.375305 -72.5198   4     12     40  
81.0  01:21:14 42.375477 -72.519775   5     13     40  
81.0  01:21:23 42.375473 -72.51969   5     10     58  
81.0  01:21:32 42.375473 -72.519714   5     13     40  
81.0  01:21:40 42.37549 -72.51972   3     14     50  
81.0  01:21:51 42.37595 -72.519745   5     11     47  
81.0  01:21:59 42.37647 -72.51979   4     16     50  
82.0  01:22:00 42.376884 -72.519806   5     13     45  
82.0  01:22:08 42.377033 -72.51986   4     17     44  
82.0  01:22:16 42.377453 -72.519844   3     15     54  
82.0  01:22:25 42.37747 -72.5198   5     11     58  
82.0  01:22:33 42.377724 -72.519875   4     15     55  
82.0  01:22:43 42.378925 -72.51987   4     11     52  
82.0  01:22:52 42.37956 -72.5196   5     13     56  
83.0  01:23:00 42.379795 -72.519455   5     19     41  
83.0  01:23:00 42.379795 -72.51945   3     18     40  
83.0  01:23:09 42.379787 -72.51945   3     15     56  
83.0  01:23:18 42.379784 -72.519455   3     15     55  
83.0  01:23:27 42.379906 -72.519485   3     10     53  
83.0  01:23:37 42.38109 -72.51931   4     14     45  
83.0  01:23:46 42.38181 -72.51958   3     16     53  
83.0  01:23:55 42.382572 -72.52031   3     15     42  
84.0  01:24:00 42.383698 -72.52092   3     19     53  
84.0  01:24:03 42.383423 -72.52079   5     15     56  
84.0  01:24:12 42.384247 -72.52119   5     10     57  
84.0  01:24:21 42.384964 -72.521576   5     17     42  
84.0  01:24:32 42.38575 -72.52204   5     16     41  
84.0  01:24:40 42.386097 -72.52282   3     11     59  
84.0  01:24:49 42.386 -72.523865   3     14     46  
84.0  01:24:57 42.385822 -72.524666   3     14     56  
85.0  01:25:00 42.385757 -72.525185   5     19     54  
85.0  01:25:06 42.385757 -72.525185   3     19     57  
85.0  01:25:14 42.38619 -72.525375   5     13     46  
85.0  01:25:25 42.386913 -72.52567   3     12     52  
85.0  01:25:33 42.38727 -72.52597   3     18     51  
85.0  01:25:42 42.387135 -72.52643   5     15     45  
85.0  01:25:51 42.387085 -72.52641   5     19     43  
86.0  01:26:00 42.387093 -72.526375   5     10     45  
86.0  01:26:00 42.3871 -72.52638   5     13     42  
86.0  01:26:09 42.3871 -72.52638   4     17     47  
86.0  01:26:19 42.3871 -72.52639   3     12     52  
86.0  01:26:28 42.387115 -72.52638   5     19     52  
86.0  01:26:37 42.38712 -72.52638   3     14     56  
86.0  01:26:45 42.387115 -72.52639   5     14     46  
86.0  01:26:54 42.387115 -72.5264   3     15     59  
87.0  01:27:00 42.387127 -72.52643   5     14     44  
87.0  01:27:03 42.387123 -72.52642   5     10     50  
87.0  01:27:13 42.387108 -72.52639   4     16     56  
87.0  01:27:22 42.38711 -72.5264   5     14     57  
87.0  01:27:30 42.387066 -72.52643   5     18     44  
87.0  01:27:39 42.38706 -72.52643   3     18     56  
87.0  01:27:48 42.387085 -72.52642   5     19     48  
87.0  01:27:57 42.387085 -72.52642   5     18     56  
88.0  01:28:00 42.3868 -72.5263   3     12     53  
88.0  01:28:08 42.386684 -72.52625   5     11     50  
88.0  01:28:17 42.3861 -72.52603   3     14     55  
88.0  01:28:26 42.38568 -72.525856   5     12     46  
88.0  01:28:35 42.385532 -72.5258   3     16     51  
88.0  01:28:43 42.385338 -72.52573   3     12     47  
88.0  01:28:52 42.385406 -72.52522   3     18     48  
89.0  01:29:00 42.38568 -72.52402   5     12     47  
89.0  01:29:03 42.38562 -72.524345   3     16     54  
89.0  01:29:11 42.38583 -72.52334   3     19     55  
89.0  01:29:20 42.385868 -72.52246   4     13     47  
89.0  01:29:28 42.385258 -72.52175   5     17     40  
89.0  01:29:37 42.384506 -72.52141   3     14     46  
89.0  01:29:46 42.383713 -72.52102   3     15     57  
89.0  01:29:57 42.382683 -72.520485   5     11     45  
90.0  01:30:00 42.381855 -72.51994   5     14     51  
90.0  01:30:06 42.381855 -72.51994   4     16     46  
90.0  01:30:14 42.381447 -72.51942   5     17     51  
90.0  01:30:23 42.380844 -72.519325   4     17     46  
90.0  01:30:31 42.379982 -72.51945   3     15     49  
90.0  01:30:40 42.3793 -72.51972   3     14     51  
90.0  01:30:52 42.378475 -72.51989   3     13     44  
91.0  01:31:00 42.377956 -72.519905   4     19     49  
91.0  01:31:00 42.377823 -72.51992   3     14     56  
91.0  01:31:09 42.37784 -72.51985   4     14     45  
91.0  01:31:17 42.37784 -72.51984   5     11     44  
91.0  01:31:25 42.377834 -72.519875   3     14     44  
91.0  01:31:34 42.377815 -72.519875   3     18     47  
91.0  01:31:48 42.377193 -72.51979   5     17     47  
91.0  01:31:57 42.376553 -72.51959   4     13     50  
92.0  01:32:00 42.376114 -72.51966   3     18     52  
92.0  01:32:05 42.376114 -72.51966   4     12     46  
92.0  01:32:14 42.375805 -72.519745   4     11     46  
92.0  01:32:21 42.37524 -72.51973   4     16     52  
92.0  01:32:30 42.37472 -72.51972   3     13     50  
92.0  01:32:43 42.3744 -72.519844   4     10     49  
92.0  01:32:52 42.37442 -72.51975   4     19     45  
93.0  01:33:00 42.374424 -72.51969   4     13     47  
93.0  01:33:00 42.374416 -72.51969   4     14     51  
93.0  01:33:09 42.374233 -72.51969   5     13     43  
93.0  01:33:18 42.373554 -72.51973   4     10     56  
93.0  01:33:26 42.373405 -72.519775   5     14     48  
93.0  01:33:37 42.37284 -72.51971   3     13     42  
93.0  01:33:46 42.3723 -72.51964   4     14     47  
93.0  01:33:54 42.372078 -72.51943   5     13     40  
94.0  01:34:00 42.37216 -72.51879   4     15     42  
94.0  01:34:03 42.372074 -72.518845   4     10     48  
94.0  01:34:12 42.372574 -72.51876   4     18     52  
94.0  01:34:20 42.373 -72.51876   5     17     40  
94.0  01:34:31 42.373085 -72.5188   4     17     48  
94.0  01:34:40 42.373055 -72.51881   4     17     46  
94.0  01:34:49 42.37306 -72.5188   5     18     41  
94.0  01:34:58 42.373108 -72.518745   3     15     48  
95.0  01:35:00 42.373123 -72.51873   3     11     43  
95.0  01:35:07 42.373123 -72.51873   5     16     53  
95.0  01:35:15 42.373116 -72.51874   4     13     51  
95.0  01:35:27 42.373096 -72.51878   5     15     52  
95.0  01:35:35 42.373108 -72.51877   5     17     50  
95.0  01:35:44 42.37311 -72.51876   5     18     52  
95.0  01:35:53 42.373116 -72.51875   5     13     51  
96.0  01:36:00 42.373104 -72.51878   3     15     47  
96.0  01:36:02 42.37311 -72.51876   5     16     46  
96.0  01:36:10 42.373096 -72.51881   5     19     46  
96.0  01:36:20 42.37309 -72.51883   5     16     41  
96.0  01:36:29 42.373096 -72.518814   3     14     51  
96.0  01:36:38 42.373096 -72.51885   3     15     47  
96.0  01:36:46 42.373085 -72.51887   4     16     57  
96.0  01:36:55 42.373085 -72.51887   5     15     45  
97.0  01:37:00 42.3731 -72.51885   5     10     59  
97.0  01:37:03 42.373096 -72.51885   4     18     52  
97.0  01:37:14 42.373123 -72.51882   5     12     57  
97.0  01:37:22 42.373146 -72.51879   5     11     43  
97.0  01:37:31 42.373116 -72.51882   5     14     59  
97.0  01:37:39 42.373154 -72.51885   3     15     59  
97.0  01:37:47 42.37323 -72.518974   3     19     52  
97.0  01:37:56 42.373215 -72.51964   3     10     47  
98.0  01:38:00 42.3732 -72.51969   5     17     51  
98.0  01:38:09 42.373188 -72.519775   5     11     51  
98.0  01:38:18 42.372536 -72.519806   4     19     50  
98.0  01:38:27 42.371674 -72.519775   3     15     54  
98.0  01:38:36 42.370655 -72.519806   3     15     57  
98.0  01:38:45 42.36959 -72.519875   5     10     48  
99.0  01:39:00 42.36707 -72.5202   5     12     45  
99.0  01:39:03 42.367462 -72.52016   4     10     47  
99.0  01:39:12 42.366222 -72.52031   4     11     59  
99.0  01:39:20 42.364994 -72.520485   3     12     59  
99.0  01:39:29 42.363766 -72.52068   3     11     55  
99.0  01:39:38 42.362656 -72.520706   4     18     46  
99.0  01:39:47 42.361362 -72.52071   4     11     43  
100.0  01:40:00 42.358414 -72.52093   3     18     41  
100.0  01:40:02 42.359047 -72.5209   4     15     49  
100.0  01:40:12 42.357353 -72.52101   3     19     55  
100.0  01:40:21 42.356247 -72.52105   5     18     48  
100.0  01:40:29 42.355232 -72.52085   4     10     45  
100.0  01:40:46 42.354954 -72.52078   4     19     42  
100.0  01:40:50 42.354954 -72.52078   3     15     58  
100.0  01:40:58 42.354633 -72.52062   3     16     44  
101.0  01:41:00 42.353996 -72.52053   4     17     48  
101.0  01:41:12 42.35318 -72.520584   3     15     59  
101.0  01:41:21 42.352062 -72.52058   4     15     41  
101.0  01:41:30 42.350998 -72.52016   3     19     59  
101.0  01:41:39 42.349735 -72.51994   4     10     57  
101.0  01:41:47 42.348476 -72.52007   4     15     40  
101.0  01:41:56 42.347336 -72.52032   5     19     56  
102.0  01:42:00 42.346035 -72.52048   4     15     51  
102.0  01:42:07 42.3459 -72.52046   5     12     49  
102.0  01:42:15 42.344704 -72.520424   3     13     57  
102.0  01:42:24 42.343575 -72.52034   5     18     53  
102.0  01:42:32 42.342346 -72.51997   5     14     52  
102.0  01:42:41 42.341267 -72.519875   3     10     49  
102.0  01:42:50 42.340397 -72.52008   3     12     54  
103.0  01:43:00 42.340305 -72.52013   5     18     48  
103.0  01:43:00 42.340332 -72.52011   3     10     46  
103.0  01:43:08 42.34034 -72.5201   5     13     50  
103.0  01:43:17 42.33992 -72.520195   5     10     57  
103.0  01:43:26 42.338867 -72.520775   5     16     44  
103.0  01:43:34 42.33796 -72.52132   5     10     53  
103.0  01:43:42 42.337 -72.52203   5     17     55  
103.0  01:43:53 42.335716 -72.52294   4     16     40  
104.0  01:44:00 42.333786 -72.523506   4     19     47  
104.0  01:44:01 42.3345 -72.52335   5     13     56  
104.0  01:44:10 42.33326 -72.523575   3     19     48  
104.0  01:44:19 42.331917 -72.52372   5     17     43  
104.0  01:44:27 42.33045 -72.52396   3     17     46  
104.0  01:44:36 42.328712 -72.524185   4     14     46  
104.0  01:44:47 42.326687 -72.524475   5     13     46  
104.0  01:44:55 42.325336 -72.52462   5     11     58  
105.0  01:45:00 42.32382 -72.52479   4     13     59  
105.0  01:45:03 42.32402 -72.52476   4     12     52  
105.0  01:45:11 42.323395 -72.524826   4     10     40  
105.0  01:45:20 42.32328 -72.52511   3     12     41  
105.0  01:45:28 42.32337 -72.52591   4     19     56  
105.0  01:45:38 42.32385 -72.52673   3     14     58  
105.0  01:45:47 42.324493 -72.526985   4     13     42  
105.0  01:45:55 42.324986 -72.52742   4     19     43  
106.0  01:46:00 42.325134 -72.52827   4     16     48  
106.0  01:46:03 42.32513 -72.52813   5     18     47  
106.0  01:46:12 42.325115 -72.528534   5     17     40  
106.0  01:46:21 42.32512 -72.52874   5     19     57  
106.0  01:46:31 42.32509 -72.52957   4     10     54  
106.0  01:46:39 42.325077 -72.53024   5     13     56  
106.0  01:46:47 42.325264 -72.53076   3     13     57  
106.0  01:46:56 42.32527 -72.5311   3     10     51  
107.0  01:47:00 42.32526 -72.531075   5     16     41  
107.0  01:47:04 42.32527 -72.53107   5     14     57  
107.0  01:47:13 42.32521 -72.531136   3     13     57  
107.0  01:47:23 42.32516 -72.53124   4     12     45  
107.0  01:47:31 42.324932 -72.53118   4     16     41  
107.0  01:47:40 42.3249 -72.53063   5     18     42  
107.0  01:47:48 42.325066 -72.53021   4     15     53  
107.0  01:47:59 42.325073 -72.529526   5     11     55  
108.0  01:48:00 42.32509 -72.52894   5     16     58  
108.0  01:48:07 42.325092 -72.5289   5     13     50  
108.0  01:48:21 42.324875 -72.528694   3     10     59  
108.0  01:48:29 42.324368 -72.52863   3     15     50  
108.0  01:48:38 42.323868 -72.52844   3     16     41  
108.0  01:48:46 42.3234 -72.528366   4     12     51  
108.0  01:48:55 42.32286 -72.52858   3     10     43  
109.0  01:49:00 42.32243 -72.529175   3     11     48  
109.0  01:49:04 42.322495 -72.52903   3     13     45  
109.0  01:49:15 42.32221 -72.52972   4     14     56  
109.0  01:49:23 42.32218 -72.52981   3     15     46  
109.0  01:49:32 42.322136 -72.53001   3     18     47  
109.0  01:49:40 42.322105 -72.53018   3     17     40  
109.0  01:49:48 42.3219 -72.53089   5     17     50  
109.0  01:49:57 42.32188 -72.53164   3     13     42  
110.0  01:50:00 42.321785 -72.53236   4     18     44  
110.0  01:50:07 42.32173 -72.53253   4     17     50  
110.0  01:50:16 42.321716 -72.53331   3     18     52  
110.0  01:50:24 42.321762 -72.53405   3     17     56  
110.0  01:50:33 42.321545 -72.534294   4     14     55  
110.0  01:50:42 42.321014 -72.534294   5     16     43  
110.0  01:50:50 42.320793 -72.53412   3     12     43  
111.0  01:51:00 42.321033 -72.53362   3     12     42  
111.0  01:51:01 42.32094 -72.53364   5     12     40  
111.0  01:51:10 42.321045 -72.53364   4     18     48  
111.0  01:51:19 42.32113 -72.533775   3     18     53  
111.0  01:51:27 42.32116 -72.53421   5     12     42  
111.0  01:51:36 42.32086 -72.53437   3     16     50  
111.0  01:51:44 42.320423 -72.53437   3     17     54  
111.0  01:51:56 42.320263 -72.53415   5     11     51  
112.0  01:52:00 42.320213 -72.533   5     11     59  
112.0  01:52:04 42.320213 -72.53314   4     16     57  
112.0  01:52:13 42.320183 -72.53189   5     11     48  
112.0  01:52:22 42.32015 -72.530464   5     13     41  
112.0  01:52:30 42.319805 -72.52925   3     15     49  
112.0  01:52:39 42.31944 -72.528366   5     10     51  
112.0  01:52:50 42.319267 -72.52799   4     13     53  
112.0  01:52:58 42.31903 -72.52818   4     11     45  
113.0  01:53:00 42.31863 -72.52867   4     13     46  
113.0  01:53:07 42.318466 -72.52883   4     12     40  
113.0  01:53:16 42.317654 -72.52962   3     11     40  
113.0  01:53:24 42.3166 -72.53014   4     15     57  
113.0  01:53:33 42.315243 -72.53058   5     14     59  
113.0  01:53:43 42.31374 -72.53086   4     12     48  
113.0  01:53:51 42.312317 -72.53041   4     10     40  
114.0  01:54:00 42.31124 -72.53003   5     13     58  
114.0  01:54:00 42.31039 -72.52981   3     17     57  
114.0  01:54:11 42.30999 -72.529686   3     10     42  
114.0  01:54:29 42.308582 -72.52956   3     12     40  
114.0  01:54:32 42.308582 -72.52956   4     19     57  
114.0  01:54:42 42.306293 -72.53028   5     10     58  
114.0  01:54:52 42.305637 -72.52932   5     18     48  
115.0  01:55:00 42.303917 -72.5279   4     14     40  
115.0  01:55:05 42.304504 -72.52825   4     13     40  
115.0  01:55:21 42.302944 -72.52751   3     10     45  
115.0  01:55:32 42.300426 -72.52851   5     15     42  
115.0  01:55:40 42.2993 -72.52936   4     17     47  
115.0  01:55:50 42.29803 -72.53043   5     19     44  
115.0  01:55:59 42.29636 -72.53117   3     12     47  
116.0  01:56:00 42.29513 -72.53126   5     13     40  
116.0  01:56:08 42.29479 -72.53126   4     15     51  
116.0  01:56:17 42.293434 -72.53142   3     18     43  
116.0  01:56:27 42.292004 -72.53228   3     12     43  
116.0  01:56:36 42.29067 -72.53318   3     19     40  
116.0  01:56:46 42.289577 -72.53413   4     16     51  
117.0  01:57:00 42.28816 -72.538216   3     15     52  
117.0  01:57:04 42.28892 -72.53603   4     19     52  
117.0  01:57:13 42.28707 -72.53975   3     15     40  
117.0  01:57:24 42.286278 -72.541695   5     16     57  
117.0  01:57:33 42.285778 -72.54312   4     19     48  
117.0  01:57:42 42.285484 -72.54463   5     13     42  
117.0  01:57:50 42.28525 -72.54616   3     16     55  
117.0  01:57:59 42.28481 -72.547714   4     17     46  
118.0  01:58:00 42.284306 -72.54891   3     12     45  
118.0  01:58:07 42.28423 -72.54909   3     14     53  
118.0  01:58:19 42.28348 -72.5509   3     15     45  
118.0  01:58:27 42.282936 -72.5523   5     11     49  
118.0  01:58:36 42.282345 -72.55376   5     19     42  
118.0  01:58:44 42.281815 -72.55512   5     17     57  
118.0  01:58:53 42.281197 -72.55674   4     13     58  
119.0  01:59:00 42.280422 -72.558655   4     10     54  
119.0  01:59:01 42.28067 -72.558   4     11     54  
119.0  01:59:11 42.28006 -72.559204   3     10     41  
119.0  01:59:19 42.279045 -72.559845   3     17     53  
119.0  01:59:28 42.27828 -72.560745   4     13     43  
119.0  01:59:36 42.277702 -72.562065   5     18     52  
119.0  01:59:45 42.277184 -72.56328   4     11     44  
119.0  01:59:53 42.27616 -72.56465   3     17     55  
120.0  02:00:00 42.274662 -72.56522   5     16     40  
120.0  02:00:04 42.274803 -72.5652   3     19     40  
120.0  02:00:13 42.273563 -72.56536   4     19     43  
120.0  02:00:21 42.2724 -72.56557   4     14     41  
120.0  02:00:30 42.27125 -72.56586   3     13     51  
120.0  02:00:38 42.269936 -72.56614   3     19     54  
120.0  02:00:47 42.268826 -72.56638   5     17     42  
120.0  02:00:58 42.26769 -72.56703   3     14     42  
121.0  02:01:00 42.266888 -72.56775   3     17     41  
121.0  02:01:07 42.26671 -72.56796   5     11     49  
121.0  02:01:15 42.266403 -72.56897   5     16     51  
121.0  02:01:24 42.266533 -72.57021   3     16     59  
121.0  02:01:33 42.26662 -72.57133   4     15     54  
121.0  02:01:42 42.26604 -72.571754   5     15     54  
121.0  02:01:52 42.264774 -72.57202   5     10     42  
122.0  02:02:00 42.263714 -72.57226   4     19     59  
122.0  02:02:00 42.263214 -72.572334   4     15     46  
122.0  02:02:13 42.262707 -72.572426   4     18     46  
122.0  02:02:21 42.261387 -72.5727   4     14     57  
122.0  02:02:30 42.260582 -72.57294   5     17     40  
122.0  02:02:38 42.260048 -72.57353   3     18     42  
122.0  02:02:49 42.25946 -72.574394   4     12     51  
122.0  02:02:58 42.259064 -72.57489   5     14     55  
123.0  02:03:00 42.258877 -72.574905   3     17     46  
123.0  02:03:07 42.258793 -72.57482   3     18     48  
123.0  02:03:15 42.258408 -72.57438   3     13     45  
123.0  02:03:24 42.25807 -72.57379   4     12     41  
123.0  02:03:33 42.25799 -72.57325   5     13     59  
123.0  02:03:44 42.258053 -72.57315   3     18     52  
123.0  02:03:52 42.25807 -72.57314   3     19     57  
124.0  02:04:00 42.258057 -72.57312   3     18     54  
124.0  02:04:01 42.258057 -72.57313   3     16     41  
124.0  02:04:10 42.25806 -72.573105   4     18     48  
124.0  02:04:18 42.258064 -72.57308   3     11     46  
124.0  02:04:27 42.258022 -72.572784   3     13     48  
124.0  02:04:38 42.25787 -72.57202   4     17     40  
124.0  02:04:46 42.257526 -72.571915   4     16     47  
124.0  02:04:55 42.256954 -72.572044   4     17     56  
125.0  02:05:00 42.256557 -72.57213   5     15     43  
125.0  02:05:04 42.25657 -72.57212   5     18     55  
125.0  02:05:13 42.256535 -72.57215   5     14     49  
125.0  02:05:21 42.256523 -72.572174   3     11     51  
125.0  02:05:32 42.256294 -72.57212   3     14     55  
125.0  02:05:41 42.256134 -72.57217   4     11     43  
125.0  02:05:50 42.255928 -72.572296   3     12     57  
125.0  02:05:58 42.255535 -72.57254   5     17     48  
126.0  02:06:00 42.255196 -72.57276   3     15     45  
126.0  02:06:07 42.255146 -72.5728   3     10     41  
126.0  02:06:15 42.254673 -72.57317   5     14     40  
126.0  02:06:25 42.254303 -72.57373   3     10     42  
126.0  02:06:34 42.254215 -72.57409   5     16     57  
126.0  02:06:43 42.25416 -72.57412   4     16     54  
126.0  02:06:54 42.254124 -72.574104   5     12     52  
127.0  02:07:00 42.25412 -72.57409   3     17     49  
127.0  02:07:06 42.254112 -72.57409   5     13     45  
127.0  02:07:17 42.25414 -72.574066   4     17     51  
127.0  02:07:26 42.25415 -72.57407   5     13     51  
127.0  02:07:35 42.25419 -72.5741   3     18     51  
127.0  02:07:44 42.254246 -72.57414   4     10     58  
127.0  02:07:53 42.254295 -72.57418   4     15     43  
128.0  02:08:00 42.254314 -72.57413   3     17     52  
128.0  02:08:01 42.254314 -72.57416   4     19     48  
128.0  02:08:12 42.254295 -72.5741   4     10     54  
128.0  02:08:20 42.25425 -72.57407   5     18     49  
128.0  02:08:29 42.254215 -72.57406   5     15     56  
128.0  02:08:38 42.254204 -72.57405   3     19     41  
128.0  02:08:46 42.254192 -72.574005   5     13     44  
128.0  02:08:55 42.254177 -72.574005   5     11     41  
129.0  02:09:00 42.254147 -72.574   5     12     45  
129.0  02:09:05 42.25415 -72.574005   5     18     58  
129.0  02:09:14 42.254154 -72.574   4     13     44  
129.0  02:09:22 42.254158 -72.57402   3     16     43  
129.0  02:09:31 42.25416 -72.574036   5     10     41  
129.0  02:09:39 42.254177 -72.57407   3     15     59  
129.0  02:09:48 42.25419 -72.5741   3     13     43  
129.0  02:09:58 42.25419 -72.574104   5     19     53  
130.0  02:10:00 42.254185 -72.57409   5     15     40  
130.0  02:10:07 42.254185 -72.57409   5     14     58  
130.0  02:10:15 42.254185 -72.57408   5     19     43  
130.0  02:10:24 42.254177 -72.57409   5     11     56  
130.0  02:10:32 42.254173 -72.5741   5     13     48  
130.0  02:10:41 42.25417 -72.574104   4     19     44  
130.0  02:10:52 42.254173 -72.57412   3     11     46  
131.0  02:11:00 42.254147 -72.5741   3     13     55  
131.0  02:11:00 42.25412 -72.57406   4     19     46  
131.0  02:11:09 42.25411 -72.574036   4     11     46  
131.0  02:11:18 42.25411 -72.57407   5     10     48  
131.0  02:11:26 42.25371 -72.57445   3     10     54  
131.0  02:11:35 42.253513 -72.57473   5     14     48  
131.0  02:11:45 42.253742 -72.575386   4     16     57  
131.0  02:11:53 42.253883 -72.576   5     10     48  
132.0  02:12:00 42.253952 -72.57637   5     19     54  
132.0  02:12:02 42.253952 -72.57637   4     18     44  
132.0  02:12:10 42.25397 -72.576416   3     14     48  
132.0  02:12:23 42.254143 -72.57696   4     15     57  
132.0  02:12:31 42.254463 -72.577156   4     17     50  
132.0  02:12:42 42.255283 -72.57683   5     12     50  
132.0  02:12:51 42.256027 -72.57652   3     10     43  
133.0  02:13:00 42.25675 -72.57626   5     13     52  
133.0  02:13:00 42.257175 -72.5761   5     16     50  
133.0  02:13:08 42.257313 -72.57605   3     13     59  
133.0  02:13:17 42.2575 -72.57599   3     13     58  
133.0  02:13:26 42.25765 -72.57587   5     12     50  
133.0  02:13:36 42.257576 -72.57587   3     11     59  
133.0  02:13:45 42.257553 -72.57585   5     19     56  
133.0  02:13:53 42.257557 -72.57583   5     14     41  
134.0  02:14:00 42.2582 -72.5756   5     19     47  
134.0  02:14:02 42.257946 -72.57576   5     15     43  
134.0  02:14:11 42.25851 -72.57531   3     15     50  
134.0  02:14:19 42.259186 -72.57465   4     16     52  
134.0  02:14:29 42.259945 -72.573654   3     18     46  
134.0  02:14:38 42.260635 -72.57293   5     11     58  
134.0  02:14:47 42.261646 -72.57268   3     15     57  
134.0  02:14:55 42.262756 -72.572395   4     18     48  
135.0  02:15:00 42.264015 -72.57207   3     16     42  
135.0  02:15:04 42.263763 -72.572136   5     12     45  
135.0  02:15:12 42.264954 -72.571815   3     12     56  
135.0  02:15:22 42.26615 -72.57149   4     16     48  
135.0  02:15:31 42.266663 -72.57113   3     10     43  
135.0  02:15:39 42.2666 -72.56992   4     17     54  
135.0  02:15:48 42.266502 -72.568726   5     18     58  
135.0  02:15:57 42.26676 -72.56777   4     11     54  
136.0  02:16:00 42.267746 -72.56697   5     14     52  
136.0  02:16:05 42.267746 -72.56697   5     16     54  
136.0  02:16:16 42.269115 -72.56613   3     14     52  
136.0  02:16:29 42.270203 -72.56586   4     16     58  
136.0  02:16:37 42.272076 -72.565544   4     19     59  
136.0  02:16:46 42.27325 -72.56523   3     16     52  
136.0  02:16:54 42.27453 -72.56498   4     15     48  
137.0  02:17:00 42.275963 -72.56461   5     17     42  
137.0  02:17:03 42.27557 -72.5648   3     13     41  
137.0  02:17:13 42.276806 -72.56393   5     15     59  
137.0  02:17:22 42.277584 -72.56238   3     15     44  
137.0  02:17:31 42.27843 -72.56063   4     12     51  
137.0  02:17:39 42.279217 -72.559494   3     16     48  
137.0  02:17:48 42.28023 -72.55891   4     18     59  
137.0  02:17:56 42.28079 -72.55765   3     14     45  
138.0  02:18:00 42.28142 -72.55602   3     12     49  
138.0  02:18:08 42.281494 -72.55584   3     18     43  
138.0  02:18:16 42.28216 -72.55417   3     12     51  
138.0  02:18:25 42.282684 -72.55287   4     11     55  
138.0  02:18:33 42.2833 -72.55134   4     10     49  
138.0  02:18:42 42.283844 -72.54995   5     10     45  
138.0  02:18:50 42.2844 -72.54856   3     14     40  
139.0  02:19:00 42.285328 -72.54572   5     19     57  
139.0  02:19:01 42.285152 -72.54666   3     19     52  
139.0  02:19:10 42.285454 -72.544914   4     18     46  
139.0  02:19:18 42.285847 -72.54308   3     14     59  
139.0  02:19:27 42.28636 -72.5416   4     10     52  
139.0  02:19:35 42.28699 -72.540054   3     17     45  
139.0  02:19:44 42.287636 -72.53852   4     18     57  
139.0  02:19:54 42.288673 -72.53697   5     17     56  
140.0  02:20:00 42.28938 -72.53474   5     11     46  
140.0  02:20:03 42.289196 -72.53532   3     14     51  
140.0  02:20:11 42.28985 -72.53386   3     18     59  
140.0  02:20:20 42.291134 -72.53278   4     11     54  
140.0  02:20:29 42.292595 -72.5319   4     12     42  
140.0  02:20:39 42.294163 -72.53119   5     18     43  
140.0  02:20:50 42.29662 -72.53107   3     11     44  
140.0  02:20:58 42.29817 -72.53044   5     14     51  
141.0  02:21:00 42.29943 -72.52945   4     14     45  
141.0  02:21:07 42.299576 -72.52934   5     11     56  
141.0  02:21:15 42.300617 -72.528534   5     19     43  
141.0  02:21:24 42.30171 -72.52784   3     19     43  
141.0  02:21:32 42.30278 -72.52749   5     11     40  
141.0  02:21:56 42.304386 -72.528015   4     11     58  
142.0  02:22:00 42.306232 -72.529976   5     11     51  
142.0  02:22:05 42.306232 -72.529976   3     13     45  
142.0  02:22:13 42.30683 -72.53059   4     18     48  
142.0  02:22:22 42.30767 -72.5306   3     15     44  
142.0  02:22:33 42.30857 -72.52972   5     15     51  
142.0  02:22:41 42.30962 -72.52934   4     14     41  
142.0  02:22:50 42.310684 -72.52976   4     16     55  
142.0  02:22:58 42.311977 -72.53023   5     12     43  
143.0  02:23:00 42.313004 -72.53056   3     18     40  
143.0  02:23:07 42.31316 -72.53061   5     13     44  
143.0  02:23:15 42.314434 -72.53076   5     19     47  
143.0  02:23:26 42.31593 -72.53026   3     15     50  
143.0  02:23:35 42.31702 -72.52987   4     18     44  
143.0  02:23:43 42.317993 -72.52928   4     14     40  
143.0  02:23:52 42.318684 -72.5286   5     16     58  
144.0  02:24:00 42.3192 -72.52794   4     11     56  
144.0  02:24:00 42.319405 -72.527985   5     18     49  
144.0  02:24:09 42.31951 -72.52818   5     14     42  
144.0  02:24:19 42.320065 -72.529465   3     10     58  
144.0  02:24:27 42.3203 -72.5308   3     12     49  
144.0  02:24:36 42.320335 -72.532265   5     11     47  
144.0  02:24:45 42.32032 -72.53379   4     12     42  
144.0  02:24:53 42.32041 -72.53442   3     19     44  
145.0  02:25:00 42.320877 -72.53428   3     15     41  
145.0  02:25:02 42.320755 -72.53431   4     17     52  
145.0  02:25:12 42.3212 -72.53422   3     13     55  
145.0  02:25:21 42.3216 -72.53421   3     14     59  
145.0  02:25:29 42.321747 -72.53402   3     13     42  
145.0  02:25:38 42.32168 -72.53337   4     10     56  
145.0  02:25:46 42.32168 -72.5325   3     19     50  
145.0  02:25:55 42.32184 -72.53159   5     16     44  
146.0  02:26:00 42.321926 -72.53044   3     18     54  
146.0  02:26:05 42.321896 -72.53055   4     12     52  
146.0  02:26:13 42.3221 -72.52988   4     17     56  
146.0  02:26:22 42.322155 -72.52968   4     12     44  
146.0  02:26:30 42.32228 -72.52933   4     17     48  
146.0  02:26:39 42.32265 -72.52874   3     12     50  
146.0  02:26:48 42.323364 -72.5283   3     14     56  
146.0  02:26:58 42.32417 -72.52862   5     17     52  
147.0  02:27:00 42.324688 -72.52873   3     16     42  
147.0  02:27:07 42.324745 -72.52873   3     14     55  
147.0  02:27:15 42.32502 -72.52876   4     16     45  
147.0  02:27:23 42.325127 -72.52919   4     14     59  
147.0  02:27:32 42.32511 -72.53   4     13     40  
147.0  02:27:40 42.32517 -72.53056   3     14     57  
147.0  02:27:51 42.32524 -72.53111   5     15     46  
147.0  02:27:59 42.325283 -72.53113   5     13     44  
148.0  02:28:00 42.32532 -72.531136   4     16     43  
148.0  02:28:08 42.32533 -72.53113   4     14     47  
148.0  02:28:17 42.325336 -72.531105   5     19     45  
148.0  02:28:25 42.325344 -72.531075   5     10     45  
148.0  02:28:34 42.32533 -72.53114   4     10     59  
148.0  02:28:44 42.325317 -72.53111   3     17     45  
148.0  02:28:53 42.325317 -72.53108   4     12     55  
149.0  02:29:00 42.3253 -72.53109   4     12     58  
149.0  02:29:01 42.325306 -72.5311   4     12     52  
149.0  02:29:10 42.32526 -72.53116   3     10     56  
149.0  02:29:18 42.324955 -72.530975   3     12     59  
149.0  02:29:26 42.32501 -72.530464   3     10     54  
149.0  02:29:37 42.325104 -72.529686   3     16     46  
149.0  02:29:45 42.325108 -72.52895   4     15     42  
149.0  02:29:54 42.325096 -72.52874   5     11     47  
150.0  02:30:00 42.325127 -72.52833   4     13     57  
150.0  02:30:02 42.325115 -72.52839   3     13     59  
150.0  02:30:11 42.32513 -72.52813   5     14     44  
150.0  02:30:19 42.324944 -72.52737   4     18     50  
150.0  02:30:30 42.32417 -72.5268   3     11     47  
150.0  02:30:38 42.32359 -72.52642   3     11     43  
150.0  02:30:47 42.323315 -72.52565   3     19     44  
150.0  02:30:55 42.323288 -72.52496   3     11     59  
151.0  02:31:00 42.323418 -72.52473   3     14     59  
151.0  02:31:04 42.323334 -72.52476   3     14     57  
151.0  02:31:13 42.324 -72.524666   4     17     50  
151.0  02:31:23 42.325455 -72.524506   3     16     57  
151.0  02:31:32 42.32715 -72.52434   4     14     43  
151.0  02:31:41 42.32896 -72.524124   4     14     58  
151.0  02:31:49 42.330666 -72.52388   4     10     59  
151.0  02:31:58 42.33201 -72.52366   3     12     42  
152.0  02:32:00 42.33299 -72.523506   5     10     49  
152.0  02:32:06 42.333103 -72.52349   5     15     58  
152.0  02:32:17 42.334293 -72.52338   4     19     49  
152.0  02:32:25 42.33548 -72.52305   5     16     41  
152.0  02:32:34 42.3365 -72.522484   4     12     43  
152.0  02:32:42 42.3375 -72.52165   4     19     58  
152.0  02:32:51 42.338375 -72.52107   3     17     41  
152.0  02:32:59 42.33936 -72.52048   5     14     59  
153.0  02:33:00 42.339844 -72.52022   4     16     47  
153.0  02:33:09 42.339947 -72.52018   4     18     54  
153.0  02:33:18 42.340534 -72.52004   5     13     58  
153.0  02:33:27 42.341652 -72.519905   5     15     47  
153.0  02:33:36 42.342854 -72.52013   3     19     42  
153.0  02:33:44 42.343983 -72.520424   4     13     49  
153.0  02:33:53 42.345337 -72.52044   3     16     40  
154.0  02:34:00 42.347073 -72.52032   5     13     41  
154.0  02:34:04 42.346832 -72.52037   5     19     53  
154.0  02:34:12 42.347992 -72.52011   4     17     47  
154.0  02:34:24 42.349136 -72.51991   4     16     59  
154.0  02:34:32 42.350792 -72.519966   5     10     47  
154.0  02:34:41 42.351845 -72.520485   5     18     59  
154.0  02:34:49 42.353188 -72.52059   4     16     51  
155.0  02:35:00 42.355335 -72.52079   3     19     55  
155.0  02:35:01 42.35466 -72.52066   3     10     46  
155.0  02:35:09 42.355755 -72.52088   5     14     43  
155.0  02:35:18 42.357166 -72.52096   5     13     46  
155.0  02:35:26 42.358635 -72.52085   5     11     49  
155.0  02:35:35 42.360107 -72.52079   3     15     41  
155.0  02:35:44 42.36156 -72.52075   3     12     47  
155.0  02:35:57 42.363243 -72.52074   3     10     57  
156.0  02:36:00 42.36471 -72.52056   3     15     50  
156.0  02:36:05 42.36471 -72.52056   5     19     50  
156.0  02:36:25 42.365887 -72.52036   4     12     45  
156.0  02:36:26 42.365887 -72.52036   3     19     40  
156.0  02:36:34 42.368633 -72.51996   3     15     48  
156.0  02:36:45 42.370045 -72.51979   3     11     51  
156.0  02:36:54 42.371197 -72.51971   5     12     59  
157.0  02:37:00 42.37222 -72.51966   3     11     50  
157.0  02:37:03 42.372074 -72.51965   5     15     44  
157.0  02:37:11 42.372234 -72.519424   5     18     53  
157.0  02:37:23 42.372097 -72.51892   3     19     57  
157.0  02:37:32 42.372833 -72.5188   5     11     45  
157.0  02:37:42 42.373096 -72.518845   3     18     58  
157.0  02:37:50 42.373085 -72.51886   4     13     54  
157.0  02:37:59 42.373238 -72.51912   4     19     43  
158.0  02:38:00 42.373245 -72.51956   3     11     46  
158.0  02:38:07 42.37325 -72.51958   5     18     47  
158.0  02:38:19 42.373363 -72.51977   3     10     41  
158.0  02:38:28 42.37429 -72.51979   5     13     53  
158.0  02:38:38 42.374657 -72.51977   5     16     44  
158.0  02:38:47 42.374973 -72.51979   4     17     54  
158.0  02:38:56 42.37545 -72.51984   4     10     42  
159.0  02:39:00 42.37551 -72.51981   3     17     41  
159.0  02:39:04 42.37551 -72.51981   3     11     44  
159.0  02:39:13 42.375534 -72.51984   5     15     47  
159.0  02:39:21 42.375824 -72.51983   4     16     57  
159.0  02:39:32 42.376465 -72.51985   3     18     55  
159.0  02:39:41 42.377037 -72.51985   3     17     59  
159.0  02:39:50 42.377388 -72.51985   5     10     40  
159.0  02:39:58 42.377365 -72.51985   3     11     53  
160.0  02:40:00 42.377724 -72.51989   3     18     57  
160.0  02:40:07 42.377903 -72.51988   5     12     41  
160.0  02:40:15 42.378685 -72.51989   5     10     47  
160.0  02:40:25 42.379635 -72.51956   3     11     48  
160.0  02:40:34 42.380585 -72.51933   5     13     40  
160.0  02:40:42 42.381317 -72.51927   5     10     54  
160.0  02:40:51 42.3814 -72.51929   5     14     50  
161.0  02:41:00 42.381783 -72.51958   5     14     57  
161.0  02:41:00 42.38229 -72.52007   5     14     45  
161.0  02:41:08 42.38261 -72.52029   3     14     56  
161.0  02:41:18 42.38348 -72.520874   4     16     41  
161.0  02:41:27 42.3843 -72.52135   3     18     50  
161.0  02:41:35 42.384995 -72.5217   4     12     47  
161.0  02:41:44 42.385647 -72.522   5     16     47  
161.0  02:41:53 42.385876 -72.52231   4     13     48  
162.0  02:42:00 42.386086 -72.52331   4     18     42  
162.0  02:42:01 42.386066 -72.522835   5     14     58  
162.0  02:42:12 42.385906 -72.52412   3     18     40  
162.0  02:42:21 42.3857 -72.52488   3     12     48  
162.0  02:42:30 42.3858 -72.52521   5     16     48  
162.0  02:42:38 42.386425 -72.52545   5     16     47  
162.0  02:42:47 42.386967 -72.525696   4     18     41  
162.0  02:42:56 42.387215 -72.52622   4     10     50  
163.0  02:43:00 42.38709 -72.52638   4     17     42  
163.0  02:43:07 42.38709 -72.52638   4     19     42  
163.0  02:43:16 42.38711 -72.52639   4     19     51  
163.0  02:43:24 42.387123 -72.52641   5     19     41  
163.0  02:43:33 42.387012 -72.52645   4     14     43  
163.0  02:43:41 42.38638 -72.526215   5     13     57  
163.0  02:43:50 42.38576 -72.525986   3     13     46  
164.0  02:44:00 42.385414 -72.52593   5     13     42  
164.0  02:44:00 42.385345 -72.52629   3     11     46  
164.0  02:44:09 42.3853 -72.52657   3     19     46  
164.0  02:44:17 42.385105 -72.5275   5     15     47  
164.0  02:44:26 42.384926 -72.52824   4     14     42  
164.0  02:44:35 42.384872 -72.52914   4     13     45  
164.0  02:44:44 42.385094 -72.53014   5     12     42  
164.0  02:44:57 42.385193 -72.5309   3     12     45  
165.0  02:45:00 42.385876 -72.531006   3     12     43  
165.0  02:45:07 42.38596 -72.53103   5     17     47  
165.0  02:45:16 42.386795 -72.53132   3     18     57  
165.0  02:45:24 42.387707 -72.53164   3     15     49  
165.0  02:45:33 42.388428 -72.53194   4     19     45  
165.0  02:45:43 42.3892 -72.53227   5     15     40  
165.0  02:45:55 42.390312 -72.532776   4     10     47  
166.0  02:46:00 42.391335 -72.53322   5     16     58  
166.0  02:46:04 42.391144 -72.53313   5     15     46  
166.0  02:46:12 42.391945 -72.53347   5     19     48  
166.0  02:46:21 42.3925 -72.53371   5     16     54  
166.0  02:46:34 42.39286 -72.5332   3     16     53  
166.0  02:46:45 42.393467 -72.532524   4     14     56  
166.0  02:46:53 42.39344 -72.53302   3     11     56  
167.0  02:47:00 42.393642 -72.53321   4     16     57  
167.0  02:47:02 42.393623 -72.5332   3     14     42  
167.0  02:47:10 42.393658 -72.5332   3     19     40  
167.0  02:47:19 42.39363 -72.53321   3     18     54  
167.0  02:47:27 42.393635 -72.53322   4     11     51  
167.0  02:47:37 42.393646 -72.53322   3     14     48  
167.0  02:47:46 42.393658 -72.53322   5     16     55  
167.0  02:47:55 42.39366 -72.53322   3     19     59  
168.0  02:48:00 42.393665 -72.53322   4     12     58  
168.0  02:48:03 42.393665 -72.53322   5     12     47  
168.0  02:48:12 42.39367 -72.53322   4     18     43  
168.0  02:48:20 42.393673 -72.53322   5     14     48  
168.0  02:48:31 42.393677 -72.5332   4     11     42  
168.0  02:48:40 42.393677 -72.533195   5     15     43  
168.0  02:48:51 42.393677 -72.53319   3     16     51  
169.0  02:49:00 42.393677 -72.53317   4     19     58  
169.0  02:49:00 42.393673 -72.53317   3     15     49  
169.0  02:49:09 42.39367 -72.53318   5     13     54  
169.0  02:49:18 42.39367 -72.53317   3     10     52  
169.0  02:49:29 42.393665 -72.533165   3     10     54  
169.0  02:49:37 42.393665 -72.53317   4     15     45  
169.0  02:49:46 42.39366 -72.533165   4     17     44  
169.0  02:49:55 42.393658 -72.533165   3     16     49  
170.0  02:50:00 42.393658 -72.53318   4     18     43  
170.0  02:50:04 42.393658 -72.53317   4     15     54  
170.0  02:50:12 42.393658 -72.53318   3     18     40  
170.0  02:50:22 42.393654 -72.53318   5     16     42  
170.0  02:50:31 42.393658 -72.53319   3     14     40  
170.0  02:50:40 42.393658 -72.53319   3     18     57  
170.0  02:50:48 42.39366 -72.53318   3     13     58  
170.0  02:50:57 42.39366 -72.53317   3     12     40  
171.0  02:51:00 42.393658 -72.53318   4     14     49  
171.0  02:51:06 42.393658 -72.53318   5     13     53  
171.0  02:51:16 42.393654 -72.53317   4     18     40  
171.0  02:51:25 42.39365 -72.53318   5     16     51  
171.0  02:51:33 42.39365 -72.53319   3     14     44  
171.0  02:51:42 42.393646 -72.53318   3     11     43  
171.0  02:51:51 42.39365 -72.53316   3     18     48  
171.0  02:51:59 42.39365 -72.53312   5     18     51  
172.0  02:52:00 42.39365 -72.533104   3     19     47  
172.0  02:52:10 42.393654 -72.533104   4     13     45  
172.0  02:52:18 42.393654 -72.53315   3     19     47  
172.0  02:52:27 42.39365 -72.53319   5     12     54  
172.0  02:52:35 42.39364 -72.53321   4     18     55  
172.0  02:52:44 42.393627 -72.533226   4     16     59  
172.0  02:52:53 42.393627 -72.53323   4     17     47  
173.0  02:53:00 42.393635 -72.53323   5     17     45  
173.0  02:53:03 42.393635 -72.533226   5     18     54  
173.0  02:53:12 42.39364 -72.53325   5     13     58  
173.0  02:53:20 42.393642 -72.53324   4     11     47  
173.0  02:53:29 42.393646 -72.53325   4     13     43  
173.0  02:53:37 42.393745 -72.53295   4     13     45  
173.0  02:53:46 42.393898 -72.5328   4     14     48  
173.0  02:53:56 42.394253 -72.53293   3     10     44  
174.0  02:54:00 42.3946 -72.53309   3     18     43  
174.0  02:54:04 42.39456 -72.53308   4     11     48  
174.0  02:54:13 42.394814 -72.533195   3     11     53  
174.0  02:54:21 42.394924 -72.53367   5     10     44  
174.0  02:54:30 42.394825 -72.53397   3     15     40  
174.0  02:54:39 42.394653 -72.53394   3     19     52  
174.0  02:54:53 42.394665 -72.53377   3     16     42  
175.0  02:55:00 42.394745 -72.53352   5     19     58  
175.0  02:55:02 42.394726 -72.53355   3     16     57  
175.0  02:55:21 42.394745 -72.53352   5     19     51  
175.0  02:55:23 42.394745 -72.53352   4     15     57  
761.0  12:41:24 0.0 -0.0   4     11     57  
761.0  12:41:34 0.0 -0.0   3     16     44  
761.0  12:41:42 0.0 -0.0   5     19     51  
761.0  12:41:57 0.0 -0.0   5     19     46  
762.0  12:42:00 0.0 -0.0   4     17     48  
762.0  12:42:00 0.0 -0.0   5     14     52  
762.0  12:42:05 0.0 -0.0   5     14     56  
762.0  12:42:15 0.0 -0.0   3     10     59  
762.0  12:42:23 0.0 -0.0   3     17     59  
762.0  12:42:31 0.0 -0.0   5     16     43  
762.0  12:42:38 0.0 -0.0   3     10     52  
762.0  12:42:46 0.0 -0.0   3     16     59  
762.0  12:42:54 0.0 -0.0   3     11     47  
763.0  12:43:00 0.0 -0.0   5     14     51  
763.0  12:43:02 0.0 -0.0   4     11     57  
763.0  12:43:12 0.0 -0.0   4     19     40  
763.0  12:43:20 0.0 -0.0   3     18     56  
763.0  12:43:28 0.0 -0.0   3     15     48  
763.0  12:43:36 0.0 -0.0   5     11     55  
763.0  12:43:45 0.0 -0.0   4     11     43  
763.0  12:43:52 0.0 -0.0   3     16     51  
764.0  12:44:00 0.0 -0.0   4     17     52  
764.0  12:44:03 0.0 -0.0   5     19     59  
764.0  12:44:12 0.0 -0.0   4     17     47  
764.0  12:44:20 0.0 -0.0   5     13     57  
764.0  12:44:29 0.0 -0.0   4     19     41  
764.0  12:44:38 0.0 -0.0   5     19     47  
764.0  12:44:46 0.0 -0.0   3     13     40  
764.0  12:44:57 0.0 -0.0   4     10     54  
765.0  12:45:00 0.0 -0.0   3     14     55  
765.0  12:45:07 0.0 -0.0   4     19     55  
765.0  12:45:16 0.0 -0.0   3     13     44  
765.0  12:45:24 0.0 -0.0   5     18     47  
765.0  12:45:32 0.0 -0.0   3     17     43  
765.0  12:45:41 0.0 -0.0   5     10     57  
765.0  12:45:51 0.0 -0.0   4     16     49  
765.0  12:45:59 0.0 -0.0   4     19     45  
766.0  12:46:00 0.0 -0.0   4     10     52  
766.0  12:46:07 0.0 -0.0   3     19     48  
766.0  12:46:15 0.0 -0.0   3     10     45  
766.0  12:46:23 0.0 -0.0   4     16     56  
766.0  12:46:32 0.0 -0.0   3     10     46  
766.0  12:46:42 0.0 -0.0   5     19     45  
766.0  12:46:51 0.0 -0.0   3     14     50  
767.0  12:47:00 0.0 -0.0   3     17     46  
767.0  12:47:02 0.0 -0.0   4     19     46  
767.0  12:47:18 0.0 -0.0   4     11     56  
