602.0  10:02:47 42.32176 -72.53414   4     14     48  
603.0  10:03:00 42.32103 -72.53434   3     15     46  
603.0  10:03:12 42.32086 -72.53367   4     11     59  
603.0  10:03:25 42.32106 -72.533585   3     17     45  
604.0  10:04:26 42.320152 -72.53137   3     13     47  
604.0  10:04:37 42.31975 -72.52928   4     11     50  
604.0  10:04:45 42.319324 -72.52822   5     19     58  
604.0  10:04:53 42.319134 -72.52798   5     17     49  
605.0  10:05:00 42.318474 -72.52884   5     19     58  
605.0  10:05:01 42.3188 -72.528496   3     12     50  
605.0  10:05:09 42.318077 -72.52922   5     15     52  
605.0  10:05:17 42.317005 -72.53   5     16     46  
605.0  10:05:27 42.31518 -72.53061   5     14     41  
605.0  10:05:35 42.313477 -72.53088   3     19     48  
605.0  10:05:43 42.312054 -72.5304   4     10     42  
605.0  10:05:52 42.3108 -72.52994   3     16     49  
606.0  10:06:00 42.309 -72.529495   3     13     41  
606.0  10:06:01 42.309532 -72.5295   5     16     40  
606.0  10:06:09 42.30845 -72.529816   4     10     40  
606.0  10:06:21 42.307217 -72.530754   5     19     50  
606.0  10:06:40 42.3062 -72.530014   5     13     47  
606.0  10:06:59 42.30362 -72.527794   5     10     52  
607.0  10:07:00 42.300747 -72.52856   4     14     47  
607.0  10:07:01 42.30362 -72.527794   3     19     51  
607.0  10:07:11 42.299416 -72.52951   4     14     56  
607.0  10:07:37 42.297947 -72.53064   3     14     59  
607.0  10:07:39 42.297947 -72.53064   3     17     48  
607.0  10:07:47 42.29274 -72.53181   5     12     57  
607.0  10:07:55 42.29134 -72.53271   3     18     48  
608.0  10:08:00 42.289825 -72.53385   5     14     53  
608.0  10:08:12 42.28968 -72.53404   5     14     59  
609.0  10:09:00 42.285015 -72.54732   4     13     41  
609.0  10:09:10 42.284775 -72.54786   3     10     49  
609.0  10:09:19 42.283882 -72.55005   5     16     40  
609.0  10:09:28 42.28339 -72.55126   5     10     53  
609.0  10:09:36 42.283142 -72.55188   5     12     54  
609.0  10:09:45 42.283134 -72.55193   3     12     45  
609.0  10:09:53 42.28308 -72.552   4     10     49  
610.0  10:10:00 42.282692 -72.5528   3     11     42  
610.0  10:10:02 42.282795 -72.55256   5     15     49  
610.0  10:10:13 42.282455 -72.5534   5     16     46  
610.0  10:10:21 42.282005 -72.55462   4     19     41  
610.0  10:10:29 42.281315 -72.556366   4     14     52  
610.0  10:10:38 42.280636 -72.55811   3     13     48  
610.0  10:10:46 42.27986 -72.559364   4     16     40  
610.0  10:10:55 42.27856 -72.56031   5     11     54  
611.0  10:11:00 42.277485 -72.56245   4     10     56  
611.0  10:11:06 42.277485 -72.56245   4     17     56  
611.0  10:11:14 42.276543 -72.56428   3     14     41  
611.0  10:11:23 42.275204 -72.565094   4     11     55  
611.0  10:11:31 42.273693 -72.565346   4     19     56  
611.0  10:11:40 42.272343 -72.56562   4     19     40  
611.0  10:11:49 42.27076 -72.56587   4     14     55  
612.0  10:12:00 42.26897 -72.56618   4     13     43  
612.0  10:12:00 42.268078 -72.56659   4     12     47  
612.0  10:12:08 42.267654 -72.56685   4     12     47  
612.0  10:12:17 42.266598 -72.567894   4     13     57  
612.0  10:12:25 42.266636 -72.56869   3     10     41  
612.0  10:12:34 42.266685 -72.571335   5     12     53  
612.0  10:12:43 42.26565 -72.57172   3     15     54  
612.0  10:12:54 42.264 -72.57192   3     14     40  
613.0  10:13:00 42.26219 -72.5724   3     15     56  
613.0  10:13:03 42.262486 -72.57233   5     14     53  
613.0  10:13:11 42.26116 -72.572655   3     14     41  
613.0  10:13:20 42.260124 -72.573364   5     13     50  
613.0  10:13:29 42.259426 -72.57446   4     10     50  
613.0  10:13:37 42.259087 -72.574875   3     17     57  
613.0  10:13:47 42.2585 -72.574356   5     19     59  
613.0  10:13:55 42.2581 -72.57357   4     15     56  
614.0  10:14:00 42.257965 -72.5729   5     19     59  
614.0  10:14:04 42.257965 -72.572914   5     10     54  
614.0  10:14:12 42.25797 -72.5729   4     11     40  
614.0  10:14:21 42.257957 -72.57282   4     17     52  
614.0  10:14:29 42.257942 -72.57276   3     12     52  
614.0  10:14:43 42.257828 -72.57201   4     17     41  
614.0  10:14:52 42.25756 -72.571754   3     11     43  
615.0  10:15:00 42.256905 -72.57198   5     13     52  
615.0  10:15:01 42.25721 -72.57185   3     11     56  
615.0  10:15:09 42.256584 -72.57207   3     13     40  
615.0  10:15:17 42.256264 -72.57212   4     19     44  
615.0  10:15:26 42.256 -72.57217   5     15     40  
615.0  10:15:37 42.25522 -72.572655   4     16     48  
615.0  10:15:45 42.254436 -72.573395   5     18     53  
615.0  10:15:54 42.254173 -72.57399   4     19     59  
616.0  10:16:00 42.25417 -72.574165   3     16     55  
616.0  10:16:03 42.25417 -72.574165   3     16     56  
616.0  10:16:11 42.254227 -72.57413   3     18     50  
616.0  10:16:20 42.25423 -72.57415   3     19     49  
616.0  10:16:30 42.2542 -72.57419   4     14     52  
616.0  10:16:39 42.2542 -72.57423   5     15     55  
616.0  10:16:51 42.25419 -72.57423   3     13     58  
616.0  10:16:59 42.254166 -72.57424   4     14     48  
617.0  10:17:00 42.254166 -72.574234   5     19     57  
617.0  10:17:07 42.25417 -72.574234   4     15     54  
617.0  10:17:16 42.25419 -72.574234   4     12     42  
617.0  10:17:26 42.254227 -72.57414   3     18     44  
617.0  10:17:34 42.25415 -72.57421   4     18     52  
617.0  10:17:43 42.254177 -72.574196   5     12     43  
617.0  10:17:52 42.2542 -72.5742   5     19     58  
618.0  10:18:00 42.2542 -72.574196   3     14     43  
618.0  10:18:00 42.254204 -72.574196   4     17     48  
618.0  10:18:08 42.254208 -72.57418   5     13     50  
618.0  10:18:19 42.254227 -72.57412   3     16     56  
618.0  10:18:27 42.25423 -72.574104   4     10     43  
618.0  10:18:36 42.25409 -72.574295   4     10     44  
618.0  10:18:45 42.254154 -72.574265   4     17     50  
618.0  10:18:54 42.254173 -72.57426   3     13     58  
619.0  10:19:00 42.25418 -72.57423   3     17     57  
619.0  10:19:02 42.254177 -72.57423   4     16     51  
619.0  10:19:14 42.254192 -72.57425   5     15     48  
619.0  10:19:23 42.254204 -72.57425   5     12     45  
619.0  10:19:31 42.254147 -72.57431   4     12     53  
619.0  10:19:40 42.254135 -72.57435   3     13     54  
619.0  10:19:54 42.25412 -72.57435   5     10     54  
620.0  10:20:00 42.254066 -72.574356   4     17     52  
620.0  10:20:04 42.254066 -72.574356   5     19     43  
620.0  10:20:13 42.254013 -72.574394   4     11     46  
620.0  10:20:22 42.25395 -72.57445   5     11     52  
620.0  10:20:37 42.254135 -72.57423   3     15     55  
620.0  10:20:45 42.25355 -72.57462   4     18     42  
620.0  10:20:56 42.25371 -72.575195   5     16     58  
621.0  10:21:00 42.2541 -72.5759   5     15     56  
621.0  10:21:04 42.254055 -72.57582   5     13     53  
621.0  10:21:12 42.254284 -72.576706   4     14     46  
621.0  10:21:21 42.254463 -72.57712   4     13     50  
621.0  10:21:30 42.255184 -72.57681   4     10     47  
621.0  10:21:37 42.256218 -72.57637   4     13     57  
621.0  10:21:48 42.257027 -72.57603   3     16     57  
621.0  10:21:56 42.257435 -72.575836   3     12     44  
622.0  10:22:00 42.257656 -72.57581   4     18     51  
622.0  10:22:08 42.257656 -72.57581   4     13     48  
622.0  10:22:16 42.257645 -72.57584   3     15     45  
622.0  10:22:25 42.257698 -72.57584   5     11     59  
622.0  10:22:33 42.25783 -72.575806   3     14     45  
622.0  10:22:44 42.258183 -72.57571   3     16     44  
622.0  10:22:52 42.258633 -72.57524   5     13     49  
623.0  10:23:00 42.258926 -72.574905   5     19     56  
623.0  10:23:01 42.258965 -72.57488   4     17     48  
623.0  10:23:10 42.258915 -72.57492   4     18     50  
623.0  10:23:18 42.25894 -72.574905   4     19     51  
623.0  10:23:27 42.259125 -72.57472   4     18     40  
623.0  10:23:38 42.26001 -72.573524   5     10     41  
623.0  10:23:47 42.260895 -72.57271   4     12     45  
623.0  10:23:56 42.262024 -72.57234   5     18     41  
624.0  10:24:00 42.263577 -72.57214   4     10     58  
624.0  10:24:04 42.26342 -72.572174   4     11     46  
624.0  10:24:13 42.264782 -72.57185   4     16     49  
624.0  10:24:22 42.266106 -72.57156   5     16     50  
624.0  10:24:33 42.26671 -72.57068   3     15     58  
624.0  10:24:41 42.266586 -72.56904   4     11     54  
624.0  10:24:49 42.266533 -72.5677   3     10     47  
624.0  10:24:57 42.26673 -72.56613   4     16     41  
625.0  10:25:00 42.266865 -72.56459   4     13     52  
625.0  10:25:05 42.266865 -72.56459   5     12     56  
625.0  10:25:14 42.27026 -72.56559   4     16     43  
625.0  10:25:25 42.272324 -72.56547   4     11     47  
625.0  10:25:34 42.27398 -72.565056   3     16     43  
625.0  10:25:43 42.27579 -72.56472   3     12     45  
625.0  10:25:51 42.27705 -72.56371   3     16     41  
625.0  10:25:59 42.277744 -72.561905   5     16     54  
626.0  10:26:00 42.27838 -72.56066   4     19     55  
626.0  10:26:08 42.278667 -72.56008   3     17     51  
626.0  10:26:19 42.279938 -72.55897   3     10     43  
626.0  10:26:27 42.280865 -72.557724   3     13     48  
626.0  10:26:36 42.28145 -72.5561   4     17     44  
626.0  10:26:44 42.281895 -72.55492   4     10     54  
626.0  10:26:53 42.28217 -72.55417   4     16     54  
627.0  10:27:00 42.282616 -72.55296   4     17     58  
627.0  10:27:01 42.282448 -72.553474   4     12     41  
627.0  10:27:12 42.283035 -72.55195   3     14     43  
627.0  10:27:21 42.283676 -72.5503   3     10     56  
627.0  10:27:30 42.28436 -72.54862   5     11     51  
627.0  10:27:38 42.285126 -72.54669   5     14     58  
627.0  10:27:47 42.285477 -72.54482   3     12     49  
627.0  10:27:55 42.28596 -72.542656   3     12     41  
628.0  10:28:00 42.286743 -72.54057   3     18     52  
628.0  10:28:05 42.28684 -72.540344   4     15     53  
628.0  10:28:13 42.287594 -72.538574   5     18     45  
628.0  10:28:22 42.288673 -72.53681   4     10     52  
628.0  10:28:34 42.289227 -72.53517   4     17     42  
628.0  10:28:43 42.290737 -72.53285   3     10     51  
628.0  10:28:52 42.292282 -72.53208   4     18     51  
629.0  10:29:00 42.294662 -72.53112   5     19     58  
629.0  10:29:04 42.29424 -72.531105   3     14     51  
629.0  10:29:12 42.296207 -72.531044   3     17     50  
629.0  10:29:21 42.29768 -72.53067   4     18     55  
629.0  10:29:29 42.299152 -72.529594   4     10     41  
629.0  10:29:38 42.30042 -72.52869   3     14     45  
629.0  10:29:47 42.301445 -72.52802   4     17     55  
630.0  10:30:00 42.304146 -72.52777   4     11     45  
630.0  10:30:12 42.303013 -72.527504   5     15     42  
630.0  10:30:20 42.30628 -72.529755   4     15     44  
630.0  10:30:28 42.307144 -72.53065   3     14     56  
630.0  10:30:37 42.30839 -72.53061   5     18     42  
630.0  10:30:47 42.31035 -72.52985   5     13     54  
630.0  10:30:56 42.311256 -72.52982   5     17     48  
631.0  10:31:00 42.313026 -72.530365   3     10     53  
631.0  10:31:04 42.313026 -72.530365   5     19     44  
631.0  10:31:12 42.314396 -72.53078   3     12     44  
631.0  10:31:23 42.31611 -72.53028   4     18     50  
631.0  10:31:31 42.31793 -72.52957   5     17     41  
631.0  10:31:41 42.318943 -72.52827   4     15     56  
631.0  10:31:50 42.319317 -72.52789   3     11     57  
631.0  10:31:58 42.319622 -72.528465   5     15     53  
632.0  10:32:00 42.31996 -72.52942   5     19     57  
632.0  10:32:06 42.320015 -72.52958   3     15     53  
632.0  10:32:14 42.32027 -72.53125   5     15     53  
632.0  10:32:23 42.3203 -72.53297   3     16     56  
632.0  10:32:34 42.320316 -72.534546   3     11     52  
632.0  10:32:43 42.32084 -72.53426   5     13     51  
632.0  10:32:51 42.32085 -72.533714   4     15     50  
633.0  10:33:00 42.32113 -72.53359   4     12     50  
633.0  10:33:00 42.321205 -72.53384   3     16     53  
633.0  10:33:08 42.321198 -72.534065   5     17     48  
633.0  10:33:17 42.321476 -72.53421   3     18     41  
633.0  10:33:28 42.321815 -72.53407   4     11     42  
633.0  10:33:36 42.32173 -72.53319   5     11     56  
633.0  10:33:44 42.32182 -72.53214   5     15     47  
633.0  10:33:53 42.32193 -72.53101   3     11     45  
634.0  10:34:00 42.322124 -72.5298   3     13     50  
634.0  10:34:01 42.322025 -72.530045   4     17     54  
634.0  10:34:10 42.32213 -72.52974   3     16     53  
634.0  10:34:20 42.322132 -72.52971   5     11     59  
634.0  10:34:29 42.322205 -72.52955   5     10     55  
634.0  10:34:37 42.322327 -72.52926   5     19     42  
634.0  10:34:45 42.322773 -72.52844   3     11     43  
634.0  10:34:54 42.323826 -72.52834   5     14     57  
635.0  10:35:00 42.324955 -72.528656   3     14     44  
635.0  10:35:03 42.324795 -72.52865   5     11     44  
635.0  10:35:13 42.325195 -72.52873   3     12     52  
635.0  10:35:22 42.325195 -72.529625   3     12     47  
635.0  10:35:31 42.32524 -72.53046   5     14     46  
635.0  10:35:39 42.325283 -72.53071   5     19     40  
635.0  10:35:48 42.325275 -72.53066   3     14     53  
635.0  10:35:56 42.32528 -72.53063   3     15     55  
636.0  10:36:00 42.32527 -72.53064   5     16     50  
636.0  10:36:06 42.32527 -72.53064   5     17     45  
636.0  10:36:15 42.32529 -72.53067   5     17     41  
636.0  10:36:24 42.325294 -72.53067   5     10     48  
636.0  10:36:32 42.32527 -72.53069   4     19     46  
636.0  10:36:41 42.325237 -72.53066   4     12     42  
636.0  10:36:50 42.32524 -72.53065   3     11     44  
637.0  10:37:00 42.325287 -72.53065   3     15     59  
637.0  10:37:00 42.32529 -72.530655   4     13     47  
637.0  10:37:08 42.325294 -72.530655   3     19     52  
637.0  10:37:16 42.325314 -72.530655   4     17     47  
637.0  10:37:25 42.325325 -72.530594   3     18     47  
637.0  10:37:33 42.325344 -72.53056   3     11     46  
637.0  10:37:42 42.325382 -72.53071   3     11     42  
637.0  10:37:53 42.325314 -72.53092   4     16     47  
638.0  10:38:00 42.32533 -72.530914   3     11     50  
638.0  10:38:02 42.325325 -72.53091   5     17     48  
638.0  10:38:10 42.32532 -72.530945   4     17     51  
638.0  10:38:23 42.3253 -72.53099   3     16     59  
638.0  10:38:31 42.3253 -72.530945   5     12     52  
638.0  10:38:39 42.325302 -72.53092   4     16     56  
638.0  10:38:50 42.325314 -72.53092   5     13     45  
638.0  10:38:58 42.32531 -72.530945   3     18     58  
639.0  10:39:00 42.32529 -72.53093   4     17     40  
639.0  10:39:07 42.32529 -72.53092   3     18     51  
639.0  10:39:15 42.3253 -72.53087   3     19     53  
639.0  10:39:24 42.325314 -72.5309   5     13     58  
639.0  10:39:33 42.325325 -72.530914   4     12     41  
639.0  10:39:43 42.325317 -72.53092   3     14     52  
639.0  10:39:52 42.325287 -72.530975   3     16     56  
640.0  10:40:00 42.32529 -72.530975   5     14     45  
640.0  10:40:00 42.325302 -72.53095   4     17     43  
640.0  10:40:09 42.32535 -72.5309   4     18     44  
640.0  10:40:18 42.325325 -72.53093   4     17     52  
640.0  10:40:27 42.325314 -72.53092   4     16     42  
640.0  10:40:37 42.325256 -72.530975   3     14     56  
640.0  10:40:46 42.325256 -72.53096   3     15     54  
640.0  10:40:54 42.32535 -72.530815   5     19     41  
641.0  10:41:00 42.325195 -72.53107   4     12     53  
641.0  10:41:03 42.325237 -72.53105   5     10     52  
641.0  10:41:12 42.324955 -72.530914   5     15     49  
641.0  10:41:20 42.325027 -72.53034   5     13     46  
641.0  10:41:32 42.325077 -72.52945   5     15     41  
641.0  10:41:40 42.325073 -72.52879   3     12     57  
641.0  10:41:49 42.32507 -72.52854   5     19     58  
641.0  10:41:57 42.325027 -72.527565   3     15     56  
642.0  10:42:00 42.32456 -72.526955   4     17     42  
642.0  10:42:06 42.324463 -72.5269   3     13     57  
642.0  10:42:15 42.323593 -72.526375   4     13     44  
642.0  10:42:25 42.323265 -72.525055   4     17     48  
642.0  10:42:34 42.323265 -72.524765   3     18     50  
642.0  10:42:42 42.323296 -72.52472   5     16     48  
642.0  10:42:51 42.32378 -72.52461   3     16     52  
643.0  10:43:00 42.32483 -72.524506   5     10     53  
643.0  10:43:00 42.325573 -72.52442   3     14     43  
643.0  10:43:08 42.326218 -72.52435   3     18     58  
643.0  10:43:19 42.32805 -72.52417   4     17     41  
643.0  10:43:27 42.329803 -72.52393   3     19     49  
643.0  10:43:35 42.33135 -72.52373   4     10     43  
643.0  10:43:44 42.332863 -72.52349   4     13     42  
643.0  10:43:53 42.334557 -72.52328   4     18     42  
644.0  10:44:00 42.336708 -72.52232   5     16     41  
644.0  10:44:02 42.336205 -72.522675   4     17     53  
644.0  10:44:13 42.337955 -72.521286   5     14     51  
644.0  10:44:23 42.33929 -72.52043   5     19     42  
644.0  10:44:32 42.34049 -72.519966   5     17     41  
644.0  10:44:40 42.340775 -72.519905   3     19     53  
644.0  10:44:48 42.340755 -72.51997   4     19     58  
644.0  10:44:57 42.340748 -72.51995   5     17     43  
645.0  10:45:00 42.341145 -72.51992   3     16     44  
645.0  10:45:07 42.34135 -72.519905   3     18     46  
645.0  10:45:16 42.342674 -72.520065   5     16     51  
645.0  10:45:24 42.34412 -72.52039   5     10     52  
645.0  10:45:34 42.345814 -72.52038   4     17     44  
645.0  10:45:43 42.34726 -72.520195   5     18     45  
645.0  10:45:51 42.347435 -72.520134   3     13     59  
646.0  10:46:00 42.34743 -72.52021   5     15     55  
646.0  10:46:01 42.34745 -72.52021   3     18     45  
646.0  10:46:10 42.347454 -72.520195   3     16     58  
646.0  10:46:18 42.34774 -72.52014   3     16     52  
646.0  10:46:28 42.348473 -72.51998   3     17     57  
646.0  10:46:37 42.349426 -72.51985   4     11     59  
646.0  10:46:46 42.350624 -72.51986   4     12     48  
646.0  10:46:57 42.352337 -72.52057   3     10     43  
647.0  10:47:00 42.353916 -72.52048   3     12     45  
647.0  10:47:09 42.35408 -72.520485   3     16     45  
647.0  10:47:17 42.355392 -72.52075   4     18     55  
647.0  10:47:26 42.356102 -72.52088   5     16     42  
647.0  10:47:34 42.35708 -72.52088   5     19     56  
647.0  10:47:42 42.358135 -72.52079   5     12     41  
647.0  10:47:52 42.35966 -72.52071   5     16     50  
648.0  10:48:00 42.361496 -72.52067   3     12     51  
648.0  10:48:02 42.36092 -72.52068   5     18     51  
648.0  10:48:22 42.362095 -72.52066   5     10     48  
648.0  10:48:30 42.364326 -72.52058   3     15     45  
648.0  10:48:39 42.365677 -72.520325   4     19     52  
648.0  10:48:50 42.367313 -72.520096   3     13     50  
648.0  10:48:58 42.368652 -72.519905   3     19     57  
649.0  10:49:00 42.369747 -72.519775   3     11     48  
649.0  10:49:07 42.370064 -72.519745   3     13     59  
649.0  10:49:15 42.3713 -72.51966   5     17     57  
649.0  10:49:24 42.37219 -72.51963   5     11     42  
649.0  10:49:33 42.37213 -72.51922   4     11     55  
649.0  10:49:43 42.372364 -72.51872   4     11     58  
649.0  10:49:52 42.37294 -72.51878   3     16     45  
650.0  10:50:00 42.372974 -72.518814   4     11     41  
650.0  10:50:00 42.372948 -72.5188   3     14     46  
650.0  10:50:09 42.372925 -72.51878   3     19     54  
650.0  10:50:17 42.3729 -72.51873   5     16     44  
650.0  10:50:26 42.37306 -72.5188   5     12     59  
650.0  10:50:36 42.37322 -72.519135   5     15     52  
650.0  10:50:45 42.37324 -72.5196   4     15     43  
650.0  10:50:53 42.373264 -72.51962   4     14     47  
651.0  10:51:00 42.37326 -72.519646   5     10     42  
651.0  10:51:02 42.373264 -72.519646   3     17     50  
651.0  10:51:10 42.373264 -72.519646   4     11     50  
651.0  10:51:19 42.373272 -72.51963   3     11     48  
651.0  10:51:30 42.37328 -72.5196   4     18     57  
651.0  10:51:39 42.373272 -72.519646   5     18     52  
651.0  10:51:47 42.373287 -72.51964   3     10     40  
651.0  10:51:55 42.373306 -72.51961   3     16     53  
652.0  10:52:04 42.37331 -72.51961   4     17     50  
652.0  10:52:12 42.373295 -72.519646   5     13     43  
652.0  10:52:23 42.373592 -72.51982   5     10     55  
652.0  10:52:31 42.37392 -72.51987   5     18     47  
652.0  10:52:43 42.374207 -72.51987   4     19     41  
652.0  10:52:52 42.374626 -72.519775   5     17     52  
653.0  10:53:00 42.374634 -72.51974   4     11     59  
653.0  10:53:01 42.37463 -72.51975   5     19     54  
653.0  10:53:10 42.37461 -72.51973   5     14     56  
653.0  10:53:20 42.374577 -72.51974   5     18     47  
653.0  10:53:28 42.374874 -72.51983   4     19     56  
653.0  10:53:37 42.375008 -72.51983   3     12     50  
653.0  10:53:45 42.375088 -72.519844   4     18     59  
653.0  10:53:54 42.375084 -72.51985   4     11     46  
654.0  10:54:00 42.375088 -72.519844   5     19     51  
654.0  10:54:02 42.37508 -72.51984   4     13     44  
654.0  10:54:12 42.37528 -72.51986   5     19     42  
654.0  10:54:20 42.375553 -72.51982   4     13     47  
654.0  10:54:29 42.376007 -72.51985   3     13     52  
654.0  10:54:37 42.376526 -72.51986   5     15     40  
654.0  10:54:46 42.376854 -72.51987   5     10     48  
654.0  10:54:54 42.37709 -72.519875   3     11     56  
655.0  10:55:00 42.37731 -72.51986   4     14     45  
655.0  10:55:07 42.37731 -72.51986   4     16     49  
655.0  10:55:15 42.377403 -72.519806   3     14     59  
655.0  10:55:23 42.377457 -72.51982   5     17     47  
655.0  10:55:31 42.377445 -72.51984   5     14     44  
655.0  10:55:40 42.377445 -72.51986   5     19     44  
655.0  10:55:48 42.377422 -72.519905   3     18     59  
655.0  10:55:59 42.37807 -72.51993   3     12     49  
656.0  10:56:00 42.378613 -72.519936   3     17     51  
656.0  10:56:07 42.3789 -72.51989   5     16     42  
656.0  10:56:16 42.37952 -72.519615   5     19     50  
656.0  10:56:24 42.379665 -72.51953   5     15     55  
656.0  10:56:33 42.379795 -72.51947   5     17     55  
656.0  10:56:41 42.3798 -72.51945   3     10     43  
656.0  10:56:52 42.379917 -72.519485   5     13     45  
657.0  10:57:00 42.381004 -72.51929   5     12     47  
657.0  10:57:01 42.38065 -72.51932   4     14     52  
657.0  10:57:09 42.38117 -72.51928   4     11     42  
657.0  10:57:18 42.381294 -72.51929   5     16     55  
657.0  10:57:27 42.381317 -72.519295   4     18     58  
657.0  10:57:35 42.381485 -72.51928   4     15     59  
657.0  10:57:46 42.382107 -72.51987   4     11     44  
657.0  10:57:54 42.382763 -72.52038   4     19     54  
658.0  10:58:00 42.383106 -72.520546   5     19     45  
658.0  10:58:02 42.38311 -72.520546   4     12     59  
658.0  10:58:11 42.383087 -72.52053   3     16     57  
658.0  10:58:20 42.38307 -72.52055   4     15     51  
658.0  10:58:28 42.383106 -72.52057   4     18     57  
658.0  10:58:38 42.383125 -72.52056   3     14     50  
658.0  10:58:47 42.383125 -72.52057   5     12     49  
658.0  10:58:56 42.383156 -72.520584   4     17     54  
659.0  10:59:00 42.38329 -72.520744   4     19     46  
659.0  10:59:04 42.38329 -72.520744   3     12     55  
659.0  10:59:13 42.38405 -72.52116   4     19     46  
659.0  10:59:22 42.38501 -72.521675   4     17     59  
659.0  10:59:32 42.385662 -72.52203   3     18     58  
659.0  10:59:41 42.385685 -72.52204   3     15     57  
659.0  10:59:50 42.385754 -72.5221   4     11     56  
659.0  10:59:59 42.386055 -72.52285   4     15     48  
660.0  11:00:00 42.38604 -72.52363   3     14     47  
660.0  11:00:06 42.385975 -72.5239   3     17     52  
660.0  11:00:15 42.385807 -72.52464   5     19     47  
660.0  11:00:27 42.38578 -72.52481   4     15     53  
660.0  11:00:35 42.385742 -72.52494   3     18     46  
660.0  11:00:44 42.385723 -72.52493   5     13     41  
660.0  11:00:53 42.385757 -72.52513   5     14     48  
661.0  11:01:00 42.386463 -72.525475   3     12     44  
661.0  11:01:02 42.386253 -72.52537   5     13     42  
661.0  11:01:11 42.38684 -72.52564   3     17     50  
661.0  11:01:22 42.387344 -72.5262   3     11     56  
661.0  11:01:30 42.38729 -72.52633   3     12     51  
661.0  11:01:39 42.38727 -72.52633   4     14     50  
661.0  11:01:47 42.387268 -72.52631   5     18     45  
661.0  11:01:56 42.38729 -72.526276   4     15     53  
662.0  11:02:00 42.387295 -72.526245   5     12     50  
662.0  11:02:05 42.387295 -72.526245   5     12     42  
662.0  11:02:15 42.387287 -72.52624   5     11     49  
662.0  11:02:24 42.38728 -72.52625   4     17     55  
662.0  11:02:32 42.38727 -72.52626   3     12     44  
662.0  11:02:40 42.387264 -72.52625   4     18     40  
662.0  11:02:49 42.38725 -72.52626   4     11     56  
662.0  11:02:58 42.38725 -72.52625   3     19     51  
663.0  11:03:00 42.387257 -72.52624   4     11     40  
663.0  11:03:08 42.387257 -72.52624   3     18     43  
663.0  11:03:17 42.387276 -72.52625   5     19     52  
663.0  11:03:26 42.38727 -72.52625   3     16     44  
663.0  11:03:34 42.387268 -72.526276   4     19     40  
663.0  11:03:42 42.38726 -72.52628   3     12     43  
663.0  11:03:51 42.38725 -72.526276   3     11     54  
664.0  11:04:00 42.38726 -72.52627   5     14     45  
664.0  11:04:03 42.387253 -72.52627   5     18     42  
664.0  11:04:11 42.38727 -72.52627   5     19     57  
664.0  11:04:19 42.387283 -72.526276   4     18     53  
664.0  11:04:28 42.38729 -72.52626   5     17     54  
664.0  11:04:37 42.387302 -72.52626   4     10     42  
664.0  11:04:48 42.387295 -72.526276   4     13     58  
665.0  11:05:00 42.38651 -72.52615   5     19     49  
665.0  11:05:02 42.38666 -72.52621   4     16     47  
665.0  11:05:13 42.386177 -72.52605   4     16     57  
665.0  11:05:22 42.3861 -72.526   3     11     48  
665.0  11:05:30 42.38575 -72.52587   4     14     57  
665.0  11:05:39 42.38564 -72.52583   5     10     46  
665.0  11:05:47 42.385513 -72.52578   3     11     48  
665.0  11:05:57 42.385384 -72.52577   3     12     55  
666.0  11:06:00 42.385334 -72.52576   3     15     42  
666.0  11:06:09 42.38533 -72.52576   4     18     59  
666.0  11:06:17 42.385277 -72.52565   3     16     42  
666.0  11:06:26 42.385372 -72.52514   4     14     51  
666.0  11:06:35 42.385456 -72.52475   4     18     47  
666.0  11:06:44 42.38564 -72.52395   3     17     57  
666.0  11:06:53 42.385746 -72.52355   4     18     46  
667.0  11:07:00 42.3857 -72.522224   3     11     53  
667.0  11:07:04 42.385746 -72.52232   4     16     55  
667.0  11:07:16 42.385044 -72.521675   4     15     43  
667.0  11:07:26 42.383656 -72.52093   3     12     41  
667.0  11:07:35 42.38273 -72.52038   5     19     49  
667.0  11:07:43 42.381927 -72.51979   4     19     47  
667.0  11:07:54 42.381325 -72.51931   4     17     45  
668.0  11:08:00 42.380394 -72.51943   3     16     54  
668.0  11:08:02 42.380703 -72.51939   3     13     41  
668.0  11:08:10 42.3798 -72.51958   5     18     58  
668.0  11:08:18 42.37907 -72.519905   5     16     52  
668.0  11:08:26 42.37839 -72.520004   5     10     41  
668.0  11:08:35 42.377937 -72.520035   4     19     41  
668.0  11:08:45 42.377846 -72.52009   5     19     42  
668.0  11:08:54 42.37784 -72.52012   5     18     44  
669.0  11:09:00 42.37736 -72.52006   3     13     50  
669.0  11:09:02 42.3776 -72.52007   3     14     59  
669.0  11:09:10 42.376823 -72.52002   3     18     41  
669.0  11:09:19 42.376247 -72.519966   5     11     54  
669.0  11:09:28 42.376144 -72.519966   3     15     48  
669.0  11:09:39 42.376144 -72.51999   4     13     56  
669.0  11:09:48 42.376133 -72.51999   3     19     57  
669.0  11:09:57 42.376156 -72.51998   5     18     47  
670.0  11:10:00 42.37597 -72.51997   3     11     41  
670.0  11:10:05 42.37597 -72.51997   5     10     49  
670.0  11:10:13 42.3754 -72.51993   5     10     43  
670.0  11:10:21 42.37485 -72.51989   4     19     42  
670.0  11:10:32 42.374397 -72.51993   5     16     52  
670.0  11:10:41 42.374413 -72.519966   5     14     42  
670.0  11:10:49 42.37414 -72.51996   5     12     43  
670.0  11:10:58 42.373764 -72.51996   5     16     43  
671.0  11:11:00 42.37319 -72.51989   3     12     50  
671.0  11:11:07 42.373085 -72.51988   3     12     41  
671.0  11:11:20 42.3722 -72.51974   3     19     49  
671.0  11:11:34 42.37215 -72.519485   5     18     55  
671.0  11:11:44 42.372097 -72.51853   3     18     50  
671.0  11:11:52 42.372692 -72.518845   3     12     59  
672.0  11:12:00 42.37309 -72.51882   3     12     56  
672.0  11:12:00 42.37313 -72.518814   5     10     59  
672.0  11:12:09 42.373123 -72.51881   3     18     45  
672.0  11:12:18 42.37315 -72.518814   4     11     44  
672.0  11:12:29 42.3731 -72.51886   4     19     55  
672.0  11:12:39 42.373253 -72.51931   3     12     41  
672.0  11:12:48 42.373264 -72.51953   4     11     46  
672.0  11:12:56 42.37329 -72.51952   3     19     51  
673.0  11:13:00 42.373184 -72.519844   4     16     48  
673.0  11:13:05 42.373184 -72.519844   4     16     42  
673.0  11:13:13 42.372387 -72.51983   4     10     58  
673.0  11:13:22 42.371357 -72.51982   4     18     44  
673.0  11:13:34 42.369625 -72.51992   4     12     45  
673.0  11:13:44 42.36772 -72.520164   5     12     54  
673.0  11:13:52 42.366035 -72.5204   3     15     48  
674.0  11:14:00 42.363754 -72.52077   5     11     52  
674.0  11:14:01 42.364502 -72.52066   4     18     56  
674.0  11:14:09 42.362984 -72.52081   3     16     47  
674.0  11:14:18 42.361313 -72.52081   4     10     50  
674.0  11:14:29 42.359005 -72.52088   3     10     48  
674.0  11:14:37 42.357487 -72.520966   5     17     46  
674.0  11:14:49 42.35632 -72.521   4     13     53  
674.0  11:14:58 42.355713 -72.5209   5     17     43  
675.0  11:15:00 42.35503 -72.52075   3     16     59  
675.0  11:15:10 42.35477 -72.5207   5     18     58  
675.0  11:15:24 42.352333 -72.52061   5     15     51  
675.0  11:15:33 42.350765 -72.52005   4     16     56  
675.0  11:15:42 42.349262 -72.51994   4     18     48  
675.0  11:15:51 42.347603 -72.520226   5     13     44  
676.0  11:16:00 42.34597 -72.52053   4     15     43  
676.0  11:16:00 42.34521 -72.52054   5     16     55  
676.0  11:16:08 42.34486 -72.520546   4     11     48  
676.0  11:16:19 42.34474 -72.520515   4     17     57  
676.0  11:16:27 42.344666 -72.52047   4     11     47  
676.0  11:16:36 42.343895 -72.520454   3     11     43  
676.0  11:16:44 42.342533 -72.52012   4     19     56  
676.0  11:16:52 42.341484 -72.51999   3     17     52  
677.0  11:17:00 42.340244 -72.52018   4     18     47  
677.0  11:17:00 42.33969 -72.52037   4     12     44  
677.0  11:17:15 42.338596 -72.521   4     16     43  
677.0  11:17:23 42.3367 -72.522385   5     10     41  
677.0  11:17:31 42.335358 -72.523186   3     15     53  
677.0  11:17:40 42.33391 -72.523544   3     13     54  
677.0  11:17:48 42.332302 -72.523735   3     11     44  
677.0  11:17:56 42.330784 -72.523964   3     15     40  
678.0  11:18:00 42.329273 -72.52417   5     11     50  
678.0  11:18:06 42.328903 -72.524216   4     18     51  
678.0  11:18:15 42.327446 -72.5244   3     16     54  
678.0  11:18:23 42.3258 -72.52455   4     18     59  
678.0  11:18:32 42.32441 -72.52472   5     10     57  
678.0  11:18:40 42.323418 -72.52489   4     16     40  
678.0  11:18:48 42.323326 -72.52525   3     12     54  
679.0  11:19:00 42.323586 -72.52635   3     13     57  
679.0  11:19:00 42.32425 -72.526855   4     10     55  
679.0  11:19:08 42.324764 -72.52711   5     11     42  
679.0  11:19:17 42.325233 -72.52817   3     10     44  
679.0  11:19:26 42.3252 -72.52869   4     19     44  
679.0  11:19:34 42.325188 -72.52943   3     12     52  
679.0  11:19:43 42.325233 -72.53051   5     17     54  
679.0  11:19:53 42.325336 -72.53114   3     15     59  
680.0  11:20:00 42.32529 -72.531204   4     16     51  
680.0  11:20:05 42.325306 -72.53119   4     13     56  
680.0  11:20:14 42.325275 -72.531235   3     15     54  
680.0  11:20:23 42.325283 -72.53123   4     12     43  
680.0  11:20:31 42.32529 -72.531204   3     18     53  
680.0  11:20:39 42.325317 -72.53115   3     14     52  
680.0  11:20:50 42.325325 -72.5311   3     16     50  
680.0  11:20:58 42.325325 -72.531075   4     11     53  
681.0  11:21:00 42.325333 -72.53107   5     19     46  
681.0  11:21:07 42.325333 -72.531075   4     14     59  
681.0  11:21:15 42.32534 -72.53112   3     16     50  
681.0  11:21:24 42.325333 -72.53111   4     11     57  
681.0  11:21:33 42.325314 -72.53116   4     19     57  
681.0  11:21:43 42.325302 -72.531166   5     10     50  
681.0  11:21:51 42.325333 -72.53115   4     17     55  
691.0  11:31:50 42.322212 -72.52975   3     19     43  
692.0  11:32:03 42.322098 -72.53008   3     12     40  
693.0  11:33:00 42.321102 -72.53368   3     18     50  
693.0  11:33:08 42.321175 -72.5339   5     14     52  
693.0  11:33:19 42.3211 -72.53432   4     19     51  
693.0  11:33:27 42.3206 -72.53437   3     11     52  
693.0  11:33:35 42.32039 -72.53439   5     14     43  
693.0  11:33:43 42.3204 -72.53438   5     13     42  
693.0  11:33:51 42.320305 -72.534134   4     12     45  
693.0  11:33:59 42.320297 -72.533   3     19     42  
694.0  11:34:00 42.32024 -72.53199   3     17     52  
694.0  11:34:10 42.320194 -72.53082   3     12     56  
694.0  11:34:19 42.319805 -72.52927   3     15     40  
694.0  11:34:27 42.319447 -72.5284   3     19     50  
694.0  11:34:36 42.319275 -72.52801   3     14     51  
694.0  11:34:44 42.318966 -72.52833   4     12     42  
694.0  11:34:52 42.318203 -72.5291   4     13     46  
695.0  11:35:00 42.316658 -72.53012   3     18     55  
695.0  11:35:02 42.316833 -72.53006   5     14     52  
695.0  11:35:10 42.315346 -72.530556   3     12     44  
695.0  11:35:18 42.31406 -72.53093   4     10     48  
695.0  11:35:27 42.312443 -72.530525   4     14     59  
695.0  11:35:35 42.31116 -72.530014   5     12     59  
695.0  11:35:44 42.309986 -72.52956   5     10     44  
695.0  11:35:54 42.30854 -72.52968   5     16     51  
696.0  11:36:00 42.307297 -72.53066   3     11     40  
696.0  11:36:03 42.30755 -72.530624   5     10     51  
696.0  11:36:12 42.306465 -72.53036   3     13     53  
696.0  11:36:34 42.305557 -72.5291   3     15     53  
696.0  11:36:56 42.299454 -72.52952   5     11     56  
697.0  11:37:00 42.298256 -72.53047   4     15     47  
697.0  11:37:12 42.29792 -72.53072   3     14     44  
697.0  11:37:25 42.295063 -72.53134   5     13     50  
697.0  11:37:33 42.292824 -72.53186   5     14     57  
697.0  11:37:43 42.291428 -72.53275   4     11     52  
697.0  11:37:56 42.28981 -72.534035   3     13     50  
698.0  11:38:00 42.28873 -72.53698   3     14     40  
698.0  11:38:04 42.28981 -72.534035   5     10     54  
698.0  11:38:14 42.287556 -72.53889   4     13     47  
698.0  11:38:23 42.286713 -72.54097   3     15     55  
698.0  11:38:32 42.286 -72.5428   3     14     40  
698.0  11:38:40 42.28549 -72.54502   4     13     59  
698.0  11:38:49 42.285152 -72.54694   5     11     53  
698.0  11:38:57 42.28444 -72.548706   4     19     43  
699.0  11:39:00 42.283924 -72.54997   5     12     52  
699.0  11:39:07 42.28373 -72.55046   3     18     44  
699.0  11:39:16 42.283268 -72.55162   5     16     50  
699.0  11:39:24 42.28309 -72.55207   5     19     58  
699.0  11:39:33 42.283062 -72.55208   4     19     42  
699.0  11:39:41 42.28277 -72.55275   4     19     58  
699.0  11:39:50 42.28249 -72.55352   5     16     42  
700.0  11:40:00 42.2818 -72.55529   3     11     53  
700.0  11:40:00 42.281487 -72.55607   3     18     44  
700.0  11:40:09 42.281166 -72.55687   4     18     58  
700.0  11:40:17 42.280487 -72.55858   4     14     46  
700.0  11:40:25 42.279648 -72.55946   4     13     53  
700.0  11:40:34 42.278664 -72.56029   5     11     56  
700.0  11:40:43 42.277775 -72.562065   5     15     48  
700.0  11:40:53 42.276794 -72.56398   5     16     44  
701.0  11:41:00 42.275116 -72.56503   3     18     40  
701.0  11:41:02 42.27556 -72.56492   5     14     57  
701.0  11:41:10 42.274387 -72.56514   3     19     48  
701.0  11:41:19 42.273003 -72.56543   3     13     43  
701.0  11:41:27 42.271645 -72.565735   5     18     40  
701.0  11:41:35 42.269985 -72.56596   5     18     46  
701.0  11:41:49 42.268265 -72.56667   4     13     57  
701.0  11:41:57 42.26673 -72.56799   4     18     58  
702.0  11:42:00 42.266613 -72.56923   5     13     56  
702.0  11:42:06 42.266647 -72.569626   4     19     47  
702.0  11:42:14 42.266747 -72.57112   4     19     48  
702.0  11:42:23 42.265892 -72.5717   5     15     48  
702.0  11:42:31 42.264767 -72.571945   3     16     49  
702.0  11:42:45 42.262947 -72.57238   4     13     45  
702.0  11:42:53 42.260853 -72.57291   5     12     57  
703.0  11:43:00 42.259663 -72.57418   3     15     41  
703.0  11:43:02 42.25984 -72.57392   5     18     47  
703.0  11:43:11 42.259296 -72.57473   3     19     59  
703.0  11:43:19 42.25928 -72.57481   3     15     51  
703.0  11:43:27 42.25931 -72.57477   4     16     40  
703.0  11:43:38 42.258984 -72.57485   3     17     43  
703.0  11:43:47 42.25856 -72.57434   3     19     57  
703.0  11:43:55 42.25815 -72.573456   3     10     50  
704.0  11:44:00 42.258034 -72.57297   3     10     56  
704.0  11:44:04 42.258022 -72.57296   3     17     48  
704.0  11:44:13 42.25804 -72.57298   4     14     46  
704.0  11:44:21 42.25799 -72.57276   4     13     59  
704.0  11:44:31 42.257725 -72.57188   3     12     46  
704.0  11:44:39 42.25717 -72.572044   3     15     57  
704.0  11:44:48 42.256447 -72.57221   4     19     42  
705.0  11:45:00 42.255768 -72.57244   5     17     43  
705.0  11:45:00 42.255447 -72.57264   4     13     49  
705.0  11:45:08 42.255108 -72.57287   5     11     47  
705.0  11:45:17 42.254482 -72.57344   3     16     50  
705.0  11:45:27 42.25423 -72.574196   4     19     59  
705.0  11:45:36 42.254215 -72.57419   5     10     41  
705.0  11:45:44 42.25419 -72.5742   4     10     56  
705.0  11:45:53 42.254185 -72.57423   3     19     46  
706.0  11:46:00 42.25418 -72.57423   3     14     58  
706.0  11:46:02 42.254185 -72.57423   3     10     45  
706.0  11:46:10 42.25418 -72.57424   3     14     51  
706.0  11:46:22 42.254204 -72.57427   3     13     42  
706.0  11:46:30 42.25421 -72.57434   3     11     50  
706.0  11:46:40 42.254196 -72.57439   4     19     44  
706.0  11:46:49 42.254177 -72.57437   3     17     52  
706.0  11:46:59 42.25418 -72.574326   3     19     42  
707.0  11:47:00 42.254173 -72.57429   5     18     50  
707.0  11:47:07 42.254192 -72.57427   3     17     42  
707.0  11:47:17 42.25424 -72.574234   5     18     52  
707.0  11:47:26 42.254223 -72.574295   5     13     46  
707.0  11:47:34 42.25422 -72.574356   4     14     53  
707.0  11:47:43 42.25421 -72.574356   3     10     43  
707.0  11:47:52 42.25421 -72.57434   4     12     57  
708.0  11:48:00 42.2542 -72.57432   5     17     43  
708.0  11:48:00 42.254177 -72.5744   5     13     47  
708.0  11:48:11 42.254173 -72.5744   3     17     48  
708.0  11:48:19 42.25419 -72.57439   5     19     59  
708.0  11:48:28 42.254208 -72.57437   4     13     45  
708.0  11:48:37 42.254196 -72.574326   3     17     46  
708.0  11:48:46 42.254192 -72.57423   3     11     50  
708.0  11:48:55 42.25416 -72.57425   3     14     56  
709.0  11:49:00 42.25414 -72.574326   4     17     53  
709.0  11:49:05 42.25414 -72.574326   3     17     51  
709.0  11:49:14 42.254158 -72.574326   5     11     58  
709.0  11:49:23 42.254223 -72.57428   3     12     58  
709.0  11:49:31 42.254242 -72.574295   4     19     45  
709.0  11:49:40 42.254227 -72.57429   5     12     55  
709.0  11:49:48 42.254215 -72.57425   3     16     54  
710.0  11:50:00 42.254166 -72.57425   4     10     43  
710.0  11:50:00 42.25418 -72.57425   5     11     41  
710.0  11:50:09 42.254196 -72.57424   4     13     40  
710.0  11:50:18 42.25421 -72.57422   3     17     43  
710.0  11:50:31 42.2542 -72.57424   3     15     55  
710.0  11:50:40 42.254173 -72.57432   3     12     40  
710.0  11:50:50 42.254173 -72.57435   3     11     59  
710.0  11:50:59 42.25419 -72.57431   3     14     40  
711.0  11:51:00 42.254192 -72.57426   4     10     51  
711.0  11:51:08 42.254196 -72.57425   3     12     52  
711.0  11:51:16 42.25398 -72.57448   4     10     59  
711.0  11:51:25 42.253582 -72.574684   3     18     53  
711.0  11:51:34 42.253674 -72.57511   4     11     40  
711.0  11:51:45 42.254005 -72.576096   5     11     46  
711.0  11:51:54 42.25409 -72.57637   4     13     45  
712.0  11:52:00 42.25417 -72.57633   3     14     45  
712.0  11:52:03 42.25416 -72.5763   5     13     50  
712.0  11:52:12 42.25424 -72.57685   4     18     40  
712.0  11:52:21 42.254345 -72.577194   5     12     56  
712.0  11:52:33 42.254894 -72.57694   4     18     47  
712.0  11:52:45 42.256214 -72.57643   3     11     40  
712.0  11:52:54 42.256817 -72.57622   5     10     46  
713.0  11:53:00 42.256924 -72.57617   3     17     52  
713.0  11:53:02 42.256924 -72.57618   4     17     48  
713.0  11:53:11 42.256927 -72.57617   4     18     41  
713.0  11:53:20 42.25714 -72.576096   3     17     51  
713.0  11:53:28 42.257412 -72.57599   4     19     58  
713.0  11:53:38 42.257687 -72.57587   4     18     57  
713.0  11:53:46 42.25773 -72.575836   4     12     51  
713.0  11:53:54 42.257732 -72.575806   4     11     48  
714.0  11:54:00 42.257736 -72.575806   3     17     45  
714.0  11:54:02 42.257736 -72.5758   4     17     52  
714.0  11:54:11 42.25774 -72.575836   4     11     42  
714.0  11:54:20 42.25773 -72.57585   4     17     55  
714.0  11:54:30 42.257698 -72.57587   4     16     51  
714.0  11:54:38 42.25774 -72.57582   4     16     51  
714.0  11:54:47 42.2577 -72.57585   5     10     55  
714.0  11:54:56 42.257835 -72.57589   4     14     45  
715.0  11:55:00 42.25836 -72.575645   3     18     42  
715.0  11:55:04 42.25831 -72.57569   3     16     59  
715.0  11:55:13 42.258667 -72.57526   3     10     51  
715.0  11:55:23 42.25893 -72.57498   4     16     47  
715.0  11:55:31 42.25896 -72.574936   3     14     56  
715.0  11:55:40 42.259426 -72.5744   3     19     54  
715.0  11:55:48 42.26017 -72.57335   4     18     54  
715.0  11:55:56 42.260994 -72.572784   5     14     54  
716.0  11:56:00 42.26194 -72.57259   5     16     52  
716.0  11:56:05 42.26208 -72.572556   4     18     46  
716.0  11:56:16 42.263657 -72.57217   5     15     59  
716.0  11:56:24 42.265182 -72.571754   3     19     57  
716.0  11:56:33 42.26657 -72.571396   3     14     43  
716.0  11:56:42 42.266758 -72.570404   5     12     58  
716.0  11:56:50 42.2666 -72.56883   5     15     51  
716.0  11:56:59 42.267094 -72.56749   4     10     48  
717.0  11:57:00 42.267746 -72.5669   5     11     43  
717.0  11:57:09 42.268547 -72.56644   5     10     59  
717.0  11:57:18 42.26984 -72.565895   3     13     47  
717.0  11:57:26 42.27131 -72.56566   5     10     49  
717.0  11:57:35 42.272724 -72.565346   5     11     43  
717.0  11:57:43 42.273876 -72.56503   5     13     52  
717.0  11:57:51 42.275097 -72.564804   5     10     45  
718.0  11:58:00 42.276627 -72.56418   4     10     59  
718.0  11:58:02 42.27639 -72.56437   3     16     41  
718.0  11:58:11 42.27725 -72.563225   4     18     58  
718.0  11:58:19 42.27811 -72.561424   4     17     55  
718.0  11:58:28 42.278873 -72.55988   5     19     47  
718.0  11:58:37 42.28001 -72.55902   4     16     54  
718.0  11:58:45 42.280704 -72.55794   4     16     46  
718.0  11:58:55 42.281513 -72.55588   3     10     43  
719.0  11:59:00 42.282104 -72.55444   3     18     55  
719.0  11:59:04 42.282104 -72.55444   3     14     49  
719.0  11:59:13 42.28267 -72.55299   3     15     50  
719.0  11:59:21 42.283367 -72.55124   3     13     50  
719.0  11:59:30 42.2841 -72.54942   5     17     46  
719.0  11:59:38 42.284744 -72.54785   4     18     41  
719.0  11:59:49 42.285385 -72.54579   3     12     57  
719.0  11:59:57 42.28572 -72.54382   4     18     54  
720.0  12:00:00 42.28613 -72.54235   5     17     46  
720.0  12:00:06 42.2862 -72.542145   4     13     53  
720.0  12:00:14 42.286938 -72.54032   3     10     53  
720.0  12:00:23 42.287643 -72.538605   4     17     59  
720.0  12:00:32 42.288498 -72.53736   4     14     42  
720.0  12:00:43 42.28915 -72.535484   3     13     55  
720.0  12:00:52 42.28982 -72.53392   5     19     53  
