600.0  10:00:39 0.0 -0.0   4     11     41  
600.0  10:00:49 0.0 -0.0   4     16     46  
600.0  10:00:57 0.0 -0.0   5     11     40  
601.0  10:01:05 0.0 -0.0   3     14     50  
601.0  10:01:13 0.0 -0.0   5     15     48  
601.0  10:01:21 0.0 -0.0   4     19     51  
601.0  10:01:29 0.0 -0.0   5     10     59  
601.0  10:01:38 0.0 -0.0   4     10     56  
601.0  10:01:46 0.0 -0.0   3     10     58  
601.0  10:01:55 0.0 -0.0   3     19     50  
602.0  10:02:03 0.0 -0.0   4     19     55  
602.0  10:02:11 0.0 -0.0   4     15     46  
602.0  10:02:19 0.0 -0.0   4     14     52  
602.0  10:02:28 0.0 -0.0   4     13     54  
602.0  10:02:36 0.0 -0.0   4     18     56  
602.0  10:02:45 0.0 -0.0   4     11     50  
602.0  10:02:54 0.0 -0.0   5     17     42  
603.0  10:03:02 0.0 -0.0   5     16     48  
603.0  10:03:10 0.0 -0.0   4     16     58  
603.0  10:03:19 0.0 -0.0   5     12     44  
603.0  10:03:27 0.0 -0.0   3     19     51  
603.0  10:03:38 0.0 -0.0   3     11     49  
603.0  10:03:46 0.0 -0.0   4     12     55  
603.0  10:03:55 0.0 -0.0   5     17     44  
604.0  10:04:03 0.0 -0.0   5     17     56  
604.0  10:04:12 0.0 -0.0   5     12     43  
604.0  10:04:20 0.0 -0.0   5     17     50  
604.0  10:04:30 0.0 -0.0   5     16     53  
604.0  10:04:40 0.0 -0.0   3     18     49  
604.0  10:04:48 0.0 -0.0   4     19     59  
604.0  10:04:57 0.0 -0.0   4     12     43  
605.0  10:05:05 0.0 -0.0   4     18     56  
634.0  10:34:10 0.0 -0.0   4     19     44  
634.0  10:34:15 0.0 -0.0   3     11     43  
634.0  10:34:20 0.0 -0.0   4     11     50  
634.0  10:34:24 0.0 -0.0   5     17     49  
634.0  10:34:34 0.0 -0.0   4     12     59  
634.0  10:34:43 0.0 -0.0   4     10     48  
634.0  10:34:51 0.0 -0.0   5     14     46  
635.0  10:35:00 0.0 -0.0   3     11     48  
635.0  10:35:08 0.0 -0.0   4     10     46  
635.0  10:35:17 0.0 -0.0   3     14     46  
635.0  10:35:28 0.0 -0.0   4     15     41  
635.0  10:35:37 0.0 -0.0   3     13     51  
635.0  10:35:45 0.0 -0.0   3     14     46  
635.0  10:35:54 0.0 -0.0   5     18     49  
636.0  10:36:02 0.0 -0.0   5     18     48  
636.0  10:36:11 0.0 -0.0   4     10     43  
636.0  10:36:23 0.0 -0.0   4     11     43  
636.0  10:36:31 0.0 -0.0   5     11     57  
636.0  10:36:40 0.0 -0.0   4     11     58  
636.0  10:36:48 0.0 -0.0   4     17     40  
637.0  10:37:00 0.0 -0.0   4     11     54  
637.0  10:37:09 0.0 -0.0   5     13     49  
637.0  10:37:19 0.0 -0.0   5     10     51  
637.0  10:37:28 0.0 -0.0   3     15     53  
637.0  10:37:36 0.0 -0.0   5     15     50  
637.0  10:37:44 0.0 -0.0   3     16     45  
637.0  10:37:53 0.0 -0.0   3     16     58  
638.0  10:38:01 0.0 -0.0   4     12     49  
638.0  10:38:11 0.0 -0.0   5     14     45  
638.0  10:38:20 0.0 -0.0   3     18     42  
638.0  10:38:32 0.0 -0.0   5     12     53  
638.0  10:38:42 0.0 -0.0   3     11     44  
638.0  10:38:51 0.0 -0.0   5     19     40  
692.0  11:32:40 0.0 -0.0   3     10     48  
692.0  11:32:53 0.0 -0.0   3     17     42  
693.0  11:33:06 0.0 -0.0   4     14     53  
693.0  11:33:18 0.0 -0.0   5     12     56  
694.0  11:34:14 0.0 -0.0   3     19     51  
694.0  11:34:24 0.0 -0.0   5     14     54  
694.0  11:34:33 0.0 -0.0   3     15     46  
694.0  11:34:41 0.0 -0.0   4     15     57  
694.0  11:34:48 0.0 -0.0   3     14     57  
694.0  11:34:56 0.0 -0.0   3     19     56  
695.0  11:35:05 0.0 -0.0   5     17     52  
695.0  11:35:13 0.0 -0.0   5     16     47  
695.0  11:35:21 0.0 -0.0   5     12     50  
695.0  11:35:30 0.0 -0.0   3     12     42  
695.0  11:35:38 0.0 -0.0   3     13     56  
695.0  11:35:47 0.0 -0.0   3     15     54  
695.0  11:35:55 0.0 -0.0   5     11     59  
696.0  11:36:04 0.0 -0.0   4     10     49  
696.0  11:36:13 0.0 -0.0   4     16     48  
696.0  11:36:21 0.0 -0.0   5     13     49  
696.0  11:36:30 0.0 -0.0   5     12     56  
696.0  11:36:38 0.0 -0.0   5     16     51  
696.0  11:36:47 0.0 -0.0   3     10     47  
696.0  11:36:56 0.0 -0.0   5     17     41  
697.0  11:37:04 0.0 -0.0   5     19     58  
697.0  11:37:14 0.0 -0.0   5     13     43  
697.0  11:37:23 0.0 -0.0   3     19     59  
697.0  11:37:31 0.0 -0.0   5     15     44  
697.0  11:37:40 0.0 -0.0   5     10     56  
697.0  11:37:49 0.0 -0.0   3     12     44  
697.0  11:37:58 0.0 -0.0   3     17     41  
698.0  11:38:08 0.0 -0.0   3     15     59  
698.0  11:38:17 0.0 -0.0   5     11     42  
698.0  11:38:25 0.0 -0.0   4     19     42  
