610.0  10:10:07 0.0 -0.0   4     11     49  
610.0  10:10:18 0.0 -0.0   5     14     40  
610.0  10:10:25 0.0 -0.0   5     11     52  
610.0  10:10:34 0.0 -0.0   4     10     58  
610.0  10:10:42 0.0 -0.0   3     16     44  
610.0  10:10:50 0.0 -0.0   3     10     41  
610.0  10:10:59 0.0 -0.0   3     11     56  
611.0  10:11:08 0.0 -0.0   5     18     42  
611.0  10:11:17 0.0 -0.0   5     10     48  
611.0  10:11:40 0.0 -0.0   3     15     41  
611.0  10:11:49 0.0 -0.0   3     10     46  
611.0  10:11:57 0.0 -0.0   3     16     41  
612.0  10:12:07 0.0 -0.0   3     19     57  
612.0  10:12:15 0.0 -0.0   4     10     52  
612.0  10:12:27 0.0 -0.0   5     18     45  
612.0  10:12:35 0.0 -0.0   3     16     43  
612.0  10:12:44 0.0 -0.0   4     15     52  
612.0  10:12:52 0.0 -0.0   5     18     55  
613.0  10:13:00 0.0 -0.0   5     17     55  
613.0  10:13:09 0.0 -0.0   5     16     48  
613.0  10:13:25 0.0 -0.0   4     16     44  
613.0  10:13:33 0.0 -0.0   5     15     58  
613.0  10:13:42 0.0 -0.0   4     15     47  
613.0  10:13:50 0.0 -0.0   5     13     40  
614.0  10:14:00 0.0 -0.0   3     15     53  
614.0  10:14:10 0.0 -0.0   4     14     45  
614.0  10:14:19 0.0 -0.0   3     11     49  
614.0  10:14:27 0.0 -0.0   3     16     51  
614.0  10:14:35 0.0 -0.0   4     17     59  
614.0  10:14:44 0.0 -0.0   4     17     47  
614.0  10:14:52 0.0 -0.0   5     19     48  
615.0  10:15:02 0.0 -0.0   3     13     47  
615.0  10:15:11 0.0 -0.0   3     13     58  
615.0  10:15:19 0.0 -0.0   4     17     52  
615.0  10:15:28 0.0 -0.0   3     14     41  
615.0  10:15:36 0.0 -0.0   3     10     55  
615.0  10:15:45 0.0 -0.0   5     11     57  
615.0  10:15:55 0.0 -0.0   3     15     56  
616.0  10:16:04 0.0 -0.0   3     14     41  
616.0  10:16:13 0.0 -0.0   5     13     44  
616.0  10:16:21 0.0 -0.0   5     17     43  
616.0  10:16:29 0.0 -0.0   5     14     43  
616.0  10:16:38 0.0 -0.0   5     16     52  
616.0  10:16:48 0.0 -0.0   5     12     56  
616.0  10:16:57 0.0 -0.0   5     14     50  
617.0  10:17:06 0.0 -0.0   5     10     57  
617.0  10:17:15 0.0 -0.0   3     16     42  
617.0  10:17:23 0.0 -0.0   4     12     47  
617.0  10:17:32 0.0 -0.0   5     12     44  
617.0  10:17:43 0.0 -0.0   3     14     52  
617.0  10:17:52 0.0 -0.0   3     19     49  
618.0  10:18:00 0.0 -0.0   5     16     44  
618.0  10:18:09 0.0 -0.0   5     12     49  
618.0  10:18:17 0.0 -0.0   4     17     57  
618.0  10:18:25 0.0 -0.0   5     18     46  
618.0  10:18:37 0.0 -0.0   5     11     40  
618.0  10:18:46 0.0 -0.0   4     14     40  
618.0  10:18:54 0.0 -0.0   5     16     51  
619.0  10:19:03 0.0 -0.0   5     18     41  
619.0  10:19:11 0.0 -0.0   4     16     45  
619.0  10:19:20 0.0 -0.0   5     11     45  
619.0  10:19:30 0.0 -0.0   5     15     52  
619.0  10:19:38 0.0 -0.0   3     14     55  
619.0  10:19:46 0.0 -0.0   5     19     45  
619.0  10:19:54 0.0 -0.0   4     17     45  
620.0  10:20:03 0.0 -0.0   3     16     51  
620.0  10:20:12 0.0 -0.0   4     11     49  
620.0  10:20:22 0.0 -0.0   5     14     51  
620.0  10:20:30 0.0 -0.0   4     16     48  
620.0  10:20:38 0.0 -0.0   4     17     53  
620.0  10:20:47 0.0 -0.0   5     16     48  
620.0  10:20:55 0.0 -0.0   3     19     59  
621.0  10:21:04 0.0 -0.0   5     13     47  
621.0  10:21:14 0.0 -0.0   5     12     46  
621.0  10:21:23 0.0 -0.0   5     14     46  
621.0  10:21:32 0.0 -0.0   3     15     56  
621.0  10:21:44 0.0 -0.0   4     12     56  
621.0  10:21:53 0.0 -0.0   5     13     59  
622.0  10:22:00 0.0 -0.0   3     13     41  
622.0  10:22:10 0.0 -0.0   5     17     45  
622.0  10:22:19 0.0 -0.0   4     17     58  
622.0  10:22:27 0.0 -0.0   3     17     59  
622.0  10:22:36 0.0 -0.0   3     16     51  
622.0  10:22:44 0.0 -0.0   4     12     48  
622.0  10:22:53 0.0 -0.0   4     15     49  
623.0  10:23:05 0.0 -0.0   5     12     46  
623.0  10:23:13 0.0 -0.0   3     12     42  
623.0  10:23:21 0.0 -0.0   3     19     57  
623.0  10:23:30 0.0 -0.0   4     17     40  
623.0  10:23:39 0.0 -0.0   5     12     45  
623.0  10:23:48 0.0 -0.0   5     12     57  
623.0  10:23:58 0.0 -0.0   5     12     57  
624.0  10:24:07 0.0 -0.0   5     16     47  
624.0  10:24:19 0.0 -0.0   4     16     46  
624.0  10:24:27 0.0 -0.0   4     14     59  
624.0  10:24:36 0.0 -0.0   5     18     44  
624.0  10:24:44 0.0 -0.0   3     17     50  
624.0  10:24:54 0.0 -0.0   4     12     50  
625.0  10:25:02 0.0 -0.0   5     16     43  
625.0  10:25:11 0.0 -0.0   3     13     45  
625.0  10:25:19 0.0 -0.0   4     16     49  
625.0  10:25:28 0.0 -0.0   4     16     44  
625.0  10:25:38 0.0 -0.0   4     17     41  
625.0  10:25:51 0.0 -0.0   3     16     42  
625.0  10:25:59 0.0 -0.0   5     18     54  
626.0  10:26:08 0.0 -0.0   5     14     45  
626.0  10:26:16 0.0 -0.0   3     10     43  
626.0  10:26:25 0.0 -0.0   3     18     45  
626.0  10:26:34 0.0 -0.0   5     12     43  
626.0  10:26:45 0.0 -0.0   3     14     58  
626.0  10:26:53 0.0 -0.0   5     11     53  
627.0  10:27:01 0.0 -0.0   3     12     58  
627.0  10:27:09 0.0 -0.0   3     16     56  
627.0  10:27:18 0.0 -0.0   3     14     51  
627.0  10:27:26 0.0 -0.0   4     19     53  
627.0  10:27:40 0.0 -0.0   3     13     45  
627.0  10:27:48 0.0 -0.0   4     17     40  
627.0  10:27:57 0.0 -0.0   4     18     57  
628.0  10:28:05 0.0 -0.0   4     19     51  
628.0  10:28:14 0.0 -0.0   5     17     45  
628.0  10:28:22 0.0 -0.0   3     13     57  
628.0  10:28:34 0.0 -0.0   4     15     52  
628.0  10:28:42 0.0 -0.0   3     17     57  
628.0  10:28:51 0.0 -0.0   3     19     50  
628.0  10:28:59 0.0 -0.0   4     18     47  
629.0  10:29:08 0.0 -0.0   5     17     57  
629.0  10:29:16 0.0 -0.0   4     15     50  
629.0  10:29:28 0.0 -0.0   5     13     46  
629.0  10:29:36 0.0 -0.0   3     11     54  
629.0  10:29:44 0.0 -0.0   3     15     41  
629.0  10:29:53 0.0 -0.0   4     11     55  
630.0  10:30:01 0.0 -0.0   4     11     49  
630.0  10:30:09 0.0 -0.0   5     18     40  
630.0  10:30:20 0.0 -0.0   3     10     59  
630.0  10:30:28 0.0 -0.0   4     14     42  
630.0  10:30:37 0.0 -0.0   3     11     56  
630.0  10:30:45 0.0 -0.0   5     19     49  
630.0  10:30:53 0.0 -0.0   5     18     56  
631.0  10:31:00 0.0 -0.0   5     10     47  
631.0  10:31:11 0.0 -0.0   4     10     40  
631.0  10:31:20 0.0 -0.0   5     10     47  
631.0  10:31:29 0.0 -0.0   3     16     47  
631.0  10:31:37 0.0 -0.0   3     16     41  
631.0  10:31:46 0.0 -0.0   3     18     46  
631.0  10:31:54 0.0 -0.0   3     17     49  
632.0  10:32:04 0.0 -0.0   4     12     40  
632.0  10:32:13 0.0 -0.0   5     15     45  
632.0  10:32:21 0.0 -0.0   5     11     59  
632.0  10:32:29 0.0 -0.0   5     15     47  
632.0  10:32:38 0.0 -0.0   3     18     45  
632.0  10:32:47 0.0 -0.0   4     16     41  
632.0  10:32:57 0.0 -0.0   3     18     52  
633.0  10:33:05 0.0 -0.0   4     10     54  
633.0  10:33:14 0.0 -0.0   5     19     51  
633.0  10:33:23 0.0 -0.0   5     16     40  
633.0  10:33:32 0.0 -0.0   4     10     44  
633.0  10:33:41 0.0 -0.0   5     15     43  
633.0  10:33:51 0.0 -0.0   5     19     57  
634.0  10:34:00 0.0 -0.0   3     10     40  
634.0  10:34:08 0.0 -0.0   3     14     50  
634.0  10:34:17 0.0 -0.0   4     16     57  
634.0  10:34:25 0.0 -0.0   5     11     53  
634.0  10:34:34 0.0 -0.0   5     12     49  
634.0  10:34:44 0.0 -0.0   4     13     50  
634.0  10:34:53 0.0 -0.0   3     15     46  
635.0  10:35:02 0.0 -0.0   4     17     43  
635.0  10:35:11 0.0 -0.0   4     13     50  
635.0  10:35:19 0.0 -0.0   5     11     54  
635.0  10:35:27 0.0 -0.0   4     17     55  
635.0  10:35:40 0.0 -0.0   3     10     54  
635.0  10:35:48 0.0 -0.0   4     12     40  
635.0  10:35:57 0.0 -0.0   3     10     45  
636.0  10:36:05 0.0 -0.0   5     15     56  
636.0  10:36:13 0.0 -0.0   3     12     43  
636.0  10:36:22 0.0 -0.0   5     10     59  
636.0  10:36:32 0.0 -0.0   3     11     51  
636.0  10:36:40 0.0 -0.0   5     18     51  
636.0  10:36:49 0.0 -0.0   4     17     47  
636.0  10:36:58 0.0 -0.0   4     13     55  
637.0  10:37:07 0.0 -0.0   5     11     41  
637.0  10:37:15 0.0 -0.0   5     18     41  
637.0  10:37:25 0.0 -0.0   3     14     48  
637.0  10:37:34 0.0 -0.0   3     13     45  
637.0  10:37:43 0.0 -0.0   3     12     40  
637.0  10:37:51 0.0 -0.0   5     16     46  
638.0  10:38:00 0.0 -0.0   4     18     57  
638.0  10:38:08 0.0 -0.0   4     16     46  
638.0  10:38:19 0.0 -0.0   5     17     56  
638.0  10:38:27 0.0 -0.0   5     19     50  
638.0  10:38:36 0.0 -0.0   4     19     48  
638.0  10:38:44 0.0 -0.0   5     13     54  
638.0  10:38:54 0.0 -0.0   3     13     49  
639.0  10:39:03 0.0 -0.0   5     15     52  
639.0  10:39:13 0.0 -0.0   5     18     58  
639.0  10:39:21 0.0 -0.0   4     12     41  
639.0  10:39:30 0.0 -0.0   4     17     49  
639.0  10:39:38 0.0 -0.0   3     15     45  
639.0  10:39:46 0.0 -0.0   3     12     46  
639.0  10:39:56 0.0 -0.0   3     16     57  
640.0  10:40:06 0.0 -0.0   4     17     57  
640.0  10:40:14 0.0 -0.0   5     18     52  
640.0  10:40:23 0.0 -0.0   5     11     54  
640.0  10:40:31 0.0 -0.0   4     10     40  
640.0  10:40:39 0.0 -0.0   5     18     55  
640.0  10:40:48 0.0 -0.0   4     16     54  
640.0  10:40:59 0.0 -0.0   4     10     44  
641.0  10:41:08 0.0 -0.0   3     10     45  
641.0  10:41:17 0.0 -0.0   3     17     41  
641.0  10:41:25 0.0 -0.0   3     10     40  
641.0  10:41:34 0.0 -0.0   5     12     51  
641.0  10:41:43 0.0 -0.0   4     15     52  
641.0  10:41:53 0.0 -0.0   3     19     49  
642.0  10:42:02 0.0 -0.0   3     14     56  
642.0  10:42:10 0.0 -0.0   4     10     55  
642.0  10:42:19 0.0 -0.0   5     11     57  
642.0  10:42:27 0.0 -0.0   5     14     50  
642.0  10:42:36 0.0 -0.0   4     18     51  
642.0  10:42:47 0.0 -0.0   4     11     59  
642.0  10:42:55 0.0 -0.0   5     18     52  
643.0  10:43:04 0.0 -0.0   4     18     45  
643.0  10:43:12 0.0 -0.0   3     14     46  
643.0  10:43:20 0.0 -0.0   3     19     42  
643.0  10:43:29 0.0 -0.0   5     12     53  
643.0  10:43:39 0.0 -0.0   4     14     57  
643.0  10:43:48 0.0 -0.0   5     19     54  
643.0  10:43:57 0.0 -0.0   3     13     48  
644.0  10:44:05 0.0 -0.0   5     16     57  
644.0  10:44:14 0.0 -0.0   3     12     49  
644.0  10:44:22 0.0 -0.0   4     19     59  
644.0  10:44:33 0.0 -0.0   5     16     50  
644.0  10:44:40 0.0 -0.0   4     16     58  
644.0  10:44:49 0.0 -0.0   5     17     52  
644.0  10:44:57 0.0 -0.0   4     14     44  
645.0  10:45:06 0.0 -0.0   4     18     46  
645.0  10:45:14 0.0 -0.0   4     12     43  
645.0  10:45:25 0.0 -0.0   3     18     51  
645.0  10:45:33 0.0 -0.0   3     12     43  
645.0  10:45:42 0.0 -0.0   3     10     51  
645.0  10:45:50 0.0 -0.0   5     17     41  
645.0  10:45:59 0.0 -0.0   5     18     49  
646.0  10:46:07 0.0 -0.0   4     11     44  
646.0  10:46:17 0.0 -0.0   3     17     42  
646.0  10:46:25 0.0 -0.0   3     15     40  
646.0  10:46:34 0.0 -0.0   5     12     44  
646.0  10:46:42 0.0 -0.0   4     11     42  
646.0  10:46:50 0.0 -0.0   5     10     59  
646.0  10:46:59 0.0 -0.0   5     19     41  
647.0  10:47:09 0.0 -0.0   3     13     40  
647.0  10:47:18 0.0 -0.0   3     17     47  
647.0  10:47:26 0.0 -0.0   4     16     45  
647.0  10:47:36 0.0 -0.0   5     19     40  
647.0  10:47:45 0.0 -0.0   3     18     47  
647.0  10:47:53 0.0 -0.0   4     11     49  
648.0  10:48:03 0.0 -0.0   5     17     51  
648.0  10:48:11 0.0 -0.0   4     12     50  
648.0  10:48:20 0.0 -0.0   5     10     52  
648.0  10:48:28 0.0 -0.0   3     11     58  
648.0  10:48:37 0.0 -0.0   3     11     40  
648.0  10:48:46 0.0 -0.0   5     16     44  
648.0  10:48:57 0.0 -0.0   5     15     51  
649.0  10:49:05 0.0 -0.0   4     14     59  
649.0  10:49:14 0.0 -0.0   5     10     50  
649.0  10:49:22 0.0 -0.0   3     17     48  
649.0  10:49:31 0.0 -0.0   3     12     46  
649.0  10:49:40 0.0 -0.0   4     16     47  
649.0  10:49:51 0.0 -0.0   3     14     41  
650.0  10:50:00 0.0 -0.0   4     12     56  
650.0  10:50:09 0.0 -0.0   4     12     48  
650.0  10:50:17 0.0 -0.0   5     16     48  
650.0  10:50:26 0.0 -0.0   4     13     48  
650.0  10:50:34 0.0 -0.0   3     10     51  
650.0  10:50:45 0.0 -0.0   3     12     59  
650.0  10:50:54 0.0 -0.0   3     15     50  
651.0  10:51:03 0.0 -0.0   3     17     54  
651.0  10:51:12 0.0 -0.0   5     19     40  
651.0  10:51:20 0.0 -0.0   4     10     51  
651.0  10:51:29 0.0 -0.0   3     10     57  
651.0  10:51:40 0.0 -0.0   3     18     54  
651.0  10:51:49 0.0 -0.0   3     10     45  
651.0  10:51:57 0.0 -0.0   3     12     54  
652.0  10:52:06 0.0 -0.0   4     17     43  
652.0  10:52:15 0.0 -0.0   5     16     44  
652.0  10:52:23 0.0 -0.0   5     14     50  
652.0  10:52:33 0.0 -0.0   3     10     57  
652.0  10:52:45 0.0 -0.0   5     11     41  
652.0  10:52:53 0.0 -0.0   5     16     47  
653.0  10:53:02 0.0 -0.0   3     12     51  
653.0  10:53:10 0.0 -0.0   4     11     48  
653.0  10:53:19 0.0 -0.0   3     17     40  
653.0  10:53:29 0.0 -0.0   4     11     59  
653.0  10:53:38 0.0 -0.0   4     17     46  
653.0  10:53:46 0.0 -0.0   4     11     49  
653.0  10:53:55 0.0 -0.0   5     15     44  
654.0  10:54:04 0.0 -0.0   4     14     59  
654.0  10:54:13 0.0 -0.0   3     10     53  
654.0  10:54:23 0.0 -0.0   5     10     55  
654.0  10:54:31 0.0 -0.0   4     16     56  
654.0  10:54:39 0.0 -0.0   3     11     59  
654.0  10:54:48 0.0 -0.0   3     12     50  
654.0  10:54:56 0.0 -0.0   5     18     53  
655.0  10:55:05 0.0 -0.0   4     16     44  
655.0  10:55:15 0.0 -0.0   3     18     50  
655.0  10:55:24 0.0 -0.0   5     17     42  
655.0  10:55:33 0.0 -0.0   3     15     48  
655.0  10:55:41 0.0 -0.0   5     12     59  
655.0  10:55:50 0.0 -0.0   4     18     54  
655.0  10:55:58 0.0 -0.0   3     17     43  
656.0  10:56:10 0.0 -0.0   3     12     40  
656.0  10:56:19 0.0 -0.0   3     18     58  
656.0  10:56:28 0.0 -0.0   3     13     48  
656.0  10:56:36 0.0 -0.0   4     14     41  
656.0  10:56:44 0.0 -0.0   3     16     59  
656.0  10:56:53 0.0 -0.0   3     14     45  
657.0  10:57:04 0.0 -0.0   4     19     52  
657.0  10:57:12 0.0 -0.0   4     15     43  
657.0  10:57:21 0.0 -0.0   3     10     59  
657.0  10:57:30 0.0 -0.0   5     19     49  
657.0  10:57:38 0.0 -0.0   3     17     49  
657.0  10:57:47 0.0 -0.0   3     12     50  
657.0  10:57:56 0.0 -0.0   4     14     49  
658.0  10:58:05 0.0 -0.0   4     10     40  
658.0  10:58:13 0.0 -0.0   4     13     54  
658.0  10:58:21 0.0 -0.0   3     17     55  
658.0  10:58:30 0.0 -0.0   4     10     53  
658.0  10:58:38 0.0 -0.0   5     15     50  
658.0  10:58:49 0.0 -0.0   5     13     51  
658.0  10:58:57 0.0 -0.0   3     13     45  
659.0  10:59:05 0.0 -0.0   4     18     48  
659.0  10:59:15 0.0 -0.0   3     12     49  
659.0  10:59:22 0.0 -0.0   3     18     52  
659.0  10:59:30 0.0 -0.0   3     14     54  
659.0  10:59:41 0.0 -0.0   3     15     45  
659.0  10:59:56 0.0 -0.0   3     10     54  
660.0  11:00:05 0.0 -0.0   5     17     41  
660.0  11:00:13 0.0 -0.0   5     12     57  
660.0  11:00:22 0.0 -0.0   3     18     55  
660.0  11:00:32 0.0 -0.0   4     19     58  
660.0  11:00:41 0.0 -0.0   3     12     51  
660.0  11:00:49 0.0 -0.0   3     17     56  
660.0  11:00:57 0.0 -0.0   4     12     51  
661.0  11:01:06 0.0 -0.0   3     11     59  
661.0  11:01:15 0.0 -0.0   3     15     44  
661.0  11:01:26 0.0 -0.0   5     15     56  
661.0  11:01:36 0.0 -0.0   5     11     50  
661.0  11:01:44 0.0 -0.0   4     16     59  
661.0  11:01:53 0.0 -0.0   4     19     55  
662.0  11:02:02 0.0 -0.0   3     11     58  
662.0  11:02:10 0.0 -0.0   3     10     57  
662.0  11:02:20 0.0 -0.0   5     12     48  
662.0  11:02:29 0.0 -0.0   4     16     42  
662.0  11:02:37 0.0 -0.0   3     18     49  
662.0  11:02:46 0.0 -0.0   5     10     43  
662.0  11:02:55 0.0 -0.0   3     16     44  
663.0  11:03:03 0.0 -0.0   3     17     59  
663.0  11:03:13 0.0 -0.0   5     15     48  
663.0  11:03:22 0.0 -0.0   3     11     51  
663.0  11:03:30 0.0 -0.0   5     13     43  
663.0  11:03:39 0.0 -0.0   5     15     54  
663.0  11:03:48 0.0 -0.0   5     15     53  
663.0  11:03:56 0.0 -0.0   5     11     48  
664.0  11:04:07 0.0 -0.0   4     18     43  
664.0  11:04:16 0.0 -0.0   3     19     53  
664.0  11:04:25 0.0 -0.0   4     11     58  
664.0  11:04:34 0.0 -0.0   5     17     59  
664.0  11:04:42 0.0 -0.0   4     16     45  
664.0  11:04:51 0.0 -0.0   3     15     45  
665.0  11:05:04 0.0 -0.0   4     13     45  
665.0  11:05:12 0.0 -0.0   3     12     55  
665.0  11:05:21 0.0 -0.0   3     13     46  
665.0  11:05:30 0.0 -0.0   3     12     52  
665.0  11:05:40 0.0 -0.0   3     15     46  
665.0  11:05:53 0.0 -0.0   5     15     53  
666.0  11:06:02 0.0 -0.0   5     15     54  
666.0  11:06:10 0.0 -0.0   5     11     48  
666.0  11:06:20 0.0 -0.0   4     15     49  
666.0  11:06:28 0.0 -0.0   4     11     56  
666.0  11:06:36 0.0 -0.0   4     14     44  
666.0  11:06:47 0.0 -0.0   4     14     58  
666.0  11:06:55 0.0 -0.0   3     18     51  
667.0  11:07:03 0.0 -0.0   4     19     45  
667.0  11:07:11 0.0 -0.0   4     13     42  
667.0  11:07:19 0.0 -0.0   5     13     51  
667.0  11:07:27 0.0 -0.0   3     12     55  
667.0  11:07:37 0.0 -0.0   5     13     41  
667.0  11:07:45 0.0 -0.0   4     10     54  
667.0  11:07:54 0.0 -0.0   5     15     53  
668.0  11:08:02 0.0 -0.0   3     13     44  
668.0  11:08:11 0.0 -0.0   4     12     49  
668.0  11:08:19 0.0 -0.0   4     16     56  
668.0  11:08:29 0.0 -0.0   5     17     54  
668.0  11:08:40 0.0 -0.0   4     17     49  
668.0  11:08:48 0.0 -0.0   5     13     51  
668.0  11:08:57 0.0 -0.0   4     18     55  
669.0  11:09:06 0.0 -0.0   4     18     48  
669.0  11:09:15 0.0 -0.0   3     12     52  
669.0  11:09:25 0.0 -0.0   5     17     45  
669.0  11:09:33 0.0 -0.0   5     10     50  
669.0  11:09:40 0.0 -0.0   3     17     55  
669.0  11:09:49 0.0 -0.0   4     13     47  
669.0  11:09:57 0.0 -0.0   3     18     47  
670.0  11:10:06 0.0 -0.0   3     19     42  
670.0  11:10:16 0.0 -0.0   4     14     49  
670.0  11:10:25 0.0 -0.0   3     16     50  
670.0  11:10:33 0.0 -0.0   4     11     45  
670.0  11:10:41 0.0 -0.0   5     17     56  
670.0  11:10:50 0.0 -0.0   5     14     55  
670.0  11:10:58 0.0 -0.0   4     15     44  
671.0  11:11:09 0.0 -0.0   4     11     47  
671.0  11:11:17 0.0 -0.0   3     17     47  
671.0  11:11:25 0.0 -0.0   3     11     55  
671.0  11:11:34 0.0 -0.0   4     13     48  
671.0  11:11:43 0.0 -0.0   5     19     41  
671.0  11:11:51 0.0 -0.0   3     17     47  
672.0  11:12:01 0.0 -0.0   3     13     45  
672.0  11:12:10 0.0 -0.0   4     10     50  
672.0  11:12:19 0.0 -0.0   4     11     57  
672.0  11:12:27 0.0 -0.0   4     14     50  
672.0  11:12:36 0.0 -0.0   5     10     54  
672.0  11:12:45 0.0 -0.0   5     15     40  
672.0  11:12:55 0.0 -0.0   5     17     51  
673.0  11:13:05 0.0 -0.0   3     15     55  
673.0  11:13:26 0.0 -0.0   4     12     49  
673.0  11:13:34 0.0 -0.0   4     16     50  
673.0  11:13:45 0.0 -0.0   3     11     49  
673.0  11:13:53 0.0 -0.0   4     17     45  
674.0  11:14:02 0.0 -0.0   4     11     54  
674.0  11:14:10 0.0 -0.0   3     15     48  
674.0  11:14:20 0.0 -0.0   3     14     58  
674.0  11:14:30 0.0 -0.0   4     19     44  
674.0  11:14:47 0.0 -0.0   5     13     41  
675.0  11:15:09 0.0 -0.0   3     17     53  
675.0  11:15:17 0.0 -0.0   4     13     52  
675.0  11:15:25 0.0 -0.0   4     15     53  
675.0  11:15:36 0.0 -0.0   5     18     48  
675.0  11:15:45 0.0 -0.0   5     17     45  
675.0  11:15:54 0.0 -0.0   5     10     46  
676.0  11:16:02 0.0 -0.0   4     19     55  
676.0  11:16:11 0.0 -0.0   3     13     40  
676.0  11:16:19 0.0 -0.0   5     19     40  
676.0  11:16:30 0.0 -0.0   4     11     57  
676.0  11:16:38 0.0 -0.0   5     16     45  
676.0  11:16:47 0.0 -0.0   3     14     49  
676.0  11:16:55 0.0 -0.0   5     10     44  
677.0  11:17:03 0.0 -0.0   5     10     52  
677.0  11:17:12 0.0 -0.0   3     16     42  
677.0  11:17:22 0.0 -0.0   4     18     46  
677.0  11:17:30 0.0 -0.0   3     15     52  
677.0  11:17:38 0.0 -0.0   4     15     48  
677.0  11:17:46 0.0 -0.0   4     18     45  
683.0  11:23:24 0.0 -0.0   4     14     41  
683.0  11:23:37 0.0 -0.0   3     15     57  
683.0  11:23:49 0.0 -0.0   4     18     50  
684.0  11:24:03 0.0 -0.0   4     17     56  
684.0  11:24:59 0.0 -0.0   5     14     41  
685.0  11:25:10 0.0 -0.0   4     16     57  
685.0  11:25:18 0.0 -0.0   3     14     48  
685.0  11:25:26 0.0 -0.0   5     13     42  
685.0  11:25:34 0.0 -0.0   4     11     53  
685.0  11:25:42 0.0 -0.0   3     18     53  
685.0  11:25:50 0.0 -0.0   4     16     58  
686.0  11:26:02 0.0 -0.0   4     19     42  
686.0  11:26:14 0.0 -0.0   3     11     40  
687.0  11:27:00 0.0 -0.0   5     10     56  
687.0  11:27:10 0.0 -0.0   3     10     48  
687.0  11:27:18 0.0 -0.0   4     12     52  
687.0  11:27:27 0.0 -0.0   3     13     58  
687.0  11:27:35 0.0 -0.0   3     18     57  
687.0  11:27:46 0.0 -0.0   4     14     43  
687.0  11:27:55 0.0 -0.0   4     10     43  
688.0  11:28:06 0.0 -0.0   5     18     43  
688.0  11:28:19 0.0 -0.0   3     13     58  
688.0  11:28:27 0.0 -0.0   5     11     45  
688.0  11:28:35 0.0 -0.0   5     10     53  
688.0  11:28:44 0.0 -0.0   3     17     42  
688.0  11:28:55 0.0 -0.0   5     15     56  
689.0  11:29:04 0.0 -0.0   3     17     49  
689.0  11:29:14 0.0 -0.0   3     15     43  
689.0  11:29:22 0.0 -0.0   5     10     42  
689.0  11:29:31 0.0 -0.0   4     12     54  
689.0  11:29:44 0.0 -0.0   5     15     44  
689.0  11:29:58 0.0 -0.0   3     15     45  
690.0  11:30:06 0.0 -0.0   3     11     59  
690.0  11:30:15 0.0 -0.0   3     18     50  
690.0  11:30:23 0.0 -0.0   3     16     41  
690.0  11:30:32 0.0 -0.0   4     16     48  
690.0  11:30:41 0.0 -0.0   4     19     56  
690.0  11:30:51 0.0 -0.0   5     15     58  
690.0  11:30:59 0.0 -0.0   3     11     45  
691.0  11:31:08 0.0 -0.0   5     16     47  
691.0  11:31:17 0.0 -0.0   5     11     44  
691.0  11:31:25 0.0 -0.0   5     12     58  
691.0  11:31:34 0.0 -0.0   5     18     43  
691.0  11:31:44 0.0 -0.0   3     16     41  
691.0  11:31:52 0.0 -0.0   3     12     42  
692.0  11:32:02 0.0 -0.0   3     13     59  
692.0  11:32:10 0.0 -0.0   4     10     57  
692.0  11:32:19 0.0 -0.0   4     12     52  
692.0  11:32:28 0.0 -0.0   5     18     55  
692.0  11:32:39 0.0 -0.0   3     16     41  
692.0  11:32:47 0.0 -0.0   3     19     40  
692.0  11:32:56 0.0 -0.0   3     14     44  
693.0  11:33:04 0.0 -0.0   5     10     40  
693.0  11:33:13 0.0 -0.0   5     16     46  
693.0  11:33:21 0.0 -0.0   4     19     41  
693.0  11:33:33 0.0 -0.0   3     19     50  
693.0  11:33:41 0.0 -0.0   4     12     55  
693.0  11:33:49 0.0 -0.0   5     11     40  
693.0  11:33:58 0.0 -0.0   5     19     47  
694.0  11:34:06 0.0 -0.0   4     17     55  
694.0  11:34:15 0.0 -0.0   4     16     58  
694.0  11:34:30 0.0 -0.0   3     16     40  
694.0  11:34:41 0.0 -0.0   5     14     55  
694.0  11:34:49 0.0 -0.0   4     16     50  
694.0  11:34:57 0.0 -0.0   5     19     50  
695.0  11:35:05 0.0 -0.0   4     11     54  
695.0  11:35:13 0.0 -0.0   3     12     48  
695.0  11:35:22 0.0 -0.0   5     15     57  
695.0  11:35:32 0.0 -0.0   5     14     58  
695.0  11:35:46 0.0 -0.0   5     13     55  
695.0  11:35:54 0.0 -0.0   5     12     55  
696.0  11:36:02 0.0 -0.0   5     12     46  
696.0  11:36:11 0.0 -0.0   4     18     42  
696.0  11:36:19 0.0 -0.0   5     17     44  
696.0  11:36:31 0.0 -0.0   3     17     51  
696.0  11:36:40 0.0 -0.0   3     18     45  
696.0  11:36:49 0.0 -0.0   4     11     58  
696.0  11:36:57 0.0 -0.0   4     17     55  
697.0  11:37:05 0.0 -0.0   5     14     44  
697.0  11:37:13 0.0 -0.0   3     11     56  
697.0  11:37:26 0.0 -0.0   5     18     58  
697.0  11:37:35 0.0 -0.0   5     12     50  
697.0  11:37:43 0.0 -0.0   3     11     49  
697.0  11:37:51 0.0 -0.0   5     18     51  
698.0  11:38:01 0.0 -0.0   3     14     50  
698.0  11:38:09 0.0 -0.0   5     18     58  
698.0  11:38:19 0.0 -0.0   4     18     50  
698.0  11:38:27 0.0 -0.0   4     10     54  
698.0  11:38:36 0.0 -0.0   3     10     43  
698.0  11:38:44 0.0 -0.0   5     12     56  
698.0  11:38:55 0.0 -0.0   3     10     56  
699.0  11:39:03 0.0 -0.0   3     16     52  
699.0  11:39:14 0.0 -0.0   4     19     50  
699.0  11:39:22 0.0 -0.0   5     13     56  
699.0  11:39:31 0.0 -0.0   4     12     47  
699.0  11:39:39 0.0 -0.0   4     18     43  
699.0  11:39:47 0.0 -0.0   5     11     52  
699.0  11:39:56 0.0 -0.0   5     10     52  
700.0  11:40:06 0.0 -0.0   5     19     43  
700.0  11:40:15 0.0 -0.0   5     14     54  
700.0  11:40:24 0.0 -0.0   5     13     44  
700.0  11:40:32 0.0 -0.0   4     12     44  
700.0  11:40:40 0.0 -0.0   4     19     48  
700.0  11:40:49 0.0 -0.0   4     16     40  
700.0  11:40:59 0.0 -0.0   5     19     42  
701.0  11:41:08 0.0 -0.0   3     18     42  
701.0  11:41:16 0.0 -0.0   5     11     55  
701.0  11:41:24 0.0 -0.0   5     10     54  
701.0  11:41:32 0.0 -0.0   5     16     50  
701.0  11:41:41 0.0 -0.0   4     15     43  
701.0  11:41:51 0.0 -0.0   5     19     49  
702.0  11:42:00 0.0 -0.0   5     17     42  
702.0  11:42:09 0.0 -0.0   3     17     41  
702.0  11:42:17 0.0 -0.0   4     14     44  
702.0  11:42:26 0.0 -0.0   3     18     48  
702.0  11:42:35 0.0 -0.0   4     13     43  
702.0  11:42:45 0.0 -0.0   5     14     51  
702.0  11:42:53 0.0 -0.0   3     11     44  
703.0  11:43:01 0.0 -0.0   4     18     47  
703.0  11:43:10 0.0 -0.0   3     14     54  
703.0  11:43:18 0.0 -0.0   5     12     59  
703.0  11:43:26 0.0 -0.0   5     13     54  
703.0  11:43:36 0.0 -0.0   4     19     58  
703.0  11:43:45 0.0 -0.0   3     15     47  
703.0  11:43:53 0.0 -0.0   3     15     46  
704.0  11:44:02 0.0 -0.0   5     17     48  
704.0  11:44:10 0.0 -0.0   4     15     45  
704.0  11:44:18 0.0 -0.0   3     14     49  
704.0  11:44:28 0.0 -0.0   4     17     41  
704.0  11:44:37 0.0 -0.0   5     10     51  
704.0  11:44:46 0.0 -0.0   4     14     52  
704.0  11:44:55 0.0 -0.0   3     11     43  
705.0  11:45:03 0.0 -0.0   5     16     54  
705.0  11:45:12 0.0 -0.0   3     17     52  
705.0  11:45:22 0.0 -0.0   4     19     46  
705.0  11:45:30 0.0 -0.0   3     19     54  
705.0  11:45:38 0.0 -0.0   4     15     49  
705.0  11:45:46 0.0 -0.0   5     12     58  
705.0  11:45:55 0.0 -0.0   5     18     47  
706.0  11:46:03 0.0 -0.0   4     12     54  
706.0  11:46:13 0.0 -0.0   4     15     57  
706.0  11:46:22 0.0 -0.0   3     15     43  
706.0  11:46:30 0.0 -0.0   4     12     59  
706.0  11:46:39 0.0 -0.0   5     15     56  
706.0  11:46:47 0.0 -0.0   4     17     50  
706.0  11:46:56 0.0 -0.0   5     19     42  
707.0  11:47:10 0.0 -0.0   3     15     43  
707.0  11:47:19 0.0 -0.0   3     19     43  
707.0  11:47:27 0.0 -0.0   5     18     54  
707.0  11:47:36 0.0 -0.0   3     10     44  
707.0  11:47:44 0.0 -0.0   3     18     50  
707.0  11:47:53 0.0 -0.0   4     14     51  
708.0  11:48:03 0.0 -0.0   5     19     54  
708.0  11:48:11 0.0 -0.0   3     10     51  
708.0  11:48:20 0.0 -0.0   4     16     41  
708.0  11:48:29 0.0 -0.0   3     18     44  
708.0  11:48:38 0.0 -0.0   5     13     59  
708.0  11:48:47 0.0 -0.0   3     10     44  
708.0  11:48:58 0.0 -0.0   3     13     50  
709.0  11:49:08 0.0 -0.0   5     17     48  
709.0  11:49:17 0.0 -0.0   4     12     51  
709.0  11:49:25 0.0 -0.0   3     19     52  
709.0  11:49:34 0.0 -0.0   4     15     54  
709.0  11:49:43 0.0 -0.0   3     10     58  
709.0  11:49:54 0.0 -0.0   3     19     55  
710.0  11:50:03 0.0 -0.0   4     14     48  
710.0  11:50:11 0.0 -0.0   3     15     46  
710.0  11:50:20 0.0 -0.0   4     14     47  
710.0  11:50:28 0.0 -0.0   5     11     57  
710.0  11:50:36 0.0 -0.0   3     17     53  
710.0  11:50:47 0.0 -0.0   5     19     52  
710.0  11:50:56 0.0 -0.0   3     15     40  
711.0  11:51:05 0.0 -0.0   5     18     48  
711.0  11:51:13 0.0 -0.0   5     16     58  
711.0  11:51:22 0.0 -0.0   3     17     42  
711.0  11:51:30 0.0 -0.0   3     17     52  
711.0  11:51:39 0.0 -0.0   5     11     51  
711.0  11:51:47 0.0 -0.0   3     19     41  
711.0  11:51:56 0.0 -0.0   5     17     57  
712.0  11:52:05 0.0 -0.0   3     11     52  
712.0  11:52:14 0.0 -0.0   3     10     54  
712.0  11:52:22 0.0 -0.0   3     10     44  
712.0  11:52:33 0.0 -0.0   3     17     53  
712.0  11:52:42 0.0 -0.0   5     12     53  
712.0  11:52:50 0.0 -0.0   4     13     59  
712.0  11:52:58 0.0 -0.0   3     18     56  
713.0  11:53:07 0.0 -0.0   5     16     53  
713.0  11:53:16 0.0 -0.0   4     10     53  
713.0  11:53:27 0.0 -0.0   4     11     46  
713.0  11:53:36 0.0 -0.0   4     14     56  
713.0  11:53:45 0.0 -0.0   3     15     40  
713.0  11:53:53 0.0 -0.0   5     10     55  
714.0  11:54:01 0.0 -0.0   4     17     42  
714.0  11:54:09 0.0 -0.0   3     17     44  
714.0  11:54:20 0.0 -0.0   3     16     47  
714.0  11:54:28 0.0 -0.0   4     15     43  
714.0  11:54:37 0.0 -0.0   4     16     43  
714.0  11:54:46 0.0 -0.0   3     13     46  
714.0  11:54:54 0.0 -0.0   5     11     58  
715.0  11:55:03 0.0 -0.0   3     17     44  
715.0  11:55:13 0.0 -0.0   4     15     58  
715.0  11:55:22 0.0 -0.0   3     11     53  
715.0  11:55:31 0.0 -0.0   5     15     56  
715.0  11:55:39 0.0 -0.0   3     10     44  
715.0  11:55:47 0.0 -0.0   3     15     59  
715.0  11:55:55 0.0 -0.0   4     16     40  
716.0  11:56:05 0.0 -0.0   3     12     52  
716.0  11:56:14 0.0 -0.0   4     15     52  
716.0  11:56:22 0.0 -0.0   5     12     51  
716.0  11:56:30 0.0 -0.0   5     16     58  
716.0  11:56:39 0.0 -0.0   5     17     40  
716.0  11:56:48 0.0 -0.0   4     10     47  
716.0  11:56:58 0.0 -0.0   5     12     58  
717.0  11:57:07 0.0 -0.0   4     15     40  
717.0  11:57:15 0.0 -0.0   4     16     41  
717.0  11:57:23 0.0 -0.0   5     16     56  
717.0  11:57:32 0.0 -0.0   5     17     55  
717.0  11:57:40 0.0 -0.0   5     18     41  
717.0  11:57:51 0.0 -0.0   5     10     50  
717.0  11:57:59 0.0 -0.0   4     10     50  
718.0  11:58:08 0.0 -0.0   5     14     51  
718.0  11:58:16 0.0 -0.0   3     12     56  
718.0  11:58:24 0.0 -0.0   3     13     53  
718.0  11:58:33 0.0 -0.0   4     19     57  
718.0  11:58:43 0.0 -0.0   4     10     56  
718.0  11:58:50 0.0 -0.0   4     16     44  
718.0  11:58:58 0.0 -0.0   4     11     45  
719.0  11:59:06 0.0 -0.0   4     15     56  
719.0  11:59:14 0.0 -0.0   3     15     45  
719.0  11:59:23 0.0 -0.0   3     13     49  
719.0  11:59:33 0.0 -0.0   5     13     57  
719.0  11:59:41 0.0 -0.0   4     11     41  
719.0  11:59:50 0.0 -0.0   5     10     42  
719.0  11:59:58 0.0 -0.0   4     17     45  
720.0  12:00:06 0.0 -0.0   3     17     57  
720.0  12:00:15 0.0 -0.0   3     17     57  
720.0  12:00:28 0.0 -0.0   4     11     48  
720.0  12:00:37 0.0 -0.0   5     18     54  
720.0  12:00:45 0.0 -0.0   3     12     52  
720.0  12:00:54 0.0 -0.0   4     10     50  
