600.0  10:00:00 42.31787 -72.633545   3     17     58  
600.0  10:00:02 42.317806 -72.63353   4     11     56  
600.0  10:00:10 42.317917 -72.63355   5     19     44  
600.0  10:00:20 42.31793 -72.63355   4     10     50  
600.0  10:00:29 42.317913 -72.633545   4     11     49  
600.0  10:00:38 42.317837 -72.63356   3     18     41  
600.0  10:00:46 42.317833 -72.63391   5     16     52  
600.0  10:00:55 42.317898 -72.63466   5     12     40  
601.0  10:01:00 42.318237 -72.63534   4     16     58  
601.0  10:01:04 42.318237 -72.63534   5     12     56  
601.0  10:01:16 42.318905 -72.63595   4     12     51  
601.0  10:01:25 42.319386 -72.63683   3     13     42  
601.0  10:01:33 42.319435 -72.63704   5     16     41  
601.0  10:01:42 42.319626 -72.63727   4     15     58  
601.0  10:01:50 42.319946 -72.63766   4     19     45  
601.0  10:01:59 42.320038 -72.63784   5     11     43  
602.0  10:02:00 42.319977 -72.63793   4     14     43  
602.0  10:02:14 42.31993 -72.637985   4     18     50  
602.0  10:02:26 42.319805 -72.63798   5     14     45  
602.0  10:02:35 42.319744 -72.63789   4     18     56  
602.0  10:02:45 42.31959 -72.637596   3     16     54  
602.0  10:02:54 42.31958 -72.637535   3     18     55  
603.0  10:03:00 42.319584 -72.637505   4     19     58  
603.0  10:03:10 42.319584 -72.637505   3     11     49  
603.0  10:03:24 42.319553 -72.637535   4     11     51  
603.0  10:03:33 42.319557 -72.63756   3     14     56  
603.0  10:03:41 42.319607 -72.63759   3     10     55  
603.0  10:03:50 42.319637 -72.637596   5     16     58  
603.0  10:03:59 42.319603 -72.63756   5     18     47  
604.0  10:04:00 42.31958 -72.63754   4     16     59  
604.0  10:04:07 42.319588 -72.637535   5     12     51  
604.0  10:04:18 42.319553 -72.637505   3     19     50  
604.0  10:04:26 42.31956 -72.637505   3     15     54  
604.0  10:04:35 42.31956 -72.6375   3     11     57  
604.0  10:04:44 42.319527 -72.63751   4     13     43  
604.0  10:04:52 42.31958 -72.63761   3     11     40  
605.0  10:05:00 42.319664 -72.637566   3     14     55  
605.0  10:05:02 42.319653 -72.63758   5     14     41  
605.0  10:05:12 42.319668 -72.63755   3     19     56  
605.0  10:05:21 42.319664 -72.63752   5     17     47  
605.0  10:05:30 42.31964 -72.63752   4     18     46  
605.0  10:05:40 42.319664 -72.63753   5     17     50  
605.0  10:05:49 42.31967 -72.637535   3     16     42  
605.0  10:05:57 42.319668 -72.63754   5     10     42  
606.0  10:06:00 42.31966 -72.63754   5     15     49  
606.0  10:06:08 42.319626 -72.63754   5     11     43  
606.0  10:06:17 42.319553 -72.63735   5     16     54  
606.0  10:06:25 42.319405 -72.63707   3     10     52  
606.0  10:06:34 42.319378 -72.63705   3     18     42  
606.0  10:06:43 42.319347 -72.63699   5     17     54  
606.0  10:06:53 42.319057 -72.63646   3     18     57  
607.0  10:07:00 42.318333 -72.63553   3     15     48  
607.0  10:07:09 42.318073 -72.63528   4     14     50  
607.0  10:07:21 42.31762 -72.63451   4     19     48  
607.0  10:07:29 42.317627 -72.63447   5     16     52  
607.0  10:07:39 42.31761 -72.63445   3     19     58  
607.0  10:07:47 42.317616 -72.634445   4     10     50  
607.0  10:07:56 42.317635 -72.634445   5     13     54  
608.0  10:08:00 42.31762 -72.634186   4     17     47  
608.0  10:08:05 42.317616 -72.6341   5     14     52  
608.0  10:08:15 42.317635 -72.633354   5     10     44  
608.0  10:08:24 42.317677 -72.63329   4     19     56  
608.0  10:08:32 42.317726 -72.6333   4     15     53  
608.0  10:08:41 42.31771 -72.63326   4     13     49  
608.0  10:08:49 42.317722 -72.632904   3     15     57  
608.0  10:08:57 42.31781 -72.632164   4     13     50  
609.0  10:09:00 42.31797 -72.63172   4     13     53  
609.0  10:09:07 42.318157 -72.63149   5     16     47  
609.0  10:09:15 42.31854 -72.63107   3     12     47  
609.0  10:09:23 42.318775 -72.63076   4     12     44  
609.0  10:09:31 42.318867 -72.630646   5     14     53  
609.0  10:09:39 42.318874 -72.630646   3     16     46  
609.0  10:09:48 42.318882 -72.63064   4     18     54  
609.0  10:09:58 42.319057 -72.63038   3     15     44  
610.0  10:10:00 42.319256 -72.6301   4     14     48  
610.0  10:10:07 42.31941 -72.629875   5     17     50  
610.0  10:10:15 42.32 -72.6291   3     10     46  
610.0  10:10:24 42.320312 -72.6287   5     19     44  
610.0  10:10:33 42.32027 -72.62861   3     13     43  
610.0  10:10:41 42.320423 -72.628426   3     11     57  
610.0  10:10:53 42.32109 -72.62779   4     17     50  
611.0  10:11:00 42.321583 -72.62709   3     12     41  
611.0  10:11:01 42.32155 -72.627144   3     17     43  
611.0  10:11:09 42.321606 -72.62706   3     13     47  
611.0  10:11:17 42.321648 -72.62701   3     14     43  
611.0  10:11:26 42.3219 -72.62662   5     13     55  
611.0  10:11:34 42.322445 -72.625725   3     15     42  
611.0  10:11:45 42.323166 -72.62513   4     18     41  
611.0  10:11:54 42.323997 -72.62519   5     19     52  
612.0  10:12:00 42.32501 -72.62518   3     10     41  
612.0  10:12:03 42.32491 -72.62518   4     19     55  
612.0  10:12:11 42.32585 -72.62518   4     13     49  
612.0  10:12:20 42.32679 -72.62511   5     11     43  
612.0  10:12:29 42.327915 -72.62473   3     17     44  
612.0  10:12:39 42.32924 -72.62401   5     15     52  
612.0  10:12:48 42.330345 -72.62338   4     15     45  
612.0  10:12:56 42.331264 -72.62272   4     17     56  
613.0  10:13:00 42.33201 -72.62205   4     12     59  
613.0  10:13:05 42.332077 -72.62198   3     13     40  
613.0  10:13:13 42.33267 -72.621445   3     18     44  
613.0  10:13:21 42.333363 -72.62091   3     18     45  
613.0  10:13:31 42.334465 -72.61991   3     15     47  
613.0  10:13:40 42.335358 -72.61892   4     16     41  
613.0  10:13:48 42.33642 -72.61772   3     11     47  
613.0  10:13:57 42.337406 -72.616585   4     14     55  
614.0  10:14:00 42.338184 -72.61556   3     14     52  
614.0  10:14:08 42.33827 -72.61539   3     11     53  
614.0  10:14:16 42.33875 -72.61319   3     10     50  
614.0  10:14:27 42.338684 -72.611465   5     13     51  
614.0  10:14:35 42.33837 -72.61025   3     19     44  
614.0  10:14:45 42.338062 -72.60883   5     11     59  
614.0  10:14:53 42.33806 -72.60784   4     16     50  
615.0  10:15:00 42.33787 -72.60742   3     17     54  
615.0  10:15:01 42.337967 -72.60756   5     11     46  
615.0  10:15:10 42.33761 -72.606735   5     19     42  
615.0  10:15:20 42.3373 -72.60498   4     17     41  
615.0  10:15:28 42.337048 -72.60347   3     19     47  
615.0  10:15:36 42.336746 -72.60172   5     11     58  
615.0  10:15:45 42.336487 -72.60012   4     16     46  
615.0  10:15:55 42.33619 -72.598305   3     13     44  
616.0  10:16:00 42.33581 -72.59637   4     14     49  
616.0  10:16:04 42.33587 -72.59655   4     11     49  
616.0  10:16:14 42.33494 -72.59477   4     13     41  
616.0  10:16:23 42.33439 -72.59318   5     12     45  
616.0  10:16:32 42.33435 -72.59162   5     19     50  
616.0  10:16:42 42.33437 -72.5899   4     17     40  
616.0  10:16:51 42.33436 -72.58816   4     12     50  
616.0  10:16:59 42.334282 -72.586876   4     18     54  
617.0  10:17:00 42.334248 -72.5862   3     12     44  
617.0  10:17:09 42.334187 -72.585075   3     12     42  
617.0  10:17:17 42.33407 -72.58362   5     15     53  
617.0  10:17:26 42.333828 -72.58207   4     15     50  
617.0  10:17:34 42.333595 -72.58078   5     10     46  
617.0  10:17:44 42.333206 -72.57942   3     16     44  
617.0  10:17:53 42.33246 -72.57836   5     12     59  
618.0  10:18:00 42.331715 -72.57776   3     18     58  
618.0  10:18:04 42.331715 -72.57776   3     14     58  
618.0  10:18:13 42.331627 -72.57668   3     19     51  
618.0  10:18:22 42.331375 -72.57552   5     14     59  
618.0  10:18:30 42.33115 -72.57487   4     14     57  
618.0  10:18:40 42.33096 -72.57428   4     19     48  
618.0  10:18:49 42.330475 -72.572945   4     17     58  
619.0  10:19:00 42.329884 -72.570984   4     14     53  
619.0  10:19:00 42.329678 -72.57024   4     19     53  
619.0  10:19:08 42.32945 -72.569305   4     15     43  
619.0  10:19:17 42.3293 -72.567635   3     13     59  
619.0  10:19:25 42.329388 -72.56634   5     12     55  
619.0  10:19:34 42.329437 -72.56604   4     10     50  
619.0  10:19:44 42.329456 -72.56596   4     13     42  
620.0  10:20:00 42.33015 -72.56291   3     11     50  
620.0  10:20:02 42.33012 -72.563805   3     17     54  
620.0  10:20:13 42.329605 -72.56139   5     15     47  
620.0  10:20:21 42.32881 -72.56034   5     18     50  
620.0  10:20:30 42.327938 -72.55932   3     19     45  
620.0  10:20:38 42.32692 -72.55814   5     11     45  
620.0  10:20:47 42.325905 -72.55693   3     14     57  
620.0  10:20:55 42.32496 -72.5558   4     11     57  
621.0  10:21:00 42.324013 -72.55469   3     13     50  
621.0  10:21:05 42.323772 -72.554405   5     10     59  
621.0  10:21:14 42.32288 -72.55325   5     17     50  
621.0  10:21:22 42.321976 -72.55186   4     10     41  
621.0  10:21:31 42.3215 -72.55041   5     14     42  
621.0  10:21:39 42.32112 -72.548706   5     19     40  
621.0  10:21:48 42.320744 -72.54711   3     11     40  
621.0  10:21:58 42.3201 -72.54497   3     18     52  
622.0  10:22:00 42.319847 -72.544   4     14     44  
622.0  10:22:07 42.31972 -72.54341   5     10     53  
622.0  10:22:17 42.319458 -72.54171   4     14     42  
622.0  10:22:25 42.319706 -72.539825   5     14     48  
622.0  10:22:34 42.320065 -72.538185   5     13     59  
622.0  10:22:45 42.320393 -72.536766   4     12     53  
622.0  10:22:57 42.320324 -72.53457   3     12     43  
623.0  10:23:00 42.32036 -72.53431   5     13     56  
623.0  10:23:05 42.320446 -72.53427   5     14     54  
623.0  10:23:14 42.32082 -72.53426   4     18     56  
623.0  10:23:22 42.32081 -72.53376   3     12     58  
623.0  10:23:31 42.32108 -72.533615   5     13     53  
623.0  10:23:39 42.32107 -72.53364   5     17     45  
623.0  10:23:50 42.321125 -72.53365   5     13     47  
623.0  10:23:58 42.321167 -72.53416   4     12     56  
624.0  10:24:00 42.321247 -72.53428   3     12     40  
624.0  10:24:07 42.321384 -72.53426   4     17     50  
624.0  10:24:16 42.3217 -72.53419   3     18     54  
624.0  10:24:25 42.32169 -72.53364   4     19     50  
624.0  10:24:33 42.3217 -72.53256   3     17     47  
624.0  10:24:44 42.321877 -72.53146   4     14     53  
624.0  10:24:53 42.32191 -72.53045   5     14     52  
625.0  10:25:00 42.322086 -72.52979   4     19     46  
625.0  10:25:01 42.322063 -72.52984   4     14     50  
625.0  10:25:10 42.32216 -72.52968   3     15     40  
625.0  10:25:18 42.3223 -72.52943   5     10     50  
625.0  10:25:27 42.322666 -72.52872   5     19     48  
625.0  10:25:37 42.323517 -72.528305   4     19     47  
625.0  10:25:46 42.32445 -72.52863   3     17     53  
625.0  10:25:55 42.32504 -72.5287   5     16     45  
626.0  10:26:00 42.325146 -72.529076   3     13     47  
626.0  10:26:03 42.325153 -72.529   4     16     47  
626.0  10:26:12 42.325115 -72.5299   3     19     45  
626.0  10:26:20 42.32524 -72.53056   5     13     40  
626.0  10:26:31 42.325302 -72.53095   3     16     40  
626.0  10:26:39 42.3253 -72.53104   3     14     59  
626.0  10:26:48 42.32529 -72.53104   4     17     53  
626.0  10:26:57 42.32529 -72.531006   3     11     45  
638.0  10:38:03 42.325237 -72.531   5     19     46  
638.0  10:38:15 42.3253 -72.53093   4     14     50  
638.0  10:38:28 42.32524 -72.53098   3     19     45  
638.0  10:38:40 42.32524 -72.531044   3     18     59  
639.0  10:39:44 42.325245 -72.53101   4     10     47  
639.0  10:39:54 42.325245 -72.53098   3     11     47  
640.0  10:40:00 42.32525 -72.530975   5     11     54  
640.0  10:40:01 42.32525 -72.530975   4     18     57  
640.0  10:40:10 42.325256 -72.53099   4     15     45  
640.0  10:40:19 42.32526 -72.53098   5     10     54  
640.0  10:40:27 42.325264 -72.53097   3     16     41  
640.0  10:40:36 42.32526 -72.53098   4     18     55  
640.0  10:40:46 42.325245 -72.530975   5     14     55  
640.0  10:40:55 42.325207 -72.53103   3     11     44  
641.0  10:41:00 42.325214 -72.531044   4     13     53  
641.0  10:41:03 42.325214 -72.531044   3     19     58  
641.0  10:41:12 42.325245 -72.53106   4     16     46  
641.0  10:41:21 42.325325 -72.53098   3     16     46  
641.0  10:41:29 42.325325 -72.531044   5     17     57  
641.0  10:41:38 42.325035 -72.53114   3     15     42  
641.0  10:41:46 42.32493 -72.53083   3     18     42  
641.0  10:41:54 42.325012 -72.53038   3     13     49  
642.0  10:42:00 42.325073 -72.529816   4     16     49  
642.0  10:42:03 42.325073 -72.529816   3     15     56  
642.0  10:42:11 42.325073 -72.529045   3     15     51  
642.0  10:42:20 42.325047 -72.52875   4     16     58  
642.0  10:42:31 42.32435 -72.52867   3     19     43  
642.0  10:42:39 42.32358 -72.528435   5     14     55  
642.0  10:42:48 42.322807 -72.52865   4     18     45  
642.0  10:42:56 42.32237 -72.52931   4     16     45  
643.0  10:43:00 42.322174 -72.5298   3     18     57  
643.0  10:43:05 42.322155 -72.52985   5     12     52  
643.0  10:43:14 42.32213 -72.529945   5     13     46  
643.0  10:43:24 42.322052 -72.53014   4     18     51  
643.0  10:43:33 42.32191 -72.530655   3     19     51  
643.0  10:43:41 42.321903 -72.53158   4     15     42  
643.0  10:43:50 42.321785 -72.53242   4     13     52  
643.0  10:43:58 42.32173 -72.53334   5     16     56  
644.0  10:44:00 42.321766 -72.53387   5     18     49  
644.0  10:44:07 42.321777 -72.53409   5     16     57  
644.0  10:44:18 42.321323 -72.534294   4     12     58  
644.0  10:44:26 42.320866 -72.53431   4     10     57  
644.0  10:44:35 42.320778 -72.53383   4     12     49  
644.0  10:44:44 42.32102 -72.5336   3     10     50  
644.0  10:44:52 42.321144 -72.53372   3     14     43  
645.0  10:45:00 42.321163 -72.53414   5     17     55  
645.0  10:45:00 42.32115 -72.53423   5     18     52  
645.0  10:45:12 42.320824 -72.53433   4     12     40  
645.0  10:45:20 42.320374 -72.534386   4     16     47  
645.0  10:45:29 42.32037 -72.5344   4     19     46  
645.0  10:45:38 42.32037 -72.53442   5     18     46  
645.0  10:45:46 42.320305 -72.53447   4     15     57  
645.0  10:45:55 42.320374 -72.5351   5     17     48  
646.0  10:46:00 42.320457 -72.53647   4     13     49  
646.0  10:46:12 42.320442 -72.53663   5     15     53  
646.0  10:46:20 42.31981 -72.53969   5     14     50  
646.0  10:46:28 42.319542 -72.54135   3     19     58  
646.0  10:46:39 42.31972 -72.54317   3     17     57  
646.0  10:46:51 42.320248 -72.545296   5     12     43  
647.0  10:47:00 42.32115 -72.54852   3     19     42  
647.0  10:47:09 42.321198 -72.54872   3     13     57  
647.0  10:47:23 42.3219 -72.55158   3     18     50  
647.0  10:47:33 42.323494 -72.55405   5     14     57  
647.0  10:47:42 42.32487 -72.55566   3     19     41  
647.0  10:47:57 42.326218 -72.55723   3     18     58  
648.0  10:48:00 42.32761 -72.55889   3     13     52  
648.0  10:48:06 42.327843 -72.559166   3     13     57  
648.0  10:48:17 42.328804 -72.560326   3     19     59  
648.0  10:48:27 42.32988 -72.56186   4     13     43  
648.0  10:48:42 42.330215 -72.56333   5     12     43  
648.0  10:48:58 42.329407 -72.56716   3     15     41  
649.0  10:49:00 42.329357 -72.56827   3     10     52  
649.0  10:49:08 42.329426 -72.569016   5     14     59  
649.0  10:49:16 42.329876 -72.57078   3     11     55  
649.0  10:49:25 42.330307 -72.5723   5     12     41  
649.0  10:49:34 42.330864 -72.57399   3     13     41  
649.0  10:49:42 42.331417 -72.57558   4     17     40  
649.0  10:49:51 42.33175 -72.577034   4     13     49  
650.0  10:50:00 42.331795 -72.57778   5     15     46  
650.0  10:50:02 42.331768 -72.57772   3     14     47  
650.0  10:50:10 42.33215 -72.578026   5     11     57  
650.0  10:50:19 42.33283 -72.57879   5     17     59  
650.0  10:50:27 42.333557 -72.58   3     11     59  
650.0  10:50:36 42.3338 -72.581375   4     17     51  
650.0  10:50:44 42.334026 -72.582855   4     10     49  
650.0  10:50:55 42.33424 -72.58481   5     12     45  
651.0  10:51:00 42.334328 -72.586754   5     14     59  
651.0  10:51:03 42.334312 -72.58657   3     15     52  
651.0  10:51:11 42.334427 -72.58807   4     19     51  
651.0  10:51:20 42.33447 -72.58945   3     13     54  
651.0  10:51:29 42.334435 -72.59125   3     10     46  
651.0  10:51:37 42.33446 -72.593094   5     19     50  
651.0  10:51:51 42.335056 -72.59494   4     15     56  
652.0  10:52:00 42.336197 -72.59784   3     10     49  
652.0  10:52:07 42.336063 -72.59701   4     19     50  
652.0  10:52:15 42.336575 -72.600464   4     15     59  
652.0  10:52:29 42.33687 -72.60228   5     10     45  
652.0  10:52:39 42.33742 -72.60541   4     12     43  
652.0  10:52:47 42.337704 -72.60692   4     13     56  
652.0  10:52:56 42.338432 -72.60804   5     17     51  
653.0  10:53:00 42.33924 -72.608345   5     16     53  
653.0  10:53:05 42.339306 -72.60836   4     14     52  
653.0  10:53:56 42.339443 -72.60839   4     17     43  
653.0  10:53:59 42.339455 -72.608376   3     17     46  
654.0  10:54:00 42.339558 -72.60846   3     12     52  
654.0  10:54:10 42.339527 -72.608894   3     16     43  
654.0  10:54:19 42.339275 -72.610214   5     17     51  
654.0  10:54:28 42.339043 -72.61163   3     19     40  
654.0  10:54:36 42.338875 -72.61329   3     13     47  
654.0  10:54:45 42.338566 -72.615105   4     15     41  
654.0  10:54:54 42.337635 -72.616585   3     18     55  
655.0  10:55:00 42.336426 -72.617935   3     18     54  
655.0  10:55:04 42.336426 -72.617935   5     17     50  
655.0  10:55:13 42.335396 -72.61911   3     18     49  
655.0  10:55:22 42.33458 -72.62005   4     13     45  
655.0  10:55:30 42.33419 -72.62049   4     13     54  
655.0  10:55:40 42.334194 -72.6205   4     14     59  
655.0  10:55:49 42.3342 -72.62049   4     13     57  
656.0  10:56:00 42.333828 -72.620834   4     17     44  
656.0  10:56:00 42.3336 -72.621025   4     17     47  
656.0  10:56:08 42.33315 -72.621376   3     13     46  
656.0  10:56:16 42.332336 -72.622   5     13     56  
656.0  10:56:25 42.33131 -72.62278   3     13     40  
656.0  10:56:34 42.330383 -72.62343   4     19     48  
656.0  10:56:42 42.329308 -72.62404   3     15     58  
656.0  10:56:53 42.327984 -72.62478   3     15     52  
657.0  10:57:00 42.326824 -72.62518   4     11     46  
657.0  10:57:02 42.327057 -72.62513   5     13     45  
657.0  10:57:10 42.32599 -72.62525   3     15     43  
657.0  10:57:19 42.324924 -72.62525   3     10     45  
657.0  10:57:27 42.324005 -72.62522   5     14     49  
657.0  10:57:35 42.323147 -72.62521   3     17     40  
657.0  10:57:46 42.322315 -72.62608   3     13     54  
657.0  10:57:55 42.321804 -72.62693   4     14     47  
658.0  10:58:00 42.321167 -72.62784   4     12     55  
658.0  10:58:05 42.321095 -72.62793   5     18     52  
658.0  10:58:13 42.32046 -72.628555   3     19     57  
658.0  10:58:21 42.319996 -72.62904   3     14     43  
658.0  10:58:29 42.31975 -72.62947   3     18     43  
658.0  10:58:41 42.319744 -72.62951   4     17     56  
658.0  10:58:50 42.319744 -72.629524   3     13     45  
658.0  10:58:59 42.31976 -72.6295   3     18     59  
659.0  10:59:00 42.31976 -72.62949   3     10     47  
659.0  10:59:07 42.319756 -72.62948   3     12     54  
659.0  10:59:16 42.319733 -72.62951   3     10     47  
659.0  10:59:24 42.31944 -72.63004   3     15     43  
659.0  10:59:35 42.319263 -72.63034   3     19     53  
659.0  10:59:44 42.31929 -72.63033   5     11     42  
659.0  10:59:52 42.31931 -72.630295   5     17     43  
660.0  11:00:00 42.318954 -72.630745   3     19     50  
660.0  11:00:01 42.31908 -72.63058   5     10     54  
660.0  11:00:10 42.31866 -72.63114   5     14     43  
660.0  11:00:19 42.31818 -72.63168   3     17     47  
660.0  11:00:30 42.317856 -72.63246   5     10     51  
660.0  11:00:38 42.31782 -72.63287   3     13     41  
660.0  11:00:46 42.317795 -72.63284   5     17     48  
660.0  11:00:55 42.317795 -72.63279   4     14     45  
661.0  11:01:00 42.31781 -72.63277   4     12     57  
661.0  11:01:04 42.31781 -72.63277   3     17     41  
661.0  11:01:15 42.31781 -72.63277   4     17     55  
661.0  11:01:27 42.317863 -72.63306   4     16     51  
661.0  11:01:36 42.317818 -72.63368   4     18     41  
661.0  11:01:45 42.317795 -72.63381   4     15     49  
661.0  11:01:53 42.31778 -72.63381   3     19     54  
662.0  11:02:00 42.317802 -72.63382   4     18     42  
662.0  11:02:02 42.317806 -72.63382   3     16     40  
662.0  11:02:10 42.317802 -72.6338   4     19     48  
662.0  11:02:20 42.317837 -72.63376   4     19     51  
662.0  11:02:28 42.31782 -72.63379   5     11     55  
662.0  11:02:37 42.317802 -72.63378   5     19     57  
662.0  11:02:46 42.31777 -72.633804   5     15     55  
662.0  11:02:55 42.317753 -72.63381   4     12     59  
663.0  11:03:00 42.317818 -72.63411   4     10     47  
663.0  11:03:04 42.317818 -72.63411   4     16     43  
663.0  11:03:15 42.3181 -72.63516   4     13     48  
663.0  11:03:23 42.318695 -72.63574   3     16     53  
663.0  11:03:32 42.319183 -72.63649   3     12     43  
663.0  11:03:42 42.319557 -72.63723   3     19     47  
663.0  11:03:51 42.31962 -72.63734   5     18     56  
664.0  11:04:00 42.319817 -72.63757   3     10     45  
664.0  11:04:00 42.31982 -72.637566   4     18     55  
664.0  11:04:15 42.319786 -72.63756   4     14     58  
664.0  11:04:23 42.31987 -72.637665   3     17     48  
664.0  11:04:32 42.320053 -72.637794   3     11     51  
664.0  11:04:41 42.319977 -72.63803   5     17     53  
664.0  11:04:51 42.31973 -72.6378   4     14     41  
665.0  11:05:00 42.31962 -72.637535   3     19     53  
665.0  11:05:02 42.319614 -72.637535   4     15     40  
665.0  11:05:11 42.319614 -72.63753   3     12     43  
665.0  11:05:19 42.319622 -72.63752   4     16     51  
665.0  11:05:33 42.31963 -72.63753   5     16     46  
665.0  11:05:42 42.31964 -72.63753   5     11     49  
665.0  11:05:52 42.319645 -72.63754   5     16     58  
666.0  11:06:00 42.31965 -72.63754   3     18     59  
666.0  11:06:01 42.31965 -72.63754   5     13     51  
666.0  11:06:09 42.319653 -72.63754   3     17     58  
666.0  11:06:18 42.319656 -72.637535   3     19     42  
666.0  11:06:26 42.31965 -72.63754   3     12     59  
666.0  11:06:36 42.31964 -72.63755   4     17     57  
666.0  11:06:47 42.319645 -72.63755   4     15     45  
666.0  11:06:56 42.31965 -72.637566   3     17     59  
667.0  11:07:00 42.319626 -72.6375   3     10     48  
667.0  11:07:05 42.31962 -72.63747   3     12     50  
667.0  11:07:15 42.319397 -72.63702   4     18     55  
668.0  11:08:00 42.31787 -72.63505   4     19     56  
668.0  11:08:02 42.31787 -72.63504   3     11     58  
668.0  11:08:13 42.317856 -72.63509   5     11     44  
668.0  11:08:22 42.317825 -72.63511   5     18     53  
668.0  11:08:30 42.317684 -72.63463   4     10     58  
668.0  11:08:42 42.317688 -72.63402   3     18     45  
668.0  11:08:51 42.317707 -72.63328   5     13     46  
669.0  11:09:00 42.317734 -72.63329   5     12     44  
669.0  11:09:01 42.317722 -72.63328   5     15     55  
669.0  11:09:12 42.317738 -72.63329   3     11     47  
669.0  11:09:20 42.31781 -72.63271   5     10     56  
669.0  11:09:29 42.317936 -72.631874   4     12     51  
669.0  11:09:37 42.31822 -72.63141   3     13     46  
669.0  11:09:46 42.318516 -72.63109   5     12     50  
669.0  11:09:54 42.318783 -72.63072   3     14     52  
670.0  11:10:00 42.319065 -72.63032   4     16     54  
670.0  11:10:04 42.319084 -72.630295   5     12     40  
670.0  11:10:12 42.319126 -72.63023   3     16     40  
670.0  11:10:21 42.319115 -72.63021   3     14     58  
670.0  11:10:30 42.319115 -72.63021   5     11     59  
670.0  11:10:38 42.319157 -72.63011   3     15     46  
670.0  11:10:46 42.319473 -72.62969   3     17     46  
670.0  11:10:58 42.320053 -72.62905   3     16     45  
671.0  11:11:00 42.320286 -72.62869   4     19     55  
671.0  11:11:07 42.32045 -72.628555   4     14     44  
671.0  11:11:16 42.321033 -72.62799   5     17     49  
671.0  11:11:24 42.321453 -72.627365   3     14     44  
671.0  11:11:33 42.32159 -72.62717   4     12     46  
671.0  11:11:41 42.32159 -72.62718   3     16     59  
671.0  11:11:53 42.321888 -72.62678   3     15     49  
672.0  11:12:00 42.322617 -72.62568   5     19     42  
672.0  11:12:01 42.322407 -72.62596   3     14     42  
672.0  11:12:10 42.32303 -72.62526   5     19     41  
672.0  11:12:18 42.32375 -72.625175   4     19     44  
672.0  11:12:27 42.32467 -72.62517   5     13     53  
672.0  11:12:35 42.325775 -72.62515   5     13     48  
672.0  11:12:45 42.32702 -72.62507   5     17     50  
672.0  11:12:54 42.328117 -72.62465   5     12     46  
673.0  11:13:00 42.329273 -72.62399   3     18     53  
673.0  11:13:03 42.32904 -72.62412   4     19     40  
673.0  11:13:11 42.330135 -72.62352   3     18     45  
673.0  11:13:19 42.331116 -72.62286   3     12     47  
673.0  11:13:28 42.332035 -72.62202   5     17     52  
673.0  11:13:38 42.332314 -72.62173   3     12     47  
673.0  11:13:47 42.332302 -72.62172   4     18     41  
673.0  11:13:55 42.332783 -72.62133   5     13     42  
674.0  11:14:00 42.33342 -72.62087   4     19     50  
674.0  11:14:04 42.33342 -72.62087   3     11     46  
674.0  11:14:12 42.333603 -72.62075   3     11     45  
674.0  11:14:21 42.3336 -72.62076   5     17     52  
674.0  11:14:31 42.333595 -72.62076   3     13     42  
674.0  11:14:39 42.333584 -72.62075   5     12     48  
674.0  11:14:48 42.33358 -72.62075   5     11     44  
674.0  11:14:56 42.33358 -72.62075   5     14     51  
675.0  11:15:00 42.333736 -72.620636   5     17     49  
675.0  11:15:05 42.33387 -72.62053   5     18     47  
675.0  11:15:14 42.334576 -72.619865   4     19     51  
675.0  11:15:24 42.335617 -72.61866   5     18     46  
675.0  11:15:33 42.33667 -72.61746   3     16     56  
675.0  11:15:41 42.3377 -72.616264   5     11     59  
675.0  11:15:53 42.338493 -72.61488   3     17     57  
676.0  11:16:00 42.33885 -72.61255   5     12     42  
676.0  11:16:01 42.338833 -72.61289   5     11     45  
676.0  11:16:10 42.338745 -72.61163   5     10     48  
676.0  11:16:21 42.338276 -72.60974   3     17     44  
676.0  11:16:30 42.33803 -72.60857   3     11     58  
676.0  11:16:38 42.33807 -72.60781   5     12     55  
676.0  11:16:46 42.337925 -72.60749   4     11     45  
676.0  11:16:55 42.337597 -72.60655   3     16     55  
677.0  11:17:00 42.337326 -72.60495   5     15     55  
677.0  11:17:03 42.337326 -72.60495   4     17     43  
677.0  11:17:15 42.33696 -72.60283   3     13     42  
677.0  11:17:23 42.33666 -72.60101   4     10     40  
677.0  11:17:31 42.336414 -72.59942   3     11     49  
677.0  11:17:40 42.336174 -72.59787   5     13     45  
677.0  11:17:48 42.33579 -72.59619   5     11     42  
677.0  11:17:57 42.33506 -72.59493   3     17     43  
678.0  11:18:00 42.334545 -72.593735   3     13     50  
678.0  11:18:08 42.3344 -72.59297   4     18     48  
678.0  11:18:16 42.334385 -72.591194   3     16     49  
678.0  11:18:25 42.334427 -72.5895   5     16     54  
678.0  11:18:34 42.3344 -72.58812   5     11     43  
678.0  11:18:42 42.334328 -72.586426   4     10     44  
678.0  11:18:51 42.334217 -72.584625   3     19     41  
679.0  11:19:00 42.3339 -72.58226   4     10     59  
679.0  11:19:07 42.333836 -72.58189   4     17     51  
679.0  11:19:18 42.33347 -72.579796   5     14     46  
679.0  11:19:26 42.33275 -72.578606   4     14     45  
679.0  11:19:34 42.332077 -72.57785   4     15     51  
679.0  11:19:43 42.33173 -72.57748   4     16     57  
679.0  11:19:52 42.33176 -72.57657   5     14     53  
680.0  11:20:00 42.33132 -72.575195   3     18     55  
680.0  11:20:00 42.33115 -72.574715   3     14     47  
680.0  11:20:14 42.330658 -72.573364   4     19     40  
680.0  11:20:26 42.330067 -72.57149   4     17     56  
680.0  11:20:34 42.32948 -72.56934   5     19     40  
680.0  11:20:43 42.32932 -72.56782   4     12     51  
680.0  11:20:51 42.32944 -72.5661   3     14     58  
681.0  11:21:00 42.33008 -72.56402   4     19     45  
681.0  11:21:11 42.330147 -72.56367   3     15     45  
681.0  11:21:23 42.329193 -72.56081   3     10     56  
681.0  11:21:32 42.32825 -72.55959   3     14     51  
681.0  11:21:41 42.327217 -72.55843   5     17     53  
681.0  11:21:49 42.32626 -72.557304   4     16     42  
681.0  11:21:58 42.32517 -72.55605   5     19     44  
682.0  11:22:00 42.324455 -72.55522   5     11     43  
682.0  11:22:06 42.324207 -72.55493   3     17     55  
682.0  11:22:17 42.322914 -72.55333   3     15     44  
682.0  11:22:26 42.32199 -72.551865   5     16     45  
682.0  11:22:35 42.321518 -72.55044   5     18     56  
682.0  11:22:44 42.32115 -72.54867   3     10     55  
682.0  11:22:51 42.3208 -72.54715   5     12     58  
683.0  11:23:00 42.32032 -72.54556   3     11     54  
683.0  11:23:00 42.320084 -72.54477   4     15     41  
683.0  11:23:11 42.319798 -72.54359   5     10     41  
683.0  11:23:25 42.31949 -72.54168   4     11     53  
683.0  11:23:35 42.31992 -72.5389   4     19     48  
683.0  11:23:44 42.320324 -72.53698   4     14     49  
684.0  11:24:00 42.320324 -72.53443   5     11     56  
684.0  11:24:01 42.320427 -72.535675   3     15     53  
684.0  11:24:11 42.3203 -72.5344   4     14     50  
684.0  11:24:20 42.3204 -72.53429   5     15     54  
684.0  11:24:28 42.32081 -72.53429   3     12     46  
684.0  11:24:37 42.320843 -72.533966   3     11     53  
684.0  11:24:45 42.320873 -72.53365   4     12     58  
684.0  11:24:54 42.32111 -72.533615   5     16     49  
685.0  11:25:00 42.32111 -72.53364   4     16     59  
685.0  11:25:05 42.32111 -72.53364   4     12     41  
685.0  11:25:13 42.32114 -72.53365   5     18     46  
685.0  11:25:22 42.321186 -72.534096   3     15     59  
685.0  11:25:31 42.32136 -72.534294   4     17     51  
685.0  11:25:39 42.3217 -72.5342   5     18     54  
685.0  11:25:48 42.32181 -72.53399   5     14     44  
685.0  11:25:59 42.321728 -72.53299   3     17     41  
686.0  11:26:00 42.321774 -72.532425   3     14     59  
686.0  11:26:07 42.321857 -72.532005   4     19     42  
686.0  11:26:16 42.321903 -72.53104   3     14     42  
686.0  11:26:25 42.322098 -72.530075   5     19     48  
686.0  11:26:33 42.32221 -72.52983   4     18     50  
686.0  11:26:41 42.322197 -72.52982   3     10     57  
686.0  11:26:52 42.32226 -72.52971   5     11     40  
687.0  11:27:00 42.322487 -72.52907   5     17     51  
687.0  11:27:01 42.322403 -72.52927   3     15     48  
687.0  11:27:09 42.322865 -72.528534   3     16     57  
687.0  11:27:18 42.32379 -72.52839   4     13     51  
687.0  11:27:28 42.324512 -72.52867   4     16     58  
687.0  11:27:36 42.325085 -72.52872   5     15     45  
687.0  11:27:46 42.32516 -72.52916   5     11     47  
687.0  11:27:55 42.325146 -72.53006   4     11     43  
688.0  11:28:00 42.325275 -72.530556   3     11     50  
688.0  11:28:03 42.325275 -72.530556   5     15     50  
688.0  11:28:12 42.325302 -72.530914   3     11     59  
688.0  11:28:21 42.325287 -72.53091   5     16     56  
688.0  11:28:30 42.325275 -72.53091   3     15     42  
688.0  11:28:41 42.32527 -72.53093   3     12     41  
688.0  11:28:50 42.32526 -72.53091   3     18     45  
688.0  11:28:58 42.32526 -72.5309   3     10     59  
689.0  11:29:00 42.32526 -72.53091   4     14     59  
689.0  11:29:07 42.32526 -72.53091   4     12     55  
689.0  11:29:15 42.325245 -72.53093   4     13     47  
699.0  11:39:54 42.325317 -72.5309   4     16     44  
700.0  11:40:07 42.3253 -72.530914   4     14     59  
700.0  11:40:20 42.325314 -72.530914   3     19     42  
700.0  11:40:33 42.325306 -72.53092   4     16     50  
701.0  11:41:32 42.325253 -72.53092   5     19     40  
701.0  11:41:42 42.32525 -72.53093   5     10     44  
701.0  11:41:50 42.325253 -72.530945   4     11     54  
701.0  11:41:59 42.32525 -72.530945   4     19     56  
702.0  11:42:00 42.325253 -72.53096   5     12     46  
702.0  11:42:07 42.325256 -72.53096   4     19     53  
702.0  11:42:16 42.32526 -72.53096   4     10     55  
702.0  11:42:24 42.325264 -72.53096   4     12     42  
702.0  11:42:35 42.325268 -72.530945   4     14     52  
702.0  11:42:43 42.32527 -72.53094   3     12     43  
702.0  11:42:52 42.325275 -72.530945   4     12     40  
703.0  11:43:00 42.325275 -72.53095   3     10     47  
703.0  11:43:00 42.325275 -72.53095   4     13     50  
703.0  11:43:08 42.32527 -72.53095   3     10     49  
703.0  11:43:16 42.32522 -72.53118   4     16     52  
703.0  11:43:26 42.324936 -72.53112   3     14     50  
703.0  11:43:34 42.32495 -72.53064   5     14     57  
703.0  11:43:46 42.325127 -72.53018   3     19     53  
703.0  11:43:54 42.325123 -72.52923   5     15     51  
704.0  11:44:00 42.325127 -72.52884   4     17     48  
704.0  11:44:02 42.325127 -72.52884   4     10     43  
704.0  11:44:10 42.324936 -72.52871   5     14     54  
704.0  11:44:21 42.324146 -72.52861   3     15     49  
704.0  11:44:29 42.32341 -72.52842   5     13     46  
704.0  11:44:37 42.322746 -72.52873   3     13     42  
704.0  11:44:46 42.32233 -72.52951   3     12     51  
704.0  11:44:54 42.32221 -72.52982   4     17     45  
705.0  11:45:00 42.322136 -72.53003   3     19     58  
705.0  11:45:03 42.322136 -72.53003   3     10     54  
705.0  11:45:14 42.32198 -72.5305   3     12     58  
705.0  11:45:22 42.32193 -72.5315   4     14     57  
705.0  11:45:31 42.32178 -72.5325   5     16     58  
705.0  11:45:38 42.32173 -72.533394   3     13     54  
705.0  11:45:46 42.321785 -72.534096   5     19     57  
705.0  11:45:55 42.321518 -72.534294   3     12     58  
706.0  11:46:00 42.32104 -72.534325   4     18     46  
706.0  11:46:05 42.320915 -72.53433   4     14     52  
706.0  11:46:14 42.320442 -72.534355   4     11     59  
706.0  11:46:23 42.320385 -72.53439   4     10     44  
706.0  11:46:32 42.320385 -72.5344   4     13     42  
706.0  11:46:40 42.320328 -72.53446   3     14     45  
707.0  11:47:00 42.320274 -72.53747   5     18     44  
707.0  11:47:21 42.32041 -72.535164   5     13     59  
707.0  11:47:58 42.32025 -72.54519   4     13     52  
708.0  11:48:00 42.321297 -72.54908   4     17     41  
708.0  11:48:09 42.321556 -72.550255   3     13     46  
708.0  11:48:17 42.321987 -72.55175   5     11     52  
708.0  11:48:25 42.322784 -72.55305   5     15     44  
708.0  11:48:39 42.323814 -72.55441   3     10     55  
708.0  11:48:49 42.32557 -72.556465   5     10     46  
709.0  11:49:00 42.32744 -72.55869   4     12     59  
709.0  11:49:05 42.327686 -72.55898   3     12     40  
709.0  11:49:17 42.32877 -72.56027   4     19     56  
709.0  11:49:29 42.32984 -72.561714   5     17     42  
709.0  11:49:39 42.33024 -72.56358   3     14     45  
709.0  11:49:49 42.32963 -72.56566   3     13     54  
709.0  11:49:58 42.32942 -72.56729   4     18     45  
710.0  11:50:00 42.329365 -72.568214   4     16     42  
710.0  11:50:09 42.3295 -72.56935   4     18     46  
710.0  11:50:18 42.329983 -72.571075   4     19     53  
710.0  11:50:26 42.330414 -72.57259   5     17     41  
710.0  11:50:35 42.33099 -72.57426   5     18     55  
710.0  11:50:43 42.331497 -72.57567   5     18     50  
710.0  11:50:52 42.33177 -72.57694   4     14     41  
711.0  11:51:00 42.331768 -72.5777   3     12     51  
711.0  11:51:05 42.33176 -72.577705   3     11     58  
711.0  11:51:13 42.331753 -72.57774   4     16     44  
711.0  11:51:23 42.332188 -72.57807   4     19     58  
711.0  11:51:31 42.33297 -72.57894   3     14     49  
711.0  11:51:39 42.333557 -72.58   4     14     41  
711.0  11:51:48 42.333843 -72.58143   5     19     50  
711.0  11:51:59 42.33415 -72.5834   3     17     40  
712.0  11:52:00 42.334255 -72.58437   5     19     51  
712.0  11:52:08 42.334305 -72.585144   3     17     51  
712.0  11:52:16 42.334373 -72.586655   3     18     57  
712.0  11:52:24 42.33444 -72.58806   3     12     45  
712.0  11:52:34 42.334465 -72.589615   3     14     54  
712.0  11:52:43 42.33443 -72.591576   4     18     46  
712.0  11:52:54 42.33455 -72.59364   4     18     48  
713.0  11:53:00 42.335278 -72.59527   3     15     59  
713.0  11:53:03 42.335186 -72.59512   4     10     49  
713.0  11:53:11 42.335934 -72.59652   4     13     46  
713.0  11:53:23 42.33623 -72.59797   3     12     51  
713.0  11:53:31 42.3366 -72.60035   5     12     45  
713.0  11:53:39 42.336884 -72.60207   4     11     52  
713.0  11:53:49 42.33723 -72.604126   5     12     54  
713.0  11:53:57 42.33754 -72.60591   4     19     57  
714.0  11:54:00 42.337738 -72.60694   4     10     52  
714.0  11:54:06 42.33783 -72.60725   3     10     43  
714.0  11:54:14 42.3386 -72.60811   4     19     46  
714.0  11:54:24 42.339207 -72.6083   3     13     40  
714.0  11:54:33 42.33926 -72.60831   4     16     56  
714.0  11:54:44 42.339256 -72.60831   3     12     52  
714.0  11:54:52 42.339497 -72.608376   3     18     49  
715.0  11:55:00 42.339447 -72.609344   3     12     48  
715.0  11:55:01 42.33953 -72.60896   3     19     53  
715.0  11:55:09 42.3393 -72.6101   5     19     47  
715.0  11:55:18 42.339046 -72.611595   3     16     56  
715.0  11:55:26 42.338894 -72.61309   3     13     44  
715.0  11:55:37 42.33853 -72.615204   3     13     42  
715.0  11:55:46 42.33767 -72.61653   5     18     47  
715.0  11:55:54 42.336777 -72.61752   5     11     46  
716.0  11:56:03 42.335796 -72.61865   5     12     46  
716.0  11:56:12 42.334927 -72.61965   4     13     40  
716.0  11:56:20 42.334267 -72.620415   3     17     59  
716.0  11:56:39 42.333336 -72.621216   3     11     57  
716.0  11:56:48 42.331852 -72.62239   4     18     47  
716.0  11:56:57 42.330765 -72.623184   3     12     58  
717.0  11:57:00 42.33009 -72.623634   4     16     43  
717.0  11:57:05 42.32986 -72.62376   4     12     58  
717.0  11:57:14 42.328876 -72.62427   3     12     43  
717.0  11:57:24 42.32779 -72.62486   4     14     53  
717.0  11:57:33 42.32681 -72.62517   3     17     57  
717.0  11:57:42 42.3258 -72.62526   3     13     44  
717.0  11:57:50 42.324924 -72.62524   5     12     43  
717.0  11:57:59 42.32391 -72.62524   5     14     43  
718.0  11:58:00 42.323463 -72.62523   4     14     58  
718.0  11:58:07 42.323048 -72.62526   4     18     54  
718.0  11:58:17 42.32232 -72.6261   5     10     48  
718.0  11:58:26 42.321815 -72.62693   4     19     45  
718.0  11:58:34 42.321262 -72.62772   4     15     56  
718.0  11:58:43 42.32092 -72.62814   5     10     43  
718.0  11:58:52 42.32051 -72.62852   4     18     41  
719.0  11:59:00 42.319984 -72.62916   5     12     44  
719.0  11:59:01 42.320107 -72.62895   3     14     41  
719.0  11:59:13 42.319798 -72.62943   3     10     48  
719.0  11:59:22 42.31978 -72.62944   3     19     41  
719.0  11:59:31 42.319607 -72.62977   4     18     53  
719.0  11:59:39 42.31922 -72.6304   3     10     57  
719.0  11:59:51 42.31894 -72.63082   4     18     43  
719.0  11:59:59 42.318604 -72.63126   4     11     48  
720.0  12:00:00 42.31856 -72.63131   4     14     43  
720.0  12:00:10 42.31851 -72.63137   5     15     51  
720.0  12:00:18 42.31816 -72.63172   4     18     53  
720.0  12:00:29 42.317955 -72.63216   4     13     46  
720.0  12:00:47 42.317955 -72.63216   5     12     49  
