0.0  00:00:00 42.351574 -72.52604   22     22     23  
1.0  00:01:00 42.35116 -72.52742   22     23     24  
2.0  00:02:00 42.349262 -72.52878   23     21     24  
3.0  00:03:00 42.348927 -72.528915   23     22     22  
4.0  00:04:00 42.34897 -72.52887   21     22     23  
5.0  00:05:00 42.348835 -72.52888   24     20     24  
6.0  00:06:00 42.34988 -72.53022   24     23     21  
7.0  00:07:00 42.35158 -72.52945   21     23     21  
8.0  00:08:00 42.355152 -72.52134   23     20     20  
9.0  00:09:00 42.3602 -72.52074   23     22     23  
10.0  00:10:00 42.369843 -72.5198   24     24     24  
11.0  00:11:00 42.374744 -72.51972   24     23     22  
12.0  00:12:00 42.376366 -72.51978   23     20     21  
13.0  00:13:00 42.379333 -72.51969   20     20     20  
14.0  00:14:00 42.38244 -72.520065   21     21     20  
15.0  00:15:00 42.38589 -72.52199   21     24     23  
16.0  00:16:00 42.38772 -72.52352   20     23     23  
17.0  00:17:00 42.387703 -72.523506   24     21     23  
18.0  00:18:00 42.38764 -72.52345   23     22     20  
19.0  00:19:00 42.391743 -72.5253   20     20     23  
20.0  00:20:00 42.39403 -72.5261   24     22     20  
21.0  00:21:00 42.395153 -72.52677   24     22     22  
22.0  00:22:00 42.397728 -72.527916   24     21     24  
23.0  00:23:00 42.403946 -72.5294   24     20     20  
24.0  00:24:00 42.403927 -72.5294   24     21     23  
25.0  00:25:00 42.410076 -72.53114   24     22     24  
26.0  00:26:00 42.409283 -72.53692   24     24     22  
27.0  00:27:00 42.416565 -72.536896   23     24     22  
28.0  00:28:00 42.42774 -72.54043   22     24     23  
29.0  00:29:00 42.438152 -72.54766   22     21     21  
30.0  00:30:00 42.447826 -72.5562   21     22     22  
31.0  00:31:00 42.45235 -72.56367   23     23     24  
32.0  00:32:00 42.460205 -72.5717   20     22     22  
33.0  00:33:00 42.466484 -72.57933   21     24     22  
34.0  00:34:00 42.45895 -72.582306   22     21     21  
35.0  00:35:00 42.45775 -72.58137   24     24     23  
36.0  00:36:00 42.457653 -72.581345   21     21     20  
37.0  00:37:00 42.457867 -72.5815   21     21     21  
38.0  00:38:00 42.457733 -72.581406   23     22     22  
39.0  00:39:00 42.45989 -72.58181   20     22     21  
40.0  00:40:00 42.458115 -72.57156   24     21     22  
41.0  00:41:00 42.4536 -72.565544   22     22     20  
42.0  00:42:00 42.446953 -72.55524   22     21     23  
43.0  00:43:00 42.436882 -72.54704   20     20     23  
44.0  00:44:00 42.42667 -72.539825   24     24     20  
45.0  00:45:00 42.415646 -72.53707   22     23     23  
46.0  00:46:00 42.40901 -72.53792   20     20     21  
47.0  00:47:00 42.409588 -72.5333   22     22     20  
48.0  00:48:00 42.407623 -72.53019   22     23     22  
49.0  00:49:00 42.400272 -72.527885   21     22     21  
50.0  00:50:00 42.393696 -72.526115   20     22     24  
51.0  00:51:00 42.391212 -72.52524   24     23     21  
52.0  00:52:00 42.38796 -72.52403   23     21     20  
53.0  00:53:00 42.386375 -72.522385   24     20     20  
54.0  00:54:00 42.3834 -72.52079   20     22     24  
55.0  00:55:00 42.38039 -72.51948   22     23     23  
56.0  00:56:00 42.378582 -72.52001   23     22     20  
57.0  00:57:00 42.3762 -72.51993   22     23     22  
58.0  00:58:00 42.37419 -72.519905   24     24     21  
59.0  00:59:00 42.371365 -72.51981   23     20     21  
60.0  01:00:00 42.362984 -72.520805   22     21     22  
61.0  01:01:00 42.36023 -72.520805   24     21     22  
62.0  01:02:00 42.35323 -72.522835   21     21     23  
63.0  01:03:00 42.350246 -72.52744   20     22     21  
64.0  01:04:00 42.34895 -72.528885   21     23     21  
65.0  01:05:00 42.3489 -72.52898   21     20     22  
66.0  01:06:00 42.348503 -72.530464   20     22     22  
67.0  01:07:00 42.351536 -72.530235   22     23     23  
68.0  01:08:00 42.351643 -72.5257   21     22     20  
69.0  01:09:00 42.355297 -72.52131   21     20     23  
70.0  01:10:00 42.36029 -72.52073   23     20     20  
71.0  01:11:00 42.368656 -72.519905   20     22     22  
72.0  01:12:00 42.37364 -72.519745   22     20     24  
73.0  01:13:00 42.37727 -72.51978   24     23     21  
74.0  01:14:00 42.37796 -72.51987   21     20     24  
75.0  01:15:00 42.379833 -72.51944   21     21     23  
76.0  01:16:00 42.381695 -72.519394   21     22     24  
77.0  01:17:00 42.385025 -72.52162   22     24     22  
78.0  01:18:00 42.38773 -72.52352   21     24     24  
79.0  01:19:00 42.391052 -72.52515   20     22     23  
80.0  01:20:00 42.393703 -72.526   21     23     23  
81.0  01:21:00 42.395405 -72.52703   23     21     20  
82.0  01:22:00 42.398155 -72.52804   21     24     23  
83.0  01:23:00 42.40399 -72.529495   22     23     20  
84.0  01:24:00 42.40638 -72.52981   20     23     24  
85.0  01:25:00 42.40611 -72.5323   20     22     24  
86.0  01:26:00 42.4058 -72.53237   21     23     23  
87.0  01:27:00 42.405735 -72.532425   21     24     23  
88.0  01:28:00 42.40504 -72.53043   22     22     23  
89.0  01:29:00 42.40256 -72.52866   23     22     21  
90.0  01:30:00 42.397972 -72.528175   23     22     24  
91.0  01:31:00 42.39496 -72.52695   21     24     23  
92.0  01:32:00 42.39336 -72.52606   22     22     21  
93.0  01:33:00 42.390705 -72.52515   21     21     24  
94.0  01:34:00 42.387196 -72.52302   23     24     23  
95.0  01:35:00 42.3852 -72.52712   21     24     23  
96.0  01:36:00 42.38496 -72.528404   22     24     20  
97.0  01:37:00 42.385204 -72.53049   22     24     20  
98.0  01:38:00 42.390205 -72.53271   24     24     23  
99.0  01:39:00 42.393803 -72.53267   22     22     24  
100.0  01:40:00 42.3946 -72.53394   20     21     20  
101.0  01:41:00 42.394585 -72.533936   22     23     20  
102.0  01:42:00 42.394585 -72.533936   23     23     24  
103.0  01:43:00 42.394585 -72.533936   20     21     20  
489.0  08:09:07 42.393932 -72.53363   24     21     20  
489.0  08:09:20 42.39383 -72.532936   20     20     21  
489.0  08:09:33 42.393803 -72.532875   24     24     21  
489.0  08:09:46 42.393803 -72.53299   21     21     20  
490.0  08:10:47 42.393852 -72.53306   21     23     22  
490.0  08:10:58 42.39385 -72.53302   24     20     20  
491.0  08:11:00 42.393845 -72.53297   22     20     23  
491.0  08:11:06 42.393837 -72.53293   20     21     21  
491.0  08:11:14 42.393806 -72.532715   23     24     21  
491.0  08:11:22 42.393784 -72.532585   22     23     22  
491.0  08:11:30 42.393764 -72.53244   21     24     23  
491.0  08:11:37 42.393757 -72.53233   21     24     23  
491.0  08:11:48 42.39375 -72.53232   22     21     20  
491.0  08:11:56 42.39374 -72.532265   21     24     20  
492.0  08:12:00 42.393753 -72.53228   20     21     21  
492.0  08:12:04 42.393753 -72.53228   20     24     20  
492.0  08:12:12 42.39377 -72.53237   24     22     22  
492.0  08:12:20 42.39378 -72.53244   23     21     24  
492.0  08:12:27 42.393757 -72.5323   22     21     24  
492.0  08:12:38 42.39375 -72.53228   22     21     24  
492.0  08:12:46 42.393745 -72.53235   22     24     23  
492.0  08:12:54 42.39374 -72.53242   20     23     20  
493.0  08:13:00 42.39375 -72.532455   22     22     22  
493.0  08:13:02 42.393745 -72.532455   21     24     24  
493.0  08:13:11 42.393753 -72.532486   20     20     20  
493.0  08:13:19 42.39379 -72.53276   20     21     23  
493.0  08:13:29 42.393806 -72.53289   22     23     22  
493.0  08:13:38 42.393806 -72.532974   24     20     21  
493.0  08:13:45 42.39381 -72.53299   21     23     24  
493.0  08:13:54 42.39382 -72.53298   22     20     22  
494.0  08:14:00 42.393806 -72.53292   22     23     20  
494.0  08:14:02 42.393818 -72.53294   20     21     23  
494.0  08:14:10 42.393772 -72.53285   21     21     22  
494.0  08:14:20 42.393757 -72.53278   20     23     20  
494.0  08:14:28 42.39375 -72.53276   24     23     20  
494.0  08:14:36 42.39375 -72.53276   24     23     23  
494.0  08:14:44 42.393772 -72.532814   23     24     22  
494.0  08:14:52 42.393787 -72.53284   21     22     23  
495.0  08:15:00 42.393795 -72.53283   21     23     22  
495.0  08:15:00 42.3938 -72.532814   21     24     24  
495.0  08:15:10 42.393818 -72.53281   22     20     21  
495.0  08:15:18 42.393845 -72.53283   22     22     20  
495.0  08:15:26 42.39385 -72.53281   24     20     23  
495.0  08:15:35 42.39384 -72.5328   21     20     23  
495.0  08:15:45 42.393833 -72.53278   20     20     21  
495.0  08:15:54 42.39382 -72.532814   20     23     23  
496.0  08:16:00 42.39382 -72.53289   22     24     23  
496.0  08:16:04 42.39382 -72.53289   22     20     22  
496.0  08:16:12 42.393814 -72.532936   22     22     20  
496.0  08:16:20 42.393806 -72.533   23     24     24  
496.0  08:16:28 42.393806 -72.53301   21     23     20  
496.0  08:16:36 42.39381 -72.533066   24     24     23  
496.0  08:16:44 42.393814 -72.533035   20     21     23  
496.0  08:16:54 42.393814 -72.533005   23     23     22  
497.0  08:17:00 42.393806 -72.53297   21     21     22  
497.0  08:17:01 42.39381 -72.53297   22     24     22  
497.0  08:17:10 42.393803 -72.53295   24     24     23  
497.0  08:17:18 42.393803 -72.53293   22     22     21  
497.0  08:17:26 42.393806 -72.532936   20     24     20  
497.0  08:17:34 42.39382 -72.532974   22     22     23  
497.0  08:17:45 42.393826 -72.53306   21     22     23  
497.0  08:17:54 42.393665 -72.532906   23     24     22  
498.0  08:18:00 42.393417 -72.53267   23     21     21  
498.0  08:18:02 42.393433 -72.5327   22     23     20  
498.0  08:18:11 42.393406 -72.53262   24     20     24  
498.0  08:18:19 42.39336 -72.53254   23     23     20  
498.0  08:18:28 42.39311 -72.53289   21     24     20  
498.0  08:18:38 42.392776 -72.53361   22     20     21  
498.0  08:18:46 42.392838 -72.5338   20     22     23  
498.0  08:18:55 42.39255 -72.53394   22     24     24  
499.0  08:19:00 42.391827 -72.53362   23     20     23  
499.0  08:19:04 42.39192 -72.53365   22     24     21  
499.0  08:19:18 42.390877 -72.53322   24     24     23  
499.0  08:19:28 42.38941 -72.53262   21     21     21  
499.0  08:19:36 42.388565 -72.532265   24     22     20  
499.0  08:19:44 42.387703 -72.53192   21     23     21  
499.0  08:19:52 42.386677 -72.53151   20     22     24  
500.0  08:20:00 42.385918 -72.53118   21     23     23  
500.0  08:20:00 42.38553 -72.5311   22     24     21  
500.0  08:20:24 42.38523 -72.53111   22     21     23  
500.0  08:20:38 42.384907 -72.53261   20     22     21  
500.0  08:20:48 42.384335 -72.53241   21     23     24  
500.0  08:20:55 42.383595 -72.5321   22     24     24  
501.0  08:21:00 42.382717 -72.53189   20     24     22  
501.0  08:21:03 42.382717 -72.53189   22     24     22  
501.0  08:21:12 42.381893 -72.53184   21     23     20  
501.0  08:21:20 42.380806 -72.531944   21     22     23  
501.0  08:21:28 42.37976 -72.53209   23     22     23  
501.0  08:21:38 42.378395 -72.532265   21     20     24  
501.0  08:21:48 42.377205 -72.532425   23     23     22  
501.0  08:21:56 42.37602 -72.53257   22     22     23  
502.0  08:22:00 42.374973 -72.53271   24     23     22  
502.0  08:22:05 42.374844 -72.53273   22     22     22  
502.0  08:22:13 42.373837 -72.53288   20     21     21  
502.0  08:22:21 42.372894 -72.53299   21     21     22  
502.0  08:22:32 42.371475 -72.53317   20     20     24  
502.0  08:22:40 42.370403 -72.53331   21     24     22  
502.0  08:22:48 42.36931 -72.53343   24     20     22  
502.0  08:22:56 42.36826 -72.53357   22     23     24  
503.0  08:23:00 42.36735 -72.53356   20     23     24  
503.0  08:23:04 42.36735 -72.53356   23     24     22  
503.0  08:23:13 42.3668 -72.53329   22     24     24  
503.0  08:23:23 42.366306 -72.53408   22     23     24  
503.0  08:23:31 42.365753 -72.53528   24     23     20  
503.0  08:23:39 42.36524 -72.53637   24     22     23  
503.0  08:23:47 42.36504 -72.53687   24     20     24  
503.0  08:23:56 42.365604 -72.53693   20     21     23  
504.0  08:24:00 42.366055 -72.53704   22     23     22  
504.0  08:24:06 42.366055 -72.53704   22     24     23  
504.0  08:24:17 42.365887 -72.5376   20     21     20  
504.0  08:24:25 42.36579 -72.53813   22     23     22  
504.0  08:24:34 42.36581 -72.53861   22     20     22  
504.0  08:24:47 42.36575 -72.53875   24     20     20  
517.0  08:37:00 42.3752 -72.532555   24     20     22  
517.0  08:37:09 42.375988 -72.53246   22     23     21  
517.0  08:37:20 42.37719 -72.53231   23     22     24  
517.0  08:37:28 42.37835 -72.53217   24     22     24  
517.0  08:37:36 42.379433 -72.53203   21     20     23  
517.0  08:37:44 42.38042 -72.5319   20     21     23  
517.0  08:37:52 42.381363 -72.53177   24     23     21  
518.0  08:38:00 42.382385 -72.53172   23     20     24  
518.0  08:38:00 42.38272 -72.531746   23     21     23  
518.0  08:38:10 42.383366 -72.53187   21     23     22  
518.0  08:38:18 42.384247 -72.53215   20     20     23  
518.0  08:38:26 42.38482 -72.532394   20     22     22  
518.0  08:38:35 42.38494 -72.53234   21     23     20  
518.0  08:38:43 42.38509 -72.53169   22     23     23  
518.0  08:38:51 42.385124 -72.53129   24     23     22  
519.0  08:39:00 42.385506 -72.530846   24     23     23  
519.0  08:39:01 42.385307 -72.53083   22     23     20  
519.0  08:39:09 42.385918 -72.53095   24     23     22  
519.0  08:39:18 42.38666 -72.53129   22     22     21  
519.0  08:39:26 42.387638 -72.5317   21     24     23  
519.0  08:39:36 42.388554 -72.532074   24     24     23  
519.0  08:39:47 42.38974 -72.53254   21     24     22  
519.0  08:39:57 42.391228 -72.533165   22     20     20  
520.0  08:40:00 42.39203 -72.53353   20     20     21  
520.0  08:40:06 42.392136 -72.53358   23     22     23  
520.0  08:40:14 42.393063 -72.53396   23     22     24  
520.0  08:40:22 42.39391 -72.53423   23     23     20  
520.0  08:40:30 42.394703 -72.534355   20     23     23  
520.0  08:40:38 42.39524 -72.533905   20     24     22  
520.0  08:40:48 42.395363 -72.53295   24     20     20  
520.0  08:40:56 42.39558 -72.5328   23     21     23  
521.0  08:41:00 42.395916 -72.532936   22     20     20  
521.0  08:41:04 42.395916 -72.532936   20     21     21  
521.0  08:41:12 42.396233 -72.533165   24     20     22  
521.0  08:41:20 42.396084 -72.53362   21     24     21  
521.0  08:41:29 42.39596 -72.53372   24     20     21  
521.0  08:41:40 42.395947 -72.53376   23     22     21  
521.0  08:41:47 42.395935 -72.53375   24     23     21  
521.0  08:41:55 42.39591 -72.53372   21     22     20  
522.0  08:42:00 42.3959 -72.53375   20     22     21  
522.0  08:42:03 42.3959 -72.533745   21     21     23  
522.0  08:42:11 42.395878 -72.53378   20     21     23  
522.0  08:42:19 42.395897 -72.53372   20     20     23  
522.0  08:42:29 42.3959 -72.53371   21     23     21  
522.0  08:42:44 42.395912 -72.533745   22     22     21  
522.0  08:42:53 42.395954 -72.53367   23     20     21  
523.0  08:43:00 42.39601 -72.53365   23     20     21  
523.0  08:43:02 42.396004 -72.53366   23     20     23  
523.0  08:43:11 42.396027 -72.53364   21     21     21  
523.0  08:43:24 42.396 -72.5336   20     23     24  
523.0  08:43:33 42.39572 -72.53353   24     22     23  
523.0  08:43:42 42.39536 -72.53344   22     21     20  
523.0  08:43:51 42.395214 -72.5339   24     22     22  
524.0  08:44:00 42.394493 -72.53444   20     22     21  
524.0  08:44:00 42.393955 -72.534325   23     24     21  
524.0  08:44:08 42.39353 -72.534256   24     24     24  
524.0  08:44:19 42.392693 -72.53395   22     21     23  
524.0  08:44:27 42.392563 -72.534355   23     23     23  
524.0  08:44:36 42.392426 -72.534874   21     24     22  
524.0  08:44:45 42.392178 -72.53472   24     23     21  
524.0  08:44:53 42.392143 -72.5347   23     24     23  
525.0  08:45:00 42.39215 -72.53467   20     23     20  
525.0  08:45:02 42.392147 -72.534676   24     20     23  
525.0  08:45:12 42.392162 -72.53468   21     24     20  
525.0  08:45:21 42.39217 -72.53468   23     24     21  
525.0  08:45:30 42.39218 -72.53468   24     20     24  
525.0  08:45:38 42.392162 -72.53466   20     23     22  
525.0  08:45:47 42.39217 -72.53465   20     21     23  
525.0  08:45:55 42.39217 -72.53468   20     24     21  
526.0  08:46:00 42.39217 -72.53467   23     23     21  
526.0  08:46:07 42.39217 -72.53467   22     24     20  
526.0  08:46:16 42.39221 -72.53468   23     20     24  
526.0  08:46:24 42.3922 -72.53469   23     21     23  
526.0  08:46:32 42.392193 -72.534706   23     20     23  
526.0  08:46:41 42.39217 -72.5347   21     24     20  
526.0  08:46:50 42.392033 -72.53462   23     21     22  
527.0  08:47:00 42.391773 -72.53448   24     22     23  
527.0  08:47:00 42.391724 -72.53427   22     22     23  
527.0  08:47:08 42.391743 -72.534134   21     24     20  
527.0  08:47:17 42.3919 -72.53392   22     20     20  
527.0  08:47:25 42.39218 -72.53401   24     23     21  
527.0  08:47:34 42.39229 -72.534294   24     21     20  
527.0  08:47:43 42.39221 -72.53446   23     21     23  
527.0  08:47:54 42.39186 -72.534424   22     23     22  
528.0  08:48:00 42.391792 -72.53404   21     20     22  
528.0  08:48:02 42.39177 -72.53411   21     23     22  
528.0  08:48:11 42.391914 -72.53395   20     24     22  
528.0  08:48:19 42.39216 -72.53402   23     24     21  
528.0  08:48:28 42.392357 -72.53427   23     22     21  
528.0  08:48:36 42.392174 -72.53457   20     22     23  
528.0  08:48:47 42.391773 -72.53441   20     24     22  
528.0  08:48:55 42.391747 -72.534065   22     21     23  
529.0  08:49:00 42.392002 -72.53394   21     24     22  
529.0  08:49:04 42.391968 -72.53393   21     23     20  
529.0  08:49:12 42.39225 -72.53407   20     23     23  
529.0  08:49:21 42.392216 -72.53447   23     23     21  
529.0  08:49:29 42.391903 -72.53443   24     21     24  
529.0  08:49:39 42.391758 -72.534035   24     21     23  
529.0  08:49:48 42.39199 -72.53393   21     21     24  
529.0  08:49:56 42.39226 -72.53408   24     23     21  
530.0  08:50:00 42.39231 -72.534325   21     24     23  
530.0  08:50:05 42.39231 -72.534325   21     22     24  
530.0  08:50:14 42.39225 -72.53445   23     22     22  
530.0  08:50:22 42.392235 -72.53444   22     22     20  
530.0  08:50:33 42.39225 -72.534424   21     24     20  
530.0  08:50:41 42.39224 -72.53445   20     23     22  
530.0  08:50:50 42.39224 -72.5345   22     23     22  
530.0  08:50:58 42.392223 -72.53453   24     21     22  
531.0  08:51:00 42.392277 -72.53451   23     21     20  
531.0  08:51:07 42.392277 -72.53451   22     22     24  
531.0  08:51:15 42.39228 -72.53448   24     23     20  
531.0  08:51:26 42.39225 -72.53447   24     21     23  
531.0  08:51:35 42.392227 -72.53452   21     23     24  
531.0  08:51:43 42.39223 -72.534546   24     21     20  
531.0  08:51:52 42.392227 -72.534546   22     24     22  
532.0  08:52:00 42.39223 -72.53454   21     24     23  
532.0  08:52:00 42.392178 -72.5346   21     21     23  
532.0  08:52:09 42.39218 -72.53458   24     22     21  
532.0  08:52:19 42.392223 -72.534485   20     23     22  
532.0  08:52:28 42.39225 -72.53447   24     22     22  
532.0  08:52:37 42.39226 -72.534485   20     22     22  
532.0  08:52:45 42.39228 -72.53448   23     21     24  
532.0  08:52:54 42.39226 -72.53451   24     23     24  
533.0  08:53:00 42.392216 -72.534515   23     23     23  
533.0  08:53:02 42.392212 -72.53451   21     20     21  
533.0  08:53:13 42.39224 -72.53452   24     20     23  
533.0  08:53:21 42.392235 -72.53449   20     21     23  
533.0  08:53:30 42.392223 -72.53449   21     21     22  
533.0  08:53:39 42.392216 -72.5345   23     24     22  
533.0  08:53:48 42.39221 -72.53446   20     24     20  
533.0  08:53:56 42.392235 -72.534485   21     24     21  
534.0  08:54:00 42.39222 -72.53458   22     20     21  
534.0  08:54:06 42.392193 -72.53462   21     24     24  
534.0  08:54:15 42.391853 -72.534615   24     24     24  
534.0  08:54:23 42.391907 -72.53441   20     21     24  
534.0  08:54:31 42.39192 -72.53442   20     20     21  
534.0  08:54:40 42.39192 -72.53443   24     23     22  
534.0  08:54:48 42.391926 -72.53443   23     24     22  
534.0  08:54:59 42.392014 -72.53424   21     22     21  
535.0  08:55:00 42.392048 -72.53411   23     24     21  
535.0  08:55:07 42.39202 -72.53405   23     23     21  
535.0  08:55:17 42.392197 -72.533936   22     21     24  
535.0  08:55:26 42.39237 -72.53414   24     22     22  
535.0  08:55:35 42.392315 -72.53431   20     21     20  
535.0  08:55:43 42.39205 -72.53473   24     20     24  
535.0  08:55:54 42.39191 -72.53439   24     22     21  
536.0  08:56:00 42.39191 -72.53436   21     24     20  
536.0  08:56:02 42.39191 -72.53437   20     23     21  
536.0  08:56:11 42.391926 -72.53433   21     21     20  
536.0  08:56:20 42.39192 -72.5343   20     24     22  
536.0  08:56:28 42.39193 -72.53428   23     21     22  
536.0  08:56:37 42.39195 -72.53428   20     22     23  
536.0  08:56:47 42.39196 -72.53429   24     20     23  
536.0  08:56:55 42.391953 -72.53424   21     24     21  
537.0  08:57:00 42.391956 -72.53424   22     22     20  
537.0  08:57:04 42.391953 -72.53424   24     23     24  
537.0  08:57:12 42.391983 -72.53423   23     21     24  
537.0  08:57:21 42.391987 -72.53421   24     21     23  
537.0  08:57:30 42.391994 -72.53425   21     20     20  
537.0  08:57:40 42.39198 -72.5343   20     20     21  
537.0  08:57:49 42.391975 -72.53432   20     22     20  
537.0  08:57:57 42.392 -72.53432   24     20     20  
538.0  08:58:00 42.392017 -72.53429   24     20     22  
538.0  08:58:05 42.392025 -72.53427   24     24     21  
538.0  08:58:14 42.392036 -72.5342   21     21     24  
538.0  08:58:22 42.392033 -72.534134   21     21     20  
538.0  08:58:33 42.392025 -72.5341   23     20     23  
538.0  08:58:41 42.39203 -72.534096   23     22     20  
538.0  08:58:50 42.39203 -72.53408   24     23     21  
538.0  08:58:59 42.39203 -72.53407   24     20     22  
539.0  08:59:00 42.392006 -72.53409   22     22     24  
539.0  08:59:07 42.39201 -72.53409   20     20     21  
539.0  08:59:16 42.391994 -72.534035   20     24     21  
539.0  08:59:26 42.392033 -72.53394   23     22     20  
539.0  08:59:35 42.392113 -72.53392   24     23     22  
539.0  08:59:43 42.392365 -72.534195   24     23     24  
539.0  08:59:52 42.3922 -72.5347   21     22     21  
540.0  09:00:00 42.39187 -72.53448   20     21     23  
540.0  09:00:01 42.391865 -72.534645   22     24     21  
540.0  09:00:09 42.391907 -72.53442   21     23     20  
540.0  09:00:19 42.391914 -72.5344   20     23     24  
540.0  09:00:27 42.39193 -72.5344   23     23     23  
540.0  09:00:36 42.391953 -72.5344   24     24     20  
540.0  09:00:44 42.391956 -72.53438   21     22     23  
540.0  09:00:53 42.391987 -72.534325   24     20     21  
541.0  09:01:00 42.391926 -72.53437   22     24     21  
541.0  09:01:01 42.391987 -72.53434   20     24     24  
541.0  09:01:12 42.391907 -72.53437   24     23     22  
541.0  09:01:20 42.39192 -72.53438   24     23     22  
541.0  09:01:29 42.391926 -72.53441   24     21     23  
541.0  09:01:37 42.391922 -72.53442   22     24     24  
541.0  09:01:46 42.391933 -72.53439   22     22     22  
541.0  09:01:55 42.39194 -72.53442   22     21     23  
542.0  09:02:00 42.391933 -72.53439   23     21     21  
542.0  09:02:05 42.391933 -72.53439   24     23     24  
542.0  09:02:14 42.391937 -72.534325   21     21     20  
542.0  09:02:23 42.391953 -72.53429   22     21     23  
542.0  09:02:31 42.39197 -72.534256   22     21     21  
542.0  09:02:40 42.392006 -72.534195   22     23     24  
542.0  09:02:49 42.392025 -72.53415   21     22     20  
543.0  09:03:00 42.392044 -72.53411   21     24     24  
543.0  09:03:00 42.392033 -72.5341   21     24     20  
543.0  09:03:09 42.392033 -72.534096   22     24     24  
543.0  09:03:18 42.392033 -72.5341   22     21     20  
543.0  09:03:26 42.392033 -72.53411   24     22     20  
543.0  09:03:35 42.392036 -72.5341   20     22     22  
543.0  09:03:43 42.39202 -72.53412   24     22     24  
543.0  09:03:53 42.392033 -72.53412   21     22     24  
544.0  09:04:00 42.39206 -72.5341   22     24     23  
544.0  09:04:02 42.392056 -72.5341   22     23     23  
544.0  09:04:10 42.39206 -72.53411   24     23     22  
544.0  09:04:19 42.392063 -72.534096   20     22     20  
544.0  09:04:27 42.39204 -72.534096   22     22     24  
544.0  09:04:36 42.392036 -72.53411   24     24     22  
544.0  09:04:46 42.39205 -72.5341   21     22     22  
544.0  09:04:55 42.392048 -72.53408   22     22     24  
545.0  09:05:00 42.39204 -72.534065   23     24     22  
545.0  09:05:03 42.392036 -72.53406   21     24     20  
545.0  09:05:12 42.39205 -72.53407   21     24     20  
545.0  09:05:20 42.39202 -72.53404   20     23     21  
545.0  09:05:29 42.392025 -72.534035   23     22     22  
545.0  09:05:39 42.392063 -72.53407   24     21     24  
545.0  09:05:47 42.392048 -72.53409   22     23     22  
545.0  09:05:55 42.39202 -72.5341   23     20     20  
546.0  09:06:00 42.392036 -72.53408   23     23     21  
546.0  09:06:04 42.392036 -72.53409   23     22     23  
546.0  09:06:12 42.392025 -72.534035   24     21     21  
546.0  09:06:21 42.392002 -72.534035   22     21     22  
546.0  09:06:32 42.39205 -72.533905   23     20     22  
546.0  09:06:40 42.39224 -72.53392   20     20     23  
546.0  09:06:49 42.39231 -72.53419   20     20     22  
546.0  09:06:57 42.39223 -72.53452   22     22     20  
547.0  09:07:00 42.39196 -72.53466   23     22     20  
547.0  09:07:06 42.39193 -72.53463   24     23     21  
547.0  09:07:14 42.391914 -72.53442   23     20     22  
547.0  09:07:24 42.391926 -72.53444   20     23     23  
547.0  09:07:33 42.391922 -72.53437   21     22     21  
547.0  09:07:41 42.391926 -72.534294   21     20     24  
547.0  09:07:50 42.391964 -72.534256   22     20     20  
547.0  09:07:59 42.392033 -72.53417   20     23     20  
548.0  09:08:00 42.392036 -72.53413   24     24     24  
548.0  09:08:08 42.392044 -72.53411   20     24     20  
548.0  09:08:18 42.39201 -72.53406   21     24     22  
548.0  09:08:27 42.392025 -72.53393   20     21     23  
548.0  09:08:35 42.392193 -72.533905   22     20     23  
548.0  09:08:43 42.392273 -72.53428   20     22     22  
548.0  09:08:51 42.39215 -72.53466   22     24     22  
549.0  09:09:00 42.391884 -72.53463   22     20     22  
549.0  09:09:00 42.39188 -72.534485   23     23     23  
549.0  09:09:11 42.39191 -72.5344   20     20     24  
549.0  09:09:19 42.391933 -72.53432   23     20     22  
549.0  09:09:28 42.39201 -72.53425   23     24     20  
549.0  09:09:37 42.392036 -72.53415   24     21     21  
549.0  09:09:45 42.392014 -72.53407   20     23     23  
549.0  09:09:53 42.39202 -72.533936   24     21     24  
550.0  09:10:00 42.39225 -72.53396   22     21     21  
550.0  09:10:03 42.392223 -72.533936   20     20     20  
550.0  09:10:12 42.39228 -72.534355   21     20     21  
550.0  09:10:20 42.3921 -72.53477   23     21     24  
550.0  09:10:29 42.391857 -72.53457   20     21     21  
550.0  09:10:37 42.39191 -72.53443   24     24     20  
550.0  09:10:46 42.391907 -72.53442   22     21     21  
550.0  09:10:57 42.391914 -72.53444   24     20     23  
551.0  09:11:00 42.391903 -72.53444   20     21     22  
551.0  09:11:05 42.391903 -72.53444   21     23     22  
551.0  09:11:14 42.391903 -72.53445   24     23     22  
551.0  09:11:22 42.391914 -72.53444   21     21     22  
551.0  09:11:31 42.39192 -72.53444   23     23     24  
551.0  09:11:40 42.39191 -72.534386   24     20     24  
551.0  09:11:50 42.39193 -72.53443   22     21     20  
551.0  09:11:59 42.391933 -72.53442   23     23     23  
552.0  09:12:00 42.391945 -72.53441   23     23     21  
552.0  09:12:07 42.39194 -72.534386   24     21     22  
552.0  09:12:16 42.39193 -72.53438   22     20     22  
552.0  09:12:25 42.391933 -72.534386   21     22     20  
552.0  09:12:33 42.391964 -72.53444   21     24     21  
552.0  09:12:43 42.391937 -72.53443   24     21     24  
552.0  09:12:52 42.391914 -72.53443   22     22     20  
553.0  09:13:00 42.39192 -72.53443   20     23     23  
553.0  09:13:00 42.391922 -72.53442   22     23     21  
553.0  09:13:09 42.39192 -72.53443   20     21     21  
553.0  09:13:17 42.39189 -72.53443   22     23     22  
553.0  09:13:26 42.391876 -72.53446   22     24     20  
553.0  09:13:36 42.39189 -72.53447   24     23     24  
553.0  09:13:45 42.39186 -72.53446   20     21     21  
553.0  09:13:54 42.391865 -72.53445   20     22     20  
554.0  09:14:00 42.391903 -72.53443   24     22     21  
554.0  09:14:02 42.391888 -72.53447   24     22     24  
554.0  09:14:11 42.391926 -72.53434   20     22     22  
554.0  09:14:19 42.391983 -72.53425   21     21     24  
554.0  09:14:30 42.391945 -72.53415   20     24     22  
554.0  09:14:38 42.39199 -72.533966   24     21     22  
554.0  09:14:47 42.392017 -72.53396   23     22     24  
554.0  09:14:56 42.39199 -72.534004   21     21     22  
555.0  09:15:00 42.39202 -72.53398   23     24     23  
555.0  09:15:04 42.39202 -72.53398   22     23     23  
555.0  09:15:12 42.392017 -72.53396   20     20     20  
555.0  09:15:23 42.39197 -72.53398   22     22     23  
555.0  09:15:31 42.391968 -72.534   21     23     21  
555.0  09:15:40 42.392025 -72.533966   21     23     23  
555.0  09:15:48 42.392017 -72.53398   23     21     20  
555.0  09:15:56 42.39199 -72.53401   23     22     23  
556.0  09:16:00 42.391983 -72.53402   22     20     23  
556.0  09:16:05 42.391987 -72.53401   23     22     22  
556.0  09:16:15 42.39196 -72.53401   22     24     24  
556.0  09:16:24 42.391907 -72.53406   23     24     20  
556.0  09:16:33 42.39191 -72.534035   21     22     21  
556.0  09:16:41 42.39192 -72.534035   22     21     23  
556.0  09:16:50 42.391907 -72.53404   21     23     23  
556.0  09:16:58 42.391983 -72.53402   22     20     21  
557.0  09:17:00 42.392124 -72.53408   24     21     21  
557.0  09:17:09 42.392166 -72.53429   24     21     21  
557.0  09:17:17 42.392147 -72.53467   20     24     22  
557.0  09:17:26 42.39187 -72.53465   20     20     20  
557.0  09:17:34 42.391926 -72.53438   22     22     22  
557.0  09:17:42 42.39198 -72.53424   21     21     23  
557.0  09:17:51 42.39205 -72.5341   24     24     24  
558.0  09:18:00 42.39205 -72.533905   21     20     22  
558.0  09:18:01 42.39202 -72.533966   23     22     20  
558.0  09:18:09 42.392166 -72.53387   22     23     24  
558.0  09:18:18 42.39233 -72.53413   21     23     21  
558.0  09:18:26 42.39219 -72.53456   23     20     24  
558.0  09:18:35 42.39193 -72.53457   20     24     21  
558.0  09:18:43 42.391926 -72.53433   22     23     21  
558.0  09:18:54 42.392025 -72.53417   20     22     23  
559.0  09:19:00 42.392036 -72.53401   23     21     24  
559.0  09:19:02 42.39207 -72.53402   21     24     22  
559.0  09:19:10 42.392014 -72.53398   22     21     24  
559.0  09:19:18 42.39198 -72.53399   20     20     23  
559.0  09:19:27 42.392 -72.534004   22     23     21  
559.0  09:19:35 42.391983 -72.53401   22     20     20  
559.0  09:19:45 42.392014 -72.53404   21     23     24  
559.0  09:19:54 42.39197 -72.53404   22     21     20  
560.0  09:20:00 42.39197 -72.53405   20     20     20  
560.0  09:20:02 42.391968 -72.53405   22     20     20  
560.0  09:20:11 42.391994 -72.53405   20     23     24  
560.0  09:20:20 42.392 -72.534035   22     23     24  
560.0  09:20:28 42.392014 -72.53405   23     20     23  
560.0  09:20:38 42.392014 -72.534065   20     24     20  
560.0  09:20:47 42.39201 -72.53405   20     21     24  
560.0  09:20:55 42.392036 -72.533936   20     21     22  
561.0  09:21:00 42.392235 -72.533875   22     24     24  
561.0  09:21:04 42.392204 -72.53386   20     22     20  
561.0  09:21:12 42.39229 -72.53425   21     21     20  
561.0  09:21:21 42.39212 -72.534676   20     23     21  
561.0  09:21:31 42.39189 -72.53443   22     20     20  
561.0  09:21:40 42.391937 -72.534294   23     20     24  
561.0  09:21:48 42.392036 -72.534134   20     24     22  
561.0  09:21:57 42.392036 -72.53403   24     23     21  
562.0  09:22:00 42.392017 -72.53402   22     22     20  
562.0  09:22:05 42.392014 -72.53402   23     20     24  
562.0  09:22:14 42.392002 -72.53404   21     22     21  
562.0  09:22:25 42.391987 -72.53408   24     22     22  
562.0  09:22:34 42.391945 -72.534096   23     23     21  
562.0  09:22:42 42.391987 -72.534065   23     22     23  
562.0  09:22:51 42.391994 -72.53407   22     22     21  
562.0  09:22:59 42.391968 -72.53405   23     23     21  
563.0  09:23:00 42.39197 -72.534035   22     24     21  
563.0  09:23:08 42.39198 -72.53404   20     22     23  
563.0  09:23:18 42.392002 -72.53404   23     20     20  
563.0  09:23:26 42.392006 -72.534035   23     24     24  
563.0  09:23:34 42.392006 -72.53403   23     20     20  
563.0  09:23:42 42.392 -72.53402   22     23     20  
563.0  09:23:51 42.39197 -72.53398   20     22     20  
563.0  09:23:59 42.392 -72.53403   22     22     24  
564.0  09:24:00 42.39201 -72.534035   20     24     21  
564.0  09:24:09 42.392006 -72.53403   22     21     22  
564.0  09:24:18 42.392 -72.53401   21     21     24  
564.0  09:24:27 42.39198 -72.53406   21     23     21  
564.0  09:24:35 42.392014 -72.534096   23     22     24  
564.0  09:24:44 42.392 -72.534065   22     22     24  
564.0  09:24:52 42.39202 -72.53407   21     23     23  
565.0  09:25:00 42.39198 -72.53402   20     22     24  
565.0  09:25:03 42.39201 -72.53405   21     23     21  
565.0  09:25:11 42.39198 -72.534004   23     24     22  
565.0  09:25:20 42.392 -72.53396   20     20     23  
565.0  09:25:28 42.392155 -72.53388   20     21     23  
565.0  09:25:36 42.392284 -72.534225   20     20     22  
565.0  09:25:45 42.39208 -72.53463   24     23     23  
565.0  09:25:55 42.39184 -72.53447   24     23     23  
566.0  09:26:00 42.39193 -72.534325   21     23     20  
566.0  09:26:03 42.391922 -72.53434   21     22     23  
566.0  09:26:12 42.391987 -72.53424   21     22     24  
566.0  09:26:20 42.392017 -72.53412   21     20     20  
566.0  09:26:29 42.39199 -72.53399   21     24     22  
566.0  09:26:37 42.39218 -72.53389   21     21     21  
566.0  09:26:47 42.39225 -72.534355   20     23     20  
566.0  09:26:55 42.3921 -72.534706   21     23     22  
567.0  09:27:00 42.391865 -72.53453   20     24     20  
567.0  09:27:04 42.391853 -72.53458   22     24     21  
567.0  09:27:12 42.391933 -72.53434   23     22     24  
567.0  09:27:20 42.39203 -72.53418   20     20     22  
567.0  09:27:29 42.392 -72.53396   23     21     24  
567.0  09:27:39 42.392265 -72.5341   21     21     21  
567.0  09:27:47 42.3922 -72.53451   23     20     23  
567.0  09:27:56 42.392204 -72.53452   24     20     20  
568.0  09:28:00 42.39221 -72.53453   22     20     21  
568.0  09:28:04 42.39221 -72.53453   24     22     20  
568.0  09:28:13 42.39224 -72.53448   22     24     23  
568.0  09:28:21 42.392216 -72.534454   20     21     24  
568.0  09:28:31 42.3922 -72.534424   20     24     20  
568.0  09:28:40 42.392227 -72.53441   22     24     23  
568.0  09:28:48 42.392197 -72.53446   23     22     22  
568.0  09:28:57 42.39218 -72.53448   21     20     20  
569.0  09:29:00 42.392162 -72.53449   21     21     23  
569.0  09:29:05 42.392162 -72.53449   22     20     20  
569.0  09:29:13 42.39216 -72.534615   23     22     24  
569.0  09:29:24 42.391865 -72.534676   22     24     23  
569.0  09:29:32 42.39191 -72.53437   23     23     22  
569.0  09:29:41 42.392 -72.534225   21     20     24  
569.0  09:29:49 42.39204 -72.53404   22     21     20  
569.0  09:29:58 42.392063 -72.533936   21     21     23  
570.0  09:30:00 42.392075 -72.53391   21     22     22  
570.0  09:30:06 42.39208 -72.53392   22     22     20  
570.0  09:30:16 42.392086 -72.53391   21     21     23  
570.0  09:30:24 42.392063 -72.53393   23     24     22  
570.0  09:30:33 42.39208 -72.533936   21     23     21  
570.0  09:30:41 42.392067 -72.53391   24     21     23  
570.0  09:30:50 42.392056 -72.53389   20     20     23  
570.0  09:30:58 42.39206 -72.533966   23     23     23  
571.0  09:31:00 42.392048 -72.53397   23     20     23  
571.0  09:31:09 42.392017 -72.53395   20     20     21  
571.0  09:31:17 42.39199 -72.53393   24     21     24  
571.0  09:31:26 42.39201 -72.53389   21     24     24  
571.0  09:31:34 42.392033 -72.533875   22     21     20  
571.0  09:31:43 42.39204 -72.533875   21     21     22  
571.0  09:31:51 42.392056 -72.533905   20     22     22  
572.0  09:32:00 42.39206 -72.53392   24     23     23  
572.0  09:32:01 42.39206 -72.53393   20     24     21  
572.0  09:32:09 42.39206 -72.53391   22     23     20  
572.0  09:32:18 42.392075 -72.533966   24     21     20  
572.0  09:32:26 42.39206 -72.533966   21     23     22  
572.0  09:32:34 42.392075 -72.533936   23     22     24  
572.0  09:32:43 42.392097 -72.53393   24     20     23  
572.0  09:32:53 42.392105 -72.533936   21     24     24  
573.0  09:33:00 42.392113 -72.53391   20     21     24  
573.0  09:33:02 42.392117 -72.53391   21     21     21  
573.0  09:33:10 42.392086 -72.53391   22     23     22  
573.0  09:33:19 42.39207 -72.53391   23     24     22  
573.0  09:33:27 42.39208 -72.533905   21     23     20  
573.0  09:33:36 42.392082 -72.53391   24     24     24  
573.0  09:33:46 42.39209 -72.53395   20     21     23  
573.0  09:33:54 42.39208 -72.53401   21     20     22  
574.0  09:34:00 42.39205 -72.53407   23     22     24  
574.0  09:34:03 42.392063 -72.534065   22     23     21  
574.0  09:34:11 42.392 -72.53409   20     20     24  
574.0  09:34:20 42.39197 -72.53411   22     20     24  
574.0  09:34:29 42.391964 -72.53408   24     21     21  
574.0  09:34:39 42.39197 -72.53406   24     24     22  
574.0  09:34:47 42.391968 -72.53405   24     20     23  
574.0  09:34:56 42.391975 -72.534065   21     21     23  
575.0  09:35:00 42.392002 -72.53403   22     22     22  
575.0  09:35:04 42.392002 -72.53403   22     22     21  
575.0  09:35:13 42.392 -72.533966   24     21     20  
575.0  09:35:21 42.391968 -72.53397   23     20     24  
575.0  09:35:31 42.392014 -72.533875   21     20     20  
575.0  09:35:40 42.392025 -72.533905   23     24     24  
575.0  09:35:49 42.392017 -72.53395   23     24     21  
575.0  09:35:57 42.392 -72.53393   21     23     23  
576.0  09:36:00 42.392006 -72.533905   20     22     22  
576.0  09:36:05 42.392006 -72.5339   21     20     23  
576.0  09:36:14 42.39198 -72.533936   21     21     23  
576.0  09:36:24 42.39199 -72.53402   22     24     22  
576.0  09:36:33 42.391983 -72.53403   24     24     20  
576.0  09:36:42 42.39199 -72.53402   22     20     22  
576.0  09:36:50 42.392 -72.53398   22     21     20  
576.0  09:36:59 42.391994 -72.534004   23     20     20  
577.0  09:37:00 42.39199 -72.53401   20     24     20  
577.0  09:37:07 42.391987 -72.53402   24     22     24  
577.0  09:37:18 42.39197 -72.53404   23     23     21  
577.0  09:37:27 42.391968 -72.53405   22     20     21  
577.0  09:37:35 42.391975 -72.53405   22     21     20  
577.0  09:37:44 42.392 -72.53404   20     22     20  
577.0  09:37:52 42.392025 -72.53401   22     20     20  
578.0  09:38:00 42.39204 -72.53399   22     24     22  
578.0  09:38:01 42.39204 -72.534   21     20     22  
578.0  09:38:11 42.39204 -72.53398   20     20     23  
578.0  09:38:20 42.392036 -72.53397   23     22     20  
578.0  09:38:29 42.39205 -72.53399   22     20     23  
578.0  09:38:37 42.392044 -72.534004   22     21     21  
578.0  09:38:46 42.392044 -72.53402   20     24     22  
578.0  09:38:54 42.392056 -72.53404   20     24     20  
579.0  09:39:04 42.392036 -72.53404   20     22     24  
579.0  09:39:13 42.392017 -72.534004   22     24     23  
579.0  09:39:21 42.392025 -72.53399   22     21     24  
579.0  09:39:30 42.39203 -72.534004   23     20     22  
579.0  09:39:38 42.392036 -72.53404   24     24     20  
579.0  09:39:47 42.392044 -72.53406   21     24     20  
580.0  09:40:00 42.392056 -72.53387   20     23     21  
580.0  09:40:02 42.392025 -72.53394   24     22     24  
580.0  09:40:12 42.392048 -72.53385   23     21     20  
580.0  09:40:21 42.392033 -72.53389   21     21     22  
580.0  09:40:29 42.392036 -72.53392   24     21     24  
580.0  09:40:38 42.392044 -72.53391   23     22     23  
580.0  09:40:46 42.392048 -72.533936   22     20     22  
580.0  09:40:55 42.392025 -72.53391   20     20     20  
581.0  09:41:00 42.392025 -72.53392   21     24     20  
581.0  09:41:05 42.392025 -72.53392   23     21     24  
581.0  09:41:13 42.392025 -72.53392   22     21     23  
581.0  09:41:22 42.392025 -72.53393   21     24     24  
581.0  09:41:30 42.392025 -72.53393   23     20     24  
581.0  09:41:39 42.392017 -72.53395   24     23     21  
581.0  09:41:47 42.391994 -72.53393   20     22     24  
581.0  09:41:58 42.391994 -72.53394   20     22     21  
582.0  09:42:00 42.392 -72.533966   24     24     22  
582.0  09:42:06 42.392002 -72.533966   20     23     20  
582.0  09:42:15 42.392014 -72.53402   21     24     22  
582.0  09:42:24 42.392017 -72.534035   22     21     23  
582.0  09:42:32 42.392033 -72.53403   21     22     22  
582.0  09:42:40 42.39204 -72.53405   22     21     23  
582.0  09:42:51 42.392048 -72.53403   23     20     24  
583.0  09:43:00 42.39201 -72.53403   24     21     22  
583.0  09:43:00 42.39201 -72.534035   20     22     22  
583.0  09:43:08 42.392014 -72.53405   23     20     20  
583.0  09:43:16 42.39203 -72.53409   22     23     20  
583.0  09:43:25 42.392036 -72.53413   20     24     22  
583.0  09:43:34 42.392044 -72.534134   22     20     24  
583.0  09:43:44 42.392067 -72.53408   21     24     22  
583.0  09:43:52 42.392056 -72.53414   21     23     23  
584.0  09:44:00 42.392033 -72.53419   20     22     24  
584.0  09:44:01 42.392048 -72.53417   21     24     23  
584.0  09:44:10 42.39201 -72.53422   22     22     24  
584.0  09:44:18 42.39198 -72.53426   20     23     24  
584.0  09:44:26 42.39196 -72.53431   23     20     21  
584.0  09:44:37 42.391937 -72.534424   20     22     23  
584.0  09:44:46 42.391945 -72.53442   20     23     24  
584.0  09:44:54 42.391994 -72.53414   21     23     20  
585.0  09:45:00 42.392063 -72.53384   22     22     21  
585.0  09:45:03 42.392063 -72.53384   22     20     23  
585.0  09:45:12 42.392086 -72.53384   24     24     23  
585.0  09:45:21 42.392113 -72.53381   20     23     20  
585.0  09:45:31 42.392086 -72.5338   21     21     21  
585.0  09:45:40 42.39208 -72.53387   20     21     22  
585.0  09:45:48 42.392063 -72.53391   20     22     24  
585.0  09:45:57 42.392056 -72.53393   20     21     23  
586.0  09:46:00 42.392025 -72.53395   20     20     21  
586.0  09:46:05 42.392025 -72.53396   22     24     21  
586.0  09:46:14 42.392025 -72.53397   22     21     21  
586.0  09:46:24 42.392048 -72.53402   23     23     20  
586.0  09:46:33 42.392044 -72.534035   24     22     20  
586.0  09:46:42 42.392044 -72.53409   24     21     22  
586.0  09:46:50 42.39206 -72.53412   20     24     24  
586.0  09:46:59 42.39205 -72.53414   24     21     21  
587.0  09:47:00 42.39206 -72.534164   20     24     23  
587.0  09:47:07 42.39206 -72.53418   23     20     24  
587.0  09:47:21 42.392025 -72.53425   22     22     24  
587.0  09:47:30 42.392014 -72.53426   23     23     23  
587.0  09:47:38 42.39197 -72.5343   20     21     21  
587.0  09:47:47 42.391945 -72.534325   23     23     20  
587.0  09:47:55 42.391953 -72.53438   23     23     21  
588.0  09:48:00 42.39196 -72.53444   22     22     22  
588.0  09:48:04 42.39196 -72.53445   20     23     24  
588.0  09:48:14 42.391953 -72.53441   23     20     20  
588.0  09:48:22 42.391937 -72.53442   23     21     24  
588.0  09:48:31 42.39193 -72.53443   23     22     24  
588.0  09:48:39 42.391953 -72.534454   22     24     23  
588.0  09:48:47 42.392 -72.53452   20     23     20  
588.0  09:48:56 42.39199 -72.5345   23     24     20  
589.0  09:49:00 42.39198 -72.53442   23     23     24  
589.0  09:49:07 42.391975 -72.53436   22     23     23  
589.0  09:49:15 42.392048 -72.53398   22     23     21  
589.0  09:49:24 42.39206 -72.533806   23     20     22  
589.0  09:49:33 42.392044 -72.53382   20     23     22  
589.0  09:49:42 42.392014 -72.5339   20     21     21  
589.0  09:49:50 42.39202 -72.533936   21     21     23  
590.0  09:50:00 42.392036 -72.53404   24     23     21  
590.0  09:50:00 42.392044 -72.53407   23     20     20  
590.0  09:50:09 42.392048 -72.5341   23     22     20  
590.0  09:50:18 42.39204 -72.53417   21     21     23  
590.0  09:50:26 42.39202 -72.534195   23     22     20  
590.0  09:50:35 42.392 -72.53419   24     24     23  
590.0  09:50:43 42.391968 -72.53423   22     21     22  
590.0  09:50:53 42.391975 -72.53428   24     23     22  
591.0  09:51:00 42.39196 -72.53432   21     20     20  
591.0  09:51:02 42.391953 -72.53431   21     23     23  
591.0  09:51:10 42.391987 -72.534325   24     21     20  
591.0  09:51:19 42.392025 -72.53434   20     21     24  
591.0  09:51:27 42.392067 -72.5344   24     20     24  
591.0  09:51:36 42.392033 -72.53438   24     22     20  
591.0  09:51:46 42.392 -72.53435   22     24     23  
591.0  09:51:55 42.39197 -72.53433   20     21     20  
592.0  09:52:00 42.39196 -72.53432   21     21     22  
592.0  09:52:04 42.39196 -72.53432   22     21     24  
592.0  09:52:12 42.39194 -72.5343   20     22     21  
592.0  09:52:21 42.39194 -72.53431   24     21     20  
592.0  09:52:29 42.39194 -72.53433   21     20     21  
592.0  09:52:40 42.391903 -72.53427   20     22     20  
596.0  09:56:38 42.39192 -72.534325   24     20     20  
596.0  09:56:51 42.391914 -72.53436   20     22     24  
597.0  09:57:03 42.391922 -72.534355   24     22     21  
597.0  09:57:16 42.3919 -72.534294   21     20     24  
598.0  09:58:00 42.391914 -72.53428   21     20     21  
598.0  09:58:14 42.391907 -72.53429   24     21     20  
598.0  09:58:24 42.39189 -72.53428   22     22     21  
598.0  09:58:32 42.391884 -72.53427   22     23     22  
598.0  09:58:40 42.39189 -72.53428   20     24     20  
598.0  09:58:49 42.391876 -72.53427   22     23     23  
598.0  09:58:58 42.391876 -72.53425   22     21     24  
599.0  09:59:00 42.391884 -72.53429   20     24     23  
599.0  09:59:06 42.39188 -72.534294   20     23     21  
599.0  09:59:16 42.39189 -72.5343   24     20     24  
599.0  09:59:25 42.391895 -72.534325   21     20     21  
599.0  09:59:33 42.391895 -72.534325   22     23     23  
599.0  09:59:41 42.39188 -72.53431   20     24     20  
599.0  09:59:49 42.3919 -72.53433   22     23     24  
599.0  09:59:58 42.391907 -72.534355   21     22     24  
600.0  10:00:00 42.391903 -72.534355   21     22     20  
600.0  10:00:08 42.3919 -72.53435   24     23     23  
600.0  10:00:17 42.391907 -72.53433   20     21     23  
600.0  10:00:25 42.39189 -72.5343   20     20     22  
600.0  10:00:34 42.39192 -72.53434   20     24     22  
600.0  10:00:42 42.39193 -72.53433   23     20     21  
600.0  10:00:50 42.39193 -72.53434   23     23     23  
601.0  10:01:00 42.3919 -72.53435   23     20     23  
601.0  10:01:01 42.3919 -72.53434   23     21     22  
601.0  10:01:09 42.391907 -72.53434   21     24     21  
601.0  10:01:18 42.391922 -72.53435   23     21     20  
601.0  10:01:27 42.391937 -72.53436   23     22     23  
601.0  10:01:35 42.391933 -72.53436   20     23     24  
601.0  10:01:44 42.391933 -72.53438   24     21     22  
601.0  10:01:54 42.391933 -72.53437   24     22     20  
602.0  10:02:00 42.391907 -72.53433   23     24     22  
602.0  10:02:02 42.391914 -72.53435   21     24     21  
602.0  10:02:11 42.391884 -72.53429   21     23     24  
602.0  10:02:19 42.391888 -72.5343   22     22     21  
606.0  10:06:23 42.391926 -72.53436   23     23     22  
606.0  10:06:36 42.39194 -72.53433   21     21     21  
606.0  10:06:49 42.391964 -72.53433   24     23     22  
607.0  10:07:02 42.391937 -72.5343   23     23     24  
621.0  10:21:54 42.391937 -72.53403   20     24     20  
622.0  10:22:07 42.391933 -72.534035   20     20     23  
622.0  10:22:20 42.391953 -72.534004   21     23     23  
622.0  10:22:33 42.391945 -72.53399   22     20     24  
623.0  10:23:28 42.392 -72.53405   23     21     24  
623.0  10:23:38 42.39202 -72.534035   24     22     23  
623.0  10:23:46 42.39201 -72.53402   21     23     21  
623.0  10:23:54 42.39197 -72.534004   22     23     20  
632.0  10:32:45 42.392006 -72.53405   20     23     22  
632.0  10:32:58 42.392002 -72.53403   23     20     22  
633.0  10:33:10 42.391926 -72.53397   21     20     20  
633.0  10:33:22 42.39192 -72.534   24     24     24  
634.0  10:34:22 42.39198 -72.53404   24     24     22  
634.0  10:34:32 42.39196 -72.534035   23     24     24  
634.0  10:34:40 42.392025 -72.53407   20     23     20  
634.0  10:34:48 42.392014 -72.53404   20     21     21  
634.0  10:34:56 42.392002 -72.53405   20     24     23  
635.0  10:35:00 42.391983 -72.534065   20     24     22  
635.0  10:35:05 42.391983 -72.534065   23     21     23  
635.0  10:35:13 42.39198 -72.53404   24     23     24  
635.0  10:35:23 42.392 -72.53405   24     21     21  
635.0  10:35:32 42.39199 -72.53405   24     24     20  
635.0  10:35:41 42.391945 -72.534035   20     22     22  
635.0  10:35:49 42.391922 -72.533966   24     23     20  
635.0  10:35:58 42.39194 -72.53396   24     21     22  
636.0  10:36:00 42.391945 -72.53398   20     23     23  
636.0  10:36:06 42.39195 -72.53398   21     20     21  
636.0  10:36:16 42.391975 -72.53401   23     20     21  
636.0  10:36:25 42.392014 -72.534035   20     20     22  
636.0  10:36:33 42.39197 -72.53403   22     24     21  
636.0  10:36:42 42.391953 -72.534004   20     20     20  
636.0  10:36:50 42.39195 -72.53403   22     20     22  
636.0  10:36:59 42.391953 -72.53402   22     20     23  
637.0  10:37:00 42.39196 -72.53402   23     23     23  
637.0  10:37:10 42.39197 -72.53402   21     20     20  
637.0  10:37:18 42.39199 -72.53399   23     20     24  
637.0  10:37:27 42.391953 -72.53402   24     21     20  
637.0  10:37:35 42.39194 -72.53403   23     23     20  
637.0  10:37:44 42.391956 -72.534035   22     21     21  
637.0  10:37:52 42.39196 -72.53401   21     24     23  
638.0  10:38:00 42.391975 -72.53405   20     22     22  
638.0  10:38:03 42.39197 -72.53404   20     22     20  
638.0  10:38:11 42.392 -72.53407   23     23     20  
638.0  10:38:20 42.391994 -72.53408   24     22     21  
638.0  10:38:28 42.391983 -72.53405   24     24     24  
638.0  10:38:37 42.391987 -72.53403   24     24     23  
638.0  10:38:45 42.391994 -72.534096   23     20     20  
638.0  10:38:56 42.39198 -72.53412   21     22     23  
639.0  10:39:00 42.391937 -72.53406   24     20     21  
639.0  10:39:04 42.391937 -72.53406   23     23     21  
639.0  10:39:12 42.391937 -72.53405   24     22     24  
639.0  10:39:21 42.391964 -72.53407   20     23     21  
639.0  10:39:30 42.39197 -72.53407   20     24     20  
639.0  10:39:38 42.391953 -72.53405   22     20     22  
639.0  10:39:49 42.39196 -72.53403   21     24     23  
639.0  10:39:58 42.39194 -72.53399   24     20     20  
640.0  10:40:00 42.39192 -72.533966   24     24     21  
640.0  10:40:06 42.39192 -72.533966   24     20     21  
640.0  10:40:15 42.39193 -72.53399   22     23     21  
640.0  10:40:23 42.391945 -72.53401   20     20     22  
640.0  10:40:32 42.391975 -72.534   23     23     20  
640.0  10:40:42 42.391975 -72.533966   23     22     20  
640.0  10:40:50 42.391964 -72.53398   20     24     21  
640.0  10:40:59 42.39196 -72.53398   21     20     22  
641.0  10:41:00 42.391975 -72.534   23     20     22  
641.0  10:41:07 42.391983 -72.534035   24     22     23  
641.0  10:41:16 42.391975 -72.53404   20     21     20  
641.0  10:41:24 42.39196 -72.53405   24     23     24  
641.0  10:41:34 42.391956 -72.53395   23     24     22  
641.0  10:41:43 42.39196 -72.53396   21     24     22  
641.0  10:41:52 42.39196 -72.53397   22     23     23  
642.0  10:42:00 42.391983 -72.534   21     23     22  
642.0  10:42:00 42.391983 -72.53399   24     22     22  
642.0  10:42:08 42.391987 -72.53398   21     21     24  
642.0  10:42:17 42.392006 -72.53399   20     24     21  
642.0  10:42:27 42.392017 -72.53406   22     23     23  
642.0  10:42:36 42.39196 -72.534   22     21     21  
642.0  10:42:44 42.39199 -72.534004   22     24     23  
642.0  10:42:53 42.392 -72.53403   21     23     23  
643.0  10:43:00 42.39199 -72.53406   22     20     22  
643.0  10:43:01 42.39199 -72.534065   22     22     24  
643.0  10:43:10 42.39199 -72.534035   21     22     22  
643.0  10:43:24 42.39197 -72.53405   20     22     23  
643.0  10:43:32 42.392 -72.53403   23     22     20  
643.0  10:43:41 42.391975 -72.534065   24     21     22  
643.0  10:43:49 42.391968 -72.534035   22     20     22  
643.0  10:43:58 42.391975 -72.53406   21     20     23  
644.0  10:44:00 42.39197 -72.53404   24     24     21  
644.0  10:44:06 42.39197 -72.534035   23     21     22  
644.0  10:44:17 42.391956 -72.53403   23     22     21  
644.0  10:44:25 42.39192 -72.53406   21     21     21  
644.0  10:44:33 42.391964 -72.53403   23     22     23  
644.0  10:44:42 42.391945 -72.53406   20     21     23  
644.0  10:44:51 42.39193 -72.53404   20     20     22  
644.0  10:44:59 42.392 -72.53403   21     22     23  
645.0  10:45:00 42.391994 -72.534   23     20     22  
645.0  10:45:09 42.391968 -72.53399   20     22     22  
645.0  10:45:18 42.391964 -72.53398   23     23     24  
645.0  10:45:27 42.391975 -72.53396   20     20     22  
645.0  10:45:35 42.39198 -72.53402   21     24     21  
645.0  10:45:44 42.392014 -72.53399   20     21     20  
645.0  10:45:53 42.39201 -72.53397   24     23     23  
646.0  10:46:00 42.39198 -72.534035   22     21     20  
646.0  10:46:03 42.391983 -72.534035   22     20     21  
646.0  10:46:12 42.391987 -72.53398   20     22     20  
646.0  10:46:20 42.39199 -72.534004   24     23     21  
646.0  10:46:29 42.39201 -72.53399   20     21     23  
646.0  10:46:38 42.392017 -72.53399   24     22     21  
646.0  10:46:46 42.392006 -72.53402   24     21     22  
646.0  10:46:56 42.39199 -72.53401   22     24     24  
647.0  10:47:00 42.391994 -72.53402   21     23     21  
647.0  10:47:04 42.391994 -72.53402   21     22     24  
647.0  10:47:13 42.39198 -72.53401   21     24     23  
647.0  10:47:22 42.39198 -72.53398   20     21     23  
647.0  10:47:31 42.391994 -72.534   24     23     23  
647.0  10:47:39 42.392006 -72.534   21     20     20  
647.0  10:47:49 42.392006 -72.53403   20     23     23  
647.0  10:47:58 42.39197 -72.534   23     22     21  
648.0  10:48:00 42.39196 -72.53401   23     22     20  
648.0  10:48:07 42.391964 -72.53402   24     20     22  
648.0  10:48:15 42.391964 -72.534035   20     23     24  
648.0  10:48:23 42.39196 -72.534035   23     21     21  
648.0  10:48:32 42.391964 -72.53399   21     20     24  
648.0  10:48:43 42.39197 -72.53402   20     23     21  
648.0  10:48:51 42.391994 -72.53404   22     20     20  
648.0  10:48:59 42.39198 -72.534   23     21     22  
649.0  10:49:00 42.39198 -72.53401   22     20     24  
649.0  10:49:08 42.391987 -72.53403   22     22     24  
649.0  10:49:17 42.39199 -72.53405   23     20     23  
649.0  10:49:25 42.391994 -72.53406   22     23     21  
649.0  10:49:35 42.392017 -72.53408   22     21     22  
649.0  10:49:44 42.392002 -72.53405   24     23     22  
649.0  10:49:52 42.392 -72.53401   20     22     21  
650.0  10:50:00 42.392014 -72.53396   21     24     24  
650.0  10:50:01 42.392 -72.533966   21     24     22  
650.0  10:50:09 42.39202 -72.53395   22     22     20  
650.0  10:50:17 42.39199 -72.53397   22     20     23  
650.0  10:50:27 42.391987 -72.53403   20     24     22  
650.0  10:50:36 42.391956 -72.53401   22     23     22  
650.0  10:50:45 42.39195 -72.534004   21     23     20  
650.0  10:50:53 42.39191 -72.53401   23     21     23  
651.0  10:51:00 42.39193 -72.534035   21     24     23  
651.0  10:51:02 42.391914 -72.534035   24     23     20  
651.0  10:51:10 42.391956 -72.53403   21     24     21  
651.0  10:51:20 42.391968 -72.53407   24     24     24  
651.0  10:51:29 42.391968 -72.53407   24     21     22  
651.0  10:51:37 42.39198 -72.53403   21     21     24  
651.0  10:51:46 42.391975 -72.53403   24     23     21  
651.0  10:51:54 42.391953 -72.533966   21     21     21  
652.0  10:52:00 42.391956 -72.53399   21     20     21  
652.0  10:52:03 42.39195 -72.53398   24     23     22  
652.0  10:52:14 42.39196 -72.53401   22     22     24  
652.0  10:52:22 42.391994 -72.534096   23     24     22  
652.0  10:52:31 42.392 -72.53409   23     20     24  
652.0  10:52:40 42.39203 -72.5341   24     23     22  
652.0  10:52:49 42.39199 -72.53403   22     22     21  
652.0  10:52:57 42.391968 -72.53398   20     23     22  
653.0  10:53:00 42.392006 -72.534004   21     24     22  
653.0  10:53:07 42.392017 -72.53401   20     24     22  
653.0  10:53:17 42.392025 -72.53401   22     20     24  
653.0  10:53:26 42.39202 -72.53406   23     20     24  
653.0  10:53:34 42.392002 -72.534035   24     20     23  
653.0  10:53:43 42.39199 -72.53398   24     23     22  
683.0  11:23:35 42.393677 -72.53292   22     23     24  
683.0  11:23:48 42.393635 -72.53291   22     22     24  
684.0  11:24:01 42.39363 -72.53289   21     20     21  
684.0  11:24:13 42.393642 -72.532875   22     21     24  
685.0  11:25:00 42.393692 -72.53288   23     23     23  
685.0  11:25:16 42.393726 -72.532875   23     22     20  
685.0  11:25:28 42.39374 -72.53287   23     21     24  
685.0  11:25:36 42.393715 -72.53289   24     23     22  
685.0  11:25:44 42.39371 -72.53288   20     21     21  
685.0  11:25:52 42.393707 -72.53284   20     20     21  
686.0  11:26:00 42.393726 -72.5328   23     23     22  
686.0  11:26:01 42.393726 -72.53281   22     24     23  
686.0  11:26:10 42.393715 -72.5328   20     22     20  
686.0  11:26:20 42.393745 -72.53286   20     20     22  
686.0  11:26:29 42.393757 -72.53287   20     20     21  
686.0  11:26:37 42.3937 -72.53278   20     20     24  
686.0  11:26:46 42.393646 -72.532745   21     23     22  
686.0  11:26:54 42.39369 -72.53277   24     22     24  
687.0  11:27:00 42.393715 -72.5328   22     20     23  
687.0  11:27:02 42.39372 -72.53279   23     23     20  
687.0  11:27:13 42.393703 -72.53281   20     20     21  
687.0  11:27:21 42.393764 -72.532845   21     24     20  
687.0  11:27:30 42.393826 -72.5329   20     20     21  
687.0  11:27:39 42.393795 -72.5329   20     20     20  
687.0  11:27:48 42.39374 -72.532845   23     24     21  
687.0  11:27:56 42.393753 -72.53284   23     23     21  
688.0  11:28:00 42.393753 -72.53286   21     23     22  
688.0  11:28:06 42.393753 -72.53287   23     22     20  
688.0  11:28:15 42.393738 -72.53286   22     22     22  
688.0  11:28:23 42.39371 -72.5328   20     24     22  
688.0  11:28:32 42.393703 -72.53274   22     20     23  
688.0  11:28:40 42.393703 -72.53278   20     24     22  
688.0  11:28:49 42.393745 -72.532845   22     21     21  
688.0  11:28:59 42.393784 -72.53281   23     20     23  
689.0  11:29:00 42.39378 -72.532814   23     21     20  
689.0  11:29:08 42.393787 -72.53283   22     23     20  
689.0  11:29:17 42.39378 -72.532875   20     24     20  
689.0  11:29:25 42.39373 -72.53285   24     24     23  
689.0  11:29:34 42.39374 -72.532845   22     21     23  
689.0  11:29:42 42.39373 -72.532845   22     21     23  
689.0  11:29:53 42.393703 -72.532875   22     20     20  
690.0  11:30:00 42.393692 -72.53287   20     22     21  
690.0  11:30:02 42.39368 -72.53286   21     22     24  
690.0  11:30:10 42.393726 -72.53289   24     23     24  
690.0  11:30:19 42.39373 -72.53286   22     22     21  
690.0  11:30:27 42.39377 -72.53287   24     21     24  
690.0  11:30:36 42.393764 -72.532875   21     23     20  
690.0  11:30:47 42.393806 -72.53286   23     22     21  
690.0  11:30:56 42.3938 -72.53278   24     23     22  
691.0  11:31:00 42.393784 -72.532776   20     22     22  
691.0  11:31:04 42.393784 -72.532776   23     24     21  
691.0  11:31:13 42.393784 -72.53281   20     22     21  
691.0  11:31:21 42.393803 -72.532875   24     21     23  
691.0  11:31:30 42.39381 -72.53293   22     23     22  
691.0  11:31:41 42.393784 -72.532906   22     22     24  
691.0  11:31:49 42.39379 -72.53285   23     23     23  
691.0  11:31:58 42.393784 -72.53288   20     22     21  
692.0  11:32:00 42.39377 -72.532875   22     24     20  
692.0  11:32:06 42.393764 -72.53286   22     20     21  
692.0  11:32:15 42.393784 -72.53286   23     23     24  
692.0  11:32:23 42.39378 -72.53288   23     21     20  
692.0  11:32:33 42.39376 -72.53287   20     21     23  
692.0  11:32:42 42.39379 -72.53285   22     20     24  
692.0  11:32:50 42.393803 -72.53287   22     20     22  
692.0  11:32:58 42.39383 -72.53287   20     23     24  
693.0  11:33:00 42.393852 -72.53287   22     24     22  
693.0  11:33:07 42.393852 -72.53286   24     24     20  
693.0  11:33:15 42.393814 -72.532875   24     22     20  
693.0  11:33:26 42.39377 -72.53286   21     23     22  
693.0  11:33:34 42.393734 -72.53285   24     20     23  
693.0  11:33:43 42.39373 -72.53287   24     20     22  
693.0  11:33:51 42.393703 -72.53286   24     24     23  
694.0  11:34:00 42.39375 -72.53287   22     23     22  
694.0  11:34:01 42.39374 -72.53284   23     20     24  
694.0  11:34:09 42.393757 -72.53289   23     21     21  
694.0  11:34:19 42.393784 -72.53294   24     21     20  
694.0  11:34:28 42.39381 -72.53292   22     24     21  
694.0  11:34:36 42.393776 -72.5329   22     20     20  
694.0  11:34:44 42.39378 -72.53288   21     21     22  
694.0  11:34:53 42.393803 -72.53289   23     24     22  
695.0  11:35:00 42.393787 -72.53288   22     20     23  
695.0  11:35:01 42.393806 -72.53289   23     23     23  
695.0  11:35:12 42.39379 -72.53286   23     20     23  
695.0  11:35:20 42.3938 -72.532845   21     24     21  
695.0  11:35:29 42.393745 -72.53281   22     20     21  
695.0  11:35:37 42.393723 -72.532845   24     20     21  
695.0  11:35:46 42.39374 -72.53291   21     20     24  
695.0  11:35:55 42.393753 -72.53288   21     23     22  
696.0  11:36:00 42.39377 -72.532875   21     22     22  
696.0  11:36:05 42.39377 -72.532875   22     20     23  
696.0  11:36:13 42.393772 -72.53288   22     20     20  
696.0  11:36:22 42.393753 -72.53288   21     22     23  
696.0  11:36:30 42.393707 -72.532845   21     21     22  
696.0  11:36:38 42.393745 -72.53286   23     22     20  
696.0  11:36:47 42.3938 -72.5329   21     23     20  
696.0  11:36:57 42.393803 -72.53287   21     24     21  
697.0  11:37:00 42.393784 -72.53288   22     23     22  
697.0  11:37:06 42.393776 -72.53289   20     24     21  
697.0  11:37:15 42.393745 -72.53288   24     22     23  
697.0  11:37:24 42.393703 -72.532814   20     24     24  
697.0  11:37:38 42.39372 -72.53279   20     24     23  
697.0  11:37:48 42.39371 -72.53288   20     22     24  
697.0  11:37:57 42.393703 -72.532845   24     21     23  
698.0  11:38:00 42.393715 -72.53281   21     22     22  
698.0  11:38:05 42.393715 -72.53281   24     22     24  
698.0  11:38:13 42.39373 -72.532845   21     23     20  
698.0  11:38:22 42.39373 -72.53284   20     24     24  
698.0  11:38:31 42.393715 -72.53286   24     22     23  
698.0  11:38:41 42.393703 -72.53288   21     21     24  
698.0  11:38:50 42.393707 -72.53282   22     22     23  
698.0  11:38:58 42.39372 -72.53282   21     22     20  
699.0  11:39:00 42.39373 -72.53284   23     20     24  
699.0  11:39:06 42.39373 -72.532845   20     23     24  
699.0  11:39:14 42.393734 -72.53287   24     23     23  
699.0  11:39:22 42.393723 -72.53284   20     21     20  
699.0  11:39:33 42.393764 -72.53282   23     23     20  
699.0  11:39:42 42.393745 -72.5328   20     21     20  
699.0  11:39:51 42.393772 -72.53281   21     22     24  
699.0  11:39:59 42.39377 -72.5328   21     24     22  
700.0  11:40:00 42.393764 -72.53278   23     23     22  
700.0  11:40:08 42.39376 -72.532776   20     20     22  
700.0  11:40:16 42.393753 -72.53279   23     21     23  
700.0  11:40:27 42.393753 -72.53278   22     22     21  
700.0  11:40:36 42.393745 -72.53278   21     21     21  
700.0  11:40:44 42.39375 -72.53281   23     22     20  
700.0  11:40:52 42.393757 -72.53282   21     23     24  
701.0  11:41:00 42.393715 -72.53283   21     23     24  
701.0  11:41:01 42.393734 -72.53284   23     20     22  
701.0  11:41:09 42.39371 -72.53283   21     24     22  
701.0  11:41:19 42.393738 -72.53287   22     21     21  
701.0  11:41:27 42.39374 -72.53286   22     24     21  
701.0  11:41:36 42.393764 -72.532875   22     24     23  
701.0  11:41:44 42.39377 -72.53291   21     24     23  
701.0  11:41:55 42.39373 -72.53287   21     24     23  
702.0  11:42:00 42.393715 -72.53286   22     24     23  
702.0  11:42:03 42.39371 -72.53285   21     21     20  
702.0  11:42:13 42.393726 -72.532875   24     24     24  
702.0  11:42:22 42.39372 -72.53287   21     24     21  
702.0  11:42:31 42.393703 -72.53284   20     23     21  
702.0  11:42:39 42.393715 -72.53283   23     24     23  
702.0  11:42:47 42.393715 -72.53283   21     20     24  
702.0  11:42:56 42.393707 -72.53284   21     22     20  
703.0  11:43:00 42.39373 -72.53285   22     23     24  
703.0  11:43:06 42.39373 -72.53285   24     22     22  
703.0  11:43:13 42.39376 -72.53288   21     20     21  
703.0  11:43:22 42.393757 -72.53285   22     22     22  
703.0  11:43:31 42.393745 -72.53283   24     22     23  
703.0  11:43:39 42.393734 -72.532814   24     20     21  
703.0  11:43:48 42.393784 -72.5328   22     20     21  
703.0  11:43:59 42.393803 -72.53282   20     20     20  
704.0  11:44:00 42.393784 -72.532814   24     20     23  
704.0  11:44:08 42.393772 -72.53283   24     24     24  
704.0  11:44:17 42.393753 -72.53286   23     24     24  
704.0  11:44:25 42.393703 -72.532845   22     24     24  
704.0  11:44:34 42.393707 -72.53287   20     20     21  
704.0  11:44:42 42.393726 -72.53293   23     22     24  
704.0  11:44:53 42.393723 -72.53285   22     20     21  
705.0  11:45:00 42.393757 -72.53285   20     24     22  
705.0  11:45:01 42.39375 -72.53283   22     22     24  
705.0  11:45:10 42.39377 -72.53289   22     22     23  
705.0  11:45:19 42.393784 -72.53291   24     24     24  
705.0  11:45:27 42.393772 -72.532875   23     22     23  
705.0  11:45:36 42.393784 -72.53286   24     24     20  
705.0  11:45:46 42.393806 -72.532845   21     22     20  
789.0  13:09:53 42.393726 -72.532814   23     20     22  
790.0  13:10:00 42.393677 -72.532776   24     23     21  
790.0  13:10:05 42.393677 -72.532776   21     22     22  
790.0  13:10:13 42.39364 -72.53279   24     24     22  
790.0  13:10:21 42.393627 -72.53279   20     20     21  
790.0  13:10:29 42.393665 -72.532814   23     23     23  
790.0  13:10:38 42.39367 -72.532814   24     21     22  
790.0  13:10:45 42.39367 -72.532845   22     24     21  
790.0  13:10:56 42.39366 -72.53286   20     20     23  
791.0  13:11:00 42.39365 -72.532814   20     23     20  
791.0  13:11:04 42.39365 -72.532814   23     24     22  
791.0  13:11:13 42.393654 -72.53277   24     20     23  
791.0  13:11:21 42.39366 -72.532745   20     20     20  
791.0  13:11:30 42.393654 -72.53275   21     23     24  
791.0  13:11:39 42.393646 -72.53278   20     23     20  
791.0  13:11:49 42.393642 -72.53282   23     22     23  
791.0  13:11:58 42.393673 -72.53285   23     21     20  
792.0  13:12:00 42.39367 -72.53285   24     22     22  
792.0  13:12:09 42.39367 -72.53286   22     24     23  
792.0  13:12:17 42.39367 -72.53291   24     22     20  
792.0  13:12:27 42.393665 -72.53291   22     24     22  
792.0  13:12:38 42.39366 -72.53284   23     22     22  
792.0  13:12:51 42.39374 -72.53288   23     20     24  
793.0  13:13:00 42.39373 -72.532845   20     21     20  
793.0  13:13:01 42.39373 -72.53285   22     21     24  
793.0  13:13:09 42.393745 -72.53284   22     22     20  
793.0  13:13:17 42.39377 -72.53283   22     24     20  
793.0  13:13:25 42.39376 -72.53281   24     21     21  
793.0  13:13:33 42.393726 -72.53275   23     21     21  
793.0  13:13:42 42.393703 -72.53276   20     24     24  
793.0  13:13:53 42.39372 -72.53281   22     22     24  
794.0  13:14:00 42.39373 -72.53285   24     22     20  
794.0  13:14:01 42.393734 -72.53285   23     22     21  
794.0  13:14:09 42.393738 -72.53289   20     24     21  
794.0  13:14:18 42.39373 -72.532906   24     20     21  
794.0  13:14:26 42.393677 -72.53286   23     23     24  
794.0  13:14:34 42.393707 -72.53288   20     22     20  
794.0  13:14:45 42.393723 -72.53292   23     20     22  
794.0  13:14:54 42.39371 -72.532936   20     22     24  
795.0  13:15:00 42.39369 -72.53291   24     21     20  
795.0  13:15:03 42.393692 -72.53292   20     21     22  
795.0  13:15:12 42.39366 -72.53288   24     22     22  
795.0  13:15:21 42.393654 -72.532845   20     22     20  
795.0  13:15:29 42.39363 -72.53284   20     24     22  
795.0  13:15:40 42.393692 -72.53286   22     22     21  
795.0  13:15:48 42.393707 -72.53286   20     23     20  
795.0  13:15:56 42.39361 -72.53274   20     21     24  
796.0  13:16:00 42.393387 -72.532616   24     21     24  
796.0  13:16:04 42.393368 -72.532585   21     23     22  
796.0  13:16:13 42.393333 -72.53253   23     21     21  
796.0  13:16:21 42.393085 -72.532715   20     22     20  
796.0  13:16:31 42.3928 -72.53354   23     22     20  
796.0  13:16:40 42.392754 -72.533806   21     23     20  
796.0  13:16:48 42.393093 -72.53406   21     20     23  
796.0  13:16:56 42.393917 -72.534256   24     20     24  
797.0  13:17:00 42.39457 -72.534386   23     24     24  
797.0  13:17:05 42.394653 -72.534386   24     22     23  
797.0  13:17:13 42.3952 -72.53392   22     24     24  
797.0  13:17:23 42.395367 -72.532974   20     20     21  
797.0  13:17:31 42.39554 -72.53278   22     23     24  
797.0  13:17:40 42.39584 -72.53291   22     21     22  
797.0  13:17:49 42.396397 -72.53312   24     24     22  
797.0  13:17:57 42.396378 -72.53366   24     22     24  
798.0  13:18:00 42.39612 -72.53367   22     22     23  
798.0  13:18:05 42.396103 -72.53367   21     23     22  
798.0  13:18:15 42.396034 -72.53361   23     22     20  
798.0  13:18:23 42.395977 -72.533646   22     20     24  
815.0  13:35:32 42.39591 -72.53359   21     20     23  
815.0  13:35:45 42.395947 -72.53353   23     22     24  
815.0  13:35:57 42.39594 -72.53353   23     23     23  
816.0  13:36:10 42.395947 -72.53354   20     21     23  
817.0  13:37:00 42.39602 -72.5336   20     24     23  
817.0  13:37:08 42.396008 -72.5336   21     24     20  
817.0  13:37:19 42.395958 -72.533615   24     20     20  
817.0  13:37:27 42.395958 -72.533646   23     23     22  
817.0  13:37:35 42.395977 -72.53367   20     22     23  
817.0  13:37:44 42.39597 -72.53367   21     24     22  
817.0  13:37:52 42.395943 -72.53366   24     22     23  
817.0  13:37:59 42.395947 -72.53365   24     23     23  
818.0  13:38:00 42.395947 -72.53365   24     23     24  
818.0  13:38:09 42.395943 -72.53364   23     24     20  
818.0  13:38:17 42.395943 -72.5336   22     20     24  
818.0  13:38:25 42.39595 -72.533585   20     22     22  
818.0  13:38:33 42.39593 -72.533615   24     23     21  
818.0  13:38:41 42.395935 -72.53364   20     23     22  
818.0  13:38:49 42.39594 -72.53362   22     23     24  
819.0  13:39:00 42.395943 -72.5336   21     22     22  
819.0  13:39:00 42.395958 -72.53358   23     23     21  
819.0  13:39:09 42.395966 -72.53357   23     23     24  
819.0  13:39:17 42.39596 -72.53358   22     20     24  
819.0  13:39:25 42.395985 -72.53355   21     22     22  
819.0  13:39:34 42.395973 -72.53354   24     21     22  
819.0  13:39:43 42.395966 -72.53356   20     22     23  
819.0  13:39:53 42.395973 -72.53357   20     20     23  
820.0  13:40:00 42.39596 -72.533585   20     20     20  
820.0  13:40:02 42.39596 -72.533585   24     23     21  
820.0  13:40:10 42.395947 -72.53359   20     23     24  
820.0  13:40:19 42.39594 -72.533585   23     23     23  
820.0  13:40:27 42.395947 -72.53357   20     21     22  
820.0  13:40:35 42.39598 -72.53354   23     23     20  
820.0  13:40:46 42.395992 -72.53355   20     24     22  
820.0  13:40:54 42.39596 -72.53357   23     20     20  
821.0  13:41:00 42.395973 -72.53355   23     21     22  
821.0  13:41:03 42.395973 -72.53355   24     20     24  
821.0  13:41:12 42.395977 -72.53354   21     20     21  
821.0  13:41:20 42.395992 -72.53352   23     20     21  
821.0  13:41:28 42.39596 -72.53356   24     24     22  
821.0  13:41:39 42.395958 -72.53356   20     24     20  
821.0  13:41:47 42.395973 -72.533554   24     23     21  
821.0  13:41:56 42.39595 -72.53357   20     21     20  
822.0  13:42:00 42.39592 -72.53361   20     22     20  
822.0  13:42:04 42.39592 -72.53361   21     21     22  
822.0  13:42:13 42.395885 -72.53361   23     20     24  
822.0  13:42:21 42.395905 -72.533585   23     23     21  
822.0  13:42:31 42.395947 -72.53356   20     23     23  
822.0  13:42:40 42.395947 -72.53355   20     23     24  
822.0  13:42:48 42.395927 -72.533585   22     21     24  
822.0  13:42:57 42.395924 -72.533646   24     24     21  
823.0  13:43:00 42.39592 -72.53364   23     21     22  
823.0  13:43:05 42.395924 -72.53364   22     24     22  
823.0  13:43:14 42.395935 -72.5336   20     22     20  
823.0  13:43:24 42.395966 -72.5336   23     20     24  
823.0  13:43:33 42.39599 -72.53358   20     22     22  
823.0  13:43:41 42.395996 -72.5336   21     23     21  
823.0  13:43:50 42.39597 -72.533615   22     22     21  
823.0  13:43:58 42.395973 -72.5336   22     23     24  
824.0  13:44:00 42.39597 -72.53357   22     20     20  
824.0  13:44:07 42.39595 -72.53357   22     23     24  
824.0  13:44:17 42.395927 -72.53359   21     20     23  
824.0  13:44:25 42.395927 -72.53363   23     21     24  
824.0  13:44:34 42.39593 -72.53364   20     23     22  
824.0  13:44:42 42.39595 -72.53361   22     24     24  
824.0  13:44:51 42.395977 -72.53357   24     20     21  
824.0  13:44:59 42.395985 -72.53361   24     22     23  
825.0  13:45:00 42.395977 -72.53364   21     20     24  
825.0  13:45:09 42.395958 -72.53366   20     20     20  
825.0  13:45:18 42.395954 -72.53365   21     24     23  
825.0  13:45:27 42.395947 -72.53363   20     23     24  
825.0  13:45:35 42.395943 -72.533646   24     20     23  
825.0  13:45:44 42.395943 -72.53365   21     24     21  
825.0  13:45:52 42.39592 -72.53366   23     21     24  
826.0  13:46:00 42.395947 -72.533646   23     24     21  
826.0  13:46:02 42.39594 -72.53365   20     24     22  
826.0  13:46:11 42.39596 -72.53363   20     23     21  
826.0  13:46:19 42.395973 -72.53362   24     20     22  
826.0  13:46:28 42.39596 -72.533615   21     20     24  
826.0  13:46:36 42.39596 -72.53364   24     24     20  
826.0  13:46:45 42.39594 -72.53364   23     24     21  
826.0  13:46:55 42.395916 -72.53364   20     23     20  
827.0  13:47:04 42.39591 -72.533646   20     20     21  
827.0  13:47:12 42.395905 -72.533646   21     24     24  
827.0  13:47:21 42.395924 -72.533646   24     21     21  
827.0  13:47:29 42.39592 -72.53364   22     20     24  
827.0  13:47:37 42.395966 -72.53362   20     21     21  
827.0  13:47:48 42.395954 -72.53363   22     23     23  
827.0  13:47:56 42.395966 -72.533615   20     21     20  
828.0  13:48:00 42.395958 -72.533615   24     22     24  
828.0  13:48:05 42.395954 -72.533615   24     20     22  
828.0  13:48:13 42.395935 -72.53363   20     23     23  
828.0  13:48:22 42.39592 -72.53363   22     22     23  
828.0  13:48:30 42.395947 -72.533615   22     20     23  
828.0  13:48:41 42.395977 -72.53359   24     21     20  
828.0  13:48:49 42.395977 -72.5336   22     22     21  
828.0  13:48:58 42.39594 -72.533615   24     24     23  
829.0  13:49:00 42.395916 -72.53362   21     23     23  
829.0  13:49:06 42.39591 -72.53364   21     24     24  
829.0  13:49:15 42.395905 -72.533646   24     22     22  
829.0  13:49:23 42.395927 -72.533646   23     23     22  
829.0  13:49:34 42.395924 -72.533646   21     20     24  
829.0  13:49:43 42.39592 -72.533646   24     20     23  
829.0  13:49:51 42.39591 -72.533714   24     22     24  
829.0  13:49:59 42.395897 -72.533745   21     23     22  
830.0  13:50:00 42.395912 -72.5337   23     22     22  
830.0  13:50:08 42.395924 -72.533676   21     20     23  
830.0  13:50:17 42.395935 -72.53367   22     24     20  
830.0  13:50:27 42.39593 -72.533714   21     23     20  
830.0  13:50:35 42.39591 -72.53368   23     20     24  
830.0  13:50:44 42.395885 -72.53362   20     20     23  
830.0  13:50:53 42.39592 -72.533646   24     21     23  
831.0  13:51:00 42.39595 -72.53363   20     22     24  
831.0  13:51:01 42.39595 -72.53362   20     21     20  
831.0  13:51:09 42.395943 -72.53362   21     22     24  
831.0  13:51:19 42.395947 -72.53364   23     23     20  
831.0  13:51:28 42.395947 -72.53364   22     23     24  
831.0  13:51:36 42.395966 -72.53364   24     20     23  
831.0  13:51:44 42.39593 -72.533676   24     21     21  
831.0  13:51:53 42.395927 -72.53369   20     20     20  
832.0  13:52:00 42.395935 -72.53365   23     20     21  
832.0  13:52:01 42.395947 -72.53366   22     22     24  
832.0  13:52:12 42.395927 -72.53364   24     20     23  
858.0  14:18:38 42.395454 -72.533   23     21     24  
858.0  14:18:51 42.39546 -72.53299   22     20     20  
859.0  14:19:03 42.395428 -72.532974   21     24     22  
859.0  14:19:16 42.395428 -72.53302   22     22     24  
860.0  14:20:00 42.3955 -72.532936   24     24     20  
860.0  14:20:16 42.395527 -72.532936   22     24     20  
860.0  14:20:27 42.395515 -72.53291   23     21     20  
860.0  14:20:35 42.39555 -72.532906   23     23     23  
860.0  14:20:43 42.395588 -72.53291   20     23     21  
860.0  14:20:51 42.39553 -72.53293   23     23     21  
860.0  14:20:59 42.395508 -72.53295   24     20     23  
861.0  14:21:00 42.395493 -72.53296   20     20     20  
861.0  14:21:07 42.395485 -72.53297   23     21     20  
861.0  14:21:18 42.395462 -72.53298   24     20     24  
861.0  14:21:26 42.39544 -72.53298   22     23     24  
861.0  14:21:34 42.395466 -72.533   22     24     24  
861.0  14:21:43 42.39545 -72.53298   22     22     22  
861.0  14:21:52 42.395466 -72.53297   21     24     23  
862.0  14:22:00 42.39547 -72.53295   21     24     21  
862.0  14:22:00 42.39549 -72.53296   21     24     20  
862.0  14:22:11 42.395515 -72.532974   24     21     21  
862.0  14:22:19 42.39551 -72.533005   22     24     20  
862.0  14:22:28 42.39551 -72.53302   22     20     21  
862.0  14:22:36 42.395527 -72.53297   21     20     20  
862.0  14:22:45 42.395504 -72.53294   20     21     20  
862.0  14:22:53 42.395496 -72.53294   23     24     24  
863.0  14:23:00 42.395565 -72.533   23     21     23  
863.0  14:23:04 42.395565 -72.533   22     24     20  
863.0  14:23:12 42.39551 -72.53302   20     23     24  
863.0  14:23:21 42.39548 -72.533005   23     24     21  
863.0  14:23:30 42.395508 -72.533   22     22     22  
863.0  14:23:39 42.395527 -72.53302   24     24     20  
863.0  14:23:47 42.395542 -72.53299   22     20     21  
863.0  14:23:58 42.3955 -72.532974   22     21     23  
864.0  14:24:00 42.395535 -72.53301   21     21     23  
864.0  14:24:07 42.395535 -72.53301   20     23     21  
864.0  14:24:15 42.395515 -72.53294   23     21     21  
864.0  14:24:24 42.39554 -72.53292   23     23     21  
864.0  14:24:34 42.395535 -72.532936   23     22     20  
864.0  14:24:42 42.39549 -72.53297   20     24     21  
864.0  14:24:53 42.395493 -72.53291   21     22     20  
865.0  14:25:00 42.395523 -72.53298   23     24     21  
865.0  14:25:02 42.395515 -72.53296   20     23     22  
865.0  14:25:10 42.395523 -72.533035   24     20     23  
865.0  14:25:19 42.395496 -72.53302   21     21     20  
865.0  14:25:27 42.395496 -72.532974   24     23     21  
865.0  14:25:37 42.39551 -72.53294   22     21     24  
865.0  14:25:48 42.395496 -72.532974   22     22     21  
865.0  14:25:57 42.395462 -72.53293   23     20     22  
866.0  14:26:00 42.395485 -72.53295   23     23     22  
866.0  14:26:06 42.395485 -72.53295   24     21     20  
866.0  14:26:14 42.395546 -72.533035   22     24     23  
866.0  14:26:22 42.39554 -72.533005   20     23     20  
866.0  14:26:31 42.395523 -72.533005   20     21     24  
866.0  14:26:42 42.39556 -72.53303   20     23     21  
866.0  14:26:51 42.395546 -72.53301   24     20     24  
866.0  14:26:59 42.395546 -72.53299   20     22     22  
867.0  14:27:00 42.39551 -72.53296   21     24     20  
867.0  14:27:08 42.39552 -72.532974   22     22     23  
867.0  14:27:16 42.395523 -72.533   23     20     24  
867.0  14:27:25 42.395546 -72.53302   24     20     20  
867.0  14:27:35 42.395504 -72.53297   20     20     22  
867.0  14:27:44 42.395496 -72.53296   23     22     24  
867.0  14:27:52 42.395496 -72.53296   23     20     23  
868.0  14:28:00 42.3955 -72.533005   22     22     23  
868.0  14:28:01 42.395504 -72.533   21     21     22  
868.0  14:28:10 42.39549 -72.53297   22     21     21  
868.0  14:28:18 42.3955 -72.53299   22     24     22  
868.0  14:28:28 42.39551 -72.53301   24     24     24  
868.0  14:28:37 42.39551 -72.533   20     24     20  
868.0  14:28:45 42.39549 -72.53297   24     24     23  
868.0  14:28:54 42.395462 -72.53295   23     22     20  
869.0  14:29:00 42.39546 -72.53295   24     23     21  
869.0  14:29:03 42.39546 -72.53295   21     24     21  
869.0  14:29:12 42.395447 -72.53297   20     21     24  
869.0  14:29:22 42.39544 -72.53297   20     22     21  
869.0  14:29:30 42.39544 -72.53294   21     23     21  
869.0  14:29:39 42.395435 -72.53289   21     23     21  
872.0  14:32:38 42.39567 -72.533134   22     21     20  
872.0  14:32:51 42.395718 -72.533195   22     24     23  
873.0  14:33:04 42.39559 -72.53298   20     23     20  
873.0  14:33:16 42.395573 -72.53294   22     23     20  
874.0  14:34:00 42.39555 -72.532936   23     23     21  
874.0  14:34:16 42.395485 -72.532936   22     22     20  
874.0  14:34:26 42.395485 -72.53295   23     21     20  
874.0  14:34:34 42.395485 -72.53296   24     24     23  
874.0  14:34:43 42.395473 -72.53294   23     22     20  
874.0  14:34:51 42.395466 -72.53293   21     23     20  
875.0  14:35:00 42.395473 -72.53294   20     20     22  
875.0  14:35:00 42.395496 -72.53296   24     23     23  
875.0  14:35:08 42.3955 -72.532974   20     22     22  
875.0  14:35:19 42.395443 -72.532936   24     21     20  
875.0  14:35:27 42.395447 -72.532936   22     20     21  
875.0  14:35:36 42.395454 -72.532906   24     22     21  
875.0  14:35:44 42.395493 -72.53291   22     21     22  
875.0  14:35:53 42.395584 -72.533005   22     20     24  
876.0  14:36:00 42.39558 -72.53305   21     20     20  
876.0  14:36:01 42.39558 -72.533035   23     24     21  
876.0  14:36:12 42.39556 -72.53306   21     20     21  
876.0  14:36:21 42.395542 -72.53305   22     22     24  
876.0  14:36:29 42.39554 -72.533066   22     22     23  
876.0  14:36:38 42.395527 -72.533035   22     24     24  
876.0  14:36:46 42.395527 -72.53302   20     22     20  
876.0  14:36:55 42.395504 -72.53298   22     24     22  
877.0  14:37:00 42.395485 -72.53294   22     22     21  
877.0  14:37:05 42.395485 -72.532936   22     21     22  
877.0  14:37:14 42.395485 -72.53292   22     20     22  
877.0  14:37:22 42.395462 -72.532936   21     20     22  
877.0  14:37:32 42.395462 -72.53294   24     22     21  
877.0  14:37:40 42.395443 -72.5329   21     21     23  
877.0  14:37:49 42.395435 -72.53289   20     20     21  
877.0  14:37:59 42.395473 -72.53294   21     21     22  
878.0  14:38:00 42.395473 -72.53294   20     21     21  
878.0  14:38:07 42.395473 -72.53294   24     20     21  
878.0  14:38:15 42.395447 -72.532906   21     24     21  
878.0  14:38:24 42.395443 -72.532936   23     21     20  
878.0  14:38:32 42.39542 -72.53289   22     20     22  
878.0  14:38:41 42.395428 -72.532906   23     23     22  
878.0  14:38:52 42.39542 -72.53287   21     21     20  
879.0  14:39:00 42.39542 -72.53286   21     23     23  
879.0  14:39:01 42.39541 -72.532845   22     22     21  
879.0  14:39:08 42.395435 -72.53289   22     20     24  
879.0  14:39:17 42.395454 -72.53291   23     23     23  
879.0  14:39:25 42.39544 -72.53289   20     24     24  
879.0  14:39:33 42.39544 -72.53291   20     20     24  
879.0  14:39:44 42.395462 -72.532936   22     23     24  
879.0  14:39:52 42.395454 -72.53292   22     20     23  
880.0  14:40:00 42.39546 -72.532936   24     22     20  
880.0  14:40:00 42.395466 -72.53295   23     24     24  
880.0  14:40:09 42.39547 -72.53297   20     22     20  
880.0  14:40:17 42.39544 -72.53292   24     20     21  
880.0  14:40:25 42.395393 -72.53283   24     20     22  
880.0  14:40:35 42.39544 -72.532906   21     23     21  
880.0  14:40:43 42.395435 -72.53288   21     20     20  
880.0  14:40:52 42.39542 -72.53286   23     21     22  
881.0  14:41:00 42.39544 -72.53291   21     20     21  
881.0  14:41:00 42.395443 -72.53292   23     24     21  
881.0  14:41:09 42.395447 -72.532906   21     21     23  
881.0  14:41:17 42.395485 -72.53293   23     22     24  
881.0  14:41:28 42.3955 -72.53296   23     22     24  
881.0  14:41:36 42.395504 -72.53294   24     24     24  
881.0  14:41:45 42.39548 -72.5329   20     21     22  
881.0  14:41:54 42.395477 -72.53292   24     20     24  
911.0  15:11:55 42.36614 -72.53415   24     22     21  
912.0  15:12:47 42.36611 -72.53418   21     24     22  
912.0  15:12:57 42.36612 -72.53416   21     20     20  
913.0  15:13:00 42.36612 -72.53416   23     20     23  
913.0  15:13:06 42.36612 -72.53416   21     20     24  
913.0  15:13:14 42.366188 -72.53401   21     24     24  
913.0  15:13:24 42.366493 -72.53341   20     23     21  
913.0  15:13:33 42.366592 -72.53322   20     23     23  
913.0  15:13:42 42.366585 -72.53326   23     21     21  
913.0  15:13:52 42.36661 -72.53328   23     22     20  
914.0  15:14:00 42.366837 -72.53317   22     24     21  
914.0  15:14:01 42.36687 -72.53319   22     22     22  
914.0  15:14:09 42.366783 -72.53318   22     24     21  
914.0  15:14:18 42.366734 -72.53321   23     23     21  
914.0  15:14:27 42.366837 -72.53323   23     22     21  
914.0  15:14:35 42.366825 -72.53325   24     23     23  
914.0  15:14:46 42.366947 -72.53284   22     21     22  
914.0  15:14:54 42.36743 -72.533295   21     21     21  
915.0  15:15:00 42.368404 -72.5334   20     24     21  
915.0  15:15:03 42.368294 -72.53341   22     21     22  
915.0  15:15:12 42.369312 -72.53331   23     21     23  
915.0  15:15:20 42.370438 -72.53316   20     23     23  
915.0  15:15:29 42.371418 -72.53304   20     24     22  
915.0  15:15:39 42.37262 -72.532906   23     20     23  
915.0  15:15:48 42.37332 -72.53282   20     24     23  
915.0  15:15:56 42.37371 -72.53278   23     24     22  
916.0  15:16:00 42.37372 -72.53281   22     20     23  
916.0  15:16:05 42.373726 -72.53281   24     21     20  
916.0  15:16:13 42.37373 -72.53279   22     23     24  
916.0  15:16:21 42.373707 -72.532776   21     22     24  
916.0  15:16:33 42.37367 -72.53275   24     23     20  
916.0  15:16:42 42.373707 -72.532776   23     21     22  
916.0  15:16:50 42.37424 -72.53271   20     20     22  
916.0  15:16:59 42.375298 -72.53255   23     23     21  
917.0  15:17:00 42.37581 -72.53247   23     20     22  
917.0  15:17:09 42.376453 -72.53239   23     21     20  
917.0  15:17:18 42.377655 -72.53223   23     21     21  
917.0  15:17:30 42.37926 -72.53201   21     20     23  
917.0  15:17:38 42.380432 -72.531876   20     21     20  
917.0  15:17:46 42.381313 -72.53175   20     21     22  
917.0  15:17:55 42.3822 -72.531715   20     23     23  
918.0  15:18:00 42.383167 -72.53183   24     23     21  
918.0  15:18:04 42.383167 -72.53183   23     22     24  
918.0  15:18:12 42.384205 -72.53216   22     21     23  
918.0  15:18:23 42.38499 -72.53247   22     20     21  
918.0  15:18:31 42.385593 -72.53256   20     22     24  
918.0  15:18:40 42.38492 -72.5324   23     22     24  
918.0  15:18:48 42.38508 -72.53168   22     21     22  
918.0  15:18:57 42.385166 -72.53119   20     24     23  
919.0  15:19:00 42.38519 -72.5312   24     23     24  
919.0  15:19:05 42.385178 -72.5312   22     20     20  
919.0  15:19:15 42.384987 -72.53116   24     22     21  
919.0  15:19:24 42.385063 -72.53093   22     22     21  
919.0  15:19:32 42.38526 -72.530815   24     20     20  
919.0  15:19:41 42.385548 -72.531075   23     20     24  
919.0  15:19:49 42.386333 -72.53148   24     21     20  
919.0  15:19:58 42.387268 -72.53185   22     24     20  
920.0  15:20:00 42.38892 -72.5322   21     24     22  
920.0  15:20:08 42.389206 -72.532326   23     20     20  
920.0  15:20:17 42.38998 -72.53265   20     23     24  
920.0  15:20:25 42.390877 -72.53302   24     23     20  
920.0  15:20:34 42.391582 -72.53327   22     24     21  
920.0  15:20:42 42.392376 -72.53365   22     22     20  
920.0  15:20:51 42.39268 -72.53394   23     21     22  
921.0  15:21:00 42.39251 -72.53481   22     21     22  
921.0  15:21:01 42.39255 -72.534615   21     20     22  
921.0  15:21:10 42.392296 -72.534836   24     20     20  
921.0  15:21:19 42.392086 -72.53436   21     22     24  
921.0  15:21:27 42.392044 -72.53431   23     20     20  
921.0  15:21:36 42.392025 -72.534325   20     23     23  
921.0  15:21:44 42.392075 -72.53436   21     21     22  
921.0  15:21:54 42.392036 -72.53431   22     23     22  
922.0  15:22:00 42.39205 -72.53432   21     20     22  
922.0  15:22:03 42.39205 -72.53432   23     24     21  
922.0  15:22:11 42.391968 -72.534256   23     21     23  
922.0  15:22:19 42.39196 -72.534256   20     22     22  
922.0  15:22:28 42.39202 -72.5343   24     22     22  
922.0  15:22:36 42.392082 -72.53434   22     21     20  
