692.0  11:32:30 42.393753 -72.532814   3     17     42  
692.0  11:32:42 42.393772 -72.5328   5     14     48  
692.0  11:32:51 42.39372 -72.53283   5     19     59  
693.0  11:33:00 42.39368 -72.532776   4     13     59  
693.0  11:33:00 42.393677 -72.53277   4     19     46  
693.0  11:33:09 42.393677 -72.53277   3     10     58  
693.0  11:33:17 42.393677 -72.53278   5     18     46  
693.0  11:33:26 42.393684 -72.53282   3     12     52  
693.0  11:33:37 42.393703 -72.532875   4     16     58  
693.0  11:33:48 42.393703 -72.532875   5     13     47  
693.0  11:33:57 42.393703 -72.53289   3     19     47  
694.0  11:34:00 42.393703 -72.53288   4     12     47  
695.0  11:35:00 42.393673 -72.53277   3     16     57  
695.0  11:35:44 42.39366 -72.532745   4     16     40  
695.0  11:35:55 42.39371 -72.532875   3     19     59  
696.0  11:36:00 42.393734 -72.53293   4     17     57  
696.0  11:36:04 42.393738 -72.53294   3     18     53  
696.0  11:36:14 42.39375 -72.53298   4     18     57  
696.0  11:36:22 42.39376 -72.53301   3     15     46  
696.0  11:36:35 42.39375 -72.532974   4     14     48  
696.0  11:36:55 42.393692 -72.532845   3     16     52  
697.0  11:37:00 42.39366 -72.532776   3     18     52  
697.0  11:37:06 42.39366 -72.53278   4     18     52  
697.0  11:37:17 42.39366 -72.53277   5     14     57  
697.0  11:37:28 42.393623 -72.5327   5     14     42  
697.0  11:37:41 42.393673 -72.532814   5     13     45  
697.0  11:37:49 42.393715 -72.53293   5     10     56  
697.0  11:37:58 42.39374 -72.53301   4     19     58  
698.0  11:38:00 42.393745 -72.53303   5     12     50  
698.0  11:38:06 42.39374 -72.53302   3     13     53  
698.0  11:38:16 42.393723 -72.53297   4     13     59  
698.0  11:38:25 42.39366 -72.53282   4     16     51  
698.0  11:38:35 42.393627 -72.532715   5     12     50  
698.0  11:38:44 42.39361 -72.53268   3     16     52  
698.0  11:38:53 42.393623 -72.532715   5     11     50  
699.0  11:39:00 42.393654 -72.532776   4     12     57  
699.0  11:39:02 42.393654 -72.532776   5     15     41  
699.0  11:39:11 42.393692 -72.53287   5     13     48  
699.0  11:39:20 42.393715 -72.53292   3     16     56  
699.0  11:39:32 42.393684 -72.53285   3     18     48  
699.0  11:39:41 42.393677 -72.53282   5     13     54  
699.0  11:39:49 42.39368 -72.53282   5     10     41  
699.0  11:39:57 42.393696 -72.53284   4     19     58  
700.0  11:40:00 42.393696 -72.53284   4     12     55  
700.0  11:40:06 42.393696 -72.53283   3     13     40  
700.0  11:40:15 42.393703 -72.532875   5     18     44  
700.0  11:40:26 42.393684 -72.53286   5     18     47  
700.0  11:40:34 42.393692 -72.532875   3     14     41  
700.0  11:40:43 42.393692 -72.53286   3     11     40  
700.0  11:40:52 42.393673 -72.53279   3     15     43  
701.0  11:41:00 42.39367 -72.5328   3     12     56  
701.0  11:41:01 42.39366 -72.532776   4     11     53  
702.0  11:42:00 42.393696 -72.53286   4     18     47  
702.0  11:42:21 42.39367 -72.53281   3     13     53  
702.0  11:42:45 42.393623 -72.53267   4     13     48  
702.0  11:42:54 42.39365 -72.532745   3     10     46  
703.0  11:43:00 42.393646 -72.53273   3     19     53  
703.0  11:43:02 42.393646 -72.53273   3     12     41  
703.0  11:43:11 42.393658 -72.53276   4     13     57  
703.0  11:43:23 42.39363 -72.5327   4     11     58  
703.0  11:43:32 42.393612 -72.53266   3     17     44  
703.0  11:43:40 42.39362 -72.53269   5     12     46  
703.0  11:43:49 42.393616 -72.5327   4     15     51  
703.0  11:43:58 42.393627 -72.53273   4     13     50  
704.0  11:44:00 42.39364 -72.53277   4     17     59  
704.0  11:44:06 42.39364 -72.53277   5     13     54  
704.0  11:44:18 42.393654 -72.5328   4     16     58  
704.0  11:44:27 42.393642 -72.53277   4     18     51  
704.0  11:44:36 42.393623 -72.53273   5     17     45  
704.0  11:44:45 42.393627 -72.532745   3     14     55  
704.0  11:44:54 42.393635 -72.53276   4     13     52  
705.0  11:45:00 42.39364 -72.532776   3     15     42  
705.0  11:45:03 42.39364 -72.532776   5     12     47  
705.0  11:45:15 42.393673 -72.53287   5     16     47  
705.0  11:45:24 42.39368 -72.53289   3     10     57  
705.0  11:45:32 42.393715 -72.53298   3     15     53  
705.0  11:45:41 42.393715 -72.53298   3     13     50  
705.0  11:45:49 42.39369 -72.5329   4     19     59  
705.0  11:45:57 42.393677 -72.53288   4     18     48  
706.0  11:46:00 42.393677 -72.53285   4     19     50  
706.0  11:46:08 42.393684 -72.532776   4     16     55  
706.0  11:46:17 42.39346 -72.53266   4     19     48  
706.0  11:46:25 42.39333 -72.532486   4     11     56  
706.0  11:46:34 42.39304 -72.532875   3     13     59  
706.0  11:46:43 42.392796 -72.53356   3     10     47  
706.0  11:46:52 42.392647 -72.534134   3     14     48  
707.0  11:47:00 42.39242 -72.53511   3     12     48  
707.0  11:47:03 42.39242 -72.53511   5     14     56  
707.0  11:47:12 42.392437 -72.53598   5     14     48  
707.0  11:47:21 42.39246 -72.5367   5     11     46  
707.0  11:47:29 42.392746 -72.53696   3     13     57  
707.0  11:47:40 42.392387 -72.53664   5     10     58  
707.0  11:47:49 42.39237 -72.536125   4     16     47  
708.0  11:48:00 42.39238 -72.53617   4     10     49  
708.0  11:48:01 42.392376 -72.53615   4     15     49  
708.0  11:48:09 42.39236 -72.53605   4     14     44  
708.0  11:48:18 42.392353 -72.53533   5     11     57  
708.0  11:48:27 42.39251 -72.53444   3     10     55  
708.0  11:48:37 42.392536 -72.534195   4     13     51  
708.0  11:48:47 42.39252 -72.53416   5     11     42  
708.0  11:48:59 42.3926 -72.534004   3     13     54  
709.0  11:49:00 42.39271 -72.53384   3     19     49  
709.0  11:49:08 42.393024 -72.534004   4     18     42  
709.0  11:49:16 42.393738 -72.53425   4     16     47  
709.0  11:49:25 42.394665 -72.53441   3     14     58  
709.0  11:49:34 42.395294 -72.533714   3     18     54  
709.0  11:49:42 42.395477 -72.53268   5     12     49  
710.0  11:50:00 42.395607 -72.530136   5     16     46  
710.0  11:50:12 42.394825 -72.528755   4     15     58  
710.0  11:50:17 42.394764 -72.52806   3     16     53  
710.0  11:50:23 42.394947 -72.52746   3     13     45  
710.0  11:50:31 42.394947 -72.52746   3     18     57  
710.0  11:50:31 42.394844 -72.52763   4     17     41  
710.0  11:50:56 42.39512 -72.52701   4     18     50  
711.0  11:51:00 42.395004 -72.52686   5     10     44  
711.0  11:51:09 42.394638 -72.52667   5     15     41  
711.0  11:51:18 42.394077 -72.52639   3     13     58  
711.0  11:51:27 42.393497 -72.52608   4     11     50  
711.0  11:51:35 42.393406 -72.52602   3     11     55  
711.0  11:51:44 42.39341 -72.52596   5     11     52  
711.0  11:51:53 42.393444 -72.525925   5     15     49  
712.0  11:52:00 42.39344 -72.5259   4     18     49  
712.0  11:52:05 42.39343 -72.5259   5     14     45  
712.0  11:52:14 42.3934 -72.52595   4     16     55  
712.0  11:52:23 42.3929 -72.52574   4     18     51  
712.0  11:52:32 42.39195 -72.52545   4     17     46  
712.0  11:52:42 42.391235 -72.52525   5     13     57  
712.0  11:52:50 42.390873 -72.5253   4     14     56  
713.0  11:53:00 42.3909 -72.52525   5     12     52  
713.0  11:53:34 42.388527 -72.52438   4     13     47  
713.0  11:53:43 42.387936 -72.52401   5     16     53  
713.0  11:53:47 42.390896 -72.52525   4     16     44  
713.0  11:53:54 42.387917 -72.524   3     12     42  
714.0  11:54:00 42.38791 -72.52398   5     11     50  
714.0  11:54:02 42.38791 -72.52398   5     17     53  
714.0  11:54:11 42.387886 -72.52389   3     15     50  
714.0  11:54:20 42.3878 -72.52376   5     10     52  
714.0  11:54:28 42.387688 -72.523636   3     12     44  
714.0  11:54:36 42.387165 -72.52292   4     11     47  
714.0  11:54:48 42.386345 -72.52236   5     17     55  
714.0  11:54:56 42.386017 -72.522385   5     15     45  
715.0  11:55:00 42.385643 -72.52216   4     11     58  
715.0  11:55:04 42.38543 -72.52193   4     12     46  
715.0  11:55:14 42.384605 -72.52145   4     14     45  
715.0  11:55:24 42.38384 -72.52103   4     18     40  
715.0  11:55:39 42.38299 -72.52063   3     16     57  
715.0  11:55:50 42.382824 -72.52046   3     16     41  
715.0  11:55:58 42.38217 -72.51996   4     15     55  
716.0  11:56:00 42.38187 -72.51965   5     17     55  
716.0  11:56:07 42.381718 -72.51948   3     10     50  
716.0  11:56:15 42.38171 -72.519485   4     18     47  
716.0  11:56:23 42.381577 -72.51932   4     17     40  
716.0  11:56:31 42.381565 -72.51926   3     17     58  
716.0  11:56:45 42.382263 -72.51913   3     15     44  
717.0  11:57:00 42.38434 -72.51802   3     12     44  
717.0  11:57:02 42.382263 -72.51913   3     19     51  
717.0  11:57:11 42.38548 -72.51763   4     19     52  
717.0  11:57:20 42.386677 -72.517235   3     17     53  
717.0  11:57:29 42.387737 -72.51701   3     14     56  
717.0  11:57:40 42.388855 -72.51707   3     11     50  
717.0  11:57:48 42.38896 -72.51769   4     15     46  
717.0  11:57:57 42.38896 -72.5177   5     12     51  
718.0  11:58:00 42.388947 -72.51774   4     17     46  
718.0  11:58:06 42.38895 -72.517746   3     14     43  
718.0  11:58:14 42.388947 -72.51775   5     10     45  
718.0  11:58:22 42.388927 -72.51773   3     19     52  
718.0  11:58:32 42.388905 -72.51767   4     12     52  
718.0  11:58:40 42.38891 -72.517654   3     12     52  
718.0  11:58:49 42.38891 -72.51766   4     14     42  
718.0  11:58:57 42.38888 -72.517685   5     11     40  
719.0  11:59:00 42.38887 -72.51769   3     17     51  
719.0  11:59:05 42.38887 -72.5177   3     14     43  
719.0  11:59:14 42.38891 -72.517715   3     16     47  
719.0  11:59:26 42.38891 -72.51772   4     14     55  
719.0  11:59:35 42.388893 -72.51769   5     18     53  
719.0  11:59:43 42.388897 -72.5177   5     19     48  
719.0  11:59:51 42.388943 -72.517715   5     13     48  
719.0  11:59:59 42.38898 -72.5177   5     17     41  
720.0  12:00:00 42.388992 -72.5177   3     19     46  
720.0  12:00:08 42.389015 -72.51769   4     14     50  
720.0  12:00:18 42.389 -72.517685   3     16     43  
720.0  12:00:27 42.388958 -72.51772   4     16     41  
720.0  12:00:35 42.388947 -72.51775   5     17     43  
720.0  12:00:43 42.388977 -72.51772   4     12     57  
720.0  12:00:51 42.388954 -72.517685   3     14     40  
720.0  12:00:59 42.388912 -72.517685   5     13     56  
