600.0  10:00:00 42.32519 -72.53112   5     11     53  
600.0  10:00:00 42.32519 -72.53112   4     12     56  
600.0  10:00:01 42.325306 -72.5311   3     11     56  
600.0  10:00:09 42.325172 -72.531105   4     18     50  
600.0  10:00:20 42.32514 -72.53108   4     18     52  
600.0  10:00:29 42.325153 -72.53108   4     18     49  
600.0  10:00:37 42.325157 -72.53108   4     13     58  
600.0  10:00:45 42.325138 -72.53107   5     17     48  
600.0  10:00:54 42.325127 -72.53105   5     15     58  
601.0  10:01:00 42.32513 -72.53105   4     16     56  
601.0  10:01:03 42.325134 -72.53105   5     12     48  
601.0  10:01:15 42.32508 -72.53114   3     12     48  
601.0  10:01:24 42.32487 -72.53109   3     14     45  
601.0  10:01:33 42.324932 -72.53052   4     11     55  
601.0  10:01:41 42.325077 -72.529816   5     13     42  
601.0  10:01:50 42.32509 -72.52897   3     11     59  
601.0  10:01:58 42.325043 -72.52875   5     17     56  
602.0  10:02:00 42.324696 -72.52871   4     12     52  
602.0  10:02:08 42.324306 -72.52865   4     11     46  
602.0  10:02:17 42.323486 -72.52837   4     17     52  
602.0  10:02:25 42.322594 -72.52879   3     10     42  
602.0  10:02:34 42.322266 -72.52952   3     17     59  
602.0  10:02:43 42.32217 -72.52977   4     16     41  
602.0  10:02:52 42.322075 -72.530075   3     18     45  
603.0  10:03:00 42.321884 -72.53145   4     16     56  
603.0  10:03:03 42.321884 -72.531204   5     16     43  
603.0  10:03:12 42.321777 -72.53225   3     15     49  
603.0  10:03:21 42.321674 -72.53334   3     12     46  
603.0  10:03:30 42.321712 -72.534195   4     19     48  
603.0  10:03:38 42.32129 -72.53431   4     12     44  
603.0  10:03:48 42.32085 -72.53431   4     10     40  
604.0  10:04:00 42.321087 -72.53363   5     17     43  
604.0  10:04:01 42.32099 -72.533615   4     18     41  
604.0  10:04:10 42.321163 -72.533775   4     18     45  
604.0  10:04:19 42.321167 -72.534195   4     18     40  
604.0  10:04:27 42.320766 -72.534325   4     19     58  
604.0  10:04:36 42.320374 -72.53436   4     16     54  
604.0  10:04:45 42.320354 -72.53435   5     17     50  
604.0  10:04:56 42.32025 -72.53306   4     16     55  
605.0  10:05:00 42.32019 -72.53175   5     18     56  
605.0  10:05:05 42.320183 -72.53157   5     19     57  
605.0  10:05:15 42.319996 -72.52994   3     16     41  
605.0  10:05:24 42.31948 -72.528496   3     19     58  
605.0  10:05:32 42.319275 -72.528   5     18     52  
605.0  10:05:40 42.31909 -72.52809   5     15     56  
605.0  10:05:50 42.318344 -72.52896   3     17     45  
605.0  10:05:58 42.317383 -72.5298   5     10     48  
606.0  10:06:00 42.31647 -72.53015   5     19     57  
606.0  10:06:06 42.316147 -72.53024   4     19     55  
606.0  10:06:15 42.31476 -72.53068   4     19     40  
606.0  10:06:24 42.313393 -72.53079   5     16     41  
606.0  10:06:32 42.312153 -72.53038   5     19     51  
606.0  10:06:44 42.310413 -72.52976   5     13     44  
606.0  10:06:53 42.309246 -72.529465   3     18     51  
607.0  10:07:00 42.308067 -72.53017   3     17     55  
607.0  10:07:01 42.30826 -72.529945   4     16     45  
607.0  10:07:10 42.3075 -72.53066   4     17     42  
607.0  10:07:18 42.306618 -72.53059   3     10     56  
607.0  10:07:27 42.30595 -72.52973   3     12     46  
607.0  10:07:39 42.304554 -72.5281   4     11     41  
607.0  10:07:47 42.303307 -72.52759   3     15     54  
608.0  10:08:00 42.300686 -72.52848   5     19     50  
608.0  10:08:09 42.30202 -72.52777   5     15     47  
608.0  10:08:12 42.30202 -72.52777   4     15     55  
608.0  10:08:20 42.29781 -72.53069   3     14     43  
608.0  10:08:31 42.29581 -72.53119   5     11     51  
608.0  10:08:39 42.29431 -72.53125   5     17     54  
608.0  10:08:47 42.292923 -72.5317   5     17     49  
608.0  10:08:56 42.29156 -72.53261   3     16     44  
609.0  10:09:00 42.29027 -72.53349   3     19     55  
609.0  10:09:04 42.29027 -72.53349   3     11     50  
609.0  10:09:12 42.289215 -72.53507   4     19     42  
609.0  10:09:22 42.28855 -72.53723   5     17     56  
609.0  10:09:31 42.287632 -72.53861   4     18     52  
609.0  10:09:39 42.286903 -72.540306   4     19     43  
609.0  10:09:48 42.28627 -72.5419   5     14     45  
609.0  10:09:56 42.285706 -72.54369   4     10     48  
610.0  10:10:00 42.28536 -72.5454   5     16     50  
610.0  10:10:05 42.285324 -72.54562   5     10     49  
610.0  10:10:16 42.28483 -72.547615   3     11     55  
610.0  10:10:24 42.28412 -72.549286   5     15     58  
610.0  10:10:32 42.283516 -72.55078   5     19     43  
610.0  10:10:41 42.28294 -72.55223   3     14     48  
610.0  10:10:49 42.28227 -72.55391   4     17     52  
610.0  10:10:57 42.28168 -72.55541   4     10     49  
611.0  10:11:00 42.28116 -72.55674   5     18     48  
611.0  10:11:08 42.28093 -72.55731   4     10     49  
611.0  10:11:16 42.2803 -72.55886   5     11     56  
611.0  10:11:24 42.2794 -72.559555   4     15     57  
611.0  10:11:32 42.278553 -72.56041   4     12     41  
611.0  10:11:41 42.277863 -72.56177   3     16     43  
611.0  10:11:49 42.277046 -72.56333   5     16     59  
612.0  10:12:00 42.27585 -72.5647   3     12     41  
612.0  10:12:00 42.275253 -72.5649   5     11     54  
612.0  10:12:08 42.274647 -72.56497   5     14     48  
612.0  10:12:16 42.273438 -72.56517   5     16     59  
612.0  10:12:24 42.27228 -72.56542   5     13     41  
612.0  10:12:32 42.27112 -72.56569   5     16     51  
612.0  10:12:41 42.269665 -72.565956   4     11     52  
612.0  10:12:51 42.268192 -72.56665   4     12     58  
612.0  10:12:59 42.267143 -72.56741   4     12     40  
613.0  10:13:00 42.26665 -72.56795   5     15     53  
613.0  10:13:08 42.26647 -72.56836   3     16     53  
613.0  10:13:16 42.2666 -72.570015   3     17     48  
613.0  10:13:24 42.26666 -72.57115   3     13     45  
613.0  10:13:33 42.26613 -72.57169   3     17     49  
613.0  10:13:43 42.264523 -72.57202   4     10     47  
613.0  10:13:53 42.263218 -72.57232   3     11     54  
614.0  10:14:00 42.261597 -72.57271   4     16     47  
614.0  10:14:02 42.26197 -72.57262   3     17     51  
614.0  10:14:12 42.260742 -72.57291   4     12     50  
614.0  10:14:20 42.25991 -72.57373   4     18     44  
614.0  10:14:29 42.259407 -72.57448   4     11     57  
614.0  10:14:39 42.259235 -72.57472   3     13     50  
614.0  10:14:47 42.25914 -72.574814   4     19     55  
614.0  10:14:56 42.258816 -72.574615   4     12     59  
615.0  10:15:00 42.25832 -72.57389   4     16     53  
615.0  10:15:04 42.25832 -72.57389   5     19     55  
615.0  10:15:13 42.258083 -72.57314   3     11     51  
615.0  10:15:22 42.258057 -72.57306   3     14     54  
615.0  10:15:33 42.258007 -72.57291   4     14     57  
615.0  10:15:41 42.258 -72.572914   4     17     59  
615.0  10:15:49 42.257965 -72.57279   3     12     44  
615.0  10:15:57 42.257877 -72.57217   3     16     49  
616.0  10:16:00 42.257748 -72.571915   4     10     50  
616.0  10:16:06 42.25765 -72.57192   3     11     48  
616.0  10:16:20 42.25708 -72.57209   3     15     40  
616.0  10:16:31 42.25614 -72.57223   4     16     47  
616.0  10:16:40 42.25557 -72.572525   5     18     48  
616.0  10:16:48 42.25486 -72.573   4     13     51  
616.0  10:16:57 42.254353 -72.57358   4     11     55  
617.0  10:17:00 42.254227 -72.57404   3     17     57  
617.0  10:17:39 42.254173 -72.57419   3     15     44  
617.0  10:17:50 42.254166 -72.574234   3     11     49  
617.0  10:17:58 42.25416 -72.57423   3     13     54  
618.0  10:18:00 42.254158 -72.5742   4     13     48  
618.0  10:18:07 42.254154 -72.574196   3     10     43  
618.0  10:18:15 42.25412 -72.57423   5     10     52  
618.0  10:18:23 42.2541 -72.57421   3     19     58  
618.0  10:18:32 42.25412 -72.5742   4     18     52  
619.0  10:19:00 42.25417 -72.57419   3     11     46  
619.0  10:19:17 42.254154 -72.57419   3     15     58  
619.0  10:19:24 42.254166 -72.57422   4     11     49  
619.0  10:19:28 42.25414 -72.57421   3     10     40  
619.0  10:19:35 42.254208 -72.57425   4     10     59  
619.0  10:19:44 42.254208 -72.574234   5     12     44  
619.0  10:19:52 42.254208 -72.57423   3     13     43  
620.0  10:20:00 42.25419 -72.574234   4     15     53  
620.0  10:20:01 42.2542 -72.57423   4     10     41  
620.0  10:20:10 42.2542 -72.57425   3     13     53  
620.0  10:20:18 42.254204 -72.57425   4     18     51  
620.0  10:20:29 42.254185 -72.57421   5     19     54  
620.0  10:20:37 42.25398 -72.57439   4     11     42  
620.0  10:20:46 42.25354 -72.574615   5     16     50  
620.0  10:20:54 42.253666 -72.57526   3     13     50  
621.0  10:21:00 42.253933 -72.576096   5     12     58  
621.0  10:21:03 42.25392 -72.57602   3     17     59  
621.0  10:21:12 42.253937 -72.57637   3     15     45  
621.0  10:21:22 42.25393 -72.576385   3     12     56  
621.0  10:21:30 42.253937 -72.57641   4     16     45  
621.0  10:21:39 42.254078 -72.57694   4     14     47  
621.0  10:21:47 42.254147 -72.577156   3     10     57  
621.0  10:21:55 42.254166 -72.57719   3     18     46  
622.0  10:22:00 42.254204 -72.57726   3     15     58  
622.0  10:22:04 42.254204 -72.57726   4     14     50  
622.0  10:22:15 42.25498 -72.57699   5     15     44  
622.0  10:22:24 42.255905 -72.57658   5     18     49  
622.0  10:22:32 42.256405 -72.57637   5     14     45  
622.0  10:22:41 42.25693 -72.5762   5     16     57  
622.0  10:22:49 42.257504 -72.57597   5     10     54  
622.0  10:22:57 42.25765 -72.575935   3     14     42  
623.0  10:23:00 42.25763 -72.57596   4     14     56  
623.0  10:23:07 42.25761 -72.575966   5     19     49  
623.0  10:23:15 42.258015 -72.57585   4     17     55  
623.0  10:23:28 42.258736 -72.57518   5     12     54  
623.0  10:23:36 42.259697 -72.57406   3     16     48  
623.0  10:23:44 42.26044 -72.57309   5     13     40  
623.0  10:23:53 42.261406 -72.57272   4     11     49  
624.0  10:24:00 42.263134 -72.57231   4     18     40  
624.0  10:24:04 42.263134 -72.57231   5     19     53  
624.0  10:24:12 42.2643 -72.57203   5     10     43  
624.0  10:24:20 42.265614 -72.57173   3     19     56  
624.0  10:24:28 42.26646 -72.57151   5     14     54  
624.0  10:24:37 42.26668 -72.57047   3     12     44  
624.0  10:24:45 42.266544 -72.569145   4     19     54  
624.0  10:24:55 42.2668 -72.56773   4     14     57  
625.0  10:25:00 42.267895 -72.56682   3     19     40  
625.0  10:25:03 42.267765 -72.5669   3     12     41  
625.0  10:25:11 42.268967 -72.56619   5     16     56  
625.0  10:25:20 42.270164 -72.56592   4     18     57  
625.0  10:25:29 42.271458 -72.565735   4     10     40  
625.0  10:25:37 42.27287 -72.5654   3     10     43  
625.0  10:25:47 42.27438 -72.565025   3     16     43  
625.0  10:25:56 42.275734 -72.56475   5     18     58  
626.0  10:26:00 42.27685 -72.563835   4     19     41  
626.0  10:26:04 42.27685 -72.563835   4     18     48  
626.0  10:26:12 42.277607 -72.56235   3     18     45  
626.0  10:26:20 42.278316 -72.56086   4     10     53  
626.0  10:26:29 42.279163 -72.559525   3     11     51  
626.0  10:26:39 42.28033 -72.55874   4     19     53  
626.0  10:26:48 42.28087 -72.557495   5     13     42  
626.0  10:26:56 42.281517 -72.555885   4     13     50  
627.0  10:27:00 42.282112 -72.554405   4     19     51  
627.0  10:27:05 42.282112 -72.554405   4     19     56  
627.0  10:27:13 42.28279 -72.5527   4     19     44  
627.0  10:27:21 42.283394 -72.55114   3     19     53  
627.0  10:27:31 42.284176 -72.549225   3     18     52  
627.0  10:27:40 42.284813 -72.54767   4     18     53  
627.0  10:27:48 42.285343 -72.545815   3     17     41  
627.0  10:27:56 42.28564 -72.544075   4     12     46  
628.0  10:28:00 42.285995 -72.54265   3     10     42  
628.0  10:28:05 42.28606 -72.54245   3     12     47  
628.0  10:28:13 42.286743 -72.540764   5     13     55  
628.0  10:28:23 42.28752 -72.53887   4     10     47  
628.0  10:28:32 42.28829 -72.537674   5     12     57  
628.0  10:28:40 42.288975 -72.536224   4     12     48  
628.0  10:28:48 42.289352 -72.53474   3     16     42  
629.0  10:29:00 42.290173 -72.53348   5     12     46  
629.0  10:29:00 42.2913 -72.532684   3     16     40  
629.0  10:29:08 42.292053 -72.532196   4     15     48  
629.0  10:29:18 42.29363 -72.5313   3     10     49  
629.0  10:29:26 42.29505 -72.53113   4     15     48  
629.0  10:29:35 42.296497 -72.53109   5     12     43  
629.0  10:29:43 42.29795 -72.53058   4     15     59  
629.0  10:29:51 42.299225 -72.52963   4     14     47  
629.0  10:29:59 42.3005 -72.52869   4     19     42  
630.0  10:30:00 42.30102 -72.52832   5     10     43  
630.0  10:30:10 42.301815 -72.527885   5     17     55  
630.0  10:30:18 42.30315 -72.52762   3     15     45  
630.0  10:30:31 42.304234 -72.52794   5     16     47  
630.0  10:30:39 42.305817 -72.52935   3     10     46  
630.0  10:30:48 42.306526 -72.53032   3     18     40  
630.0  10:30:56 42.307224 -72.53081   4     18     46  
631.0  10:31:00 42.30791 -72.53053   5     19     44  
631.0  10:31:06 42.30808 -72.53035   4     11     53  
631.0  10:31:14 42.30888 -72.529526   5     18     47  
631.0  10:31:23 42.310215 -72.52974   4     10     55  
631.0  10:31:31 42.311623 -72.53023   4     16     48  
631.0  10:31:39 42.313046 -72.53068   4     17     53  
631.0  10:31:48 42.31457 -72.5308   4     16     50  
632.0  10:32:00 42.317196 -72.529884   4     10     50  
632.0  10:32:02 42.316402 -72.53018   3     10     46  
632.0  10:32:10 42.31798 -72.52936   3     19     44  
632.0  10:32:18 42.318775 -72.528534   4     16     43  
632.0  10:32:26 42.319206 -72.52798   4     14     57  
632.0  10:32:35 42.31948 -72.52832   5     17     46  
632.0  10:32:43 42.319958 -72.52961   5     18     50  
632.0  10:32:54 42.320225 -72.531456   4     19     57  
633.0  10:33:00 42.320267 -72.53327   5     14     52  
633.0  10:33:52 42.321102 -72.533646   4     18     40  
634.0  10:34:00 42.32114 -72.534195   3     11     50  
634.0  10:34:02 42.321133 -72.53414   3     19     42  
634.0  10:34:10 42.32133 -72.534256   5     16     42  
634.0  10:34:18 42.3217 -72.53421   3     19     58  
634.0  10:34:27 42.32173 -72.533745   3     13     51  
634.0  10:34:35 42.321705 -72.53265   4     11     42  
634.0  10:34:43 42.321884 -72.53161   4     17     48  
634.0  10:34:53 42.32195 -72.530304   5     10     49  
635.0  10:35:00 42.322098 -72.52983   5     11     40  
635.0  10:35:02 42.322098 -72.52984   5     13     48  
635.0  10:35:10 42.322067 -72.52986   5     18     47  
635.0  10:35:19 42.32204 -72.52987   3     13     50  
635.0  10:35:27 42.322155 -72.5296   5     13     44  
635.0  10:35:36 42.322594 -72.52877   5     10     50  
635.0  10:35:46 42.32362 -72.528366   4     16     51  
635.0  10:35:54 42.32457 -72.52867   4     11     59  
636.0  10:36:00 42.325127 -72.5287   4     18     56  
636.0  10:36:03 42.32514 -72.528694   4     16     50  
636.0  10:36:11 42.325176 -72.5291   3     19     42  
636.0  10:36:19 42.325134 -72.530106   5     16     54  
636.0  10:36:27 42.325275 -72.530785   4     18     47  
636.0  10:36:38 42.325256 -72.530975   4     15     42  
636.0  10:36:46 42.325237 -72.53097   4     15     41  
636.0  10:36:55 42.3252 -72.53098   5     11     45  
637.0  10:37:00 42.32518 -72.53098   5     18     49  
637.0  10:37:03 42.32518 -72.53098   4     14     58  
637.0  10:37:11 42.32519 -72.531   3     18     49  
637.0  10:37:20 42.32519 -72.53101   4     17     47  
637.0  10:37:32 42.325207 -72.530975   5     19     43  
637.0  10:37:40 42.325207 -72.530975   5     13     58  
637.0  10:37:49 42.325188 -72.530975   5     11     44  
637.0  10:37:58 42.32518 -72.53096   4     10     57  
638.0  10:38:00 42.32517 -72.53093   4     15     42  
638.0  10:38:06 42.325157 -72.53093   4     19     53  
638.0  10:38:16 42.325146 -72.53093   4     11     45  
638.0  10:38:27 42.325146 -72.53093   5     16     40  
638.0  10:38:36 42.32514 -72.53092   4     16     46  
638.0  10:38:45 42.325153 -72.530914   3     16     43  
638.0  10:38:53 42.325172 -72.53092   5     15     53  
639.0  10:39:00 42.325195 -72.53092   3     14     50  
639.0  10:39:02 42.32519 -72.53092   3     12     45  
639.0  10:39:10 42.325207 -72.53092   3     15     49  
639.0  10:39:20 42.32521 -72.530914   5     16     57  
639.0  10:39:29 42.325207 -72.5309   5     18     57  
639.0  10:39:37 42.325203 -72.53088   4     13     51  
639.0  10:39:46 42.32526 -72.53092   3     19     49  
639.0  10:39:54 42.3253 -72.53093   3     16     43  
640.0  10:40:00 42.325302 -72.53093   5     16     54  
640.0  10:40:02 42.325302 -72.53093   4     13     49  
640.0  10:40:12 42.325302 -72.53092   3     11     56  
640.0  10:40:20 42.3253 -72.53091   5     19     57  
640.0  10:40:29 42.3253 -72.53092   3     17     59  
640.0  10:40:37 42.325306 -72.53094   4     19     46  
640.0  10:40:45 42.325268 -72.530975   5     18     50  
640.0  10:40:54 42.325184 -72.53106   4     11     41  
641.0  10:41:00 42.324947 -72.53114   4     10     48  
641.0  10:41:03 42.324947 -72.53114   3     10     44  
641.0  10:41:12 42.32493 -72.53068   3     15     53  
641.0  10:41:20 42.325073 -72.530136   3     18     44  
641.0  10:41:29 42.325085 -72.529205   3     10     46  
642.0  10:42:00 42.32396 -72.5267   5     15     54  
642.0  10:42:13 42.323338 -72.52587   4     19     54  
642.0  10:42:23 42.32509 -72.52887   4     15     45  
642.0  10:42:24 42.32327 -72.52483   5     19     48  
642.0  10:42:32 42.323303 -72.52472   4     19     43  
642.0  10:42:41 42.323997 -72.524605   5     19     44  
642.0  10:42:50 42.325294 -72.52449   3     17     55  
642.0  10:42:59 42.326843 -72.524345   3     19     52  
643.0  10:43:00 42.32775 -72.52426   5     12     41  
643.0  10:43:08 42.328503 -72.52418   4     13     59  
643.0  10:43:19 42.330555 -72.523895   3     18     46  
643.0  10:43:28 42.33219 -72.52367   5     16     49  
643.0  10:43:36 42.333794 -72.52346   3     18     55  
643.0  10:43:44 42.33505 -72.52319   3     18     58  
643.0  10:43:53 42.33656 -72.52243   5     19     52  
644.0  10:44:00 42.33825 -72.5211   4     12     49  
644.0  10:44:01 42.337757 -72.52144   4     18     49  
644.0  10:44:12 42.33942 -72.52039   3     19     43  
644.0  10:44:20 42.34027 -72.520065   4     16     42  
644.0  10:44:29 42.340763 -72.51991   5     19     56  
644.0  10:44:37 42.34078 -72.519966   3     14     54  
644.0  10:44:45 42.3408 -72.51998   3     14     42  
644.0  10:44:54 42.34114 -72.51997   5     10     48  
645.0  10:45:00 42.342476 -72.52008   4     16     41  
645.0  10:45:04 42.342476 -72.52008   5     18     58  
645.0  10:45:12 42.343807 -72.52042   4     16     49  
645.0  10:45:20 42.34516 -72.52047   5     14     53  
645.0  10:45:49 42.347458 -72.52017   5     16     49  
645.0  10:45:54 42.34746 -72.520164   3     18     46  
645.0  10:45:59 42.34746 -72.52016   3     18     44  
646.0  10:46:00 42.34749 -72.52016   4     12     51  
646.0  10:46:05 42.34746 -72.520164   3     19     57  
646.0  10:46:08 42.34756 -72.520164   3     13     55  
646.0  10:46:19 42.349102 -72.5199   5     11     58  
646.0  10:46:29 42.350384 -72.51988   3     17     53  
646.0  10:46:38 42.351196 -72.52014   3     17     53  
646.0  10:46:46 42.35245 -72.5207   3     12     51  
646.0  10:46:55 42.35399 -72.52059   5     16     52  
646.0  10:46:58 42.346523 -72.52043   4     18     44  
647.0  10:47:00 42.355446 -72.520805   3     13     46  
647.0  10:47:06 42.35577 -72.52087   4     17     53  
647.0  10:47:15 42.357304 -72.52093   5     12     41  
647.0  10:47:24 42.358788 -72.52086   3     15     41  
647.0  10:47:32 42.36013 -72.5208   4     18     59  
647.0  10:47:40 42.3617 -72.520775   4     19     41  
647.0  10:47:51 42.363064 -72.520775   3     14     43  
648.0  10:48:00 42.365654 -72.520424   4     11     54  
648.0  10:48:02 42.365314 -72.520485   4     17     41  
648.0  10:48:11 42.36687 -72.520226   3     12     56  
648.0  10:48:19 42.36804 -72.52006   5     10     59  
648.0  10:48:28 42.369255 -72.51992   3     16     57  
648.0  10:48:38 42.37047 -72.51979   3     12     49  
648.0  10:48:47 42.37164 -72.51975   4     11     48  
648.0  10:48:59 42.37232 -72.5196   4     11     46  
649.0  10:49:00 42.372204 -72.51936   3     17     53  
649.0  10:49:07 42.372128 -72.51913   4     18     46  
649.0  10:49:16 42.372307 -72.5188   4     15     58  
649.0  10:49:24 42.372814 -72.51884   4     15     51  
649.0  10:49:33 42.37293 -72.51887   5     17     55  
649.0  10:49:41 42.372906 -72.51889   5     19     43  
649.0  10:49:52 42.37292 -72.51889   3     18     48  
650.0  10:50:00 42.372925 -72.51888   3     12     59  
650.0  10:50:00 42.37294 -72.518875   4     13     57  
650.0  10:50:08 42.372948 -72.51888   3     18     42  
650.0  10:50:57 42.37459 -72.5198   3     18     42  
651.0  10:51:00 42.374657 -72.51978   5     19     50  
651.0  10:51:02 42.37311 -72.518906   5     11     49  
651.0  10:51:11 42.37463 -72.51977   4     14     45  
651.0  10:51:19 42.374695 -72.519745   5     17     55  
651.0  10:51:27 42.375164 -72.51978   3     15     49  
651.0  10:51:36 42.37538 -72.51981   4     15     52  
651.0  10:51:44 42.37538 -72.519806   4     11     57  
651.0  10:51:53 42.375374 -72.51982   4     17     53  
652.0  10:52:00 42.375362 -72.51984   5     11     58  
652.0  10:52:05 42.375362 -72.51984   5     10     41  
652.0  10:52:13 42.375355 -72.51984   3     14     40  
652.0  10:52:21 42.37545 -72.51983   5     14     49  
652.0  10:52:30 42.375893 -72.51983   3     18     44  
652.0  10:52:38 42.376514 -72.51985   4     10     48  
652.0  10:52:47 42.37691 -72.51989   3     12     46  
652.0  10:52:58 42.377277 -72.519875   3     13     51  
653.0  10:53:00 42.37733 -72.519875   4     14     44  
653.0  10:53:06 42.37734 -72.519875   4     14     56  
653.0  10:53:19 42.377346 -72.51987   3     10     53  
653.0  10:53:27 42.37758 -72.5199   3     18     41  
653.0  10:53:37 42.37816 -72.519905   4     12     56  
653.0  10:53:49 42.37912 -72.51983   3     19     58  
653.0  10:53:58 42.37976 -72.51953   4     17     55  
654.0  10:54:00 42.379814 -72.51951   5     10     46  
654.0  10:54:06 42.37981 -72.51951   4     11     55  
654.0  10:54:14 42.379814 -72.51947   5     14     54  
654.0  10:54:23 42.380287 -72.51938   3     11     47  
654.0  10:54:32 42.381138 -72.51931   3     13     43  
654.0  10:54:44 42.381325 -72.51929   3     17     40  
654.0  10:54:53 42.38138 -72.5193   4     17     48  
655.0  10:55:00 42.38183 -72.51958   4     15     54  
655.0  10:55:02 42.38173 -72.51945   5     13     51  
655.0  10:55:10 42.38241 -72.52016   5     10     43  
655.0  10:55:19 42.38299 -72.520546   3     13     43  
655.0  10:55:27 42.38311 -72.520584   3     11     48  
655.0  10:55:38 42.383327 -72.520706   5     12     52  
655.0  10:55:46 42.384144 -72.52119   4     13     56  
655.0  10:55:55 42.38496 -72.52164   3     19     56  
656.0  10:56:00 42.385647 -72.52199   4     16     48  
656.0  10:56:03 42.385647 -72.52199   3     13     47  
656.0  10:56:16 42.38583 -72.5222   3     19     55  
656.0  10:56:24 42.38583 -72.52223   3     19     47  
656.0  10:56:35 42.385975 -72.522514   5     18     43  
656.0  10:56:44 42.386074 -72.52331   5     17     51  
656.0  10:56:53 42.386 -72.52364   3     17     45  
657.0  10:57:00 42.38599 -72.52376   5     13     48  
657.0  10:57:01 42.38599 -72.52374   5     11     56  
657.0  10:57:10 42.385986 -72.523766   3     12     55  
657.0  10:57:19 42.385937 -72.52396   3     10     48  
657.0  10:57:31 42.385887 -72.524185   3     14     49  
657.0  10:57:40 42.385853 -72.52442   5     15     55  
657.0  10:57:48 42.385784 -72.52472   4     14     54  
657.0  10:57:56 42.385735 -72.524864   4     10     59  
658.0  10:58:00 42.385704 -72.52493   5     19     42  
658.0  10:58:04 42.385704 -72.52493   4     10     55  
658.0  10:58:20 42.385727 -72.52515   4     15     44  
658.0  10:58:32 42.385963 -72.52526   5     12     53  
658.0  10:58:44 42.386185 -72.52534   5     13     56  
658.0  10:58:52 42.386543 -72.525475   4     11     50  
659.0  10:59:00 42.38705 -72.52571   5     17     55  
659.0  10:59:01 42.386887 -72.525635   5     15     50  
659.0  10:59:12 42.387264 -72.52598   4     10     48  
659.0  10:59:24 42.3871 -72.526436   5     13     55  
659.0  10:59:36 42.387096 -72.52643   3     11     53  
659.0  10:59:45 42.387108 -72.526436   5     10     52  
659.0  10:59:54 42.3871 -72.52643   4     13     57  
660.0  11:00:00 42.387108 -72.52643   5     14     58  
660.0  11:00:03 42.387108 -72.526436   3     19     46  
660.0  11:00:17 42.387108 -72.526436   5     10     49  
660.0  11:00:27 42.387123 -72.52641   4     15     45  
660.0  11:00:36 42.38712 -72.526405   4     16     52  
660.0  11:00:45 42.38713 -72.526405   3     17     43  
660.0  11:00:53 42.38715 -72.52643   3     14     57  
661.0  11:01:00 42.38715 -72.52645   4     18     47  
661.0  11:01:02 42.38715 -72.52644   4     12     45  
661.0  11:01:11 42.38715 -72.526474   4     14     54  
661.0  11:01:21 42.38714 -72.52648   5     17     46  
661.0  11:01:30 42.387127 -72.5265   4     17     54  
661.0  11:01:38 42.38713 -72.52649   3     19     42  
661.0  11:01:47 42.387142 -72.52648   3     13     46  
661.0  11:01:56 42.38714 -72.52644   3     10     48  
662.0  11:02:00 42.38689 -72.52637   4     15     42  
662.0  11:02:05 42.386814 -72.52634   3     18     41  
662.0  11:02:16 42.38601 -72.526024   3     10     59  
662.0  11:02:25 42.385593 -72.52584   5     10     40  
662.0  11:02:34 42.38547 -72.52581   3     10     51  
662.0  11:02:43 42.385315 -72.52576   4     16     46  
662.0  11:02:52 42.385277 -72.5255   3     19     53  
663.0  11:03:00 42.385628 -72.524055   3     10     40  
663.0  11:03:01 42.38551 -72.52455   3     14     56  
663.0  11:03:13 42.385826 -72.52322   3     15     55  
663.0  11:03:22 42.385704 -72.52211   5     13     49  
663.0  11:03:31 42.384773 -72.52151   4     14     48  
663.0  11:03:39 42.383804 -72.52097   4     16     53  
663.0  11:03:47 42.382984 -72.52054   3     12     58  
663.0  11:03:55 42.38219 -72.51998   3     16     47  
664.0  11:04:00 42.381584 -72.51937   3     13     55  
664.0  11:04:07 42.381573 -72.519356   4     14     55  
664.0  11:04:18 42.381172 -72.51927   4     13     50  
664.0  11:04:28 42.38009 -72.51947   3     19     44  
664.0  11:04:37 42.37933 -72.51977   4     10     55  
664.0  11:04:46 42.378757 -72.51996   5     10     43  
664.0  11:04:56 42.378063 -72.51997   4     11     53  
665.0  11:05:00 42.377876 -72.519966   3     11     52  
665.0  11:05:04 42.377876 -72.519966   3     12     47  
665.0  11:05:17 42.377857 -72.51996   5     13     55  
665.0  11:05:26 42.377865 -72.519966   4     17     54  
665.0  11:05:34 42.37785 -72.519966   4     10     41  
665.0  11:05:43 42.3778 -72.51995   5     16     44  
665.0  11:05:55 42.377632 -72.51995   4     11     52  
666.0  11:06:00 42.37763 -72.51996   5     18     40  
666.0  11:06:04 42.37763 -72.51996   3     19     59  
666.0  11:06:12 42.37729 -72.519966   3     14     49  
666.0  11:06:21 42.376423 -72.51996   3     16     47  
666.0  11:06:30 42.37614 -72.51995   3     14     43  
666.0  11:06:38 42.376156 -72.519905   5     19     53  
666.0  11:06:50 42.376183 -72.51987   5     16     47  
666.0  11:06:59 42.376194 -72.51986   4     16     49  
667.0  11:07:00 42.376194 -72.51986   5     11     45  
667.0  11:07:08 42.376194 -72.51985   3     13     51  
667.0  11:07:17 42.375996 -72.51988   4     16     56  
667.0  11:07:25 42.37564 -72.5199   5     14     49  
667.0  11:07:34 42.37517 -72.51984   3     15     47  
667.0  11:07:47 42.374588 -72.51983   3     13     53  
667.0  11:07:56 42.374413 -72.519875   5     19     40  
668.0  11:08:00 42.374428 -72.51987   3     10     42  
668.0  11:08:05 42.37442 -72.51987   4     17     42  
668.0  11:08:14 42.373764 -72.519775   3     12     43  
668.0  11:08:22 42.372875 -72.51978   5     19     53  
668.0  11:08:31 42.372284 -72.51974   4     13     54  
668.0  11:08:42 42.37211 -72.51919   4     12     40  
668.0  11:08:51 42.372246 -72.51875   5     12     47  
668.0  11:08:59 42.372707 -72.518814   5     10     46  
669.0  11:09:00 42.37298 -72.5188   3     14     46  
669.0  11:09:08 42.373085 -72.518814   5     14     48  
669.0  11:09:16 42.373123 -72.51884   5     14     56  
669.0  11:09:25 42.373146 -72.518814   3     12     52  
669.0  11:09:35 42.37317 -72.5188   5     11     53  
669.0  11:09:44 42.37318 -72.5188   4     11     50  
669.0  11:09:52 42.37319 -72.51878   5     11     53  
670.0  11:10:00 42.373184 -72.51878   5     11     59  
670.0  11:10:03 42.373188 -72.51878   5     19     49  
670.0  11:10:11 42.37319 -72.51879   3     11     44  
670.0  11:10:20 42.3732 -72.518814   5     15     42  
670.0  11:10:31 42.373215 -72.51886   3     14     52  
670.0  11:10:39 42.373184 -72.51886   3     14     48  
670.0  11:10:47 42.373173 -72.51885   4     15     58  
670.0  11:10:55 42.373165 -72.518845   4     13     53  
671.0  11:11:00 42.373154 -72.51886   3     16     46  
671.0  11:11:04 42.373154 -72.51886   3     10     56  
671.0  11:11:13 42.37315 -72.51884   4     15     58  
671.0  11:11:23 42.373173 -72.51887   3     16     54  
671.0  11:11:31 42.373276 -72.51924   4     18     53  
671.0  11:11:40 42.373238 -72.51967   3     12     41  
671.0  11:11:50 42.37319 -72.519714   5     14     46  
671.0  11:11:58 42.372597 -72.51979   4     18     46  
672.0  11:12:00 42.371902 -72.51977   5     11     51  
672.0  11:12:08 42.371525 -72.51977   4     14     41  
672.0  11:12:19 42.369675 -72.519875   4     12     52  
672.0  11:12:27 42.36844 -72.520035   3     14     56  
672.0  11:12:36 42.367126 -72.520195   5     13     46  
672.0  11:12:49 42.365307 -72.52049   5     19     46  
672.0  11:12:57 42.364033 -72.52069   4     16     50  
673.0  11:13:00 42.36286 -72.52075   3     16     46  
673.0  11:13:05 42.362526 -72.52075   5     15     48  
673.0  11:13:16 42.360817 -72.52079   5     14     52  
673.0  11:13:25 42.35942 -72.52081   5     11     43  
673.0  11:13:33 42.35791 -72.52089   3     19     52  
673.0  11:13:42 42.35675 -72.520966   5     17     43  
673.0  11:13:50 42.355873 -72.52094   3     14     40  
673.0  11:13:58 42.35575 -72.52095   4     17     40  
674.0  11:14:00 42.355293 -72.52084   4     16     53  
674.0  11:14:11 42.3546 -72.52069   5     10     53  
674.0  11:14:20 42.353065 -72.520615   3     18     48  
674.0  11:14:28 42.351917 -72.52055   3     14     41  
674.0  11:14:37 42.350616 -72.52   4     17     54  
674.0  11:14:45 42.34934 -72.51993   5     12     54  
674.0  11:14:54 42.34778 -72.52014   3     15     42  
675.0  11:15:00 42.346813 -72.52043   3     12     43  
675.0  11:15:04 42.34675 -72.52045   5     12     42  
675.0  11:15:14 42.346195 -72.52043   3     14     50  
675.0  11:15:22 42.3452 -72.52043   5     17     58  
675.0  11:15:31 42.34377 -72.52041   5     10     59  
675.0  11:15:40 42.342525 -72.52007   3     19     45  
675.0  11:15:48 42.34124 -72.519905   3     13     41  
675.0  11:15:59 42.340317 -72.520134   4     15     57  
676.0  11:16:00 42.3403 -72.520134   3     10     50  
676.0  11:16:07 42.340317 -72.52013   3     10     58  
676.0  11:16:15 42.340324 -72.52013   3     14     47  
676.0  11:16:23 42.340206 -72.52013   4     17     44  
676.0  11:16:32 42.339867 -72.520226   3     13     44  
676.0  11:16:40 42.338882 -72.520744   5     17     42  
676.0  11:16:51 42.337307 -72.52175   5     14     49  
676.0  11:16:59 42.336258 -72.52263   3     19     58  
677.0  11:17:00 42.33557 -72.522995   3     10     48  
677.0  11:17:08 42.335125 -72.523155   5     15     47  
677.0  11:17:16 42.33378 -72.52347   5     19     56  
677.0  11:17:25 42.332195 -72.523636   5     17     43  
677.0  11:17:33 42.33066 -72.52389   3     18     52  
677.0  11:17:43 42.328545 -72.524185   5     10     40  
677.0  11:17:52 42.327084 -72.524376   5     14     49  
678.0  11:18:00 42.32515 -72.524574   4     15     40  
678.0  11:18:01 42.325775 -72.52448   5     16     54  
678.0  11:18:09 42.324383 -72.52467   3     13     40  
678.0  11:18:18 42.323536 -72.52478   5     10     53  
678.0  11:18:27 42.323296 -72.52513   3     13     54  
678.0  11:18:38 42.323532 -72.52626   4     14     48  
678.0  11:18:46 42.324047 -72.52677   5     14     45  
678.0  11:18:55 42.324566 -72.527   3     19     56  
679.0  11:19:00 42.325073 -72.52756   3     15     53  
679.0  11:19:03 42.325043 -72.52748   4     11     46  
679.0  11:19:11 42.325172 -72.52815   5     19     57  
679.0  11:19:20 42.32516 -72.52857   4     16     55  
679.0  11:19:30 42.325146 -72.52947   3     18     44  
680.0  11:20:00 42.3253 -72.53116   3     19     53  
680.0  11:20:43 42.325314 -72.53108   3     18     45  
680.0  11:20:49 42.3253 -72.53107   4     10     46  
680.0  11:20:56 42.3253 -72.53107   5     12     58  
681.0  11:21:00 42.325306 -72.53108   5     12     43  
681.0  11:21:07 42.325314 -72.531075   3     13     55  
681.0  11:21:16 42.32532 -72.53108   3     11     43  
681.0  11:21:24 42.325314 -72.531075   5     15     58  
681.0  11:21:32 42.3253 -72.53103   3     15     51  
691.0  11:31:14 42.325268 -72.53107   3     15     52  
691.0  11:31:26 42.324947 -72.531   3     17     48  
691.0  11:31:39 42.32508 -72.53026   3     14     40  
691.0  11:31:51 42.32511 -72.529076   3     16     50  
692.0  11:32:56 42.322193 -72.529755   3     10     47  
693.0  11:33:00 42.32214 -72.52995   4     13     59  
693.0  11:33:06 42.322132 -72.529976   4     16     41  
693.0  11:33:15 42.32197 -72.530426   5     18     41  
693.0  11:33:24 42.321854 -72.53125   5     12     49  
693.0  11:33:32 42.321766 -72.53228   5     17     48  
693.0  11:33:41 42.321697 -72.53318   5     18     46  
693.0  11:33:49 42.321728 -72.53406   3     18     59  
694.0  11:34:00 42.321365 -72.53427   5     12     47  
694.0  11:34:00 42.32106 -72.53429   5     18     42  
694.0  11:34:08 42.320812 -72.53422   3     19     43  
694.0  11:34:17 42.320812 -72.533676   5     15     41  
694.0  11:34:25 42.32108 -72.533615   5     10     53  
694.0  11:34:33 42.321148 -72.53407   3     10     52  
694.0  11:34:42 42.321083 -72.53429   5     12     48  
694.0  11:34:53 42.320393 -72.53437   3     13     45  
695.0  11:35:00 42.32026 -72.534096   4     18     59  
695.0  11:35:02 42.320293 -72.53424   3     15     40  
695.0  11:35:14 42.320244 -72.53311   3     18     57  
695.0  11:35:22 42.32017 -72.530945   5     14     49  
695.0  11:35:30 42.31995 -72.529625   4     17     40  
695.0  11:35:38 42.319534 -72.52854   5     15     55  
695.0  11:35:49 42.31929 -72.527985   3     18     50  
695.0  11:35:58 42.319035 -72.52819   4     14     49  
696.0  11:36:00 42.31866 -72.52863   3     18     42  
696.0  11:36:06 42.318363 -72.52893   5     15     54  
696.0  11:36:15 42.317284 -72.52983   3     15     42  
696.0  11:36:24 42.315926 -72.53031   5     13     47  
696.0  11:36:32 42.314423 -72.53079   5     17     55  
696.0  11:36:43 42.312748 -72.53059   4     15     46  
696.0  11:36:51 42.31131 -72.53015   4     16     55  
697.0  11:37:00 42.310074 -72.529755   3     10     55  
697.0  11:37:00 42.30949 -72.52953   5     19     40  
697.0  11:37:08 42.30877 -72.52954   4     11     43  
697.0  11:37:16 42.307785 -72.53036   5     14     40  
697.0  11:37:24 42.306747 -72.53064   3     12     49  
697.0  11:37:36 42.306 -72.52984   4     13     44  
697.0  11:37:51 42.30473 -72.52829   4     19     45  
698.0  11:38:00 42.30394 -72.52785   5     13     57  
698.0  11:38:00 42.30355 -72.5277   3     11     55  
698.0  11:38:14 42.30299 -72.527626   3     14     58  
698.0  11:38:25 42.30055 -72.52862   4     14     59  
698.0  11:38:33 42.299366 -72.52947   5     15     44  
698.0  11:38:41 42.2979 -72.53062   4     13     41  
698.0  11:38:50 42.296513 -72.53115   4     11     41  
698.0  11:38:58 42.295055 -72.531204   5     13     52  
699.0  11:39:00 42.294064 -72.53126   4     12     57  
699.0  11:39:07 42.293583 -72.531364   5     11     55  
699.0  11:39:17 42.292046 -72.53225   5     18     47  
700.0  11:40:00 42.287243 -72.53956   3     17     57  
700.0  11:40:08 42.286785 -72.540665   4     10     43  
700.0  11:40:13 42.28634 -72.54179   4     19     53  
700.0  11:40:14 42.286495 -72.54142   4     19     59  
700.0  11:40:24 42.285763 -72.54352   4     16     57  
700.0  11:40:33 42.285427 -72.54519   5     17     54  
700.0  11:40:41 42.285145 -72.54684   3     18     49  
700.0  11:40:49 42.28451 -72.54838   4     10     46  
700.0  11:40:57 42.28379 -72.55013   5     18     50  
701.0  11:41:00 42.283333 -72.551285   4     14     42  
701.0  11:41:06 42.28318 -72.55166   4     18     40  
701.0  11:41:16 42.282555 -72.5534   5     17     51  
701.0  11:41:24 42.28238 -72.55374   3     17     58  
701.0  11:41:32 42.2824 -72.553635   5     14     41  
701.0  11:41:40 42.2822 -72.55412   3     14     55  
701.0  11:41:49 42.281574 -72.555725   3     10     57  
701.0  11:41:57 42.28093 -72.55735   4     15     46  
702.0  11:42:00 42.280537 -72.558365   4     16     56  
702.0  11:42:07 42.280323 -72.55886   3     15     54  
702.0  11:42:15 42.27953 -72.559456   3     19     50  
702.0  11:42:23 42.278564 -72.56032   4     19     45  
702.0  11:42:31 42.277893 -72.561676   3     17     56  
702.0  11:42:40 42.277203 -72.56309   4     15     45  
702.0  11:42:49 42.276257 -72.564445   4     17     50  
702.0  11:42:59 42.274754 -72.564964   4     16     48  
703.0  11:43:00 42.27413 -72.565   3     15     44  
703.0  11:43:08 42.27335 -72.56517   5     10     45  
703.0  11:43:16 42.272057 -72.5655   4     14     57  
703.0  11:43:25 42.270596 -72.56578   4     10     42  
703.0  11:43:33 42.269337 -72.56604   5     19     58  
703.0  11:43:43 42.26801 -72.56673   3     15     48  
703.0  11:43:53 42.266636 -72.567924   3     12     43  
704.0  11:44:00 42.266594 -72.569595   3     10     41  
704.0  11:44:01 42.266567 -72.56923   3     15     51  
704.0  11:44:10 42.266712 -72.57075   5     18     46  
704.0  11:44:19 42.26642 -72.5716   5     15     40  
704.0  11:44:27 42.265133 -72.5718   4     19     45  
704.0  11:44:35 42.26394 -72.57207   5     13     58  
704.0  11:44:47 42.26253 -72.572365   4     17     51  
704.0  11:44:55 42.261505 -72.57265   4     18     47  
705.0  11:45:00 42.26148 -72.572685   4     14     53  
705.0  11:45:03 42.26148 -72.572685   3     19     47  
705.0  11:45:12 42.26123 -72.57275   5     13     50  
705.0  11:45:20 42.260464 -72.57301   4     13     44  
705.0  11:45:29 42.25989 -72.57378   5     19     53  
705.0  11:45:39 42.25959 -72.5742   4     14     52  
705.0  11:45:47 42.259586 -72.57421   4     19     50  
705.0  11:45:56 42.259422 -72.57448   4     15     49  
706.0  11:46:00 42.259052 -72.57484   4     15     59  
706.0  11:46:04 42.25901 -72.57484   4     19     40  
706.0  11:46:13 42.258755 -72.57454   5     15     49  
706.0  11:46:54 42.258003 -72.572845   5     18     50  
707.0  11:47:00 42.25786 -72.57208   4     14     47  
707.0  11:47:04 42.25786 -72.57208   3     19     44  
707.0  11:47:12 42.25755 -72.571915   3     13     53  
707.0  11:47:25 42.2571 -72.57201   5     13     51  
707.0  11:47:33 42.256382 -72.572136   5     12     41  
707.0  11:47:42 42.256203 -72.57216   5     18     45  
707.0  11:47:51 42.255657 -72.57245   4     16     44  
708.0  11:48:00 42.254715 -72.57312   3     18     48  
708.0  11:48:02 42.25486 -72.57298   3     16     49  
708.0  11:48:11 42.254314 -72.57364   5     15     43  
708.0  11:48:19 42.254196 -72.57412   3     16     44  
708.0  11:48:27 42.25419 -72.57418   5     17     54  
708.0  11:48:35 42.254192 -72.57417   3     16     45  
708.0  11:48:44 42.25417 -72.57415   3     13     48  
708.0  11:48:55 42.25417 -72.574135   4     16     56  
709.0  11:49:00 42.254173 -72.57415   3     17     42  
709.0  11:49:40 42.254227 -72.57417   3     12     59  
709.0  11:49:41 42.254173 -72.57415   5     10     50  
709.0  11:49:51 42.254208 -72.57418   3     17     54  
709.0  11:49:59 42.254242 -72.5742   3     16     58  
710.0  11:50:00 42.254257 -72.57421   5     15     48  
710.0  11:50:07 42.254265 -72.57423   4     13     45  
710.0  11:50:16 42.25426 -72.574265   4     11     57  
710.0  11:50:24 42.25423 -72.574234   3     19     56  
710.0  11:50:32 42.254196 -72.5742   4     13     59  
710.0  11:50:42 42.254215 -72.574265   5     14     55  
710.0  11:50:51 42.25421 -72.57428   5     11     59  
711.0  11:51:00 42.254135 -72.574356   3     14     52  
711.0  11:51:00 42.254032 -72.57448   3     19     56  
711.0  11:51:08 42.25381 -72.574585   5     14     59  
711.0  11:51:17 42.253574 -72.574615   4     10     55  
711.0  11:51:25 42.253616 -72.57502   3     19     42  
711.0  11:51:35 42.253872 -72.57576   3     14     44  
711.0  11:51:43 42.25404 -72.5762   3     16     48  
711.0  11:51:52 42.254 -72.57613   3     13     44  
712.0  11:52:00 42.25403 -72.57622   3     13     52  
712.0  11:52:00 42.25411 -72.576546   4     10     41  
712.0  11:52:08 42.254177 -72.576965   5     13     41  
712.0  11:52:16 42.254288 -72.57712   5     11     42  
712.0  11:52:30 42.255238 -72.57678   5     18     54  
712.0  11:52:39 42.256428 -72.57633   5     19     48  
712.0  11:52:47 42.25681 -72.57621   3     13     44  
712.0  11:52:56 42.257473 -72.57597   3     11     59  
713.0  11:53:00 42.257656 -72.57591   3     13     52  
713.0  11:53:15 42.257626 -72.57595   3     16     48  
713.0  11:53:26 42.257706 -72.57589   3     14     52  
713.0  11:53:47 42.25893 -72.5749   3     17     44  
713.0  11:53:56 42.258892 -72.57504   5     14     44  
714.0  11:54:00 42.258953 -72.57497   4     18     56  
714.0  11:54:04 42.25898 -72.574936   4     10     42  
714.0  11:54:15 42.25971 -72.57403   4     10     49  
714.0  11:54:23 42.26037 -72.57316   4     12     56  
714.0  11:54:32 42.261227 -72.57278   3     17     47  
714.0  11:54:40 42.26252 -72.57248   3     12     59  
714.0  11:54:49 42.263943 -72.57214   5     14     50  
714.0  11:54:57 42.26518 -72.57181   4     16     41  
715.0  11:55:00 42.266006 -72.571594   3     11     43  
715.0  11:55:08 42.26648 -72.57148   4     12     53  
715.0  11:55:18 42.26667 -72.57032   4     10     42  
715.0  11:55:26 42.26652 -72.56839   5     13     55  
715.0  11:55:34 42.26725 -72.567276   5     15     41  
715.0  11:55:42 42.268394 -72.56653   4     13     58  
715.0  11:55:51 42.269535 -72.56599   3     11     51  
716.0  11:56:00 42.27161 -72.56563   5     14     48  
716.0  11:56:03 42.271294 -72.56569   3     14     44  
716.0  11:56:12 42.272865 -72.56537   4     19     42  
716.0  11:56:20 42.274345 -72.56498   3     11     53  
716.0  11:56:28 42.27557 -72.564804   5     15     49  
716.0  11:56:37 42.27677 -72.56402   4     18     50  
716.0  11:56:45 42.27765 -72.56225   3     12     46  
716.0  11:56:56 42.278584 -72.56034   3     16     43  
717.0  11:57:00 42.279305 -72.55947   5     17     55  
717.0  11:57:04 42.279415 -72.55941   4     16     58  
717.0  11:57:12 42.28025 -72.55888   5     12     47  
717.0  11:57:20 42.28083 -72.55765   3     17     45  
717.0  11:57:28 42.2814 -72.55614   4     15     43  
717.0  11:57:36 42.28201 -72.55462   4     10     57  
717.0  11:57:46 42.282738 -72.55273   3     19     40  
717.0  11:57:55 42.283447 -72.55098   3     15     43  
718.0  11:58:00 42.284077 -72.549416   5     13     46  
718.0  11:58:04 42.284077 -72.549416   3     15     51  
718.0  11:58:13 42.284775 -72.54772   5     13     53  
718.0  11:58:21 42.285305 -72.5461   3     14     57  
718.0  11:58:29 42.285625 -72.544304   3     17     41  
718.0  11:58:39 42.28621 -72.54207   5     16     59  
718.0  11:58:47 42.28676 -72.540764   4     14     44  
718.0  11:58:55 42.28744 -72.539055   5     18     45  
719.0  11:59:00 42.288162 -72.53783   5     13     53  
719.0  11:59:03 42.288162 -72.53783   4     19     40  
719.0  11:59:11 42.288845 -72.53664   4     15     47  
719.0  11:59:19 42.289284 -72.53504   5     15     54  
719.0  11:59:31 42.29058 -72.53315   5     19     49  
719.0  11:59:39 42.291904 -72.53231   5     12     44  
719.0  11:59:47 42.293217 -72.53152   5     12     43  
719.0  11:59:55 42.295094 -72.53116   3     19     42  
720.0  12:00:00 42.296688 -72.53109   5     13     46  
720.0  12:00:03 42.296688 -72.53109   5     11     48  
720.0  12:00:11 42.298126 -72.53045   4     16     56  
720.0  12:00:22 42.299686 -72.52923   4     14     51  
720.0  12:00:30 42.30084 -72.52841   3     12     45  
720.0  12:00:38 42.302017 -72.527756   3     14     49  
720.0  12:00:46 42.303436 -72.52762   5     12     53  
