600.0  10:00:00 42.359127 -72.48553   5     14     52  
600.0  10:00:01 42.3587 -72.4851   5     12     56  
600.0  10:00:11 42.359818 -72.48616   3     19     59  
600.0  10:00:21 42.36129 -72.487404   3     14     56  
600.0  10:00:30 42.362213 -72.48811   5     19     49  
600.0  10:00:39 42.362286 -72.48815   5     10     48  
600.0  10:00:48 42.362274 -72.48816   3     12     45  
600.0  10:00:59 42.36228 -72.488174   4     10     58  
601.0  10:01:00 42.36234 -72.488235   3     16     40  
601.0  10:01:07 42.36259 -72.48845   4     14     45  
601.0  10:01:16 42.36306 -72.488785   4     12     58  
601.0  10:01:24 42.363117 -72.48883   4     12     48  
601.0  10:01:33 42.36325 -72.488945   3     10     55  
601.0  10:01:42 42.36408 -72.48972   4     19     41  
601.0  10:01:52 42.36541 -72.49134   4     12     46  
602.0  10:02:00 42.36669 -72.492966   5     11     44  
602.0  10:02:01 42.366455 -72.49265   4     11     58  
602.0  10:02:10 42.367393 -72.49385   5     15     41  
602.0  10:02:19 42.368515 -72.49527   5     18     49  
602.0  10:02:27 42.36942 -72.49639   5     12     41  
602.0  10:02:36 42.37034 -72.497505   3     19     49  
602.0  10:02:46 42.371166 -72.498405   4     15     53  
602.0  10:02:55 42.37111 -72.49881   4     19     40  
603.0  10:03:00 42.37074 -72.49912   3     10     57  
603.0  10:03:04 42.37074 -72.49912   4     14     52  
603.0  10:03:13 42.37028 -72.499146   4     16     48  
603.0  10:03:21 42.37024 -72.49909   5     13     46  
603.0  10:03:29 42.370205 -72.49909   5     14     54  
603.0  10:03:41 42.370182 -72.499084   4     12     49  
603.0  10:03:50 42.37018 -72.49908   4     14     51  
603.0  10:03:58 42.37006 -72.499084   3     12     47  
604.0  10:04:00 42.3696 -72.49911   3     12     47  
604.0  10:04:07 42.369373 -72.499146   3     17     49  
604.0  10:04:15 42.369217 -72.49992   3     10     40  
604.0  10:04:23 42.36926 -72.50054   3     12     59  
604.0  10:04:38 42.369305 -72.50118   4     17     49  
604.0  10:04:47 42.369377 -72.50213   5     18     59  
604.0  10:04:55 42.36983 -72.50201   5     10     57  
605.0  10:05:00 42.37087 -72.50175   3     10     54  
605.0  10:05:03 42.37087 -72.50175   5     17     45  
605.0  10:05:12 42.37203 -72.50145   3     12     58  
605.0  10:05:21 42.372658 -72.5013   4     14     44  
605.0  10:05:31 42.37277 -72.50126   4     14     46  
605.0  10:05:40 42.37277 -72.50127   4     12     55  
605.0  10:05:49 42.37277 -72.50128   5     15     43  
605.0  10:05:58 42.37328 -72.501144   3     15     58  
606.0  10:06:00 42.37391 -72.50099   5     13     56  
606.0  10:06:06 42.37414 -72.500946   3     16     50  
606.0  10:06:15 42.375214 -72.500725   4     17     49  
606.0  10:06:27 42.376087 -72.500565   3     17     52  
606.0  10:06:37 42.37611 -72.50056   4     17     44  
606.0  10:06:53 42.37611 -72.50057   4     18     41  
607.0  10:07:00 42.3764 -72.50067   5     17     59  
607.0  10:07:02 42.37633 -72.50058   5     11     42  
607.0  10:07:10 42.376328 -72.501114   5     11     48  
607.0  10:07:24 42.37629 -72.50132   4     10     46  
607.0  10:07:35 42.376305 -72.5013   3     19     49  
607.0  10:07:44 42.376305 -72.501305   4     14     57  
607.0  10:07:53 42.376305 -72.501335   4     10     43  
608.0  10:08:00 42.376003 -72.50288   3     14     46  
608.0  10:08:01 42.37609 -72.50233   3     13     50  
608.0  10:08:10 42.375828 -72.50399   4     19     46  
608.0  10:08:19 42.37573 -72.50568   5     11     52  
608.0  10:08:30 42.375774 -72.50705   4     14     51  
608.0  10:08:38 42.375786 -72.50714   4     14     54  
608.0  10:08:47 42.375755 -72.50714   3     14     59  
608.0  10:08:55 42.375732 -72.507195   3     18     52  
609.0  10:09:00 42.375797 -72.50713   4     15     53  
609.0  10:09:04 42.375797 -72.50713   5     17     53  
609.0  10:09:12 42.375797 -72.50737   3     18     58  
609.0  10:09:22 42.375797 -72.508804   4     15     58  
609.0  10:09:30 42.37583 -72.51007   4     10     47  
609.0  10:09:39 42.375843 -72.51067   5     16     54  
609.0  10:09:47 42.375893 -72.510864   5     14     59  
609.0  10:09:56 42.375923 -72.51198   4     17     51  
610.0  10:10:00 42.375923 -72.51223   3     14     45  
610.0  10:10:05 42.375923 -72.51223   3     15     58  
610.0  10:10:16 42.375877 -72.51234   3     13     55  
610.0  10:10:24 42.375862 -72.51248   4     18     45  
610.0  10:10:33 42.375874 -72.51267   4     19     53  
610.0  10:10:41 42.375904 -72.51306   3     15     57  
610.0  10:10:50 42.375893 -72.51427   5     19     43  
610.0  10:10:59 42.375862 -72.515495   5     12     58  
611.0  10:11:00 42.37582 -72.51617   4     13     42  
611.0  10:11:09 42.37584 -72.51657   4     16     40  
611.0  10:11:18 42.375828 -72.51668   4     11     43  
611.0  10:11:26 42.375862 -72.51663   4     12     46  
611.0  10:11:35 42.375866 -72.516685   5     11     41  
611.0  10:11:43 42.375828 -72.51725   4     14     52  
611.0  10:11:51 42.375767 -72.51817   4     13     41  
612.0  10:12:00 42.375694 -72.51937   3     16     50  
612.0  10:12:02 42.375698 -72.519295   4     16     54  
612.0  10:12:11 42.37571 -72.51957   5     11     53  
612.0  10:12:20 42.375713 -72.519585   5     17     57  
612.0  10:12:29 42.37572 -72.51959   5     16     53  
612.0  10:12:37 42.375725 -72.519585   3     11     52  
612.0  10:12:46 42.37573 -72.51958   3     13     40  
612.0  10:12:56 42.375732 -72.51957   5     10     48  
613.0  10:13:00 42.375732 -72.519585   5     12     42  
613.0  10:13:05 42.375732 -72.51962   5     10     42  
613.0  10:13:12 42.375877 -72.5199   4     17     47  
613.0  10:13:20 42.376396 -72.519936   3     14     46  
613.0  10:13:29 42.377 -72.51994   4     15     51  
613.0  10:13:39 42.377445 -72.5199   5     11     55  
613.0  10:13:49 42.37747 -72.51989   4     10     59  
613.0  10:13:59 42.37745 -72.51991   5     15     41  
614.0  10:14:00 42.37743 -72.51992   3     15     56  
614.0  10:14:08 42.37742 -72.51992   5     14     50  
614.0  10:14:17 42.37742 -72.51993   3     15     57  
614.0  10:14:25 42.377533 -72.51996   5     15     52  
614.0  10:14:34 42.378155 -72.51997   4     16     42  
614.0  10:14:45 42.37916 -72.51987   5     13     51  
614.0  10:14:53 42.37974 -72.519585   3     19     47  
615.0  10:15:00 42.37981 -72.51953   4     12     41  
615.0  10:15:02 42.379807 -72.51953   5     12     44  
615.0  10:15:10 42.37982 -72.51955   3     16     59  
615.0  10:15:18 42.38039 -72.5194   3     15     59  
615.0  10:15:27 42.3812 -72.51933   3     15     53  
615.0  10:15:38 42.381516 -72.51929   3     15     55  
615.0  10:15:47 42.382015 -72.51978   4     11     52  
615.0  10:15:55 42.38279 -72.52037   3     17     43  
616.0  10:16:00 42.383102 -72.52052   5     12     55  
616.0  10:16:04 42.383102 -72.52052   4     19     47  
616.0  10:16:12 42.383102 -72.520515   5     15     41  
616.0  10:16:21 42.383118 -72.520546   5     12     49  
616.0  10:16:32 42.38357 -72.52086   3     16     59  
616.0  10:16:40 42.38444 -72.52135   4     12     56  
616.0  10:16:49 42.38542 -72.52186   5     18     44  
616.0  10:16:57 42.38594 -72.52229   3     15     53  
617.0  10:17:00 42.386265 -72.522446   5     14     59  
617.0  10:17:06 42.386436 -72.52241   3     12     55  
617.0  10:17:19 42.38745 -72.52321   3     19     43  
617.0  10:17:28 42.387726 -72.52358   5     11     56  
617.0  10:17:36 42.38771 -72.5236   3     13     51  
617.0  10:17:44 42.38771 -72.5236   4     12     49  
617.0  10:17:53 42.387737 -72.52363   4     19     41  
618.0  10:18:00 42.38829 -72.524284   5     17     46  
618.0  10:18:02 42.38812 -72.52413   4     13     41  
618.0  10:18:15 42.388897 -72.524635   3     13     44  
618.0  10:18:26 42.390503 -72.52515   3     17     42  
618.0  10:18:34 42.391075 -72.52522   3     13     59  
618.0  10:18:43 42.391113 -72.525185   4     15     52  
618.0  10:18:52 42.391125 -72.5252   5     13     45  
619.0  10:19:00 42.391293 -72.52529   3     12     50  
619.0  10:19:00 42.39159 -72.52534   5     11     47  
619.0  10:19:09 42.392094 -72.52544   4     19     47  
619.0  10:19:20 42.3932 -72.52577   3     10     53  
619.0  10:19:28 42.393784 -72.52605   3     13     50  
619.0  10:19:35 42.393887 -72.526115   5     16     57  
619.0  10:19:44 42.39386 -72.52614   5     17     51  
619.0  10:19:52 42.39387 -72.526115   5     13     55  
620.0  10:20:00 42.393883 -72.52612   4     12     51  
620.0  10:20:00 42.393875 -72.52613   3     12     50  
620.0  10:20:10 42.393875 -72.52613   3     16     43  
620.0  10:20:19 42.393948 -72.526245   5     12     59  
620.0  10:20:28 42.3945 -72.52656   4     10     54  
620.0  10:20:36 42.395027 -72.52687   4     11     54  
620.0  10:20:45 42.39588 -72.52729   5     18     42  
620.0  10:20:54 42.39686 -72.5277   5     12     42  
621.0  10:21:00 42.398243 -72.52807   5     10     47  
621.0  10:21:04 42.39838 -72.528076   4     19     50  
621.0  10:21:13 42.39951 -72.52802   4     12     52  
621.0  10:21:21 42.400833 -72.527916   4     13     44  
621.0  10:21:30 42.40184 -72.52825   5     16     43  
621.0  10:21:38 42.40278 -72.52874   3     19     59  
621.0  10:21:47 42.403652 -72.52934   3     16     47  
621.0  10:21:57 42.40494 -72.52973   5     12     43  
622.0  10:22:00 42.40584 -72.52976   3     18     58  
622.0  10:22:05 42.40595 -72.52977   3     14     52  
622.0  10:22:14 42.40646 -72.529945   4     18     55  
622.0  10:22:23 42.406406 -72.53083   4     17     52  
622.0  10:22:32 42.406395 -72.53126   3     17     40  
622.0  10:22:40 42.40625 -72.5317   3     14     54  
622.0  10:22:50 42.406128 -72.532074   5     17     49  
622.0  10:22:59 42.40606 -72.53232   4     11     51  
623.0  10:23:00 42.405968 -72.532524   3     13     50  
623.0  10:23:07 42.405865 -72.53253   5     19     59  
623.0  10:23:16 42.40582 -72.5325   3     10     42  
623.0  10:23:24 42.405815 -72.532486   3     10     45  
623.0  10:23:33 42.405823 -72.53246   5     15     49  
623.0  10:23:43 42.405827 -72.53244   4     11     52  
623.0  10:23:53 42.40583 -72.53243   5     12     43  
624.0  10:24:00 42.405838 -72.532425   4     12     50  
624.0  10:24:02 42.405838 -72.532425   3     14     52  
624.0  10:24:10 42.40584 -72.532425   5     12     59  
624.0  10:24:19 42.40584 -72.532425   3     16     54  
624.0  10:24:27 42.40584 -72.53243   3     16     59  
624.0  10:24:37 42.40585 -72.53243   3     11     57  
624.0  10:24:46 42.40583 -72.532425   3     16     42  
624.0  10:24:54 42.405838 -72.53242   3     14     44  
625.0  10:25:00 42.405838 -72.53241   5     10     41  
625.0  10:25:04 42.405838 -72.53241   4     12     45  
625.0  10:25:13 42.40582 -72.53242   5     12     41  
625.0  10:25:22 42.405827 -72.5324   3     10     47  
625.0  10:25:32 42.405838 -72.53242   3     10     44  
625.0  10:25:41 42.405838 -72.53243   5     19     49  
625.0  10:25:49 42.405834 -72.53243   4     13     58  
625.0  10:25:58 42.405838 -72.53243   4     10     43  
626.0  10:26:00 42.405838 -72.532425   4     15     54  
626.0  10:26:07 42.405838 -72.532425   5     19     47  
626.0  10:26:15 42.405838 -72.532425   4     11     41  
626.0  10:26:26 42.40584 -72.53242   3     10     41  
626.0  10:26:34 42.405834 -72.5324   4     12     46  
626.0  10:26:43 42.40583 -72.5324   4     10     56  
626.0  10:26:51 42.40583 -72.5324   3     19     46  
627.0  10:27:00 42.405827 -72.532394   3     17     52  
627.0  10:27:00 42.405827 -72.53239   3     12     55  
627.0  10:27:08 42.40583 -72.53239   3     18     48  
627.0  10:27:19 42.405838 -72.53239   4     10     57  
627.0  10:27:28 42.405834 -72.53239   3     17     58  
627.0  10:27:37 42.40584 -72.53239   3     14     58  
627.0  10:27:45 42.40584 -72.5324   5     12     46  
627.0  10:27:53 42.405846 -72.53241   3     15     57  
628.0  10:28:00 42.405846 -72.532425   5     10     44  
628.0  10:28:01 42.40584 -72.53242   5     12     41  
628.0  10:28:12 42.405853 -72.532425   5     13     47  
628.0  10:28:20 42.405853 -72.53242   4     14     40  
628.0  10:28:29 42.405853 -72.5324   4     18     45  
628.0  10:28:38 42.405853 -72.5324   4     14     51  
628.0  10:28:46 42.405853 -72.5324   5     17     41  
628.0  10:28:55 42.40584 -72.532394   5     14     44  
629.0  10:29:00 42.405834 -72.532394   4     11     52  
629.0  10:29:05 42.40583 -72.53239   4     14     55  
629.0  10:29:14 42.405834 -72.532394   3     17     50  
629.0  10:29:22 42.405834 -72.5324   4     14     43  
629.0  10:29:30 42.40583 -72.5324   5     12     50  
629.0  10:29:39 42.40582 -72.53241   4     14     42  
629.0  10:29:48 42.405823 -72.532425   5     17     46  
629.0  10:29:59 42.40582 -72.532425   3     12     55  
630.0  10:30:00 42.40581 -72.532425   5     14     54  
630.0  10:30:08 42.4058 -72.53242   4     12     56  
630.0  10:30:16 42.405796 -72.532425   3     16     57  
630.0  10:30:24 42.405792 -72.53242   5     19     52  
630.0  10:30:32 42.405796 -72.532425   4     17     50  
630.0  10:30:40 42.4058 -72.532425   5     13     50  
630.0  10:30:52 42.4058 -72.53242   5     14     57  
631.0  10:31:00 42.4058 -72.53241   3     10     54  
631.0  10:31:00 42.4058 -72.53241   5     15     42  
631.0  10:31:09 42.405807 -72.53242   5     15     51  
631.0  10:31:17 42.40582 -72.532455   4     15     54  
631.0  10:31:26 42.405834 -72.53247   4     13     52  
631.0  10:31:34 42.40584 -72.53244   3     10     42  
631.0  10:31:44 42.40574 -72.532394   4     15     55  
631.0  10:31:53 42.40556 -72.532364   4     11     54  
632.0  10:32:00 42.405357 -72.53233   4     11     41  
632.0  10:32:02 42.405426 -72.53235   4     17     50  
632.0  10:32:10 42.405056 -72.53229   4     13     44  
632.0  10:32:19 42.404915 -72.53204   3     12     44  
632.0  10:32:28 42.404903 -72.531685   5     19     51  
632.0  10:32:39 42.404953 -72.53105   5     19     40  
632.0  10:32:48 42.405075 -72.530525   4     15     52  
632.0  10:32:56 42.405106 -72.53028   4     12     46  
633.0  10:33:00 42.405106 -72.52986   5     14     53  
633.0  10:33:05 42.40511 -72.52984   3     16     47  
633.0  10:33:13 42.404995 -72.5297   4     16     59  
633.0  10:33:22 42.404243 -72.529655   3     18     51  
633.0  10:33:32 42.403374 -72.52922   3     10     46  
633.0  10:33:40 42.40317 -72.52914   3     17     43  
633.0  10:33:48 42.403175 -72.52921   5     15     49  
633.0  10:33:57 42.403175 -72.52924   4     12     43  
634.0  10:34:00 42.403183 -72.52922   5     12     43  
634.0  10:34:05 42.403183 -72.52921   4     13     53  
634.0  10:34:14 42.402874 -72.52895   5     13     51  
634.0  10:34:24 42.401665 -72.52824   3     10     47  
634.0  10:34:37 42.40003 -72.52797   4     19     58  
634.0  10:34:46 42.398952 -72.52805   3     13     45  
634.0  10:34:54 42.39822 -72.5281   4     12     57  
635.0  10:35:00 42.398132 -72.52811   5     17     58  
635.0  10:35:02 42.39813 -72.528114   4     16     57  
635.0  10:35:11 42.398125 -72.52811   3     13     57  
635.0  10:35:21 42.397324 -72.52793   3     16     55  
635.0  10:35:30 42.396336 -72.527504   4     14     59  
635.0  10:35:39 42.395527 -72.527145   5     12     58  
635.0  10:35:47 42.395317 -72.52711   4     18     49  
635.0  10:35:56 42.395313 -72.52712   5     16     47  
636.0  10:36:00 42.395275 -72.52717   3     11     50  
636.0  10:36:04 42.395275 -72.52717   4     15     53  
636.0  10:36:14 42.395256 -72.52717   3     18     48  
636.0  10:36:23 42.39527 -72.52715   5     13     43  
636.0  10:36:31 42.39526 -72.527145   3     19     40  
636.0  10:36:40 42.39506 -72.52705   4     18     49  
636.0  10:36:48 42.39429 -72.52661   5     15     52  
636.0  10:36:57 42.393593 -72.526184   3     15     49  
637.0  10:37:00 42.393387 -72.52606   4     19     52  
637.0  10:37:07 42.39339 -72.52605   5     15     54  
637.0  10:37:16 42.393417 -72.52602   5     14     43  
637.0  10:37:24 42.393425 -72.52599   5     16     52  
637.0  10:37:33 42.393387 -72.52592   5     12     56  
637.0  10:37:41 42.3927 -72.52563   5     10     47  
637.0  10:37:50 42.39206 -72.52542   4     11     53  
638.0  10:38:00 42.391335 -72.52528   5     17     44  
638.0  10:38:00 42.391125 -72.52527   5     15     57  
638.0  10:38:09 42.39093 -72.52529   4     15     49  
638.0  10:38:18 42.390903 -72.52528   5     10     55  
638.0  10:38:26 42.3909 -72.52528   3     16     52  
638.0  10:38:35 42.390896 -72.52528   5     11     58  
638.0  10:38:43 42.390884 -72.52527   5     16     48  
638.0  10:38:54 42.39031 -72.525085   3     18     46  
639.0  10:39:00 42.38936 -72.52485   3     18     51  
639.0  10:39:01 42.38954 -72.52492   4     13     53  
639.0  10:39:09 42.388844 -72.5246   5     17     57  
639.0  10:39:18 42.388195 -72.5242   4     10     54  
639.0  10:39:26 42.387905 -72.523994   4     13     59  
639.0  10:39:34 42.387806 -72.52387   3     14     49  
639.0  10:39:46 42.3878 -72.523895   5     13     53  
639.0  10:39:54 42.38778 -72.52387   3     11     49  
640.0  10:40:00 42.38734 -72.52324   4     14     41  
640.0  10:40:02 42.387405 -72.52334   4     15     48  
640.0  10:40:11 42.38683 -72.52265   4     12     43  
640.0  10:40:19 42.386326 -72.52245   3     16     51  
640.0  10:40:27 42.38618 -72.52247   4     19     45  
640.0  10:40:36 42.38617 -72.52247   5     13     42  
640.0  10:40:44 42.385944 -72.5225   5     16     41  
640.0  10:40:52 42.38557 -72.52209   3     16     53  
641.0  10:41:00 42.384895 -72.52161   3     14     40  
641.0  10:41:00 42.384617 -72.52143   4     18     47  
641.0  10:41:08 42.38422 -72.52121   3     16     45  
641.0  10:41:16 42.383453 -72.5208   5     14     55  
641.0  10:41:27 42.382366 -72.5201   3     17     52  
641.0  10:41:35 42.381744 -72.51956   3     19     53  
641.0  10:41:44 42.381645 -72.51945   5     19     44  
641.0  10:41:52 42.3813 -72.51935   4     10     48  
642.0  10:42:00 42.380215 -72.51947   5     11     42  
642.0  10:42:01 42.380497 -72.51943   5     14     51  
642.0  10:42:10 42.379753 -72.5196   3     10     40  
642.0  10:42:21 42.37957 -72.519684   5     12     52  
642.0  10:42:29 42.379528 -72.51969   4     13     52  
642.0  10:42:38 42.379196 -72.51984   5     12     51  
642.0  10:42:47 42.378983 -72.51991   3     14     46  
642.0  10:42:56 42.37839 -72.519966   5     12     48  
643.0  10:43:00 42.377934 -72.52   3     13     49  
643.0  10:43:04 42.377934 -72.52   4     15     48  
643.0  10:43:15 42.37793 -72.51998   4     17     40  
643.0  10:43:24 42.37795 -72.51998   4     14     56  
643.0  10:43:33 42.377953 -72.51999   3     11     58  
643.0  10:43:41 42.377953 -72.52003   5     12     42  
643.0  10:43:49 42.377953 -72.52003   3     12     54  
643.0  10:43:58 42.377937 -72.52001   3     17     56  
644.0  10:44:00 42.377934 -72.52   3     10     51  
644.0  10:44:08 42.37795 -72.51998   5     14     56  
644.0  10:44:17 42.377975 -72.51994   4     13     48  
644.0  10:44:25 42.377995 -72.51993   3     19     54  
644.0  10:44:34 42.377895 -72.52003   5     11     49  
644.0  10:44:43 42.3778 -72.52007   4     11     42  
644.0  10:44:52 42.377403 -72.52001   4     17     57  
645.0  10:45:00 42.37698 -72.51998   4     17     46  
645.0  10:45:03 42.376995 -72.51998   4     10     40  
645.0  10:45:12 42.37661 -72.51996   5     15     45  
645.0  10:45:20 42.376057 -72.51992   3     19     56  
645.0  10:45:29 42.375782 -72.51994   5     12     46  
645.0  10:45:37 42.37578 -72.51994   4     16     49  
645.0  10:45:46 42.37565 -72.519806   3     16     50  
645.0  10:45:57 42.375664 -72.51933   5     13     46  
646.0  10:46:00 42.375675 -72.519264   5     18     45  
646.0  10:46:07 42.375675 -72.51926   4     11     54  
646.0  10:46:15 42.37568 -72.51918   4     15     52  
646.0  10:46:24 42.375786 -72.5188   5     11     48  
646.0  10:46:32 42.37582 -72.51813   5     19     43  
646.0  10:46:41 42.375854 -72.51717   3     10     52  
646.0  10:46:53 42.375893 -72.5151   5     19     55  
647.0  10:47:00 42.37595 -72.513466   3     16     58  
647.0  10:47:01 42.37595 -72.513725   3     13     43  
647.0  10:47:10 42.375927 -72.513374   3     13     52  
647.0  10:47:18 42.37594 -72.513306   5     19     40  
647.0  10:47:26 42.37592 -72.51325   4     19     47  
647.0  10:47:34 42.37591 -72.51313   3     10     48  
647.0  10:47:44 42.37591 -72.51214   4     18     44  
647.0  10:47:53 42.375893 -72.511055   5     17     52  
648.0  10:48:00 42.375904 -72.510765   3     17     40  
648.0  10:48:02 42.375904 -72.510864   3     13     54  
648.0  10:48:10 42.37587 -72.50999   4     10     42  
648.0  10:48:19 42.375824 -72.50853   5     19     58  
648.0  10:48:27 42.37577 -72.50698   5     19     55  
648.0  10:48:37 42.37572 -72.50523   4     16     48  
648.0  10:48:45 42.375824 -72.50381   5     17     56  
648.0  10:48:54 42.376015 -72.50242   5     10     40  
649.0  10:49:00 42.37618 -72.50144   4     12     46  
649.0  10:49:02 42.376186 -72.50146   3     15     53  
649.0  10:49:11 42.376152 -72.50143   4     15     51  
649.0  10:49:20 42.376194 -72.501236   3     12     54  
649.0  10:49:30 42.37637 -72.50068   3     16     46  
649.0  10:49:39 42.376163 -72.500496   4     19     43  
649.0  10:49:47 42.375263 -72.50067   3     19     47  
649.0  10:49:56 42.374256 -72.50086   5     11     59  
650.0  10:50:00 42.37355 -72.5011   4     18     46  
650.0  10:50:05 42.37355 -72.5011   5     14     44  
650.0  10:50:14 42.373257 -72.501205   5     16     58  
650.0  10:50:24 42.37237 -72.50139   4     19     56  
650.0  10:50:35 42.37135 -72.501595   4     10     45  
650.0  10:50:43 42.370243 -72.50194   4     12     53  
650.0  10:50:56 42.369545 -72.50213   5     16     53  
651.0  10:51:00 42.369293 -72.50132   3     13     54  
651.0  10:51:05 42.369293 -72.50121   5     16     58  
651.0  10:51:16 42.369278 -72.5004   3     19     45  
651.0  10:51:25 42.369255 -72.49999   5     18     53  
651.0  10:51:33 42.3693 -72.49929   4     15     40  
651.0  10:51:42 42.36982 -72.499115   3     11     57  
651.0  10:51:50 42.37063 -72.49912   5     14     48  
651.0  10:51:58 42.37111 -72.498825   5     16     49  
652.0  10:52:00 42.37119 -72.49859   5     10     55  
652.0  10:52:09 42.371128 -72.498604   5     10     58  
652.0  10:52:18 42.37101 -72.49829   5     18     54  
652.0  10:52:26 42.370174 -72.497406   5     12     42  
652.0  10:52:35 42.369343 -72.49639   4     13     48  
652.0  10:52:43 42.368298 -72.49508   4     17     54  
652.0  10:52:52 42.367393 -72.49389   5     14     43  
653.0  10:53:00 42.36598 -72.492096   3     13     44  
653.0  10:53:03 42.3661 -72.49225   5     14     45  
653.0  10:53:11 42.365074 -72.49094   5     15     40  
653.0  10:53:20 42.364075 -72.48973   5     14     52  
653.0  10:53:28 42.363323 -72.489044   5     18     53  
653.0  10:53:37 42.36287 -72.488716   4     14     45  
653.0  10:53:46 42.362865 -72.48875   5     19     50  
653.0  10:53:57 42.362648 -72.48856   5     12     56  
654.0  10:54:00 42.361935 -72.48798   4     10     55  
654.0  10:54:06 42.36168 -72.48777   4     17     43  
654.0  10:54:14 42.360588 -72.486824   3     18     47  
654.0  10:54:23 42.3594 -72.48574   3     11     51  
654.0  10:54:32 42.358498 -72.484856   5     19     41  
654.0  10:54:40 42.35812 -72.485115   3     16     43  
654.0  10:54:51 42.35751 -72.48534   5     12     41  
654.0  10:54:59 42.356842 -72.485306   5     14     44  
655.0  10:55:00 42.356678 -72.48538   5     19     51  
655.0  10:55:07 42.356678 -72.48539   3     17     52  
655.0  10:55:16 42.35673 -72.48534   5     18     53  
655.0  10:55:24 42.356785 -72.48535   4     17     46  
655.0  10:55:33 42.356785 -72.48535   4     18     52  
655.0  10:55:43 42.35646 -72.48548   3     14     58  
655.0  10:55:52 42.355972 -72.48582   4     17     48  
656.0  10:56:00 42.355743 -72.48555   3     10     44  
656.0  10:56:01 42.35578 -72.485664   5     14     50  
656.0  10:56:09 42.35568 -72.48531   4     18     53  
656.0  10:56:18 42.355927 -72.48509   4     10     44  
656.0  10:56:26 42.356186 -72.48505   5     13     57  
656.0  10:56:38 42.356342 -72.48542   3     12     58  
656.0  10:56:46 42.3566 -72.485405   4     18     57  
656.0  10:56:55 42.35725 -72.48526   3     16     47  
657.0  10:57:00 42.357853 -72.48542   4     15     43  
657.0  10:57:03 42.357803 -72.4854   4     16     46  
657.0  10:57:12 42.35811 -72.48518   3     10     47  
657.0  10:57:20 42.35824 -72.48472   5     14     51  
657.0  10:57:31 42.358166 -72.484436   3     19     52  
657.0  10:57:40 42.35747 -72.48354   4     17     46  
657.0  10:57:48 42.356773 -72.48236   3     18     40  
657.0  10:57:57 42.355957 -72.48075   4     16     58  
658.0  10:58:00 42.355396 -72.47937   3     14     45  
658.0  10:58:06 42.35522 -72.478966   3     19     46  
658.0  10:58:14 42.354557 -72.47736   5     10     51  
658.0  10:58:26 42.35378 -72.47546   4     12     50  
658.0  10:58:34 42.35338 -72.47531   4     18     48  
658.0  10:58:47 42.35338 -72.47531   5     18     45  
658.0  10:58:55 42.35348 -72.47624   4     17     50  
659.0  10:59:00 42.35347 -72.47657   5     17     57  
659.0  10:59:03 42.353477 -72.47646   4     13     46  
659.0  10:59:12 42.353394 -72.477776   5     16     53  
659.0  10:59:27 42.353706 -72.47924   4     17     56  
659.0  10:59:35 42.354763 -72.480225   3     13     54  
659.0  10:59:45 42.35534 -72.48058   5     17     51  
659.0  10:59:54 42.355736 -72.48047   4     11     53  
660.0  11:00:00 42.35569 -72.48035   5     10     41  
660.0  11:00:03 42.35569 -72.480354   4     19     49  
660.0  11:00:14 42.35596 -72.48058   5     17     42  
660.0  11:00:22 42.35663 -72.48205   4     19     44  
660.0  11:00:31 42.35758 -72.483665   4     18     58  
660.0  11:00:39 42.358456 -72.48481   3     16     45  
660.0  11:00:48 42.359474 -72.48582   4     18     42  
661.0  11:01:00 42.36054 -72.48674   4     10     40  
661.0  11:01:00 42.36156 -72.487625   5     15     48  
661.0  11:01:11 42.362083 -72.48801   3     18     44  
661.0  11:01:19 42.362286 -72.48815   5     15     43  
661.0  11:01:28 42.362278 -72.488144   5     14     43  
661.0  11:01:36 42.362274 -72.48817   4     15     40  
661.0  11:01:44 42.36228 -72.48815   5     17     47  
661.0  11:01:52 42.362495 -72.488365   3     19     44  
662.0  11:02:00 42.3629 -72.488655   3     11     40  
662.0  11:02:03 42.362885 -72.48865   4     17     40  
662.0  11:02:12 42.362946 -72.488686   4     15     51  
662.0  11:02:21 42.36306 -72.488754   4     11     55  
662.0  11:02:29 42.363766 -72.489334   4     13     41  
662.0  11:02:38 42.364548 -72.49021   3     15     48  
662.0  11:02:47 42.365467 -72.49139   5     11     59  
662.0  11:02:57 42.366535 -72.4928   5     19     44  
663.0  11:03:00 42.36722 -72.49375   5     10     49  
663.0  11:03:05 42.367405 -72.49401   3     16     47  
663.0  11:03:14 42.36821 -72.49503   5     12     53  
663.0  11:03:23 42.36902 -72.49604   3     19     47  
663.0  11:03:31 42.369907 -72.49714   5     11     42  
663.0  11:03:41 42.37072 -72.49801   4     14     47  
663.0  11:03:51 42.371162 -72.49851   4     11     51  
664.0  11:04:00 42.371105 -72.498726   4     11     50  
664.0  11:04:00 42.370987 -72.49892   3     10     59  
664.0  11:04:09 42.370758 -72.499115   4     18     43  
664.0  11:04:17 42.37027 -72.499146   4     13     54  
664.0  11:04:26 42.37027 -72.49915   5     10     46  
664.0  11:04:35 42.370243 -72.49916   4     17     52  
664.0  11:04:46 42.369556 -72.499146   3     10     45  
664.0  11:04:54 42.369267 -72.49977   5     15     43  
665.0  11:05:00 42.369297 -72.500435   4     11     58  
665.0  11:05:03 42.369293 -72.50041   5     18     50  
665.0  11:05:11 42.3693 -72.50064   5     14     56  
665.0  11:05:20 42.36931 -72.501205   5     19     40  
665.0  11:05:28 42.369366 -72.50175   4     11     53  
665.0  11:05:38 42.369415 -72.50178   3     14     46  
665.0  11:05:47 42.369473 -72.501785   5     19     49  
665.0  11:05:56 42.369442 -72.50206   5     18     41  
666.0  11:06:00 42.36952 -72.50214   3     13     49  
666.0  11:06:04 42.36952 -72.50214   3     12     41  
666.0  11:06:12 42.37024 -72.5019   4     18     54  
666.0  11:06:21 42.371315 -72.50164   5     12     58  
666.0  11:06:32 42.372437 -72.50133   3     14     42  
666.0  11:06:41 42.372746 -72.50125   4     11     55  
666.0  11:06:49 42.372917 -72.50119   3     16     41  
666.0  11:06:58 42.373844 -72.50098   5     13     57  
667.0  11:07:00 42.374596 -72.50081   4     11     41  
667.0  11:07:07 42.37495 -72.500725   3     17     41  
667.0  11:07:15 42.375805 -72.50056   5     19     57  
667.0  11:07:26 42.37643 -72.50065   3     12     53  
667.0  11:07:34 42.376278 -72.50131   3     13     54  
667.0  11:07:43 42.376274 -72.501335   4     15     52  
667.0  11:07:52 42.37628 -72.5013   3     19     47  
668.0  11:08:00 42.376305 -72.50129   3     18     59  
668.0  11:08:00 42.376236 -72.50146   5     17     48  
668.0  11:08:09 42.376118 -72.50205   5     13     51  
668.0  11:08:19 42.375786 -72.50395   5     12     58  
668.0  11:08:28 42.375664 -72.50534   5     14     48  
668.0  11:08:36 42.37571 -72.50665   5     19     57  
668.0  11:08:44 42.37573 -72.50713   5     11     51  
668.0  11:08:53 42.375748 -72.5071   3     15     57  
669.0  11:09:00 42.375744 -72.50721   4     18     57  
669.0  11:09:01 42.375744 -72.5071   5     14     58  
669.0  11:09:12 42.375763 -72.50803   3     19     40  
669.0  11:09:20 42.375797 -72.509384   4     11     59  
669.0  11:09:29 42.37582 -72.51073   4     18     57  
669.0  11:09:37 42.375847 -72.51088   3     12     51  
669.0  11:09:46 42.375885 -72.51189   5     10     41  
669.0  11:09:54 42.375896 -72.51269   3     13     58  
670.0  11:10:00 42.375916 -72.51281   4     14     50  
670.0  11:10:05 42.37591 -72.51281   3     16     44  
670.0  11:10:14 42.375916 -72.512794   5     10     50  
670.0  11:10:22 42.375923 -72.51279   5     18     49  
670.0  11:10:31 42.375923 -72.51308   3     12     55  
670.0  11:10:39 42.375893 -72.514175   3     10     40  
670.0  11:10:48 42.375805 -72.51562   5     19     47  
670.0  11:10:59 42.375797 -72.51663   4     12     44  
671.0  11:11:00 42.375824 -72.51669   3     10     46  
671.0  11:11:08 42.37583 -72.516685   5     12     52  
671.0  11:11:16 42.37582 -72.51671   5     19     42  
671.0  11:11:25 42.375793 -72.51693   5     14     40  
671.0  11:11:34 42.375767 -72.517426   4     11     47  
671.0  11:11:43 42.375744 -72.5181   5     16     46  
671.0  11:11:54 42.375664 -72.51912   5     13     42  
672.0  11:12:00 42.37565 -72.519424   4     12     41  
672.0  11:12:03 42.37565 -72.519424   4     10     50  
672.0  11:12:12 42.37567 -72.51972   4     16     56  
672.0  11:12:21 42.37612 -72.51993   5     14     53  
672.0  11:12:30 42.376743 -72.51993   4     15     40  
672.0  11:12:38 42.37726 -72.519905   3     13     51  
672.0  11:12:49 42.377335 -72.5199   3     17     43  
672.0  11:12:58 42.377335 -72.51989   5     17     51  
673.0  11:13:00 42.377323 -72.51987   3     14     48  
673.0  11:13:06 42.37733 -72.51987   4     12     55  
673.0  11:13:15 42.377357 -72.519875   5     11     41  
673.0  11:13:24 42.37742 -72.51992   3     14     55  
673.0  11:13:32 42.377445 -72.52   3     18     58  
673.0  11:13:43 42.377422 -72.520065   5     12     54  
673.0  11:13:52 42.377403 -72.52006   3     12     46  
674.0  11:14:00 42.37739 -72.52004   4     15     46  
674.0  11:14:00 42.377487 -72.52001   5     19     54  
674.0  11:14:10 42.377777 -72.51998   5     17     59  
674.0  11:14:18 42.378517 -72.52   4     18     58  
674.0  11:14:27 42.379246 -72.51982   3     16     59  
674.0  11:14:41 42.37981 -72.51953   5     16     54  
674.0  11:14:49 42.37979 -72.51953   4     16     43  
674.0  11:14:58 42.37978 -72.519516   5     19     53  
675.0  11:15:00 42.3798 -72.51952   5     18     55  
675.0  11:15:06 42.379807 -72.51952   4     18     53  
675.0  11:15:14 42.38019 -72.51942   3     14     40  
675.0  11:15:23 42.380978 -72.51936   5     15     58  
675.0  11:15:34 42.381363 -72.519264   4     19     51  
675.0  11:15:42 42.381313 -72.519196   4     15     57  
675.0  11:15:51 42.38129 -72.519165   3     12     54  
675.0  11:15:59 42.381298 -72.519165   4     15     51  
676.0  11:16:00 42.381325 -72.51917   3     14     46  
676.0  11:16:08 42.381413 -72.51919   3     14     52  
676.0  11:16:16 42.38149 -72.51924   4     12     45  
676.0  11:16:27 42.382015 -72.5198   4     11     48  
676.0  11:16:36 42.382812 -72.520454   3     18     57  
676.0  11:16:45 42.38369 -72.52097   3     15     49  
676.0  11:16:54 42.38466 -72.52153   3     11     56  
677.0  11:17:00 42.385605 -72.52202   5     13     48  
677.0  11:17:02 42.385452 -72.52192   4     12     57  
677.0  11:17:11 42.38582 -72.5222   4     17     41  
677.0  11:17:21 42.38592 -72.52235   3     11     48  
677.0  11:17:33 42.386387 -72.52239   3     11     53  
677.0  11:17:41 42.387142 -72.52289   5     10     59  
677.0  11:17:49 42.38761 -72.52346   5     17     52  
677.0  11:17:57 42.3877 -72.52364   4     16     50  
678.0  11:18:00 42.387707 -72.52362   4     15     42  
678.0  11:18:06 42.387707 -72.52361   4     11     48  
678.0  11:18:15 42.38772 -72.52359   5     10     47  
678.0  11:18:24 42.38772 -72.52358   3     15     46  
678.0  11:18:33 42.3877 -72.5236   3     10     51  
678.0  11:18:41 42.38768 -72.523605   5     19     54  
678.0  11:18:50 42.38767 -72.5236   3     17     56  
678.0  11:18:59 42.387684 -72.523575   4     19     47  
679.0  11:19:00 42.38768 -72.523575   3     10     40  
679.0  11:19:09 42.38775 -72.52356   4     17     40  
679.0  11:19:17 42.387783 -72.52352   3     12     57  
679.0  11:19:27 42.38778 -72.52349   4     16     42  
679.0  11:19:36 42.387745 -72.52347   5     18     47  
679.0  11:19:45 42.38772 -72.523445   3     19     55  
679.0  11:19:54 42.387722 -72.52351   5     15     46  
680.0  11:20:00 42.388103 -72.52401   5     16     53  
680.0  11:20:04 42.388103 -72.52401   3     15     44  
680.0  11:20:13 42.388653 -72.52442   4     12     54  
680.0  11:20:22 42.38935 -72.524796   5     19     55  
680.0  11:20:30 42.390076 -72.52505   3     16     47  
680.0  11:20:39 42.39063 -72.5251   4     17     45  
680.0  11:20:47 42.390903 -72.52518   4     16     53  
680.0  11:20:58 42.39092 -72.52522   4     18     47  
681.0  11:21:00 42.390892 -72.52526   3     16     48  
681.0  11:21:06 42.390892 -72.52526   3     14     59  
681.0  11:21:15 42.391006 -72.52528   5     10     52  
681.0  11:21:23 42.391205 -72.525276   5     19     56  
681.0  11:21:31 42.39184 -72.52536   4     18     43  
681.0  11:21:40 42.392525 -72.52559   3     15     41  
681.0  11:21:50 42.393295 -72.52588   5     17     44  
681.0  11:21:58 42.393726 -72.52611   5     19     43  
682.0  11:22:00 42.39388 -72.52615   3     13     54  
682.0  11:22:06 42.393898 -72.52617   4     17     51  
682.0  11:22:14 42.39389 -72.52615   5     12     50  
682.0  11:22:22 42.393913 -72.526146   4     18     58  
682.0  11:22:30 42.393936 -72.52618   3     13     52  
682.0  11:22:41 42.39394 -72.526276   4     18     49  
682.0  11:22:49 42.39427 -72.5265   3     14     51  
682.0  11:22:58 42.394653 -72.526726   3     16     42  
683.0  11:23:00 42.39491 -72.526855   4     19     58  
683.0  11:23:06 42.39497 -72.52689   4     14     56  
683.0  11:23:15 42.39504 -72.52695   5     13     47  
683.0  11:23:23 42.395023 -72.526985   4     17     48  
683.0  11:23:33 42.395016 -72.527016   4     12     44  
683.0  11:23:41 42.39502 -72.52699   4     18     46  
683.0  11:23:49 42.39505 -72.526955   5     19     41  
683.0  11:23:57 42.39506 -72.52695   3     15     56  
684.0  11:24:00 42.395164 -72.52699   4     11     40  
684.0  11:24:06 42.3953 -72.52707   3     12     50  
684.0  11:24:14 42.396053 -72.52743   3     15     53  
684.0  11:24:24 42.397217 -72.52794   5     10     59  
684.0  11:24:33 42.398266 -72.52814   5     13     52  
684.0  11:24:42 42.399323 -72.52808   5     11     53  
684.0  11:24:54 42.400543 -72.52794   4     11     42  
685.0  11:25:00 42.40238 -72.52852   3     15     54  
685.0  11:25:03 42.402126 -72.52838   5     17     44  
685.0  11:25:11 42.403233 -72.52908   4     19     55  
685.0  11:25:21 42.40395 -72.52952   3     18     57  
685.0  11:25:30 42.404003 -72.5295   5     15     49  
685.0  11:25:38 42.404026 -72.52951   4     16     49  
685.0  11:25:47 42.404438 -72.52976   5     19     46  
685.0  11:25:55 42.405327 -72.52975   4     15     58  
686.0  11:26:00 42.40631 -72.529816   5     11     57  
686.0  11:26:04 42.40631 -72.529816   3     11     57  
686.0  11:26:17 42.40636 -72.530304   3     17     42  
686.0  11:26:27 42.406395 -72.53111   4     10     54  
686.0  11:26:36 42.40637 -72.53136   4     14     46  
686.0  11:26:45 42.40623 -72.53177   3     17     54  
686.0  11:26:53 42.406116 -72.53203   3     10     57  
687.0  11:27:00 42.406017 -72.532455   4     15     53  
687.0  11:27:02 42.40605 -72.53234   3     12     57  
687.0  11:27:10 42.40587 -72.5325   3     17     48  
687.0  11:27:21 42.40576 -72.532455   5     15     46  
687.0  11:27:31 42.405754 -72.53244   5     10     41  
687.0  11:27:41 42.40577 -72.532425   3     10     52  
687.0  11:27:49 42.40578 -72.532425   5     10     58  
687.0  11:27:57 42.405773 -72.53242   4     17     44  
688.0  11:28:00 42.405807 -72.53245   5     14     44  
688.0  11:28:05 42.405815 -72.532455   3     14     54  
688.0  11:28:16 42.405834 -72.53246   5     18     51  
688.0  11:28:25 42.405872 -72.53249   5     11     42  
688.0  11:28:33 42.40588 -72.53249   3     11     40  
688.0  11:28:42 42.40588 -72.53249   5     11     50  
688.0  11:28:50 42.40588 -72.5325   4     10     43  
688.0  11:28:59 42.405888 -72.5325   3     19     45  
689.0  11:29:00 42.40589 -72.5325   4     10     41  
689.0  11:29:10 42.405884 -72.53249   3     12     40  
689.0  11:29:19 42.40586 -72.53248   4     14     54  
689.0  11:29:27 42.40584 -72.53246   3     15     42  
689.0  11:29:36 42.40584 -72.53247   5     11     52  
689.0  11:29:44 42.40584 -72.5325   3     12     58  
689.0  11:29:52 42.405827 -72.53255   5     13     44  
690.0  11:30:00 42.40582 -72.53249   5     18     41  
690.0  11:30:02 42.40582 -72.5325   4     16     47  
690.0  11:30:11 42.405823 -72.53246   5     13     43  
690.0  11:30:19 42.40582 -72.532455   3     19     48  
690.0  11:30:28 42.40578 -72.5325   5     18     53  
690.0  11:30:36 42.405758 -72.532524   3     19     57  
690.0  11:30:45 42.405743 -72.532524   5     19     40  
690.0  11:30:55 42.405724 -72.532555   4     11     49  
691.0  11:31:00 42.405727 -72.5325   5     16     50  
691.0  11:31:04 42.405727 -72.53251   4     14     44  
691.0  11:31:13 42.4055 -72.53244   5     10     52  
691.0  11:31:22 42.40539 -72.5324   3     11     53  
691.0  11:31:31 42.404984 -72.53236   4     15     45  
691.0  11:31:40 42.404903 -72.53192   3     13     48  
691.0  11:31:51 42.40491 -72.531555   3     10     40  
691.0  11:31:59 42.40496 -72.530876   3     11     40  
692.0  11:32:00 42.404976 -72.530815   4     19     43  
692.0  11:32:08 42.40498 -72.530815   4     12     43  
692.0  11:32:17 42.405033 -72.53056   5     14     40  
692.0  11:32:25 42.405087 -72.530304   5     19     48  
692.0  11:32:34 42.405075 -72.529816   5     15     48  
692.0  11:32:45 42.40511 -72.52978   5     18     52  
692.0  11:32:54 42.40507 -72.529755   4     14     46  
693.0  11:33:00 42.404858 -72.52966   3     14     52  
693.0  11:33:03 42.40492 -72.52967   3     14     58  
693.0  11:33:11 42.404057 -72.5296   4     11     47  
693.0  11:33:20 42.403297 -72.529175   3     11     46  
693.0  11:33:28 42.403122 -72.52909   4     11     56  
693.0  11:33:39 42.403107 -72.529175   3     14     57  
693.0  11:33:47 42.403122 -72.52917   3     19     51  
693.0  11:33:55 42.403133 -72.52909   3     12     57  
694.0  11:34:00 42.402676 -72.528755   4     19     52  
694.0  11:34:04 42.402676 -72.528755   4     15     54  
694.0  11:34:12 42.40175 -72.528244   4     18     54  
694.0  11:34:21 42.400795 -72.527916   4     13     46  
694.0  11:34:31 42.39954 -72.528   3     18     44  
694.0  11:34:39 42.39891 -72.52807   4     13     44  
694.0  11:34:47 42.397995 -72.5281   3     10     41  
694.0  11:34:56 42.39702 -72.527824   3     16     52  
695.0  11:35:00 42.396057 -72.52738   4     18     45  
695.0  11:35:09 42.395947 -72.52733   3     13     56  
695.0  11:35:17 42.395397 -72.527084   5     17     43  
695.0  11:35:28 42.395462 -72.5271   3     19     54  
695.0  11:35:36 42.395477 -72.5271   4     10     45  
695.0  11:35:44 42.395428 -72.52709   5     17     41  
695.0  11:35:52 42.395393 -72.5271   5     13     45  
696.0  11:36:00 42.395046 -72.52691   5     19     40  
696.0  11:36:01 42.395252 -72.52704   4     19     57  
696.0  11:36:10 42.39445 -72.5266   5     11     40  
696.0  11:36:20 42.39355 -72.52611   5     17     58  
696.0  11:36:29 42.393383 -72.52599   4     18     48  
696.0  11:36:40 42.393387 -72.52602   3     10     45  
696.0  11:36:51 42.393387 -72.52602   3     12     42  
697.0  11:37:00 42.393112 -72.5258   3     11     58  
697.0  11:37:00 42.39282 -72.5257   4     15     47  
697.0  11:37:10 42.392277 -72.525505   3     10     50  
697.0  11:37:19 42.391415 -72.525314   5     19     47  
697.0  11:37:27 42.390873 -72.52529   3     18     40  
697.0  11:37:39 42.390877 -72.52531   3     11     43  
697.0  11:37:48 42.390785 -72.52525   3     10     45  
697.0  11:37:57 42.39012 -72.52506   4     17     58  
698.0  11:38:00 42.38946 -72.52488   3     19     57  
698.0  11:38:08 42.38918 -72.524765   4     18     51  
698.0  11:38:16 42.38839 -72.52434   5     19     56  
698.0  11:38:25 42.38786 -72.52394   4     11     58  
698.0  11:38:33 42.387836 -72.52388   5     17     41  
698.0  11:38:42 42.387844 -72.523895   3     14     55  
698.0  11:38:51 42.38767 -72.52361   4     19     47  
699.0  11:39:00 42.38679 -72.52251   4     14     42  
699.0  11:39:01 42.38702 -72.52274   4     10     40  
699.0  11:39:10 42.386368 -72.52237   3     11     55  
699.0  11:39:18 42.38609 -72.52244   4     11     42  
699.0  11:39:27 42.386097 -72.52245   4     18     48  
699.0  11:39:35 42.386032 -72.52248   5     19     44  
699.0  11:39:43 42.38571 -72.52222   4     18     43  
699.0  11:39:54 42.384975 -72.52163   5     11     47  
700.0  11:40:00 42.38396 -72.52108   4     10     49  
700.0  11:40:02 42.38416 -72.52119   5     17     46  
700.0  11:40:11 42.383316 -72.52076   3     16     57  
700.0  11:40:19 42.382866 -72.52053   4     14     47  
700.0  11:40:27 42.382854 -72.52054   3     14     45  
700.0  11:40:35 42.382843 -72.52055   5     17     41  
700.0  11:40:45 42.38239 -72.52024   4     17     41  
700.0  11:40:53 42.38171 -72.519585   3     17     45  
701.0  11:41:00 42.38135 -72.51929   5     12     47  
701.0  11:41:02 42.381454 -72.51927   5     14     58  
701.0  11:41:11 42.380814 -72.51938   4     13     43  
701.0  11:41:20 42.38012 -72.51949   3     10     49  
701.0  11:41:29 42.379505 -72.51971   4     14     42  
701.0  11:41:40 42.37883 -72.51995   5     18     40  
701.0  11:41:49 42.378345 -72.520004   4     16     43  
701.0  11:41:57 42.37806 -72.52002   4     18     54  
702.0  11:42:00 42.377953 -72.52002   4     16     43  
702.0  11:42:06 42.377922 -72.52002   5     13     40  
702.0  11:42:15 42.377884 -72.520004   4     18     51  
702.0  11:42:23 42.37786 -72.52001   5     13     59  
702.0  11:42:35 42.37787 -72.51997   4     17     58  
702.0  11:42:44 42.377747 -72.51992   5     14     40  
702.0  11:42:52 42.377357 -72.5199   3     16     43  
703.0  11:43:00 42.37702 -72.519936   4     17     56  
703.0  11:43:01 42.377167 -72.51993   3     11     40  
703.0  11:43:10 42.37681 -72.51993   3     11     56  
703.0  11:43:19 42.37647 -72.519875   3     13     54  
703.0  11:43:31 42.37599 -72.51991   5     11     56  
703.0  11:43:39 42.375942 -72.519905   3     19     57  
703.0  11:43:48 42.37596 -72.51981   5     18     45  
703.0  11:43:56 42.375973 -72.51975   5     17     52  
704.0  11:44:00 42.375977 -72.519714   3     18     43  
704.0  11:44:05 42.375977 -72.519714   4     12     56  
704.0  11:44:14 42.375977 -72.51969   5     19     47  
704.0  11:44:24 42.375973 -72.51969   4     14     56  
704.0  11:44:33 42.37597 -72.5197   3     19     59  
704.0  11:44:43 42.37596 -72.51971   5     14     42  
704.0  11:44:51 42.37595 -72.51972   3     12     50  
705.0  11:45:00 42.375946 -72.519745   3     18     55  
705.0  11:45:00 42.375957 -72.51973   4     15     45  
705.0  11:45:08 42.375965 -72.519745   4     15     46  
705.0  11:45:19 42.37597 -72.51977   3     10     50  
705.0  11:45:27 42.375793 -72.519745   5     17     49  
705.0  11:45:36 42.37565 -72.51978   3     19     51  
705.0  11:45:45 42.37565 -72.519775   3     13     53  
705.0  11:45:53 42.375595 -72.51968   3     19     59  
706.0  11:46:00 42.375607 -72.51917   3     19     40  
706.0  11:46:02 42.375595 -72.51917   5     19     41  
706.0  11:46:13 42.375626 -72.51921   4     14     46  
706.0  11:46:21 42.37564 -72.51922   4     13     40  
706.0  11:46:30 42.375645 -72.519226   5     10     44  
706.0  11:46:39 42.375626 -72.51921   4     12     47  
706.0  11:46:48 42.37561 -72.51921   3     16     59  
706.0  11:46:57 42.37565 -72.519135   3     12     40  
707.0  11:47:00 42.375668 -72.51913   4     12     49  
707.0  11:47:08 42.375687 -72.51906   4     19     45  
707.0  11:47:16 42.37577 -72.51858   5     12     46  
707.0  11:47:25 42.37576 -72.51839   4     17     56  
707.0  11:47:34 42.375713 -72.51811   5     18     49  
707.0  11:47:42 42.37576 -72.517075   5     19     55  
707.0  11:47:50 42.37583 -72.51588   3     11     48  
708.0  11:48:00 42.37589 -72.51355   5     12     56  
708.0  11:48:01 42.3759 -72.51388   5     13     51  
708.0  11:48:10 42.37588 -72.51257   4     13     50  
708.0  11:48:19 42.375843 -72.51183   4     12     58  
708.0  11:48:28 42.37584 -72.51186   5     17     45  
708.0  11:48:36 42.3758 -72.51185   3     18     55  
708.0  11:48:45 42.3758 -72.51152   4     19     55  
708.0  11:48:56 42.375805 -72.510925   3     14     47  
709.0  11:49:00 42.37579 -72.510216   5     15     40  
709.0  11:49:05 42.375782 -72.51003   5     12     45  
709.0  11:49:13 42.37574 -72.508446   5     14     50  
709.0  11:49:22 42.375717 -72.50745   5     17     57  
709.0  11:49:31 42.375725 -72.50742   4     19     52  
709.0  11:49:39 42.375717 -72.50673   5     17     55  
709.0  11:49:50 42.375683 -72.50464   5     19     49  
709.0  11:49:59 42.37589 -72.50318   3     12     55  
710.0  11:50:00 42.37602 -72.50224   5     10     43  
710.0  11:50:07 42.376133 -72.50167   3     16     45  
710.0  11:50:16 42.376186 -72.5014   4     17     56  
710.0  11:50:24 42.376175 -72.501335   5     11     51  
710.0  11:50:33 42.376297 -72.5007   4     12     58  
710.0  11:50:43 42.375736 -72.50062   3     15     51  
710.0  11:50:52 42.374733 -72.500854   3     19     40  
711.0  11:51:00 42.373394 -72.50124   5     15     40  
711.0  11:51:01 42.37368 -72.50115   3     10     51  
711.0  11:51:09 42.373116 -72.50131   3     15     54  
711.0  11:51:18 42.372482 -72.5014   4     11     50  
711.0  11:51:26 42.37142 -72.5016   4     13     44  
711.0  11:51:41 42.36968 -72.50204   5     12     54  
711.0  11:51:49 42.36932 -72.501915   3     15     55  
711.0  11:51:58 42.369286 -72.50157   5     19     47  
712.0  11:52:00 42.3693 -72.50161   3     14     45  
712.0  11:52:07 42.369293 -72.50156   3     10     44  
712.0  11:52:16 42.369267 -72.50064   3     19     49  
712.0  11:52:27 42.369232 -72.49998   5     15     58  
712.0  11:52:35 42.36934 -72.499084   4     15     46  
712.0  11:52:43 42.36989 -72.49903   5     13     46  
712.0  11:52:51 42.37034 -72.499054   5     13     49  
713.0  11:53:00 42.371098 -72.49865   4     13     43  
713.0  11:53:01 42.37095 -72.49889   3     16     47  
713.0  11:53:14 42.371136 -72.49854   3     15     47  
713.0  11:53:24 42.37074 -72.497894   3     13     52  
713.0  11:53:33 42.369892 -72.49696   4     16     47  
713.0  11:53:42 42.369232 -72.49611   5     12     51  
713.0  11:53:50 42.36833 -72.494995   5     18     40  
713.0  11:53:59 42.367393 -72.493835   3     17     56  
714.0  11:54:00 42.36681 -72.49307   4     11     45  
714.0  11:54:07 42.36635 -72.49248   3     18     44  
714.0  11:54:17 42.365276 -72.491104   5     18     46  
714.0  11:54:26 42.364178 -72.48979   4     12     52  
714.0  11:54:35 42.363194 -72.488914   4     11     58  
714.0  11:54:44 42.36293 -72.48872   5     12     54  
714.0  11:54:52 42.36285 -72.488655   3     19     59  
715.0  11:55:00 42.361885 -72.48786   3     17     50  
715.0  11:55:01 42.36224 -72.488144   4     17     54  
715.0  11:55:11 42.36093 -72.48707   5     16     41  
715.0  11:55:19 42.359756 -72.48604   4     14     48  
715.0  11:55:28 42.358734 -72.48505   4     18     40  
715.0  11:55:37 42.35815 -72.48504   5     13     55  
715.0  11:55:46 42.357788 -72.48541   5     16     55  
715.0  11:55:54 42.357063 -72.48525   5     15     50  
716.0  11:56:00 42.35638 -72.48545   5     12     44  
716.0  11:56:04 42.35638 -72.48545   5     10     57  
716.0  11:56:13 42.355892 -72.485855   5     14     50  
716.0  11:56:22 42.35571 -72.485596   3     19     40  
716.0  11:56:30 42.355774 -72.48517   5     18     40  
716.0  11:56:39 42.356148 -72.484985   4     11     56  
716.0  11:56:47 42.356285 -72.48531   3     15     46  
716.0  11:56:58 42.356586 -72.48534   4     17     55  
717.0  11:57:00 42.35701 -72.48523   3     17     53  
717.0  11:57:07 42.357296 -72.485245   3     10     56  
717.0  11:57:15 42.357933 -72.48542   4     14     53  
717.0  11:57:24 42.35817 -72.484955   3     17     52  
717.0  11:57:32 42.35826 -72.48457   5     14     56  
717.0  11:57:41 42.357967 -72.48419   3     18     46  
717.0  11:57:53 42.35775 -72.48386   5     11     53  
718.0  11:58:00 42.35664 -72.48206   5     15     58  
718.0  11:58:02 42.356926 -72.48258   3     14     45  
718.0  11:58:10 42.356052 -72.480835   3     19     42  
718.0  11:58:19 42.355247 -72.478905   4     14     59  
718.0  11:58:27 42.35447 -72.477165   3     12     59  
718.0  11:58:36 42.353764 -72.47546   4     14     46  
718.0  11:58:48 42.35334 -72.475395   4     14     49  
718.0  11:58:57 42.353455 -72.47625   4     14     47  
719.0  11:59:00 42.353416 -72.47626   5     15     50  
719.0  11:59:06 42.353413 -72.47625   5     18     47  
719.0  11:59:14 42.353367 -72.47656   3     19     47  
719.0  11:59:23 42.35335 -72.4778   5     11     44  
719.0  11:59:33 42.35366 -72.4793   5     17     58  
719.0  11:59:42 42.3549 -72.48027   5     11     48  
719.0  11:59:51 42.3556 -72.48056   3     18     43  
720.0  12:00:00 42.35574 -72.48048   4     12     56  
720.0  12:00:00 42.355736 -72.48045   3     15     45  
720.0  12:00:08 42.35577 -72.480415   5     14     45  
720.0  12:00:17 42.35591 -72.4805   4     10     40  
720.0  12:00:30 42.356464 -72.48171   4     13     50  
720.0  12:00:41 42.358025 -72.48434   5     17     51  
720.0  12:00:50 42.359207 -72.485565   3     17     41  
720.0  12:00:59 42.360443 -72.48665   3     12     40  
