600.0  10:00:00 42.38427 -72.5213   5     17     51  
600.0  10:00:05 42.384422 -72.52139   3     13     52  
600.0  10:00:16 42.38521 -72.52183   5     15     49  
600.0  10:00:24 42.38579 -72.52223   4     11     48  
600.0  10:00:33 42.385876 -72.52236   3     11     53  
600.0  10:00:41 42.38587 -72.52233   3     12     56  
600.0  10:00:50 42.38587 -72.522316   3     11     42  
600.0  10:00:59 42.385845 -72.522316   4     10     46  
601.0  10:01:00 42.385918 -72.52245   5     10     52  
601.0  10:01:10 42.386044 -72.52296   5     19     50  
601.0  10:01:18 42.385857 -72.52421   3     18     46  
601.0  10:01:28 42.385685 -72.52489   4     13     44  
601.0  10:01:37 42.385628 -72.5251   5     12     43  
601.0  10:01:45 42.385742 -72.52522   3     18     58  
601.0  10:01:54 42.386063 -72.52538   5     13     40  
602.0  10:02:00 42.386353 -72.525505   4     12     42  
602.0  10:02:05 42.386402 -72.52553   4     12     46  
602.0  10:02:14 42.38691 -72.52574   4     17     57  
602.0  10:02:22 42.387245 -72.52604   4     13     50  
602.0  10:02:31 42.38715 -72.52643   5     13     46  
602.0  10:02:40 42.38708 -72.52645   3     15     44  
602.0  10:02:48 42.387074 -72.52644   4     18     45  
602.0  10:02:59 42.387066 -72.52643   5     12     46  
603.0  10:03:00 42.38706 -72.52643   4     16     56  
603.0  10:03:07 42.387054 -72.52642   3     14     48  
603.0  10:03:15 42.387062 -72.52642   5     15     53  
603.0  10:03:24 42.387043 -72.52644   3     16     49  
603.0  10:03:33 42.387024 -72.52648   4     17     54  
603.0  10:03:42 42.38703 -72.52651   3     13     42  
603.0  10:03:52 42.387012 -72.52652   4     17     52  
604.0  10:04:00 42.387005 -72.52655   4     10     48  
604.0  10:04:00 42.387005 -72.526566   5     11     48  
604.0  10:04:09 42.387 -72.526596   5     18     45  
604.0  10:04:17 42.386997 -72.52661   3     15     40  
604.0  10:04:25 42.386993 -72.5266   4     18     55  
604.0  10:04:34 42.386993 -72.52657   5     17     59  
604.0  10:04:44 42.387012 -72.52659   4     19     46  
604.0  10:04:53 42.387024 -72.526596   3     19     48  
605.0  10:05:00 42.38703 -72.52658   5     12     46  
605.0  10:05:02 42.387035 -72.52658   4     16     42  
605.0  10:05:11 42.386868 -72.52647   3     11     58  
605.0  10:05:19 42.386436 -72.52629   4     15     52  
605.0  10:05:28 42.385883 -72.52608   3     19     49  
605.0  10:05:40 42.38559 -72.52594   5     12     52  
605.0  10:05:48 42.385418 -72.52589   4     11     48  
605.0  10:05:57 42.385258 -72.52556   4     10     40  
606.0  10:06:00 42.38537 -72.52514   4     16     53  
606.0  10:06:05 42.385376 -72.52511   3     12     52  
606.0  10:06:13 42.38555 -72.52438   5     10     44  
606.0  10:06:22 42.385796 -72.52333   3     17     47  
606.0  10:06:32 42.38588 -72.5228   5     19     53  
606.0  10:06:40 42.385895 -72.52277   3     18     52  
606.0  10:06:49 42.38587 -72.52278   4     16     54  
606.0  10:06:57 42.385777 -72.522385   4     14     58  
607.0  10:07:00 42.385563 -72.52194   5     19     45  
607.0  10:07:06 42.385277 -72.52174   4     15     53  
607.0  10:07:15 42.384483 -72.52133   4     10     57  
607.0  10:07:26 42.383465 -72.52083   3     14     59  
607.0  10:07:35 42.382946 -72.520546   4     13     46  
607.0  10:07:43 42.382828 -72.52049   4     16     53  
607.0  10:07:53 42.382183 -72.520004   5     16     47  
608.0  10:08:00 42.38164 -72.519516   5     19     51  
608.0  10:08:01 42.381638 -72.51952   4     10     47  
608.0  10:08:10 42.381653 -72.51951   3     13     41  
608.0  10:08:24 42.38168 -72.51951   3     14     51  
608.0  10:08:32 42.381516 -72.5193   3     13     46  
608.0  10:08:40 42.381023 -72.51932   5     11     50  
608.0  10:08:49 42.38009 -72.519485   3     10     51  
608.0  10:08:58 42.379707 -72.51962   3     12     45  
609.0  10:09:00 42.37967 -72.51962   4     15     47  
609.0  10:09:07 42.379673 -72.51963   4     12     44  
609.0  10:09:18 42.379646 -72.519615   5     10     42  
609.0  10:09:26 42.3794 -72.519714   3     13     46  
609.0  10:09:35 42.37904 -72.519875   4     12     45  
609.0  10:09:43 42.37861 -72.51996   5     19     44  
609.0  10:09:52 42.378555 -72.51998   4     14     40  
610.0  10:10:00 42.378292 -72.51996   4     12     52  
610.0  10:10:00 42.37822 -72.51995   4     12     48  
610.0  10:10:11 42.3782 -72.51996   5     10     41  
610.0  10:10:19 42.37816 -72.51994   3     11     59  
610.0  10:10:28 42.377914 -72.51999   4     18     56  
610.0  10:10:37 42.377914 -72.519966   5     14     50  
610.0  10:10:46 42.377907 -72.519966   5     19     50  
610.0  10:10:54 42.37789 -72.519966   5     11     46  
611.0  10:11:00 42.377655 -72.519966   4     16     56  
611.0  10:11:05 42.3776 -72.51996   5     12     57  
611.0  10:11:14 42.37705 -72.519936   5     11     46  
611.0  10:11:22 42.37659 -72.51993   5     19     55  
611.0  10:11:31 42.37645 -72.51995   5     12     44  
611.0  10:11:40 42.3764 -72.51997   5     19     46  
611.0  10:11:48 42.37639 -72.520004   4     17     48  
611.0  10:11:58 42.376354 -72.52001   3     19     58  
612.0  10:12:00 42.37632 -72.51997   3     15     47  
612.0  10:12:07 42.376213 -72.51995   4     16     53  
612.0  10:12:16 42.37576 -72.519936   3     12     49  
612.0  10:12:24 42.37508 -72.51989   4     17     47  
612.0  10:12:34 42.374577 -72.51988   5     16     50  
612.0  10:12:42 42.374405 -72.51991   5     19     56  
612.0  10:12:54 42.374317 -72.51993   3     18     41  
613.0  10:13:00 42.37368 -72.519875   3     10     54  
613.0  10:13:03 42.373714 -72.51988   4     15     47  
613.0  10:13:11 42.37359 -72.51988   4     12     56  
613.0  10:13:20 42.373543 -72.51985   3     16     51  
613.0  10:13:28 42.373047 -72.51986   3     10     55  
613.0  10:13:37 42.372345 -72.51982   5     11     59  
613.0  10:13:49 42.3722 -72.51958   3     14     59  
613.0  10:13:58 42.37203 -72.5189   3     19     40  
614.0  10:14:00 42.372158 -72.51882   5     15     46  
614.0  10:14:06 42.372295 -72.518875   4     16     48  
614.0  10:14:15 42.3729 -72.518906   4     13     47  
614.0  10:14:24 42.373062 -72.51888   4     14     40  
614.0  10:14:33 42.373096 -72.5189   5     11     44  
614.0  10:14:44 42.373135 -72.51891   4     19     59  
614.0  10:14:52 42.373184 -72.51895   4     14     50  
615.0  10:15:00 42.373283 -72.51953   5     11     40  
615.0  10:15:01 42.373283 -72.5193   5     13     45  
615.0  10:15:09 42.373226 -72.51987   3     17     47  
615.0  10:15:18 42.37289 -72.51986   5     12     52  
615.0  10:15:26 42.37241 -72.51984   4     11     43  
615.0  10:15:38 42.37111 -72.51982   4     18     56  
615.0  10:15:51 42.369015 -72.52   3     19     46  
615.0  10:15:59 42.367588 -72.520195   3     10     44  
616.0  10:16:00 42.36681 -72.5203   3     14     50  
616.0  10:16:08 42.36618 -72.5204   5     18     43  
616.0  10:16:17 42.36482 -72.52065   3     16     46  
616.0  10:16:30 42.36337 -72.52082   3     11     47  
616.0  10:16:39 42.36169 -72.520836   4     15     48  
616.0  10:16:47 42.360256 -72.520874   5     14     50  
616.0  10:16:56 42.358727 -72.52091   3     13     55  
617.0  10:17:00 42.357334 -72.52099   3     16     41  
617.0  10:17:04 42.357334 -72.52099   3     11     42  
617.0  10:17:13 42.355865 -72.520966   4     13     58  
617.0  10:17:23 42.35501 -72.52081   5     15     59  
617.0  10:17:33 42.355022 -72.52082   3     11     51  
617.0  10:17:42 42.355007 -72.52081   5     19     48  
617.0  10:17:51 42.354366 -72.52063   5     13     48  
618.0  10:18:00 42.35316 -72.52061   3     17     44  
618.0  10:18:00 42.3524 -72.520615   3     10     47  
618.0  10:18:08 42.35179 -72.52051   3     14     44  
618.0  10:18:18 42.35027 -72.51996   4     17     42  
618.0  10:18:27 42.348736 -72.52   3     19     45  
618.0  10:18:36 42.347282 -72.52031   3     19     52  
618.0  10:18:44 42.34583 -72.5205   5     13     57  
618.0  10:18:53 42.344425 -72.52048   5     11     40  
619.0  10:19:00 42.342934 -72.52021   5     11     50  
619.0  10:19:01 42.343212 -72.52029   5     18     55  
619.0  10:19:12 42.34191 -72.51995   4     19     58  
619.0  10:19:21 42.340828 -72.51997   5     17     55  
619.0  10:19:30 42.340263 -72.52015   5     12     49  
619.0  10:19:38 42.340244 -72.52018   3     13     51  
619.0  10:19:48 42.340244 -72.520195   5     15     46  
619.0  10:19:56 42.340137 -72.52018   5     13     53  
620.0  10:20:00 42.340134 -72.520164   3     13     47  
620.0  10:20:07 42.34003 -72.52018   5     13     55  
620.0  10:20:16 42.33934 -72.52047   5     19     57  
620.0  10:20:24 42.337997 -72.52128   3     14     58  
620.0  10:20:33 42.336838 -72.52216   4     18     50  
620.0  10:20:41 42.335487 -72.52305   4     10     57  
620.0  10:20:50 42.334183 -72.523445   5     13     49  
621.0  10:21:00 42.332527 -72.523605   3     17     42  
621.0  10:21:00 42.331802 -72.52371   3     17     56  
621.0  10:21:08 42.330822 -72.52385   5     15     50  
621.0  10:21:17 42.329254 -72.52408   4     17     49  
621.0  10:21:25 42.32757 -72.52433   5     12     59  
621.0  10:21:34 42.326115 -72.524445   4     14     41  
621.0  10:21:42 42.324486 -72.524635   5     18     51  
621.0  10:21:52 42.32331 -72.52478   4     12     59  
622.0  10:22:00 42.32328 -72.52576   4     14     50  
622.0  10:22:01 42.32323 -72.52535   5     12     42  
622.0  10:22:10 42.323658 -72.5266   4     19     48  
622.0  10:22:18 42.324623 -72.52713   5     19     57  
622.0  10:22:27 42.325127 -72.52825   3     16     44  
622.0  10:22:35 42.32512 -72.528694   4     10     47  
622.0  10:22:47 42.325127 -72.53005   4     17     58  
622.0  10:22:56 42.32527 -72.53071   3     11     51  
623.0  10:23:00 42.32528 -72.531166   5     13     49  
623.0  10:23:04 42.32528 -72.531166   5     10     42  
623.0  10:23:13 42.32528 -72.53117   5     11     40  
623.0  10:23:22 42.325275 -72.531166   4     10     54  
623.0  10:23:30 42.325268 -72.53115   4     10     43  
623.0  10:23:41 42.325256 -72.531105   4     19     45  
623.0  10:23:50 42.32524 -72.53106   5     10     54  
623.0  10:23:58 42.325253 -72.53106   4     18     55  
624.0  10:24:00 42.32526 -72.531075   5     12     56  
624.0  10:24:07 42.325268 -72.53109   3     18     48  
624.0  10:24:15 42.325264 -72.53111   5     16     58  
632.0  10:32:40 42.32525 -72.5311   3     12     42  
632.0  10:32:55 42.325237 -72.5311   4     16     59  
633.0  10:33:07 42.325134 -72.53116   4     11     53  
633.0  10:33:21 42.32493 -72.53085   5     11     59  
634.0  10:34:21 42.322502 -72.52898   4     17     49  
634.0  10:34:32 42.32215 -72.529816   4     15     41  
634.0  10:34:40 42.3221 -72.52989   4     18     43  
634.0  10:34:48 42.322086 -72.529945   4     13     55  
634.0  10:34:56 42.322063 -72.53007   4     15     51  
635.0  10:35:00 42.321945 -72.53054   3     17     50  
635.0  10:35:04 42.321945 -72.53054   4     15     50  
635.0  10:35:12 42.32188 -72.531654   3     15     47  
635.0  10:35:23 42.321697 -72.533165   4     11     47  
635.0  10:35:31 42.321762 -72.53412   3     15     52  
635.0  10:35:39 42.321495 -72.53428   3     12     41  
635.0  10:35:48 42.320915 -72.534294   3     19     40  
635.0  10:35:56 42.320797 -72.53375   4     18     49  
636.0  10:36:00 42.321068 -72.53359   5     18     44  
636.0  10:36:04 42.32107 -72.5336   4     10     55  
636.0  10:36:15 42.321095 -72.533615   3     19     53  
636.0  10:36:23 42.32111 -72.53363   4     12     50  
636.0  10:36:31 42.321182 -72.5338   3     11     54  
636.0  10:36:39 42.321167 -72.534225   4     19     56  
636.0  10:36:48 42.32082 -72.53438   3     16     41  
636.0  10:36:57 42.320366 -72.53441   3     14     41  
637.0  10:37:00 42.320343 -72.5344   3     12     41  
637.0  10:37:08 42.320335 -72.53439   5     18     49  
637.0  10:37:16 42.32021 -72.53375   4     14     56  
637.0  10:37:25 42.320183 -72.53247   4     13     56  
637.0  10:37:33 42.320137 -72.53075   5     11     43  
637.0  10:37:41 42.319794 -72.52925   4     10     50  
637.0  10:37:49 42.319366 -72.528175   5     14     50  
637.0  10:37:59 42.319267 -72.527985   5     12     56  
638.0  10:38:00 42.31925 -72.527985   4     11     41  
638.0  10:38:07 42.319237 -72.527985   3     13     46  
638.0  10:38:15 42.319126 -72.528   5     12     57  
638.0  10:38:23 42.31872 -72.52854   4     15     53  
638.0  10:38:31 42.317955 -72.52931   3     15     45  
638.0  10:38:39 42.316956 -72.53001   5     14     50  
638.0  10:38:49 42.31529 -72.53054   3     16     56  
638.0  10:38:57 42.313984 -72.530876   3     10     49  
639.0  10:39:00 42.313 -72.53067   4     17     56  
639.0  10:39:05 42.312683 -72.53056   4     18     48  
639.0  10:39:14 42.311455 -72.53016   5     19     54  
639.0  10:39:25 42.31003 -72.52966   5     18     42  
639.0  10:39:34 42.308598 -72.529625   5     10     59  
639.0  10:39:44 42.30739 -72.53067   3     17     59  
639.0  10:39:53 42.306324 -72.53078   4     13     57  
640.0  10:40:00 42.30493 -72.53023   5     16     57  
640.0  10:40:07 42.30514 -72.53047   5     10     45  
640.0  10:40:16 42.30389 -72.52783   3     10     59  
640.0  10:40:41 42.30235 -72.52761   4     18     59  
640.0  10:40:51 42.297634 -72.530785   4     12     46  
641.0  10:41:00 42.296066 -72.5312   5     19     49  
641.0  10:41:00 42.29524 -72.53124   5     12     56  
641.0  10:41:07 42.294434 -72.531265   5     15     54  
641.0  10:41:16 42.292873 -72.53162   4     11     51  
641.0  10:41:24 42.291454 -72.5326   4     15     40  
641.0  10:41:32 42.290077 -72.533585   5     12     44  
641.0  10:41:42 42.289104 -72.53529   4     15     49  
641.0  10:41:50 42.28909 -72.53566   4     15     58  
641.0  10:41:59 42.289112 -72.53566   5     19     45  
642.0  10:42:00 42.289066 -72.53582   4     17     57  
642.0  10:42:07 42.288975 -72.536125   3     14     48  
642.0  10:42:16 42.288345 -72.53768   3     15     43  
642.0  10:42:24 42.28732 -72.53933   4     11     43  
642.0  10:42:34 42.28645 -72.54153   4     14     45  
642.0  10:42:42 42.285847 -72.54328   4     11     46  
642.0  10:42:50 42.285416 -72.545204   5     17     55  
642.0  10:42:58 42.285122 -72.546875   5     16     59  
643.0  10:43:00 42.28462 -72.548134   4     10     45  
643.0  10:43:06 42.28436 -72.54877   3     12     49  
643.0  10:43:14 42.283756 -72.550255   4     15     45  
643.0  10:43:24 42.282936 -72.5523   3     19     46  
643.0  10:43:32 42.28232 -72.55382   3     13     46  
643.0  10:43:40 42.281715 -72.555374   3     17     41  
643.0  10:43:48 42.280994 -72.55719   5     19     56  
643.0  10:43:57 42.280426 -72.55859   4     18     51  
644.0  10:44:00 42.2798 -72.55938   4     19     50  
644.0  10:44:05 42.279686 -72.559456   5     18     49  
644.0  10:44:16 42.278397 -72.560646   3     14     58  
644.0  10:44:24 42.277527 -72.56246   3     17     41  
644.0  10:44:32 42.276886 -72.56379   3     17     52  
644.0  10:44:39 42.27582 -72.56476   5     16     56  
644.0  10:44:48 42.274487 -72.564995   4     13     46  
644.0  10:44:56 42.273163 -72.565315   5     10     52  
645.0  10:45:00 42.27179 -72.56564   3     17     46  
645.0  10:45:05 42.271446 -72.565704   3     13     59  
645.0  10:45:13 42.270035 -72.56594   4     11     45  
645.0  10:45:21 42.26869 -72.56633   4     16     56  
645.0  10:45:29 42.267487 -72.56715   5     19     56  
645.0  10:45:38 42.266533 -72.56816   4     13     59  
645.0  10:45:46 42.266506 -72.56958   3     11     47  
645.0  10:45:56 42.266647 -72.571304   4     13     42  
646.0  10:46:00 42.266228 -72.57168   3     11     52  
646.0  10:46:05 42.26614 -72.57166   3     13     54  
646.0  10:46:13 42.265244 -72.571815   5     13     55  
646.0  10:46:22 42.263935 -72.57211   5     12     48  
646.0  10:46:34 42.262657 -72.57245   5     13     57  
646.0  10:46:44 42.260746 -72.57287   4     17     41  
646.0  10:46:54 42.25963 -72.57412   3     15     50  
647.0  10:47:00 42.259235 -72.574715   5     16     51  
647.0  10:47:02 42.259277 -72.57465   5     10     47  
647.0  10:47:10 42.259205 -72.57479   3     13     55  
647.0  10:47:18 42.25924 -72.574745   4     17     54  
647.0  10:47:26 42.259136 -72.574875   5     17     44  
647.0  10:47:34 42.258755 -72.57459   4     15     54  
647.0  10:47:44 42.25823 -72.573685   3     14     41  
647.0  10:47:52 42.25801 -72.572975   4     17     44  
648.0  10:48:00 42.25799 -72.572945   5     12     51  
648.0  10:48:00 42.257988 -72.572975   3     13     57  
648.0  10:48:08 42.257996 -72.57299   5     17     54  
648.0  10:48:16 42.258038 -72.573   4     14     52  
648.0  10:48:25 42.258083 -72.57302   5     10     54  
648.0  10:48:36 42.258068 -72.573   5     11     42  
648.0  10:48:44 42.258034 -72.57296   5     12     57  
648.0  10:48:53 42.258007 -72.57292   3     10     54  
649.0  10:49:00 42.258007 -72.57294   5     17     40  
649.0  10:49:01 42.258003 -72.57293   4     17     52  
649.0  10:49:09 42.258 -72.572876   3     12     57  
649.0  10:49:17 42.25789 -72.57225   4     18     41  
649.0  10:49:28 42.257835 -72.571945   3     19     42  
649.0  10:49:36 42.2574 -72.57195   5     19     55  
649.0  10:49:47 42.25683 -72.57208   3     18     54  
649.0  10:49:56 42.25618 -72.57206   4     12     58  
650.0  10:50:00 42.255737 -72.57229   4     19     52  
650.0  10:50:04 42.255737 -72.57229   5     18     54  
650.0  10:50:12 42.255123 -72.57272   4     17     46  
650.0  10:50:22 42.25442 -72.57345   4     11     41  
650.0  10:50:30 42.254227 -72.57406   5     17     58  
650.0  10:50:43 42.25416 -72.57418   3     10     40  
650.0  10:50:51 42.254147 -72.57422   5     10     57  
650.0  10:50:59 42.254135 -72.57424   4     11     59  
651.0  10:51:00 42.254105 -72.57428   5     12     43  
651.0  10:51:07 42.254017 -72.57441   3     19     59  
651.0  10:51:17 42.25378 -72.57455   3     17     40  
651.0  10:51:26 42.253506 -72.57477   3     15     57  
651.0  10:51:34 42.25376 -72.57556   3     16     55  
651.0  10:51:42 42.25402 -72.576355   5     10     55  
651.0  10:51:50 42.25421 -72.57703   5     13     42  
651.0  10:51:58 42.254387 -72.57719   4     13     52  
652.0  10:52:00 42.254944 -72.57695   5     18     41  
652.0  10:52:08 42.255352 -72.57679   4     12     42  
652.0  10:52:16 42.25613 -72.576515   5     10     40  
652.0  10:52:24 42.2569 -72.57632   5     10     53  
652.0  10:52:32 42.25743 -72.57612   3     11     59  
652.0  10:52:40 42.257698 -72.575874   4     14     49  
652.0  10:52:48 42.257732 -72.5759   3     13     56  
652.0  10:52:59 42.257736 -72.57592   5     11     45  
653.0  10:53:00 42.257793 -72.5759   3     10     47  
653.0  10:53:08 42.257965 -72.57584   3     12     57  
653.0  10:53:15 42.25877 -72.57519   4     11     48  
653.0  10:53:24 42.259426 -72.57446   5     16     50  
653.0  10:53:32 42.26032 -72.573235   3     17     56  
653.0  10:53:41 42.26129 -72.57276   4     17     45  
653.0  10:53:52 42.262028 -72.57265   3     18     45  
654.0  10:54:00 42.263 -72.57236   3     13     55  
654.0  10:54:00 42.263397 -72.572266   3     16     41  
654.0  10:54:09 42.264065 -72.572105   3     17     59  
654.0  10:54:18 42.265324 -72.571815   4     12     57  
654.0  10:54:29 42.266365 -72.57158   3     12     55  
654.0  10:54:37 42.26668 -72.57025   3     16     45  
654.0  10:54:47 42.266575 -72.56852   5     18     52  
654.0  10:54:55 42.267235 -72.5673   5     12     40  
655.0  10:55:00 42.26845 -72.56648   4     14     42  
655.0  10:55:02 42.26831 -72.566574   5     13     59  
655.0  10:55:11 42.269524 -72.565994   3     18     53  
655.0  10:55:19 42.27109 -72.56577   3     15     47  
655.0  10:55:27 42.272312 -72.56555   4     17     45  
655.0  10:55:37 42.274063 -72.5651   4     18     47  
655.0  10:55:45 42.2752 -72.56493   4     18     48  
655.0  10:55:52 42.276352 -72.56439   3     10     46  
656.0  10:56:00 42.277084 -72.56343   4     10     59  
656.0  10:56:00 42.27725 -72.56304   4     18     55  
656.0  10:56:09 42.27763 -72.56228   4     16     43  
656.0  10:56:17 42.278473 -72.56059   3     19     57  
656.0  10:56:27 42.279648 -72.55927   3     10     56  
656.0  10:56:36 42.28062 -72.55834   3     17     41  
656.0  10:56:44 42.281254 -72.55661   4     16     50  
656.0  10:56:52 42.2819 -72.554955   5     17     42  
657.0  10:57:00 42.282597 -72.55324   5     13     49  
657.0  10:57:00 42.282856 -72.55258   3     19     45  
657.0  10:57:08 42.2833 -72.55147   4     14     48  
657.0  10:57:19 42.284206 -72.54924   5     17     44  
657.0  10:57:27 42.285038 -72.54725   3     16     55  
657.0  10:57:35 42.28546 -72.54535   5     17     56  
657.0  10:57:43 42.28579 -72.5436   3     13     49  
657.0  10:57:51 42.28651 -72.54139   5     13     57  
657.0  10:57:59 42.287193 -72.53971   4     13     50  
658.0  10:58:00 42.28767 -72.53855   5     13     51  
658.0  10:58:09 42.28837 -72.537445   5     11     49  
658.0  10:58:17 42.28905 -72.53584   5     18     41  
658.0  10:58:26 42.289673 -72.53412   3     13     46  
658.0  10:58:35 42.291042 -72.53286   4     16     49  
658.0  10:58:46 42.292564 -72.53195   4     16     40  
658.0  10:58:54 42.29504 -72.53117   5     12     46  
659.0  10:59:00 42.2971 -72.53103   5     17     56  
659.0  10:59:04 42.29731 -72.53096   4     11     46  
659.0  10:59:12 42.29872 -72.53003   3     16     49  
659.0  10:59:20 42.300137 -72.52894   3     18     43  
659.0  10:59:28 42.30149 -72.52803   3     12     54  
659.0  10:59:36 42.30245 -72.52771   3     12     51  
659.0  10:59:53 42.303528 -72.52768   5     16     50  
659.0  10:59:56 42.303528 -72.52768   5     19     43  
660.0  11:00:00 42.306053 -72.52972   5     10     55  
660.0  11:00:06 42.306248 -72.52998   5     17     52  
660.0  11:00:14 42.306953 -72.530754   5     16     48  
660.0  11:00:21 42.307945 -72.53054   5     11     47  
660.0  11:00:30 42.30873 -72.52961   3     10     42  
660.0  11:00:38 42.30976 -72.52942   3     11     42  
660.0  11:00:49 42.311142 -72.52995   5     16     49  
660.0  11:00:59 42.31348 -72.530754   4     11     51  
661.0  11:01:00 42.314186 -72.53082   5     13     53  
661.0  11:01:07 42.314865 -72.53069   5     13     57  
661.0  11:01:16 42.31621 -72.53025   5     16     52  
661.0  11:01:28 42.3179 -72.529465   5     11     58  
661.0  11:01:36 42.318844 -72.52849   3     10     54  
661.0  11:01:44 42.31928 -72.5279   5     14     44  
661.0  11:01:54 42.319607 -72.52867   5     18     52  
662.0  11:02:00 42.320103 -72.53018   3     18     59  
662.0  11:02:02 42.32007 -72.53   3     11     59  
662.0  11:02:10 42.32022 -72.531425   4     11     57  
662.0  11:02:18 42.320267 -72.53281   4     10     58  
662.0  11:02:27 42.320328 -72.5341   3     13     53  
662.0  11:02:35 42.320583 -72.53439   3     14     48  
662.0  11:02:45 42.320858 -72.534035   3     13     49  
662.0  11:02:54 42.320984 -72.53363   5     18     40  
663.0  11:03:00 42.32116 -72.53412   3     16     57  
663.0  11:03:02 42.321163 -72.53402   5     16     52  
663.0  11:03:11 42.32134 -72.534256   5     13     59  
663.0  11:03:19 42.321716 -72.5342   3     18     47  
663.0  11:03:27 42.321762 -72.53368   4     19     53  
663.0  11:03:38 42.321857 -72.53206   4     15     46  
663.0  11:03:46 42.321957 -72.53077   3     13     54  
663.0  11:03:54 42.32221 -72.52985   5     15     48  
664.0  11:04:00 42.322277 -72.52961   5     12     57  
664.0  11:04:03 42.322273 -72.52963   5     10     58  
664.0  11:04:11 42.322483 -72.52914   5     14     45  
664.0  11:04:19 42.323223 -72.52824   5     15     44  
664.0  11:04:29 42.324547 -72.528656   5     17     53  
664.0  11:04:37 42.325058 -72.528725   4     15     51  
664.0  11:04:45 42.32514 -72.52917   5     10     50  
664.0  11:04:53 42.325115 -72.53019   4     14     51  
665.0  11:05:00 42.325287 -72.53091   5     17     46  
665.0  11:05:01 42.325275 -72.53081   3     18     50  
665.0  11:05:09 42.325287 -72.53099   5     17     59  
665.0  11:05:19 42.32531 -72.53101   3     15     49  
665.0  11:05:27 42.325306 -72.53104   3     10     52  
665.0  11:05:36 42.32528 -72.531044   3     10     47  
665.0  11:05:44 42.325268 -72.53103   3     13     57  
665.0  11:05:53 42.325287 -72.531006   5     15     54  
666.0  11:06:00 42.325306 -72.531   3     17     51  
666.0  11:06:01 42.3253 -72.531   3     15     45  
666.0  11:06:12 42.32532 -72.53098   4     16     55  
666.0  11:06:21 42.32531 -72.531   4     17     55  
666.0  11:06:29 42.3253 -72.53101   5     16     46  
666.0  11:06:38 42.32528 -72.53104   3     13     40  
666.0  11:06:46 42.325287 -72.53101   4     11     45  
666.0  11:06:55 42.3253 -72.531   5     18     49  
667.0  11:07:00 42.325302 -72.53099   3     17     46  
667.0  11:07:06 42.32531 -72.53098   3     10     50  
667.0  11:07:15 42.325314 -72.530975   4     10     57  
667.0  11:07:23 42.325306 -72.53098   4     17     50  
667.0  11:07:32 42.325306 -72.53099   4     14     58  
667.0  11:07:40 42.325302 -72.531006   5     15     56  
667.0  11:07:49 42.325306 -72.53102   3     14     49  
667.0  11:07:59 42.3253 -72.53104   4     15     41  
668.0  11:08:00 42.3253 -72.53104   5     18     54  
668.0  11:08:08 42.3253 -72.53104   3     13     42  
668.0  11:08:16 42.325283 -72.53103   4     12     57  
668.0  11:08:25 42.325256 -72.53101   3     19     54  
668.0  11:08:34 42.32526 -72.53101   4     10     54  
668.0  11:08:42 42.325287 -72.53098   3     11     45  
668.0  11:08:53 42.325325 -72.53097   4     15     52  
669.0  11:09:00 42.325336 -72.53092   4     19     43  
669.0  11:09:01 42.325344 -72.53092   5     16     58  
669.0  11:09:10 42.325344 -72.53093   5     18     55  
669.0  11:09:19 42.325333 -72.530945   5     17     55  
669.0  11:09:27 42.32534 -72.530975   4     13     54  
669.0  11:09:36 42.32535 -72.53101   4     19     41  
669.0  11:09:47 42.325375 -72.53101   3     17     54  
669.0  11:09:56 42.32535 -72.53105   4     17     41  
670.0  11:10:00 42.325317 -72.53107   3     12     40  
670.0  11:10:04 42.325317 -72.53107   5     16     51  
670.0  11:10:13 42.325336 -72.531075   3     11     57  
670.0  11:10:21 42.32535 -72.53109   5     13     42  
670.0  11:10:30 42.325375 -72.53111   5     18     40  
670.0  11:10:40 42.32538 -72.53111   5     18     44  
670.0  11:10:49 42.32535 -72.53108   4     19     58  
671.0  11:11:00 42.3253 -72.53106   3     17     41  
671.0  11:11:00 42.32526 -72.53107   4     17     53  
671.0  11:11:09 42.32525 -72.53106   4     16     59  
671.0  11:11:17 42.325237 -72.53105   5     14     56  
671.0  11:11:26 42.32525 -72.53107   4     13     51  
671.0  11:11:36 42.32525 -72.53114   3     11     43  
671.0  11:11:45 42.32527 -72.53115   3     17     58  
671.0  11:11:53 42.325306 -72.53113   4     13     45  
672.0  11:12:00 42.325306 -72.53116   3     11     45  
672.0  11:12:02 42.325306 -72.53115   5     17     49  
672.0  11:12:10 42.32531 -72.53115   3     13     56  
672.0  11:12:19 42.325306 -72.531136   4     19     54  
672.0  11:12:30 42.325302 -72.531105   5     15     41  
672.0  11:12:38 42.3253 -72.53107   4     14     57  
672.0  11:12:48 42.325294 -72.531136   4     15     46  
672.0  11:12:56 42.32514 -72.53129   3     16     56  
673.0  11:13:00 42.324993 -72.53128   4     18     51  
673.0  11:13:05 42.324993 -72.53128   4     19     42  
673.0  11:13:14 42.32495 -72.53063   5     14     41  
673.0  11:13:24 42.325138 -72.52961   3     13     51  
673.0  11:13:33 42.325138 -72.528854   5     17     50  
673.0  11:13:43 42.32514 -72.52833   5     19     49  
673.0  11:13:50 42.32486 -72.52718   5     13     55  
673.0  11:13:59 42.32389 -72.5267   4     17     57  
674.0  11:14:00 42.323418 -72.52621   5     15     50  
674.0  11:14:07 42.32332 -72.52575   5     18     46  
674.0  11:14:17 42.323277 -72.52485   3     19     42  
674.0  11:14:25 42.32325 -72.52482   5     13     41  
674.0  11:14:34 42.323765 -72.52467   5     16     48  
674.0  11:14:42 42.32498 -72.524536   5     15     57  
674.0  11:14:51 42.32629 -72.52439   3     14     49  
675.0  11:15:00 42.327965 -72.52424   5     12     54  
675.0  11:15:00 42.328964 -72.52411   4     14     51  
675.0  11:15:10 42.33015 -72.52395   5     13     45  
675.0  11:15:19 42.331738 -72.523735   5     11     43  
675.0  11:15:28 42.333397 -72.523476   5     11     47  
675.0  11:15:36 42.334972 -72.52322   4     14     56  
675.0  11:15:45 42.33631 -72.52265   3     16     50  
675.0  11:15:53 42.337627 -72.52157   5     17     53  
676.0  11:16:00 42.33933 -72.52047   3     12     51  
676.0  11:16:04 42.339184 -72.52056   5     13     53  
676.0  11:16:15 42.340313 -72.52009   4     15     46  
676.0  11:16:23 42.340786 -72.51994   4     10     55  
676.0  11:16:32 42.340794 -72.51994   3     16     57  
676.0  11:16:41 42.341003 -72.519966   4     10     47  
676.0  11:16:49 42.342197 -72.51999   4     10     58  
677.0  11:17:00 42.343975 -72.52043   5     13     52  
677.0  11:17:00 42.34486 -72.52046   4     11     54  
677.0  11:17:09 42.345516 -72.52046   3     12     42  
677.0  11:17:17 42.34687 -72.52038   4     13     55  
677.0  11:17:26 42.348007 -72.520134   5     19     41  
677.0  11:17:34 42.34939 -72.51992   5     15     49  
677.0  11:17:42 42.350567 -72.51994   5     10     57  
677.0  11:17:53 42.352055 -72.52061   3     13     55  
678.0  11:18:00 42.353508 -72.52056   5     10     47  
678.0  11:18:03 42.353317 -72.520584   5     18     47  
678.0  11:18:13 42.354156 -72.52055   4     16     43  
678.0  11:18:21 42.35541 -72.52082   4     13     58  
678.0  11:18:30 42.355625 -72.52085   4     13     44  
678.0  11:18:39 42.35608 -72.52093   3     12     48  
678.0  11:18:49 42.357418 -72.52094   5     17     58  
678.0  11:18:57 42.359005 -72.52087   3     17     48  
679.0  11:19:00 42.359978 -72.520836   5     13     42  
679.0  11:19:06 42.360302 -72.52083   3     15     40  
679.0  11:19:14 42.361626 -72.52079   3     19     54  
679.0  11:19:24 42.362896 -72.520775   4     10     52  
679.0  11:19:33 42.36467 -72.520615   3     15     43  
679.0  11:19:44 42.366486 -72.5203   5     13     45  
679.0  11:19:52 42.367973 -72.52004   5     17     57  
680.0  11:20:00 42.369743 -72.51985   4     18     43  
680.0  11:20:01 42.369244 -72.519905   4     13     50  
680.0  11:20:10 42.37071 -72.51977   5     17     43  
680.0  11:20:19 42.37194 -72.51974   3     16     42  
680.0  11:20:28 42.37226 -72.51956   5     16     50  
680.0  11:20:39 42.372097 -72.518814   4     12     46  
680.0  11:20:47 42.372746 -72.51886   4     17     55  
680.0  11:20:56 42.373127 -72.51886   3     18     44  
681.0  11:21:00 42.37311 -72.518906   4     15     56  
681.0  11:21:04 42.373116 -72.518906   4     12     58  
681.0  11:21:13 42.37312 -72.51891   3     17     55  
681.0  11:21:22 42.373096 -72.51891   4     17     41  
681.0  11:21:32 42.373154 -72.51893   5     17     50  
681.0  11:21:41 42.373184 -72.518936   3     17     42  
681.0  11:21:50 42.373165 -72.51892   3     10     40  
681.0  11:21:59 42.37317 -72.518906   3     18     54  
682.0  11:22:00 42.373188 -72.51891   3     14     46  
682.0  11:22:07 42.373257 -72.51905   3     12     48  
682.0  11:22:16 42.373264 -72.51945   3     13     42  
682.0  11:22:30 42.373264 -72.51946   4     19     49  
682.0  11:22:39 42.373287 -72.51943   5     18     58  
682.0  11:22:47 42.373295 -72.519455   5     16     49  
682.0  11:22:56 42.3733 -72.51946   3     18     56  
683.0  11:23:00 42.373344 -72.51975   5     13     51  
683.0  11:23:05 42.37337 -72.51977   3     17     53  
683.0  11:23:14 42.373783 -72.51983   3     15     49  
683.0  11:23:24 42.374374 -72.51983   5     10     46  
683.0  11:23:33 42.374733 -72.519806   5     17     44  
683.0  11:23:42 42.374706 -72.519844   4     19     40  
683.0  11:23:51 42.374714 -72.51986   5     15     52  
683.0  11:23:59 42.3753 -72.51988   4     19     58  
684.0  11:24:00 42.375683 -72.51987   4     19     56  
684.0  11:24:08 42.375874 -72.51987   3     19     54  
684.0  11:24:19 42.376625 -72.519875   5     13     50  
684.0  11:24:27 42.37698 -72.519875   3     10     48  
684.0  11:24:36 42.37743 -72.51985   4     11     51  
684.0  11:24:49 42.377495 -72.51989   5     18     45  
684.0  11:24:58 42.37779 -72.51997   4     18     59  
685.0  11:25:00 42.37823 -72.519966   3     14     50  
685.0  11:25:13 42.378517 -72.51998   3     15     45  
685.0  11:25:21 42.379417 -72.519745   4     12     44  
685.0  11:25:30 42.37981 -72.519516   4     14     42  
685.0  11:25:38 42.379795 -72.519485   5     10     41  
685.0  11:25:47 42.379967 -72.51944   5     11     45  
685.0  11:25:55 42.3807 -72.51935   4     14     48  
686.0  11:26:00 42.381107 -72.519325   3     10     50  
686.0  11:26:06 42.381134 -72.519325   3     14     53  
686.0  11:26:15 42.381622 -72.519394   5     16     55  
686.0  11:26:24 42.382153 -72.519936   4     19     42  
686.0  11:26:32 42.38294 -72.52052   3     13     55  
686.0  11:26:41 42.38384 -72.521034   3     15     41  
686.0  11:26:50 42.384644 -72.5215   3     16     52  
687.0  11:27:00 42.385826 -72.52213   3     15     57  
687.0  11:27:01 42.385647 -72.521996   4     10     46  
687.0  11:27:10 42.38595 -72.52235   4     16     54  
687.0  11:27:19 42.38593 -72.52235   5     19     40  
687.0  11:27:28 42.385918 -72.52235   3     19     46  
687.0  11:27:36 42.38593 -72.52236   4     18     58  
687.0  11:27:45 42.38611 -72.52302   3     14     53  
687.0  11:27:56 42.385822 -72.52459   3     17     40  
688.0  11:28:00 42.38572 -72.525276   3     19     53  
688.0  11:28:05 42.38572 -72.525276   5     15     40  
688.0  11:28:14 42.38612 -72.52542   4     16     51  
688.0  11:28:22 42.38666 -72.52562   4     16     48  
688.0  11:28:30 42.38716 -72.52584   4     14     43  
688.0  11:28:38 42.38728 -72.52636   4     15     58  
688.0  11:28:48 42.387104 -72.52648   4     13     40  
688.0  11:28:56 42.387096 -72.52644   5     19     49  
689.0  11:29:00 42.387074 -72.52642   5     19     59  
689.0  11:29:04 42.387074 -72.52642   4     12     55  
689.0  11:29:12 42.387035 -72.52646   4     19     55  
689.0  11:29:21 42.387005 -72.526474   5     11     45  
689.0  11:29:30 42.387035 -72.52648   4     11     51  
689.0  11:29:41 42.387043 -72.52647   5     18     58  
689.0  11:29:49 42.387035 -72.526474   3     19     40  
689.0  11:29:58 42.38709 -72.52647   4     16     51  
690.0  11:30:00 42.387077 -72.52646   5     14     53  
690.0  11:30:06 42.387074 -72.52646   5     18     43  
690.0  11:30:15 42.38707 -72.526436   3     11     40  
690.0  11:30:25 42.38709 -72.52643   5     15     41  
690.0  11:30:36 42.387074 -72.52642   5     18     47  
690.0  11:30:44 42.387054 -72.52643   5     18     52  
690.0  11:30:53 42.386967 -72.5264   5     12     51  
691.0  11:31:00 42.386383 -72.52617   5     19     57  
691.0  11:31:02 42.386566 -72.52624   4     11     59  
691.0  11:31:13 42.385983 -72.52601   5     10     53  
691.0  11:31:22 42.385567 -72.525856   4     16     49  
691.0  11:31:33 42.38534 -72.525764   3     11     41  
691.0  11:31:42 42.385357 -72.52528   4     16     41  
691.0  11:31:50 42.385414 -72.52502   5     18     46  
691.0  11:31:59 42.38552 -72.524605   3     11     46  
692.0  11:32:00 42.385704 -72.52377   4     11     46  
692.0  11:32:08 42.385796 -72.52339   3     16     55  
692.0  11:32:17 42.385883 -72.52279   5     13     48  
692.0  11:32:27 42.38548 -72.52193   5     18     48  
692.0  11:32:36 42.384617 -72.52145   5     15     58  
692.0  11:32:45 42.383556 -72.52087   3     16     52  
692.0  11:32:53 42.382607 -72.52032   5     10     51  
693.0  11:33:00 42.381706 -72.51955   4     14     43  
693.0  11:33:02 42.381886 -72.51973   4     17     43  
693.0  11:33:10 42.381477 -72.519295   4     11     47  
693.0  11:33:21 42.38079 -72.519356   5     16     58  
693.0  11:33:30 42.379795 -72.51957   3     18     59  
693.0  11:33:38 42.37904 -72.51989   3     11     46  
693.0  11:33:47 42.378265 -72.51995   4     18     48  
693.0  11:33:55 42.377876 -72.51998   5     14     51  
694.0  11:34:14 42.377907 -72.519966   4     19     48  
694.0  11:34:25 42.37784 -72.519936   3     15     59  
694.0  11:34:33 42.377766 -72.5199   4     10     52  
694.0  11:34:41 42.377697 -72.519905   4     17     57  
694.0  11:34:53 42.377666 -72.519905   4     16     55  
695.0  11:35:00 42.37706 -72.51993   5     11     41  
695.0  11:35:01 42.37718 -72.51993   3     15     46  
695.0  11:35:09 42.376854 -72.51993   4     18     54  
695.0  11:35:19 42.376396 -72.51992   4     17     56  
695.0  11:35:27 42.37606 -72.51991   4     16     42  
695.0  11:35:35 42.37605 -72.51994   5     14     47  
695.0  11:35:43 42.376053 -72.519966   4     18     54  
695.0  11:35:51 42.37605 -72.52   5     15     50  
695.0  11:35:59 42.37605 -72.520004   5     18     44  
696.0  11:36:00 42.37605 -72.52001   5     13     47  
696.0  11:36:09 42.376045 -72.52002   4     12     53  
696.0  11:36:17 42.376045 -72.52003   5     10     40  
696.0  11:36:26 42.376034 -72.52002   5     13     56  
696.0  11:36:34 42.376026 -72.52002   3     15     49  
696.0  11:36:42 42.375965 -72.52001   3     16     47  
696.0  11:36:50 42.37552 -72.51996   5     11     44  
697.0  11:37:00 42.37491 -72.519844   3     11     57  
697.0  11:37:01 42.37491 -72.51985   3     13     51  
697.0  11:37:09 42.374645 -72.51985   5     19     54  
697.0  11:37:18 42.374397 -72.51988   3     14     48  
697.0  11:37:27 42.374416 -72.519905   3     15     42  
697.0  11:37:35 42.374416 -72.51991   4     17     57  
697.0  11:37:44 42.3744 -72.519875   3     12     42  
697.0  11:37:54 42.37398 -72.519844   4     12     52  
698.0  11:38:00 42.373875 -72.51989   5     11     50  
698.0  11:38:03 42.37388 -72.51988   5     10     43  
698.0  11:38:11 42.37386 -72.51991   5     17     41  
698.0  11:38:20 42.37338 -72.51987   3     13     57  
698.0  11:38:29 42.372734 -72.51984   3     12     51  
698.0  11:38:37 42.372414 -72.5198   3     11     47  
698.0  11:38:48 42.372242 -72.51977   5     15     49  
698.0  11:38:56 42.37223 -72.51976   4     12     44  
699.0  11:39:00 42.372105 -72.51922   3     19     58  
699.0  11:39:05 42.37208 -72.51914   4     18     54  
699.0  11:39:14 42.372223 -72.51879   3     14     53  
699.0  11:39:22 42.372482 -72.518906   3     11     50  
699.0  11:39:31 42.372852 -72.5189   5     19     56  
699.0  11:39:42 42.373123 -72.51886   5     16     58  
699.0  11:39:51 42.373158 -72.51882   3     19     55  
700.0  11:40:00 42.37324 -72.51881   3     14     50  
700.0  11:40:00 42.37325 -72.51881   5     10     42  
700.0  11:40:09 42.373245 -72.51881   4     12     46  
700.0  11:40:17 42.37322 -72.518814   5     12     58  
700.0  11:40:26 42.373165 -72.51882   3     11     40  
700.0  11:40:38 42.37312 -72.51884   4     13     52  
700.0  11:40:46 42.373116 -72.51885   4     19     50  
700.0  11:40:55 42.373127 -72.51884   3     18     53  
701.0  11:41:00 42.373142 -72.518814   4     12     47  
701.0  11:41:04 42.373142 -72.518814   4     11     48  
701.0  11:41:13 42.373146 -72.518814   4     16     49  
701.0  11:41:21 42.373165 -72.51883   5     11     44  
701.0  11:41:31 42.373146 -72.5188   5     12     40  
701.0  11:41:39 42.373173 -72.518814   4     10     46  
701.0  11:41:48 42.37323 -72.51942   4     16     48  
701.0  11:41:56 42.373215 -72.51982   3     18     56  
702.0  11:42:00 42.37275 -72.51983   5     19     56  
702.0  11:42:05 42.37275 -72.51983   4     13     43  
702.0  11:42:13 42.372486 -72.51982   3     11     41  
702.0  11:42:24 42.371567 -72.5198   5     15     50  
702.0  11:42:42 42.37028 -72.51987   3     14     55  
702.0  11:42:51 42.36755 -72.5202   4     16     55  
703.0  11:43:00 42.36627 -72.52038   3     12     48  
703.0  11:43:00 42.36547 -72.52051   5     19     42  
703.0  11:43:08 42.36481 -72.520615   5     15     48  
703.0  11:43:19 42.363132 -72.520775   4     13     52  
703.0  11:43:27 42.361595 -72.52078   3     10     45  
703.0  11:43:35 42.360172 -72.52082   4     12     48  
703.0  11:43:43 42.35877 -72.520874   3     13     57  
703.0  11:43:51 42.35738 -72.52095   5     14     58  
704.0  11:44:00 42.35622 -72.52102   3     15     41  
704.0  11:44:00 42.3556 -72.52094   4     12     57  
704.0  11:44:10 42.354984 -72.520775   3     19     59  
704.0  11:44:18 42.353657 -72.52054   4     15     41  
704.0  11:44:27 42.35248 -72.52064   4     16     53  
704.0  11:44:35 42.35128 -72.520256   5     19     55  
704.0  11:44:44 42.350197 -72.519905   5     15     53  
704.0  11:44:52 42.34883 -72.51998   3     19     46  
705.0  11:45:00 42.34719 -72.52031   4     13     58  
705.0  11:45:03 42.347446 -72.52026   3     12     42  
705.0  11:45:12 42.346226 -72.520454   5     10     43  
705.0  11:45:20 42.344868 -72.52043   3     19     40  
705.0  11:45:29 42.34355 -72.52037   3     10     40  
705.0  11:45:38 42.342094 -72.52003   5     13     58  
705.0  11:45:46 42.340824 -72.52   3     12     56  
705.0  11:45:57 42.339455 -72.520424   5     17     40  
706.0  11:46:00 42.338184 -72.521164   4     13     47  
706.0  11:46:05 42.338013 -72.52126   4     12     59  
706.0  11:46:14 42.33671 -72.522224   3     12     56  
706.0  11:46:23 42.33515 -72.52318   5     10     42  
706.0  11:46:30 42.33354 -72.52352   5     10     48  
706.0  11:46:40 42.332867 -72.52362   5     11     54  
706.0  11:46:50 42.33281 -72.52362   4     10     44  
706.0  11:46:58 42.33245 -72.52369   5     11     46  
707.0  11:47:00 42.33166 -72.52379   4     17     41  
707.0  11:47:07 42.331356 -72.52382   5     12     46  
707.0  11:47:15 42.330074 -72.52398   5     13     56  
707.0  11:47:24 42.329502 -72.52406   4     14     45  
707.0  11:47:33 42.32835 -72.52422   3     18     51  
707.0  11:47:42 42.32661 -72.52441   5     15     51  
707.0  11:47:53 42.325165 -72.52457   3     12     45  
708.0  11:48:00 42.323402 -72.524796   4     18     53  
708.0  11:48:02 42.32365 -72.52475   5     16     58  
708.0  11:48:10 42.323242 -72.52502   4     19     46  
708.0  11:48:19 42.323376 -72.52597   5     19     45  
708.0  11:48:27 42.324257 -72.52691   4     17     49  
708.0  11:48:38 42.3252 -72.52789   3     17     51  
708.0  11:48:46 42.325184 -72.528595   3     11     52  
708.0  11:48:55 42.32516 -72.52923   4     10     51  
709.0  11:49:00 42.325195 -72.53051   5     11     43  
709.0  11:49:03 42.32517 -72.53043   3     17     54  
709.0  11:49:12 42.325314 -72.53092   4     15     53  
709.0  11:49:20 42.32529 -72.531204   3     19     51  
709.0  11:49:31 42.32529 -72.531166   5     17     49  
709.0  11:49:44 42.325268 -72.53125   3     19     56  
709.0  11:49:53 42.32524 -72.53129   5     16     48  
