600.0  10:00:00 42.378704 -72.534225   5     12     49  
600.0  10:00:07 42.3787 -72.53421   5     18     41  
600.0  10:00:15 42.378727 -72.534035   4     18     40  
600.0  10:00:24 42.37911 -72.53404   4     13     51  
600.0  10:00:33 42.379562 -72.53401   4     14     55  
600.0  10:00:41 42.379807 -72.534004   4     15     50  
600.0  10:00:50 42.380383 -72.53394   3     10     46  
601.0  10:01:00 42.381084 -72.53389   5     18     42  
601.0  10:01:00 42.38134 -72.53388   4     11     59  
601.0  10:01:08 42.381622 -72.53385   4     11     48  
601.0  10:01:17 42.382072 -72.53383   4     19     58  
601.0  10:01:26 42.38219 -72.533585   3     11     57  
601.0  10:01:34 42.382202 -72.53297   3     10     41  
601.0  10:01:43 42.3823 -72.53228   5     19     48  
601.0  10:01:55 42.382347 -72.53189   5     12     55  
602.0  10:02:00 42.382336 -72.53186   4     18     50  
602.0  10:02:03 42.382336 -72.53186   3     14     40  
602.0  10:02:12 42.382328 -72.53186   4     11     41  
602.0  10:02:20 42.38245 -72.53171   3     11     58  
602.0  10:02:29 42.382767 -72.53176   3     19     58  
602.0  10:02:38 42.38348 -72.53193   5     19     46  
602.0  10:02:49 42.383892 -72.53208   5     14     58  
602.0  10:02:57 42.38389 -72.53209   4     16     58  
603.0  10:03:00 42.383896 -72.53209   5     12     42  
603.0  10:03:05 42.3839 -72.53209   5     13     56  
603.0  10:03:13 42.383904 -72.5321   5     10     41  
603.0  10:03:22 42.383957 -72.53213   3     18     40  
603.0  10:03:30 42.38423 -72.53221   4     19     47  
603.0  10:03:41 42.38451 -72.532326   4     19     44  
603.0  10:03:49 42.384605 -72.532364   4     12     41  
603.0  10:03:58 42.384705 -72.53241   5     17     59  
604.0  10:04:00 42.384724 -72.53242   3     11     40  
604.0  10:04:06 42.38473 -72.53241   5     14     51  
604.0  10:04:15 42.384724 -72.53242   4     19     47  
604.0  10:04:23 42.38472 -72.53243   4     17     47  
604.0  10:04:34 42.384735 -72.53244   5     11     47  
604.0  10:04:43 42.384747 -72.53244   3     13     54  
604.0  10:04:51 42.384808 -72.53247   3     19     51  
605.0  10:05:00 42.38484 -72.532455   4     18     56  
605.0  10:05:00 42.384865 -72.532394   5     10     59  
605.0  10:05:08 42.384895 -72.532265   5     16     47  
605.0  10:05:16 42.38509 -72.53157   5     11     45  
605.0  10:05:27 42.385117 -72.53111   3     10     56  
605.0  10:05:35 42.385105 -72.5311   4     12     52  
605.0  10:05:44 42.385086 -72.53109   5     17     57  
605.0  10:05:52 42.38508 -72.5311   3     15     52  
606.0  10:06:00 42.385075 -72.531105   3     19     55  
606.0  10:06:01 42.385075 -72.531105   5     12     48  
606.0  10:06:09 42.385067 -72.531105   3     16     57  
606.0  10:06:19 42.385063 -72.5311   5     18     41  
606.0  10:06:28 42.385067 -72.53109   4     18     54  
606.0  10:06:36 42.385063 -72.53109   5     15     50  
606.0  10:06:44 42.3851 -72.53092   3     11     45  
606.0  10:06:53 42.385612 -72.53087   5     15     54  
607.0  10:07:00 42.386425 -72.53116   3     11     51  
607.0  10:07:00 42.38662 -72.53124   5     14     55  
607.0  10:07:11 42.387432 -72.53157   5     10     59  
607.0  10:07:20 42.388332 -72.53195   4     16     47  
607.0  10:07:29 42.38887 -72.53218   5     19     44  
607.0  10:07:38 42.38955 -72.53248   4     19     57  
607.0  10:07:46 42.390167 -72.532745   4     14     51  
607.0  10:07:55 42.390152 -72.53274   4     14     41  
608.0  10:08:00 42.390133 -72.53273   5     13     45  
608.0  10:08:06 42.390133 -72.53273   3     11     41  
608.0  10:08:14 42.390137 -72.53272   5     17     55  
608.0  10:08:22 42.390137 -72.53272   3     17     53  
608.0  10:08:31 42.390293 -72.5328   3     18     55  
608.0  10:08:39 42.390854 -72.53304   5     11     56  
608.0  10:08:48 42.39146 -72.533295   5     14     50  
608.0  10:08:58 42.392323 -72.53365   3     17     54  
609.0  10:09:00 42.392586 -72.53376   5     15     48  
609.0  10:09:07 42.39268 -72.533714   4     10     45  
609.0  10:09:15 42.392876 -72.5331   4     16     54  
609.0  10:09:24 42.3932 -72.53252   3     10     52  
609.0  10:09:32 42.39344 -72.53251   3     18     44  
609.0  10:09:40 42.393673 -72.53265   3     10     43  
609.0  10:09:52 42.394016 -72.53282   4     12     55  
610.0  10:10:00 42.39443 -72.532974   3     18     52  
610.0  10:10:00 42.394547 -72.53302   5     18     42  
610.0  10:10:09 42.39474 -72.533104   3     19     51  
610.0  10:10:17 42.394966 -72.53343   5     13     55  
610.0  10:10:26 42.394905 -72.53371   4     15     53  
610.0  10:10:34 42.3949 -72.53372   3     15     49  
