600.0  10:00:00 42.387188 -72.526375   3     15     59  
600.0  10:00:01 42.38719 -72.52636   4     18     47  
600.0  10:00:09 42.38718 -72.526375   5     14     46  
600.0  10:00:18 42.387173 -72.52638   5     18     55  
600.0  10:00:28 42.38718 -72.52637   4     17     40  
600.0  10:00:36 42.38717 -72.52637   3     11     46  
600.0  10:00:45 42.38711 -72.52643   4     13     56  
600.0  10:00:53 42.38682 -72.52643   3     14     56  
601.0  10:01:00 42.386295 -72.52619   3     19     59  
601.0  10:01:02 42.386395 -72.52624   5     18     50  
601.0  10:01:10 42.386032 -72.52607   3     18     43  
601.0  10:01:20 42.385803 -72.52597   4     14     41  
601.0  10:01:29 42.38574 -72.52593   5     17     41  
601.0  10:01:37 42.385677 -72.5259   4     17     48  
601.0  10:01:45 42.385487 -72.52583   5     16     50  
601.0  10:01:53 42.38534 -72.52578   4     18     48  
602.0  10:02:00 42.385353 -72.52528   4     13     42  
602.0  10:02:02 42.38532 -72.52546   5     14     46  
602.0  10:02:12 42.385567 -72.52436   4     16     54  
602.0  10:02:20 42.38579 -72.523415   3     15     43  
602.0  10:02:29 42.385845 -72.52317   3     11     54  
602.0  10:02:38 42.385864 -72.52314   4     16     41  
602.0  10:02:46 42.385887 -72.52282   5     15     46  
602.0  10:02:54 42.385647 -72.52206   4     16     56  
603.0  10:03:00 42.385204 -72.52173   4     17     54  
603.0  10:03:10 42.3852 -72.52172   4     14     56  
603.0  10:03:18 42.384754 -72.521484   5     11     42  
603.0  10:03:27 42.383995 -72.52106   4     16     58  
603.0  10:03:35 42.383533 -72.520805   3     11     57  
603.0  10:03:44 42.382816 -72.52039   4     11     52  
603.0  10:03:54 42.381973 -72.51975   4     18     45  
604.0  10:04:00 42.38167 -72.519485   5     16     55  
604.0  10:04:03 42.381706 -72.519516   5     15     44  
604.0  10:04:13 42.38143 -72.51927   4     19     55  
604.0  10:04:23 42.380737 -72.519356   3     18     48  
604.0  10:04:31 42.37987 -72.51951   4     19     51  
604.0  10:04:40 42.37907 -72.51986   5     18     59  
604.0  10:04:49 42.37834 -72.51994   3     13     47  
604.0  10:04:57 42.377937 -72.51997   5     18     58  
605.0  10:05:00 42.377846 -72.51995   5     13     45  
605.0  10:05:05 42.37785 -72.51994   5     19     42  
605.0  10:05:13 42.37787 -72.51993   4     14     49  
605.0  10:05:21 42.377865 -72.519905   4     14     58  
605.0  10:05:30 42.377563 -72.51988   3     19     45  
605.0  10:05:40 42.376957 -72.51989   4     19     57  
605.0  10:05:48 42.37693 -72.51989   4     10     59  
605.0  10:05:56 42.376534 -72.519875   4     18     40  
606.0  10:06:00 42.376125 -72.51989   5     12     56  
606.0  10:06:05 42.37611 -72.5199   5     17     45  
606.0  10:06:13 42.3761 -72.51992   5     14     48  
606.0  10:06:22 42.37582 -72.51994   3     10     46  
606.0  10:06:32 42.375183 -72.519875   4     17     49  
606.0  10:06:41 42.37492 -72.51986   5     17     59  
606.0  10:06:49 42.37472 -72.51984   3     19     50  
606.0  10:06:59 42.374393 -72.519844   5     14     57  
607.0  10:07:00 42.37437 -72.51981   3     10     46  
607.0  10:07:25 42.373363 -72.51981   5     17     47  
607.0  10:07:35 42.37251 -72.51978   3     12     49  
607.0  10:07:37 42.372917 -72.519806   3     14     53  
607.0  10:07:45 42.372036 -72.51902   5     19     46  
607.0  10:07:58 42.372128 -72.518776   3     14     48  
608.0  10:08:00 42.372772 -72.518814   3     13     48  
608.0  10:08:46 42.372948 -72.51883   5     17     48  
609.0  10:09:00 42.37299 -72.518845   5     13     52  
609.0  10:09:30 42.372997 -72.51884   5     12     56  
609.0  10:09:35 42.372997 -72.518845   4     17     59  
609.0  10:09:38 42.372997 -72.51884   4     11     46  
609.0  10:09:45 42.373013 -72.51884   5     18     53  
609.0  10:09:50 42.373013 -72.51884   3     15     56  
609.0  10:09:55 42.373016 -72.51884   5     16     56  
610.0  10:10:00 42.37302 -72.51884   4     14     58  
610.0  10:10:00 42.373016 -72.51884   3     12     46  
610.0  10:10:06 42.373013 -72.51884   5     13     46  
610.0  10:10:11 42.37301 -72.51884   5     14     54  
610.0  10:10:16 42.37301 -72.518845   5     19     49  
610.0  10:10:21 42.37301 -72.51885   4     15     52  
610.0  10:10:26 42.373005 -72.51885   4     12     41  
610.0  10:10:30 42.37301 -72.51885   5     10     53  
610.0  10:10:36 42.372997 -72.51885   5     10     57  
610.0  10:10:43 42.37302 -72.518845   3     19     49  
610.0  10:10:53 42.37304 -72.51884   5     14     51  
610.0  10:10:58 42.37315 -72.51888   5     19     47  
611.0  10:11:00 42.373188 -72.51889   5     18     56  
611.0  10:11:03 42.373188 -72.51889   5     13     55  
611.0  10:11:08 42.37317 -72.51891   5     19     42  
611.0  10:11:14 42.37315 -72.51894   5     12     50  
611.0  10:11:19 42.373142 -72.51896   5     14     59  
611.0  10:11:22 42.373158 -72.518936   5     16     59  
611.0  10:11:29 42.37313 -72.51897   5     13     41  
611.0  10:11:34 42.373135 -72.51895   3     18     52  
611.0  10:11:39 42.373142 -72.51893   4     14     58  
611.0  10:11:44 42.373146 -72.51891   3     13     53  
611.0  10:11:49 42.373184 -72.51892   4     10     43  
611.0  10:11:54 42.373238 -72.51909   4     10     48  
612.0  10:12:00 42.373238 -72.51935   4     18     42  
612.0  10:12:00 42.373238 -72.51947   5     11     45  
612.0  10:12:05 42.37324 -72.5196   5     15     45  
612.0  10:12:10 42.373245 -72.5196   3     10     50  
612.0  10:12:14 42.37324 -72.51956   3     18     55  
612.0  10:12:25 42.372684 -72.519806   4     19     46  
612.0  10:12:28 42.372597 -72.5198   5     11     45  
613.0  10:13:00 42.367893 -72.52008   5     19     44  
614.0  10:14:00 42.358387 -72.52087   3     19     50  
614.0  10:14:11 42.35767 -72.520905   4     17     57  
615.0  10:15:00 42.354473 -72.520645   5     16     52  
615.0  10:15:45 42.34806 -72.52012   4     17     56  
616.0  10:16:00 42.345047 -72.520485   5     14     53  
616.0  10:16:49 42.3403 -72.5201   5     16     47  
616.0  10:16:55 42.3402 -72.52012   4     16     46  
616.0  10:16:56 42.3403 -72.52013   4     12     55  
617.0  10:17:00 42.340126 -72.52015   3     14     53  
617.0  10:17:31 42.336548 -72.52245   3     13     43  
617.0  10:17:39 42.335182 -72.52319   4     19     40  
617.0  10:17:47 42.333782 -72.523506   5     12     57  
617.0  10:17:58 42.331913 -72.52372   5     19     50  
618.0  10:18:00 42.330715 -72.52389   5     15     53  
618.0  10:18:06 42.330322 -72.52393   4     17     56  
618.0  10:18:14 42.32874 -72.52416   5     18     40  
618.0  10:18:22 42.32704 -72.52436   3     17     48  
618.0  10:18:31 42.32568 -72.52448   3     13     53  
618.0  10:18:39 42.32433 -72.52464   5     17     56  
618.0  10:18:49 42.323303 -72.5248   5     12     58  
618.0  10:18:57 42.323303 -72.525314   5     11     51  
619.0  10:19:00 42.323475 -72.52621   3     17     56  
619.0  10:19:06 42.323612 -72.52644   3     17     42  
619.0  10:19:14 42.324505 -72.52699   4     18     47  
619.0  10:19:23 42.325165 -72.52796   4     17     50  
619.0  10:19:31 42.325153 -72.52861   5     12     51  
619.0  10:19:41 42.32512 -72.52931   4     12     56  
619.0  10:19:49 42.3251 -72.530304   3     13     47  
619.0  10:19:58 42.325256 -72.53089   5     13     51  
620.0  10:20:00 42.325233 -72.53118   4     10     53  
620.0  10:20:06 42.32523 -72.53117   4     17     41  
620.0  10:20:15 42.325237 -72.531166   4     15     53  
620.0  10:20:23 42.325253 -72.531166   5     19     44  
620.0  10:20:33 42.325256 -72.53115   4     15     48  
620.0  10:20:42 42.325253 -72.53114   5     14     43  
630.0  10:30:30 42.325325 -72.53111   5     14     53  
630.0  10:30:43 42.325314 -72.5311   4     12     59  
630.0  10:30:55 42.325314 -72.53113   4     19     42  
631.0  10:31:07 42.325306 -72.53114   3     13     59  
632.0  10:32:00 42.325127 -72.52885   3     15     55  
632.0  10:32:11 42.324932 -72.52873   5     17     49  
632.0  10:32:21 42.3239 -72.52853   3     15     49  
632.0  10:32:31 42.32299 -72.52851   5     15     50  
632.0  10:32:39 42.32228 -72.529465   4     19     50  
632.0  10:32:47 42.32213 -72.52986   4     16     51  
632.0  10:32:56 42.322086 -72.53002   4     11     54  
633.0  10:33:00 42.322025 -72.53022   3     17     43  
633.0  10:33:04 42.32201 -72.530266   4     11     46  
633.0  10:33:15 42.321888 -72.53136   5     17     42  
633.0  10:33:23 42.321728 -72.53268   3     10     55  
633.0  10:33:32 42.32176 -72.53387   3     18     45  
633.0  10:33:40 42.32156 -72.53429   4     12     56  
633.0  10:33:49 42.32102 -72.53434   5     15     56  
633.0  10:33:56 42.3208 -72.53405   3     13     40  
634.0  10:34:00 42.320927 -72.53363   4     12     50  
634.0  10:34:06 42.32104 -72.53363   4     15     55  
634.0  10:34:14 42.321068 -72.53365   5     14     53  
634.0  10:34:23 42.321125 -72.53373   4     19     40  
634.0  10:34:31 42.32118 -72.53421   3     18     46  
634.0  10:34:40 42.32091 -72.53435   5     13     53  
634.0  10:34:48 42.320633 -72.53437   4     16     41  
634.0  10:34:58 42.32037 -72.53439   4     19     54  
635.0  10:35:00 42.320366 -72.53439   4     15     48  
635.0  10:35:06 42.320362 -72.534386   5     10     40  
635.0  10:35:15 42.32025 -72.534004   5     11     56  
635.0  10:35:23 42.32022 -72.532455   5     10     50  
635.0  10:35:32 42.320175 -72.53072   5     15     44  
635.0  10:35:40 42.31973 -72.529045   3     13     51  
635.0  10:35:50 42.319546 -72.528725   5     17     47  
635.0  10:35:58 42.31946 -72.52863   3     18     58  
636.0  10:36:00 42.319267 -72.528145   4     10     50  
636.0  10:36:06 42.31924 -72.52805   3     16     52  
636.0  10:36:15 42.319275 -72.528   3     18     59  
636.0  10:36:23 42.319027 -72.52821   5     17     47  
636.0  10:36:31 42.31837 -72.52894   5     19     54  
636.0  10:36:43 42.31714 -72.52993   4     18     43  
636.0  10:36:51 42.315327 -72.53054   5     14     42  
637.0  10:37:00 42.31389 -72.5309   5     14     53  
637.0  10:37:00 42.31318 -72.53077   4     18     59  
637.0  10:37:08 42.31232 -72.53047   4     11     52  
637.0  10:37:16 42.310894 -72.53003   3     10     54  
637.0  10:37:28 42.30977 -72.529594   3     15     49  
637.0  10:37:39 42.308105 -72.530075   3     14     40  
637.0  10:37:47 42.30709 -72.530716   4     12     42  
637.0  10:37:55 42.306118 -72.53028   5     11     44  
638.0  10:38:00 42.30544 -72.52922   5     19     59  
638.0  10:38:09 42.30544 -72.52922   3     19     47  
638.0  10:38:17 42.303734 -72.52777   4     14     55  
638.0  10:38:39 42.302647 -72.52767   3     13     44  
638.0  10:38:48 42.298332 -72.53035   5     10     50  
638.0  10:38:57 42.296703 -72.53116   4     13     52  
639.0  10:39:00 42.295208 -72.53125   5     11     52  
639.0  10:39:04 42.294987 -72.531265   5     19     51  
639.0  10:39:13 42.29325 -72.53154   4     14     55  
639.0  10:39:21 42.291706 -72.53253   3     17     44  
639.0  10:39:29 42.289948 -72.53376   3     13     41  
639.0  10:39:40 42.288925 -72.53603   4     11     46  
639.0  10:39:48 42.288143 -72.53794   4     17     45  
639.0  10:39:56 42.287277 -72.539444   5     15     47  
640.0  10:40:00 42.28665 -72.541016   4     18     49  
640.0  10:40:04 42.286564 -72.54124   5     13     43  
640.0  10:40:12 42.28592 -72.54292   4     12     41  
640.0  10:40:20 42.285492 -72.54474   5     18     54  
640.0  10:40:30 42.285122 -72.54697   4     13     59  
640.0  10:40:38 42.284466 -72.54857   5     13     49  
640.0  10:40:46 42.283745 -72.55034   4     10     49  
640.0  10:40:55 42.28301 -72.55218   3     15     58  
641.0  10:41:00 42.282246 -72.554085   4     14     44  
641.0  10:41:03 42.28233 -72.55389   3     10     49  
641.0  10:41:11 42.281574 -72.55571   4     12     42  
641.0  10:41:21 42.280777 -72.55774   3     11     41  
641.0  10:41:30 42.280174 -72.55906   3     15     45  
641.0  10:41:38 42.279236 -72.55967   5     15     59  
641.0  10:41:47 42.27835 -72.56081   3     17     51  
641.0  10:41:55 42.277596 -72.562325   4     10     44  
642.0  10:42:00 42.276623 -72.564125   5     15     50  
642.0  10:42:03 42.276745 -72.56395   5     18     45  
642.0  10:42:13 42.275192 -72.56498   5     19     51  
642.0  10:42:21 42.273815 -72.56515   3     18     54  
642.0  10:42:29 42.272266 -72.56551   4     19     58  
642.0  10:42:37 42.27097 -72.56579   5     10     43  
642.0  10:42:45 42.269455 -72.56608   4     11     49  
642.0  10:42:57 42.267876 -72.5669   4     14     58  
643.0  10:43:00 42.266518 -72.56837   5     12     42  
643.0  10:43:08 42.266544 -72.56912   3     16     50  
643.0  10:43:16 42.266727 -72.570885   5     13     48  
643.0  10:43:24 42.266323 -72.57167   5     12     42  
643.0  10:43:32 42.265327 -72.57182   5     14     53  
643.0  10:43:40 42.263786 -72.572174   5     13     55  
643.0  10:43:49 42.26232 -72.57257   3     16     57  
643.0  10:43:59 42.26132 -72.57282   4     16     51  
644.0  10:44:00 42.26132 -72.57283   4     11     46  
644.0  10:44:07 42.26132 -72.57282   4     12     50  
644.0  10:44:15 42.26122 -72.572815   3     11     46  
644.0  10:44:23 42.260468 -72.57307   5     18     48  
644.0  10:44:32 42.25975 -72.57397   5     17     54  
644.0  10:44:40 42.259262 -72.57466   3     19     57  
644.0  10:44:50 42.258835 -72.57475   3     10     43  
644.0  10:44:58 42.258423 -72.57422   5     11     51  
645.0  10:45:00 42.258167 -72.57361   3     16     47  
645.0  10:45:06 42.258114 -72.5734   4     14     50  
645.0  10:45:14 42.258 -72.573   5     16     48  
645.0  10:45:22 42.257984 -72.57302   5     10     45  
645.0  10:45:30 42.258003 -72.57302   4     19     46  
645.0  10:45:41 42.257984 -72.57294   5     13     53  
645.0  10:45:49 42.25785 -72.572174   3     19     47  
645.0  10:45:57 42.257473 -72.572   4     18     41  
646.0  10:46:00 42.256966 -72.57211   5     17     49  
646.0  10:46:06 42.256844 -72.57214   5     18     53  
646.0  10:46:14 42.256752 -72.572136   5     16     42  
646.0  10:46:22 42.256767 -72.57214   5     11     43  
646.0  10:46:32 42.256245 -72.572235   5     16     51  
646.0  10:46:40 42.25572 -72.57248   3     13     55  
646.0  10:46:48 42.255 -72.572945   5     14     45  
646.0  10:46:56 42.254387 -72.57352   3     11     53  
647.0  10:47:00 42.254196 -72.574104   3     15     59  
647.0  10:47:04 42.25419 -72.57415   4     14     42  
647.0  10:47:16 42.254166 -72.57426   3     10     49  
647.0  10:47:27 42.25418 -72.57424   3     18     58  
647.0  10:47:35 42.254173 -72.57425   5     13     54  
647.0  10:47:43 42.254173 -72.57425   4     17     49  
647.0  10:47:51 42.254166 -72.57425   5     14     42  
647.0  10:47:59 42.254166 -72.57425   3     16     53  
648.0  10:48:00 42.254166 -72.57426   4     12     43  
648.0  10:48:07 42.254166 -72.57426   3     10     41  
648.0  10:48:17 42.254166 -72.57425   3     17     56  
648.0  10:48:25 42.25416 -72.57424   4     15     57  
648.0  10:48:34 42.254154 -72.574234   3     11     40  
648.0  10:48:42 42.25415 -72.57423   5     15     48  
648.0  10:48:50 42.25415 -72.57423   4     15     53  
648.0  10:48:58 42.254154 -72.57422   3     18     56  
649.0  10:49:00 42.25416 -72.57423   5     13     57  
649.0  10:49:07 42.25416 -72.57423   4     14     59  
649.0  10:49:15 42.25417 -72.57423   3     15     49  
649.0  10:49:23 42.25419 -72.57423   5     10     52  
649.0  10:49:31 42.254185 -72.57421   5     13     44  
649.0  10:49:39 42.254196 -72.5742   3     12     43  
649.0  10:49:47 42.254215 -72.57419   4     12     51  
649.0  10:49:55 42.254242 -72.57418   3     16     51  
650.0  10:50:00 42.254234 -72.57419   3     12     53  
650.0  10:50:06 42.254227 -72.57419   5     14     44  
650.0  10:50:14 42.254204 -72.574196   3     19     46  
650.0  10:50:23 42.25419 -72.5742   4     15     43  
650.0  10:50:31 42.254196 -72.57421   3     19     46  
650.0  10:50:39 42.2542 -72.57422   3     18     54  
650.0  10:50:48 42.25421 -72.57423   4     13     45  
650.0  10:50:57 42.254208 -72.574234   5     16     47  
651.0  10:51:00 42.254204 -72.574234   5     15     57  
651.0  10:51:06 42.254204 -72.574234   4     15     51  
651.0  10:51:14 42.254192 -72.57423   4     10     41  
651.0  10:51:23 42.25418 -72.574234   5     16     53  
651.0  10:51:31 42.254192 -72.574234   4     16     58  
651.0  10:51:39 42.25419 -72.57423   5     19     42  
651.0  10:51:49 42.25416 -72.57423   5     11     41  
651.0  10:51:58 42.25382 -72.57457   4     12     41  
652.0  10:52:00 42.253643 -72.57462   3     16     41  
652.0  10:52:06 42.25358 -72.57465   5     15     40  
652.0  10:52:15 42.25362 -72.57503   3     19     55  
652.0  10:52:23 42.25392 -72.5759   4     15     46  
652.0  10:52:32 42.254032 -72.57635   4     19     46  
652.0  10:52:42 42.25403 -72.57644   5     18     50  
652.0  10:52:51 42.254147 -72.57705   3     16     49  
652.0  10:52:59 42.25442 -72.57718   3     18     57  
653.0  10:53:00 42.25481 -72.57701   4     18     43  
653.0  10:53:08 42.255295 -72.57683   5     19     49  
653.0  10:53:16 42.25628 -72.576454   4     10     43  
653.0  10:53:24 42.256588 -72.576355   5     13     50  
653.0  10:53:35 42.256695 -72.576324   4     11     47  
653.0  10:53:43 42.256676 -72.57634   3     16     49  
653.0  10:53:52 42.256657 -72.57634   3     14     45  
654.0  10:54:00 42.256657 -72.576355   4     12     51  
654.0  10:54:01 42.256653 -72.57635   4     19     58  
654.0  10:54:09 42.256657 -72.576355   3     18     49  
654.0  10:54:18 42.25665 -72.57638   4     14     42  
654.0  10:54:28 42.25664 -72.576385   5     11     59  
654.0  10:54:36 42.256653 -72.576385   3     13     42  
654.0  10:54:45 42.25709 -72.57624   5     11     58  
654.0  10:54:53 42.25756 -72.57599   3     10     41  
655.0  10:55:00 42.257675 -72.575935   5     18     41  
655.0  10:55:04 42.25767 -72.57594   4     17     41  
655.0  10:55:12 42.25768 -72.57592   5     17     55  
655.0  10:55:23 42.25779 -72.575905   3     13     57  
655.0  10:55:32 42.258286 -72.575615   3     10     41  
655.0  10:55:40 42.258892 -72.57505   5     19     59  
655.0  10:55:48 42.25898 -72.57495   4     11     59  
655.0  10:55:56 42.258976 -72.57495   4     18     50  
656.0  10:56:00 42.258965 -72.574936   3     15     58  
656.0  10:56:05 42.258957 -72.574936   5     18     43  
656.0  10:56:16 42.25892 -72.575005   3     16     41  
656.0  10:56:24 42.258892 -72.57506   4     14     50  
656.0  10:56:32 42.259296 -72.5746   3     13     49  
656.0  10:56:41 42.259975 -72.57372   5     18     58  
656.0  10:56:49 42.260975 -72.57284   5     17     41  
656.0  10:56:58 42.26221 -72.57259   5     12     53  
657.0  10:57:00 42.26314 -72.57235   3     13     46  
657.0  10:57:08 42.263836 -72.57215   3     19     55  
657.0  10:57:17 42.264935 -72.5719   3     17     42  
657.0  10:57:25 42.266308 -72.57159   3     13     47  
657.0  10:57:34 42.26676 -72.57082   4     13     41  
657.0  10:57:42 42.26659 -72.56917   5     12     45  
657.0  10:57:50 42.266697 -72.56786   4     13     47  
658.0  10:58:00 42.26808 -72.566765   4     13     54  
658.0  10:58:00 42.26851 -72.566505   4     14     50  
658.0  10:58:08 42.26938 -72.56603   5     12     52  
658.0  10:58:19 42.270584 -72.56586   3     19     45  
658.0  10:58:27 42.27236 -72.56553   3     15     55  
658.0  10:58:35 42.273594 -72.565216   5     17     41  
658.0  10:58:43 42.27492 -72.56494   5     18     45  
658.0  10:58:54 42.27665 -72.56415   4     17     59  
659.0  10:59:00 42.2776 -72.56243   4     19     42  
659.0  10:59:02 42.277496 -72.562645   5     13     52  
659.0  10:59:11 42.278404 -72.56074   3     10     46  
659.0  10:59:19 42.27931 -72.55949   5     19     43  
659.0  10:59:27 42.28034 -72.55879   4     16     49  
659.0  10:59:36 42.281033 -72.55716   5     15     44  
659.0  10:59:47 42.281857 -72.55502   3     18     47  
659.0  10:59:55 42.28257 -72.55325   4     10     48  
660.0  11:00:00 42.283165 -72.551735   3     16     51  
660.0  11:00:04 42.283165 -72.551735   3     14     55  
660.0  11:00:12 42.283886 -72.54998   4     11     41  
660.0  11:00:20 42.284508 -72.54847   3     18     59  
660.0  11:00:29 42.285213 -72.54667   5     14     47  
660.0  11:00:39 42.285618 -72.544334   4     16     50  
660.0  11:00:47 42.286053 -72.54255   5     11     50  
660.0  11:00:56 42.286716 -72.54087   3     14     43  
661.0  11:01:00 42.287365 -72.53928   3     15     40  
661.0  11:01:04 42.287437 -72.539085   5     12     55  
661.0  11:01:13 42.28817 -72.53785   3     14     43  
661.0  11:01:21 42.288876 -72.53644   5     11     54  
661.0  11:01:32 42.289566 -72.534294   4     11     43  
661.0  11:01:42 42.290936 -72.53295   3     16     53  
661.0  11:01:50 42.29261 -72.5319   4     11     48  
661.0  11:01:58 42.294006 -72.53123   5     14     50  
662.0  11:02:00 42.294987 -72.53117   5     17     46  
662.0  11:02:06 42.29558 -72.53116   3     12     55  
662.0  11:02:15 42.297142 -72.53102   5     19     51  
662.0  11:02:25 42.29905 -72.52977   5     17     56  
662.0  11:02:33 42.300137 -72.52895   3     19     49  
662.0  11:02:42 42.30109 -72.5283   5     14     43  
662.0  11:02:50 42.302204 -72.52775   3     12     49  
662.0  11:02:59 42.30284 -72.52766   5     12     48  
663.0  11:03:00 42.303154 -72.52767   5     13     44  
663.0  11:03:07 42.303482 -72.52772   3     17     54  
663.0  11:03:31 42.304855 -72.52837   3     10     53  
663.0  11:03:41 42.306473 -72.530266   5     15     58  
663.0  11:03:50 42.307224 -72.53074   4     15     40  
663.0  11:03:58 42.30816 -72.530266   4     18     56  
664.0  11:04:00 42.308693 -72.52969   5     10     48  
664.0  11:04:06 42.309044 -72.52951   4     15     58  
664.0  11:04:15 42.31011 -72.52948   3     11     52  
664.0  11:04:23 42.311382 -72.53008   5     17     56  
664.0  11:04:34 42.313 -72.5307   4     18     59  
664.0  11:04:43 42.31407 -72.5309   5     18     50  
664.0  11:04:51 42.315346 -72.53056   3     16     49  
665.0  11:05:00 42.31717 -72.529884   3     12     46  
665.0  11:05:01 42.31661 -72.530106   3     19     47  
665.0  11:05:09 42.317783 -72.52948   3     15     43  
665.0  11:05:17 42.318504 -72.52879   5     14     46  
665.0  11:05:28 42.319176 -72.52794   3     11     42  
665.0  11:05:36 42.31935 -72.528015   5     18     58  
665.0  11:05:45 42.31948 -72.52844   5     10     57  
665.0  11:05:53 42.31988 -72.52948   5     15     53  
666.0  11:06:00 42.320244 -72.53149   4     17     58  
666.0  11:06:02 42.32022 -72.53111   5     19     40  
666.0  11:06:11 42.320267 -72.53285   5     17     40  
666.0  11:06:21 42.320343 -72.534386   4     17     53  
666.0  11:06:29 42.320736 -72.53436   3     14     46  
666.0  11:06:37 42.320843 -72.534004   5     12     40  
666.0  11:06:45 42.321125 -72.53373   5     17     47  
666.0  11:06:54 42.321163 -72.53422   3     12     56  
667.0  11:07:00 42.321663 -72.53424   4     11     43  
667.0  11:07:02 42.32156 -72.534256   3     19     59  
667.0  11:07:12 42.321762 -72.53397   3     16     59  
667.0  11:07:20 42.32172 -72.532684   4     18     47  
667.0  11:07:29 42.32192 -72.531364   5     10     52  
667.0  11:07:37 42.322063 -72.5301   3     14     53  
667.0  11:07:45 42.322166 -72.5298   3     10     59  
667.0  11:07:54 42.322144 -72.52989   3     19     49  
668.0  11:08:00 42.322346 -72.52941   5     13     43  
668.0  11:08:03 42.322346 -72.52941   3     15     55  
668.0  11:08:11 42.323093 -72.52851   5     11     47  
668.0  11:08:20 42.324253 -72.52867   4     12     40  
668.0  11:08:28 42.325035 -72.52878   5     10     47  
668.0  11:08:37 42.325188 -72.52898   3     17     58  
668.0  11:08:45 42.325138 -72.530174   4     16     45  
668.0  11:08:55 42.325314 -72.53086   5     10     54  
669.0  11:09:00 42.325302 -72.53094   3     14     45  
669.0  11:09:04 42.325306 -72.53093   3     14     44  
669.0  11:09:12 42.325306 -72.530876   4     10     58  
669.0  11:09:20 42.32531 -72.530846   5     14     53  
669.0  11:09:28 42.325306 -72.53086   3     18     51  
669.0  11:09:36 42.32531 -72.53089   4     18     50  
669.0  11:09:47 42.325336 -72.530914   5     18     55  
669.0  11:09:55 42.325325 -72.53091   4     12     55  
670.0  11:10:00 42.32531 -72.5309   4     10     54  
670.0  11:10:04 42.32531 -72.5309   5     13     45  
670.0  11:10:13 42.325287 -72.53089   5     14     53  
670.0  11:10:21 42.325275 -72.53088   3     19     40  
670.0  11:10:30 42.32528 -72.53086   3     19     58  
670.0  11:10:42 42.325367 -72.530846   5     15     52  
670.0  11:10:50 42.325314 -72.53087   5     17     49  
670.0  11:10:58 42.325275 -72.53089   3     18     55  
671.0  11:11:00 42.32526 -72.53091   4     13     51  
671.0  11:11:06 42.325245 -72.53091   4     14     48  
671.0  11:11:14 42.32519 -72.530914   5     12     54  
671.0  11:11:23 42.32517 -72.53092   3     11     48  
671.0  11:11:33 42.325188 -72.53092   3     12     44  
671.0  11:11:41 42.325222 -72.53092   4     14     43  
671.0  11:11:50 42.32509 -72.53118   5     15     42  
671.0  11:11:58 42.3249 -72.5309   3     13     42  
672.0  11:12:00 42.324966 -72.530495   3     14     41  
672.0  11:12:07 42.325085 -72.530174   5     15     56  
672.0  11:12:16 42.3251 -72.529274   5     19     57  
672.0  11:12:26 42.325115 -72.5286   5     10     42  
672.0  11:12:34 42.325027 -72.527466   4     10     43  
672.0  11:12:43 42.323967 -72.52669   5     14     57  
672.0  11:12:54 42.323338 -72.52563   5     18     57  
673.0  11:13:00 42.3233 -72.52485   3     12     53  
673.0  11:13:02 42.3233 -72.52484   3     16     47  
673.0  11:13:10 42.323597 -72.52471   5     14     42  
673.0  11:13:19 42.32483 -72.52459   4     14     58  
673.0  11:13:27 42.32598 -72.52446   3     18     54  
673.0  11:13:36 42.327705 -72.5243   4     19     41  
673.0  11:13:44 42.329338 -72.52409   3     11     59  
673.0  11:13:52 42.331135 -72.52385   3     17     52  
674.0  11:14:00 42.332684 -72.52361   3     10     56  
674.0  11:14:00 42.333057 -72.52356   5     17     40  
674.0  11:14:11 42.33438 -72.52342   4     10     41  
674.0  11:14:19 42.336018 -72.52283   5     10     48  
674.0  11:14:27 42.337315 -72.521835   3     14     53  
674.0  11:14:36 42.3388 -72.52086   5     18     40  
674.0  11:14:44 42.339954 -72.52023   3     16     42  
674.0  11:14:53 42.340687 -72.51999   3     14     45  
675.0  11:15:00 42.34075 -72.51999   5     16     42  
675.0  11:15:03 42.34075 -72.51999   4     12     48  
675.0  11:15:11 42.340733 -72.52002   4     16     54  
675.0  11:15:20 42.34093 -72.520004   3     19     45  
675.0  11:15:28 42.34207 -72.52   4     16     58  
675.0  11:15:36 42.343445 -72.52037   5     18     53  
675.0  11:15:45 42.345028 -72.5205   4     18     56  
675.0  11:15:55 42.346684 -72.52045   3     13     44  
676.0  11:16:00 42.34737 -72.52023   3     10     42  
676.0  11:16:04 42.34737 -72.52023   5     15     40  
676.0  11:16:12 42.347416 -72.52021   4     16     55  
676.0  11:16:20 42.347496 -72.52022   3     17     43  
676.0  11:16:29 42.34818 -72.520065   3     11     54  
676.0  11:16:37 42.349297 -72.51991   5     10     58  
676.0  11:16:47 42.350777 -72.519966   5     15     48  
676.0  11:16:56 42.352158 -72.52064   4     16     43  
677.0  11:17:00 42.353355 -72.52066   4     17     55  
677.0  11:17:05 42.353523 -72.52065   3     19     40  
678.0  11:18:00 42.3644 -72.520676   4     15     50  
678.0  11:18:26 42.368347 -72.52003   5     18     44  
678.0  11:18:59 42.3722 -72.51974   5     18     44  
679.0  11:19:00 42.3723 -72.51968   3     16     51  
679.0  11:19:04 42.372276 -72.519554   3     19     41  
679.0  11:19:09 42.372143 -72.5192   5     10     49  
679.0  11:19:14 42.372078 -72.51887   4     14     45  
679.0  11:19:23 42.372234 -72.51881   3     19     57  
680.0  11:20:00 42.373093 -72.518875   4     19     43  
680.0  11:20:02 42.37309 -72.518875   4     18     43  
680.0  11:20:38 42.373165 -72.51893   5     10     47  
680.0  11:20:43 42.37316 -72.51892   4     17     43  
680.0  11:20:48 42.373158 -72.5189   4     18     48  
681.0  11:21:00 42.373188 -72.51889   4     17     51  
681.0  11:21:14 42.373177 -72.5189   3     18     54  
681.0  11:21:19 42.373184 -72.51889   5     13     58  
681.0  11:21:27 42.3732 -72.51887   4     16     57  
681.0  11:21:32 42.373203 -72.51891   4     14     57  
681.0  11:21:34 42.373184 -72.51889   5     17     54  
682.0  11:22:00 42.37322 -72.51898   3     18     52  
683.0  11:23:00 42.374897 -72.519844   4     17     42  
683.0  11:23:10 42.37479 -72.519844   4     18     52  
683.0  11:23:46 42.375587 -72.51986   5     11     48  
683.0  11:23:54 42.375587 -72.51986   3     19     40  
683.0  11:23:56 42.377068 -72.51995   4     14     54  
684.0  11:24:00 42.37743 -72.51992   5     16     58  
684.0  11:24:05 42.377464 -72.51991   3     17     53  
684.0  11:24:13 42.37749 -72.51989   4     14     54  
684.0  11:24:21 42.377495 -72.519905   5     14     40  
684.0  11:24:30 42.377502 -72.51993   5     11     40  
684.0  11:24:38 42.37751 -72.51991   4     13     45  
684.0  11:24:48 42.377495 -72.519905   5     10     57  
684.0  11:24:56 42.37751 -72.519936   5     11     57  
685.0  11:25:00 42.37792 -72.519936   4     17     51  
685.0  11:25:05 42.37801 -72.51994   3     11     54  
685.0  11:25:13 42.378826 -72.51993   3     18     56  
685.0  11:25:20 42.37962 -72.519646   3     12     51  
685.0  11:25:28 42.379833 -72.51954   3     15     47  
685.0  11:25:38 42.379818 -72.51955   4     12     54  
685.0  11:25:46 42.38023 -72.51945   5     15     54  
685.0  11:25:54 42.381073 -72.51938   3     10     44  
686.0  11:26:00 42.381393 -72.51931   3     11     51  
686.0  11:26:03 42.381393 -72.51931   5     19     53  
686.0  11:26:11 42.381393 -72.51931   3     15     42  
686.0  11:26:20 42.3814 -72.51931   3     16     42  
686.0  11:26:31 42.38141 -72.519325   4     12     55  
686.0  11:26:39 42.381496 -72.51932   4     17     45  
686.0  11:26:48 42.382072 -72.51983   5     19     53  
686.0  11:26:56 42.382908 -72.52043   5     16     56  
687.0  11:27:00 42.383163 -72.520615   3     16     57  
687.0  11:27:04 42.383163 -72.520615   4     11     45  
687.0  11:27:12 42.38315 -72.52064   5     15     58  
687.0  11:27:22 42.3841 -72.52123   5     13     52  
687.0  11:27:31 42.385265 -72.521866   5     18     57  
687.0  11:27:39 42.385952 -72.52232   3     17     47  
687.0  11:27:47 42.386032 -72.5225   4     19     49  
687.0  11:27:55 42.38604 -72.52246   5     17     45  
688.0  11:28:00 42.38604 -72.52245   4     14     56  
688.0  11:28:03 42.38604 -72.52245   5     16     51  
688.0  11:28:13 42.38603 -72.52244   5     14     52  
688.0  11:28:21 42.38602 -72.52243   3     17     48  
688.0  11:28:30 42.38603 -72.52256   5     12     50  
688.0  11:28:38 42.386093 -72.523415   4     19     58  
688.0  11:28:47 42.385838 -72.52443   3     13     41  
688.0  11:28:56 42.38566 -72.52513   5     19     45  
689.0  11:29:00 42.385937 -72.52532   4     10     55  
689.0  11:29:06 42.386044 -72.525375   5     11     48  
689.0  11:29:17 42.386612 -72.52564   4     15     56  
689.0  11:29:25 42.387302 -72.52599   5     16     50  
689.0  11:29:33 42.38721 -72.52645   5     12     51  
689.0  11:29:43 42.387108 -72.526505   4     18     57  
689.0  11:29:52 42.387135 -72.526566   3     18     46  
690.0  11:30:00 42.387157 -72.5266   4     14     44  
690.0  11:30:02 42.387157 -72.526596   3     17     58  
690.0  11:30:11 42.387157 -72.52658   5     17     50  
690.0  11:30:19 42.38715 -72.52654   3     13     43  
690.0  11:30:28 42.387127 -72.526535   5     18     56  
690.0  11:30:36 42.38711 -72.52654   4     17     46  
690.0  11:30:44 42.38677 -72.52641   5     18     52  
690.0  11:30:58 42.385735 -72.52595   5     10     46  
691.0  11:31:00 42.38558 -72.52589   5     16     48  
691.0  11:31:07 42.385483 -72.525856   5     19     56  
691.0  11:31:15 42.385277 -72.52565   3     16     41  
691.0  11:31:24 42.385498 -72.52468   4     14     55  
691.0  11:31:32 42.385807 -72.523445   3     10     50  
691.0  11:31:40 42.385826 -72.52239   4     16     56  
691.0  11:31:50 42.384956 -72.5216   5     13     41  
691.0  11:31:59 42.384018 -72.52112   5     11     48  
692.0  11:32:00 42.383316 -72.52077   3     11     53  
692.0  11:32:10 42.38297 -72.52057   5     13     49  
692.0  11:32:32 42.381783 -72.519684   3     14     43  
692.0  11:32:34 42.381783 -72.519684   5     14     49  
692.0  11:32:48 42.381596 -72.51946   5     12     50  
692.0  11:32:58 42.380825 -72.51934   4     12     57  
693.0  11:33:00 42.379875 -72.519516   3     12     45  
693.0  11:33:11 42.37909 -72.51984   5     15     45  
693.0  11:33:19 42.378292 -72.51992   5     10     45  
693.0  11:33:27 42.37789 -72.519966   3     16     46  
693.0  11:33:38 42.377945 -72.51998   5     16     45  
693.0  11:33:46 42.377964 -72.520004   4     14     51  
693.0  11:33:53 42.377808 -72.519936   3     17     45  
694.0  11:34:00 42.377148 -72.51995   4     12     47  
694.0  11:34:01 42.377266 -72.51995   3     12     53  
694.0  11:34:10 42.376656 -72.519966   3     12     49  
694.0  11:34:18 42.376095 -72.51995   5     19     57  
694.0  11:34:28 42.37605 -72.51994   4     11     45  
694.0  11:34:36 42.37567 -72.51991   3     15     48  
694.0  11:34:45 42.375145 -72.51987   5     13     53  
694.0  11:34:53 42.374878 -72.51988   4     17     53  
695.0  11:35:00 42.374443 -72.51989   4     13     50  
695.0  11:35:01 42.374516 -72.51988   3     11     50  
696.0  11:36:00 42.372112 -72.51923   3     14     48  
697.0  11:37:00 42.37314 -72.51887   3     14     42  
698.0  11:38:00 42.37314 -72.51883   5     16     54  
699.0  11:39:00 42.373283 -72.51886   3     18     41  
700.0  11:40:00 42.373257 -72.51885   5     11     42  
701.0  11:41:00 42.37322 -72.518875   4     19     44  
702.0  11:42:00 42.37269 -72.51989   4     16     40  
703.0  11:43:00 42.363014 -72.520805   4     13     45  
704.0  11:44:00 42.35495 -72.52083   4     19     53  
705.0  11:45:00 42.347973 -72.52018   5     13     46  
705.0  11:45:14 42.345863 -72.52052   5     16     54  
705.0  11:45:25 42.34367 -72.52044   4     12     51  
705.0  11:45:34 42.342297 -72.52005   3     14     55  
705.0  11:45:42 42.341076 -72.51995   4     12     47  
705.0  11:45:51 42.340294 -72.520134   3     10     45  
705.0  11:45:59 42.33921 -72.52058   4     15     46  
706.0  11:46:00 42.33863 -72.52093   5     17     43  
706.0  11:46:07 42.33805 -72.52128   4     19     54  
706.0  11:46:18 42.336643 -72.52235   4     15     47  
706.0  11:46:26 42.33549 -72.52304   4     16     57  
706.0  11:46:34 42.334347 -72.5234   4     16     43  
706.0  11:46:43 42.333076 -72.52356   5     16     58  
706.0  11:46:51 42.331844 -72.52376   3     18     53  
707.0  11:47:00 42.33061 -72.52393   5     17     52  
707.0  11:47:00 42.329926 -72.52402   3     17     47  
707.0  11:47:10 42.328777 -72.52417   5     13     44  
707.0  11:47:18 42.327488 -72.524345   3     18     53  
707.0  11:47:27 42.32615 -72.52445   5     17     51  
707.0  11:47:35 42.32489 -72.524605   5     19     42  
707.0  11:47:43 42.32369 -72.524765   4     18     46  
707.0  11:47:52 42.32322 -72.52505   5     11     45  
708.0  11:48:00 42.32355 -72.52644   3     18     43  
708.0  11:48:02 42.32347 -72.526306   3     17     57  
708.0  11:48:11 42.324615 -72.52711   4     14     40  
708.0  11:48:19 42.325127 -72.52818   4     15     40  
708.0  11:48:27 42.32515 -72.528694   4     13     43  
708.0  11:48:36 42.325146 -72.52968   4     16     55  
708.0  11:48:44 42.32521 -72.53053   5     14     50  
708.0  11:48:54 42.3253 -72.531166   4     11     49  
709.0  11:49:00 42.3253 -72.53118   5     17     59  
709.0  11:49:03 42.3253 -72.53118   4     15     59  
709.0  11:49:11 42.325317 -72.53117   5     10     42  
709.0  11:49:19 42.325336 -72.53118   5     11     57  
709.0  11:49:28 42.325344 -72.531204   5     12     52  
709.0  11:49:37 42.325336 -72.53124   3     13     45  
709.0  11:49:55 42.325314 -72.53126   4     10     46  
710.0  11:50:00 42.32531 -72.53124   4     11     48  
710.0  11:50:03 42.32531 -72.53124   3     12     55  
710.0  11:50:11 42.325302 -72.53123   5     17     47  
710.0  11:50:19 42.325294 -72.53123   5     19     45  
710.0  11:50:27 42.325287 -72.53123   4     14     46  
710.0  11:50:36 42.325275 -72.53125   4     10     58  
710.0  11:50:46 42.325268 -72.53126   4     17     51  
710.0  11:50:54 42.32527 -72.53123   4     13     47  
711.0  11:51:00 42.32528 -72.531166   3     17     54  
711.0  11:51:02 42.32528 -72.53117   4     16     59  
711.0  11:51:11 42.32528 -72.53117   5     15     57  
711.0  11:51:20 42.325287 -72.53119   5     10     58  
711.0  11:51:28 42.325283 -72.53122   4     18     51  
711.0  11:51:39 42.325287 -72.53123   5     12     48  
711.0  11:51:47 42.325283 -72.53121   5     14     54  
711.0  11:51:55 42.325275 -72.531204   3     17     45  
712.0  11:52:00 42.32528 -72.53122   3     15     53  
712.0  11:52:03 42.32528 -72.53122   4     19     55  
712.0  11:52:12 42.32528 -72.5312   4     15     58  
712.0  11:52:20 42.325283 -72.53118   4     15     51  
712.0  11:52:31 42.32528 -72.53118   5     17     50  
712.0  11:52:40 42.325275 -72.5312   5     17     57  
712.0  11:52:48 42.32527 -72.5312   5     17     49  
712.0  11:52:57 42.32527 -72.53122   3     10     48  
713.0  11:53:00 42.32527 -72.531265   3     13     43  
713.0  11:53:05 42.32527 -72.53127   3     12     42  
713.0  11:53:14 42.325275 -72.531265   3     14     43  
713.0  11:53:24 42.32528 -72.53122   4     11     41  
713.0  11:53:33 42.325283 -72.53121   4     10     53  
713.0  11:53:42 42.325283 -72.53122   3     12     48  
713.0  11:53:51 42.325275 -72.53123   3     19     50  
714.0  11:54:00 42.32527 -72.53124   3     11     47  
714.0  11:54:00 42.325268 -72.53125   4     16     52  
714.0  11:54:08 42.325264 -72.53125   3     17     51  
714.0  11:54:18 42.325256 -72.53126   5     14     47  
714.0  11:54:26 42.325256 -72.53126   3     14     45  
714.0  11:54:35 42.325253 -72.53125   3     11     42  
714.0  11:54:43 42.325256 -72.53126   3     19     42  
714.0  11:54:52 42.325253 -72.53125   4     11     56  
715.0  11:55:00 42.325245 -72.53125   3     13     50  
715.0  11:55:01 42.32525 -72.53126   4     17     40  
715.0  11:55:12 42.325245 -72.53124   3     15     40  
715.0  11:55:21 42.32524 -72.53125   4     16     48  
715.0  11:55:29 42.325233 -72.53125   4     16     56  
715.0  11:55:37 42.325233 -72.531265   5     17     57  
715.0  11:55:46 42.32524 -72.53128   5     14     47  
715.0  11:55:55 42.325256 -72.53131   5     16     42  
716.0  11:56:00 42.325283 -72.53132   3     18     42  
716.0  11:56:05 42.32528 -72.53131   4     16     46  
716.0  11:56:14 42.32526 -72.531296   3     10     56  
716.0  11:56:22 42.325237 -72.53133   4     18     45  
716.0  11:56:30 42.325233 -72.531334   3     17     45  
716.0  11:56:39 42.325233 -72.53135   5     10     40  
716.0  11:56:47 42.325214 -72.531395   3     10     58  
716.0  11:56:57 42.325207 -72.53135   3     18     56  
717.0  11:57:00 42.32521 -72.53138   4     17     57  
717.0  11:57:05 42.32521 -72.531395   5     18     40  
717.0  11:57:13 42.325203 -72.531425   3     18     49  
717.0  11:57:21 42.32519 -72.53143   3     16     55  
717.0  11:57:29 42.325188 -72.53142   5     16     53  
717.0  11:57:37 42.325188 -72.5314   3     14     46  
717.0  11:57:48 42.3252 -72.53136   4     13     53  
717.0  11:57:56 42.325214 -72.5313   5     19     49  
718.0  11:58:00 42.32521 -72.53132   4     14     59  
718.0  11:58:05 42.32521 -72.53132   5     11     46  
718.0  11:58:13 42.325214 -72.5313   5     18     43  
718.0  11:58:21 42.3252 -72.53139   4     10     55  
718.0  11:58:30 42.325195 -72.5314   4     13     59  
718.0  11:58:40 42.325222 -72.53136   5     15     57  
718.0  11:58:48 42.325226 -72.53132   4     17     59  
718.0  11:58:56 42.32522 -72.53131   4     14     53  
719.0  11:59:00 42.32521 -72.53129   5     15     58  
719.0  11:59:04 42.32521 -72.53128   5     13     56  
719.0  11:59:12 42.325207 -72.53124   4     13     42  
719.0  11:59:20 42.32519 -72.531204   4     11     49  
719.0  11:59:30 42.325157 -72.531136   4     11     53  
719.0  11:59:38 42.325157 -72.53113   5     13     54  
719.0  11:59:47 42.325157 -72.531136   3     19     47  
719.0  11:59:54 42.32516 -72.53116   5     11     54  
720.0  12:00:00 42.325165 -72.53118   4     10     44  
720.0  12:00:02 42.325165 -72.53118   3     19     55  
720.0  12:00:11 42.32518 -72.531166   5     13     51  
720.0  12:00:20 42.325203 -72.53115   5     19     51  
720.0  12:00:29 42.32519 -72.531136   4     19     48  
720.0  12:00:37 42.32519 -72.53113   3     11     51  
720.0  12:00:45 42.325233 -72.53114   4     14     43  
720.0  12:00:54 42.325233 -72.53114   5     18     46  
