603.0  10:03:00 42.405003 -72.52971   5     17     52  
604.0  10:04:00 42.403133 -72.52896   5     11     50  
605.0  10:05:00 42.39805 -72.52807   4     18     55  
606.0  10:06:00 42.39506 -72.52695   5     12     45  
607.0  10:07:00 42.39359 -72.52606   3     18     56  
608.0  10:08:00 42.393337 -72.52594   5     18     43  
609.0  10:09:00 42.390827 -72.525215   4     10     55  
610.0  10:10:00 42.388237 -72.52426   4     10     40  
611.0  10:11:00 42.387238 -72.523125   5     15     58  
612.0  10:12:00 42.386227 -72.52242   3     15     55  
613.0  10:13:00 42.38254 -72.52035   4     15     42  
614.0  10:14:00 42.379044 -72.51986   4     18     53  
615.0  10:15:00 42.377018 -72.51988   5     10     53  
616.0  10:16:00 42.375847 -72.5199   4     15     53  
617.0  10:17:00 42.37592 -72.516464   5     19     57  
618.0  10:18:00 42.3759 -72.513084   3     12     55  
619.0  10:19:00 42.37574 -72.50732   4     10     45  
620.0  10:20:00 42.376217 -72.5013   3     12     49  
621.0  10:21:00 42.370464 -72.50178   5     11     45  
622.0  10:22:00 42.370167 -72.49908   4     18     40  
623.0  10:23:00 42.369904 -72.49705   4     16     49  
624.0  10:24:00 42.362843 -72.488754   3     12     52  
625.0  10:25:00 42.358067 -72.48525   3     14     45  
626.0  10:26:00 42.356632 -72.48539   3     18     47  
627.0  10:27:00 42.356354 -72.48548   4     14     46  
628.0  10:28:00 42.357277 -72.4832   5     16     51  
629.0  10:29:00 42.353413 -72.47635   3     16     43  
630.0  10:30:00 42.35574 -72.48048   4     11     50  
631.0  10:31:00 42.358963 -72.48541   4     12     54  
632.0  10:32:00 42.362373 -72.48824   4     18     41  
633.0  10:33:00 42.366936 -72.493195   5     12     48  
634.0  10:34:00 42.370403 -72.499146   4     11     58  
635.0  10:35:00 42.36928 -72.501175   5     15     57  
636.0  10:36:00 42.37235 -72.50136   4     18     55  
637.0  10:37:00 42.376236 -72.5013   3     19     44  
638.0  10:38:00 42.37578 -72.50714   5     17     45  
639.0  10:39:00 42.375923 -72.511024   3     18     46  
640.0  10:40:00 42.375866 -72.51279   3     12     55  
641.0  10:41:00 42.37574 -72.518845   5     16     51  
642.0  10:42:00 42.37656 -72.5199   3     10     59  
643.0  10:43:00 42.37749 -72.51988   4     11     59  
644.0  10:44:00 42.380524 -72.51938   5     11     51  
645.0  10:45:00 42.383114 -72.52058   3     12     55  
646.0  10:46:00 42.38673 -72.522484   5     11     47  
647.0  10:47:00 42.38791 -72.523895   3     16     50  
648.0  10:48:00 42.391037 -72.525246   5     13     49  
649.0  10:49:00 42.39388 -72.526115   4     19     42  
650.0  10:50:00 42.395058 -72.52693   4     16     45  
651.0  10:51:00 42.39768 -72.52797   3     17     59  
652.0  10:52:00 42.403603 -72.529335   4     15     50  
653.0  10:53:00 42.406185 -72.53182   3     13     51  
663.0  11:03:00 42.405037 -72.530365   3     10     41  
664.0  11:04:00 42.403187 -72.52918   3     16     46  
665.0  11:05:00 42.3978 -72.528046   5     12     52  
666.0  11:06:00 42.39548 -72.52716   5     12     43  
667.0  11:07:00 42.394142 -72.52637   4     13     56  
668.0  11:08:00 42.393993 -72.526344   4     11     51  
669.0  11:09:00 42.393646 -72.52614   4     14     44  
670.0  11:10:00 42.39341 -72.526054   4     13     50  
671.0  11:11:00 42.39222 -72.52554   3     18     56  
672.0  11:12:00 42.39092 -72.52523   5     16     55  
673.0  11:13:00 42.38897 -72.52464   3     15     46  
674.0  11:14:00 42.38785 -72.52388   4     11     55  
675.0  11:15:00 42.38783 -72.523865   5     14     59  
676.0  11:16:00 42.387825 -72.52394   5     10     48  
677.0  11:17:00 42.38719 -72.52285   4     14     50  
678.0  11:18:00 42.38617 -72.52243   5     17     44  
679.0  11:19:00 42.38288 -72.52059   4     18     51  
680.0  11:20:00 42.379623 -72.51965   5     17     54  
681.0  11:21:00 42.37795 -72.52002   3     12     45  
682.0  11:22:00 42.376377 -72.51989   4     17     48  
683.0  11:23:00 42.375877 -72.51997   3     19     51  
684.0  11:24:00 42.375755 -72.51878   4     17     48  
685.0  11:25:00 42.375935 -72.51415   3     15     46  
686.0  11:26:00 42.375847 -72.51037   4     18     40  
687.0  11:27:00 42.37576 -72.504105   4     11     50  
688.0  11:28:00 42.375088 -72.50077   5     13     55  
689.0  11:29:00 42.373108 -72.50125   5     12     56  
690.0  11:30:00 42.369255 -72.50046   4     11     41  
691.0  11:31:00 42.37078 -72.49913   5     18     41  
692.0  11:32:00 42.36698 -72.49333   3     19     47  
693.0  11:33:00 42.362858 -72.48867   5     19     44  
694.0  11:34:00 42.357296 -72.48528   5     18     46  
695.0  11:35:00 42.356182 -72.48504   5     12     43  
696.0  11:36:00 42.357998 -72.48423   4     17     56  
697.0  11:37:00 42.354515 -72.477196   3     17     54  
698.0  11:38:00 42.35337 -72.47758   5     16     48  
699.0  11:39:00 42.35594 -72.48063   5     16     54  
700.0  11:40:00 42.360195 -72.48647   5     15     40  
701.0  11:41:00 42.36302 -72.48872   5     17     57  
702.0  11:42:00 42.370033 -72.49723   5     14     53  
703.0  11:43:00 42.37015 -72.49921   5     15     51  
704.0  11:44:00 42.369534 -72.50212   4     17     51  
705.0  11:45:00 42.373024 -72.50119   3     10     56  
706.0  11:46:00 42.376274 -72.50137   4     12     54  
707.0  11:47:00 42.375717 -72.50717   4     18     42  
708.0  11:48:00 42.37587 -72.510956   5     12     56  
709.0  11:49:00 42.375866 -72.51491   5     18     43  
710.0  11:50:00 42.37571 -72.51889   4     18     44  
711.0  11:51:00 42.37656 -72.52004   4     14     47  
712.0  11:52:00 42.377346 -72.51997   3     19     50  
713.0  11:53:00 42.379944 -72.51952   4     10     49  
714.0  11:54:00 42.381386 -72.51935   4     16     58  
715.0  11:55:00 42.384705 -72.521545   3     11     55  
716.0  11:56:00 42.38772 -72.52351   3     16     54  
717.0  11:57:00 42.390514 -72.52513   5     17     50  
718.0  11:58:00 42.39101 -72.52528   5     14     52  
719.0  11:59:00 42.393906 -72.52616   5     12     46  
720.0  12:00:00 42.39714 -72.527855   5     14     56  
