662.0  11:02:00 0.0 -0.0   5     18     59  
678.0  11:18:36 0.0 -0.0   3     17     50  
678.0  11:18:48 0.0 -1.1095744E27   5     10     45  
679.0  11:19:01 0.0 -1.8111362E22   3     11     54  
679.0  11:19:15 0.0 -1.8111362E22   3     16     46  
680.0  11:20:25 0.0 -0.0   4     13     57  
680.0  11:20:35 0.0 -0.0   4     16     55  
680.0  11:20:48 0.0 -0.0   3     19     44  
680.0  11:20:56 0.0 -0.0   3     12     44  
681.0  11:21:00 0.0 -0.0   5     19     48  
681.0  11:21:06 0.0 -0.0   5     12     41  
681.0  11:21:14 0.0 -0.0   5     10     49  
681.0  11:21:23 0.0 -0.0   3     15     48  
681.0  11:21:31 0.0 -0.0   3     19     41  
681.0  11:21:43 0.0 -0.0   5     10     59  
681.0  11:21:52 0.0 -0.0   5     12     46  
682.0  11:22:00 0.0 -0.0   4     15     57  
682.0  11:22:01 0.0 -0.0   4     18     56  
682.0  11:22:13 0.0 -0.0   3     15     56  
682.0  11:22:21 0.0 -0.0   3     10     41  
682.0  11:22:29 0.0 -0.0   4     12     47  
682.0  11:22:41 0.0 -0.0   5     15     54  
682.0  11:22:49 0.0 -0.0   4     11     46  
682.0  11:22:58 0.0 -0.0   4     10     51  
683.0  11:23:00 0.0 -0.0   5     12     57  
683.0  11:23:06 0.0 -0.0   5     19     53  
683.0  11:23:16 0.0 -0.0   5     18     54  
683.0  11:23:25 0.0 -0.0   3     18     45  
683.0  11:23:37 0.0 -0.0   5     13     53  
683.0  11:23:45 0.0 -0.0   5     12     51  
683.0  11:23:54 0.0 -0.0   5     12     52  
684.0  11:24:00 0.0 -0.0   4     16     40  
684.0  11:24:03 0.0 -0.0   4     14     47  
684.0  11:24:12 0.0 -0.0   5     11     53  
684.0  11:24:20 0.0 -0.0   3     10     47  
684.0  11:24:31 0.0 -0.0   3     15     42  
684.0  11:24:39 0.0 -0.0   5     14     46  
684.0  11:24:48 0.0 -0.0   5     19     50  
684.0  11:24:56 0.0 -0.0   5     17     52  
685.0  11:25:00 0.0 -0.0   5     14     41  
685.0  11:25:05 0.0 -0.0   3     14     46  
685.0  11:25:14 0.0 -0.0   4     13     40  
685.0  11:25:24 0.0 -0.0   3     18     56  
685.0  11:25:32 0.0 -0.0   3     12     59  
685.0  11:25:41 0.0 -0.0   5     12     56  
685.0  11:25:50 0.0 -0.0   3     17     45  
685.0  11:25:58 0.0 -0.0   5     12     45  
686.0  11:26:00 0.0 -0.0   4     10     50  
686.0  11:26:07 0.0 -0.0   3     12     45  
686.0  11:26:18 0.0 -0.0   3     17     59  
686.0  11:26:26 0.0 -0.0   5     17     42  
686.0  11:26:35 0.0 -0.0   3     10     46  
686.0  11:26:43 0.0 -0.0   5     13     57  
686.0  11:26:51 0.0 -0.0   4     18     45  
687.0  11:27:00 0.0 -0.0   4     16     54  
687.0  11:27:00 0.0 -0.0   3     15     58  
687.0  11:27:11 0.0 -0.0   3     13     58  
687.0  11:27:19 0.0 -0.0   3     18     56  
687.0  11:27:28 0.0 -0.0   3     17     41  
687.0  11:27:37 0.0 -0.0   3     10     41  
687.0  11:27:45 0.0 -0.0   3     16     50  
687.0  11:27:54 0.0 -0.0   4     16     44  
688.0  11:28:00 0.0 -0.0   3     10     55  
688.0  11:28:04 0.0 -0.0   5     15     57  
688.0  11:28:13 0.0 -0.0   3     12     49  
688.0  11:28:21 0.0 -0.0   3     16     42  
688.0  11:28:30 0.0 -0.0   3     14     43  
688.0  11:28:39 0.0 -0.0   3     14     47  
688.0  11:28:48 0.0 -0.0   4     17     54  
688.0  11:28:59 0.0 -0.0   4     11     53  
689.0  11:29:00 0.0 -0.0   5     18     43  
689.0  11:29:07 0.0 -0.0   3     11     42  
689.0  11:29:15 0.0 -0.0   4     12     58  
689.0  11:29:23 0.0 -0.0   4     16     47  
689.0  11:29:32 0.0 -0.0   4     17     45  
689.0  11:29:40 0.0 -0.0   4     10     54  
689.0  11:29:52 0.0 -0.0   4     13     58  
690.0  11:30:00 0.0 -0.0   3     11     58  
690.0  11:30:00 0.0 -0.0   4     10     45  
690.0  11:30:09 0.0 -0.0   3     14     49  
690.0  11:30:18 0.0 -0.0   4     16     58  
690.0  11:30:26 0.0 -0.0   5     14     43  
690.0  11:30:34 0.0 -0.0   3     10     53  
690.0  11:30:45 0.0 -0.0   3     13     40  
690.0  11:30:53 0.0 -0.0   4     10     54  
691.0  11:31:00 0.0 -0.0   3     19     48  
691.0  11:31:02 0.0 -0.0   4     19     45  
691.0  11:31:11 0.0 -0.0   3     16     52  
691.0  11:31:20 0.0 -0.0   3     11     44  
691.0  11:31:28 0.0 -0.0   4     16     48  
691.0  11:31:39 0.0 -0.0   3     18     46  
691.0  11:31:48 0.0 -0.0   3     11     53  
691.0  11:31:57 0.0 -0.0   5     18     43  
692.0  11:32:00 0.0 -0.0   3     14     48  
692.0  11:32:09 0.0 -0.0   3     19     47  
692.0  11:32:18 0.0 -0.0   5     19     59  
692.0  11:32:30 0.0 -0.0   5     12     41  
692.0  11:32:39 0.0 -0.0   4     10     50  
692.0  11:32:48 0.0 -0.0   3     14     44  
692.0  11:32:56 0.0 -0.0   5     19     43  
693.0  11:33:00 0.0 -0.0   5     15     50  
693.0  11:33:04 0.0 -0.0   3     10     44  
693.0  11:33:13 0.0 -0.0   5     16     56  
693.0  11:33:25 0.0 -0.0   4     13     59  
693.0  11:33:33 0.0 -0.0   5     15     52  
693.0  11:33:42 0.0 -0.0   5     17     42  
693.0  11:33:51 0.0 -0.0   4     17     47  
693.0  11:33:59 0.0 -0.0   4     17     58  
694.0  11:34:00 0.0 -0.0   5     14     44  
694.0  11:34:07 0.0 -0.0   4     10     57  
694.0  11:34:18 0.0 -0.0   5     19     50  
694.0  11:34:27 0.0 -0.0   4     14     58  
694.0  11:34:36 0.0 -0.0   5     14     59  
694.0  11:34:45 0.0 -0.0   5     11     47  
694.0  11:34:54 0.0 -0.0   5     16     43  
695.0  11:35:00 0.0 -0.0   4     19     53  
695.0  11:35:02 0.0 -0.0   3     17     46  
695.0  11:35:13 0.0 -0.0   3     17     51  
695.0  11:35:21 0.0 -0.0   5     18     58  
695.0  11:35:30 0.0 -0.0   5     18     45  
695.0  11:35:39 0.0 -0.0   4     10     58  
695.0  11:35:47 0.0 -0.0   3     17     54  
695.0  11:35:55 0.0 -0.0   3     19     44  
696.0  11:36:00 0.0 -0.0   3     12     46  
696.0  11:36:07 0.0 -0.0   5     18     53  
696.0  11:36:15 0.0 -0.0   5     10     57  
696.0  11:36:23 0.0 -0.0   5     10     56  
696.0  11:36:31 0.0 -0.0   3     10     54  
696.0  11:36:40 0.0 -0.0   3     10     55  
696.0  11:36:50 0.0 -0.0   3     15     45  
697.0  11:37:00 0.0 -0.0   5     12     48  
697.0  11:37:07 0.0 -0.0   5     11     46  
697.0  11:37:17 0.0 -0.0   4     10     59  
697.0  11:37:27 0.0 -0.0   3     16     44  
697.0  11:37:36 0.0 -0.0   5     11     42  
697.0  11:37:48 0.0 -0.0   5     15     57  
697.0  11:37:58 0.0 -0.0   3     10     41  
698.0  11:38:00 0.0 -0.0   5     17     59  
698.0  11:38:08 0.0 -0.0   3     10     40  
698.0  11:38:17 0.0 -0.0   4     11     40  
698.0  11:38:26 0.0 -0.0   4     15     42  
698.0  11:38:35 0.0 -0.0   3     12     48  
698.0  11:38:43 0.0 -0.0   3     14     43  
698.0  11:38:54 0.0 -0.0   4     12     59  
699.0  11:39:00 0.0 -0.0   3     15     49  
699.0  11:39:03 0.0 -0.0   3     11     58  
699.0  11:39:11 0.0 -0.0   5     15     52  
699.0  11:39:20 0.0 -0.0   5     16     43  
699.0  11:39:28 0.0 -0.0   3     15     52  
699.0  11:39:36 0.0 -0.0   3     10     47  
699.0  11:39:49 0.0 -0.0   5     17     58  
699.0  11:39:58 0.0 -0.0   5     10     48  
700.0  11:40:00 0.0 -0.0   4     13     56  
700.0  11:40:06 0.0 -0.0   3     19     49  
700.0  11:40:14 0.0 -0.0   3     14     51  
700.0  11:40:23 0.0 -0.0   3     15     53  
700.0  11:40:31 0.0 -0.0   4     10     52  
700.0  11:40:43 0.0 -0.0   3     12     50  
700.0  11:40:52 0.0 -0.0   5     15     50  
701.0  11:41:00 0.0 -0.0   3     13     52  
701.0  11:41:00 0.0 -0.0   4     16     58  
701.0  11:41:08 0.0 -0.0   5     17     58  
701.0  11:41:17 0.0 -0.0   3     12     47  
701.0  11:41:25 0.0 -0.0   3     11     41  
701.0  11:41:35 0.0 -0.0   3     14     54  
701.0  11:41:43 0.0 -0.0   4     15     42  
701.0  11:41:51 0.0 -0.0   4     11     59  
702.0  11:42:00 0.0 -0.0   5     11     56  
702.0  11:42:00 0.0 -0.0   3     15     51  
702.0  11:42:08 0.0 -0.0   3     17     46  
702.0  11:42:52 0.0 -0.0   5     11     59  
702.0  11:42:59 0.0 -0.0   4     17     40  
703.0  11:43:00 0.0 -0.0   3     11     58  
703.0  11:43:02 0.0 -0.0   3     17     54  
703.0  11:43:10 0.0 -0.0   3     19     51  
703.0  11:43:19 0.0 -0.0   4     19     54  
703.0  11:43:27 0.0 -0.0   3     16     43  
703.0  11:43:35 0.0 -0.0   3     10     49  
703.0  11:43:43 0.0 -0.0   4     12     49  
703.0  11:43:55 0.0 -0.0   4     17     47  
704.0  11:44:00 0.0 -0.0   4     11     58  
704.0  11:44:03 0.0 -0.0   3     12     57  
704.0  11:44:11 42.454037 -72.56793   3     11     43  
704.0  11:44:19 42.45473 -72.56648   4     11     56  
704.0  11:44:28 42.45472 -72.56657   4     10     57  
704.0  11:44:36 42.45434 -72.56608   4     12     45  
704.0  11:44:47 42.453396 -72.56472   5     18     45  
704.0  11:44:56 42.452557 -72.563805   3     18     49  
705.0  11:45:00 42.451927 -72.56321   3     18     57  
705.0  11:45:06 42.451855 -72.56312   4     14     40  
705.0  11:45:14 42.451096 -72.56223   4     10     57  
705.0  11:45:54 42.447052 -72.55504   4     16     46  
706.0  11:46:00 42.44585 -72.553604   5     10     44  
706.0  11:46:05 42.445675 -72.553505   4     13     40  
706.0  11:46:13 42.44457 -72.552666   4     18     59  
706.0  11:46:21 42.44457 -72.552666   3     16     51  
706.0  11:46:29 42.44457 -72.552666   4     10     50  
706.0  11:46:38 42.44457 -72.552666   4     13     59  
706.0  11:46:48 42.44457 -72.552666   3     19     55  
706.0  11:46:59 42.44457 -72.552666   4     19     57  
707.0  11:47:00 42.44457 -72.552666   4     18     42  
707.0  11:47:08 42.44457 -72.552666   3     12     51  
707.0  11:47:17 42.44457 -72.552666   5     18     46  
707.0  11:47:25 42.44457 -72.552666   3     16     41  
707.0  11:47:34 42.44457 -72.552666   3     11     55  
707.0  11:47:42 42.431046 -72.54315   5     19     58  
707.0  11:47:53 42.429436 -72.54209   4     16     48  
708.0  11:48:00 42.427895 -72.54099   4     13     41  
708.0  11:48:02 42.428055 -72.5411   5     11     41  
708.0  11:48:11 42.426823 -72.54022   3     17     44  
708.0  11:48:20 42.425392 -72.539345   5     11     46  
708.0  11:48:28 42.423897 -72.538445   4     10     54  
708.0  11:48:37 42.42227 -72.53767   4     14     50  
708.0  11:48:48 42.420486 -72.5374   3     17     59  
708.0  11:48:56 42.418926 -72.537224   3     15     45  
709.0  11:49:00 42.418926 -72.537224   4     14     49  
709.0  11:49:05 42.418926 -72.537224   3     18     47  
709.0  11:49:14 42.418926 -72.537224   4     18     51  
709.0  11:49:23 42.418926 -72.537224   3     19     53  
709.0  11:49:32 42.41765 -72.52972   3     15     53  
709.0  11:49:43 42.41765 -72.52972   5     12     56  
709.0  11:49:51 42.41765 -72.52972   3     10     41  
710.0  11:50:00 42.41765 -72.52972   3     16     56  
710.0  11:50:00 42.409508 -72.53697   3     18     53  
710.0  11:50:09 42.40908 -72.53752   4     15     45  
710.0  11:50:18 42.40915 -72.53721   5     14     53  
710.0  11:50:26 42.409397 -72.53662   4     13     42  
710.0  11:50:37 42.40951 -72.53537   4     17     56  
710.0  11:50:45 42.40964 -72.534325   4     11     58  
710.0  11:50:54 42.409763 -72.53322   4     18     42  
711.0  11:51:00 42.409874 -72.53214   3     12     43  
711.0  11:51:03 42.409874 -72.53214   3     10     55  
711.0  11:51:12 42.40994 -72.53139   3     18     44  
711.0  11:51:20 42.409912 -72.53108   3     17     40  
711.0  11:51:31 42.409756 -72.530815   3     16     48  
711.0  11:51:40 42.40921 -72.53072   3     10     49  
711.0  11:51:48 42.408104 -72.5306   4     19     58  
711.0  11:51:57 42.408104 -72.5306   4     19     45  
712.0  11:52:00 42.408104 -72.5306   5     15     50  
712.0  11:52:05 42.408104 -72.5306   3     15     44  
712.0  11:52:14 42.404613 -72.52985   4     14     47  
712.0  11:52:25 42.40429 -72.52921   5     19     40  
712.0  11:52:33 42.40242 -72.52903   4     17     44  
712.0  11:52:42 42.401745 -72.52826   4     14     53  
713.0  11:53:00 42.506157 -72.405655   3     10     47  
713.0  11:53:46 42.506157 -72.405655   5     13     41  
713.0  11:53:56 42.393875 -72.52656   5     10     55  
714.0  11:54:00 42.393467 -72.52639   4     10     57  
714.0  11:54:08 42.393116 -72.526085   4     10     52  
714.0  11:54:17 42.3925 -72.52573   5     11     58  
714.0  11:54:26 42.39179 -72.52534   4     10     45  
714.0  11:54:34 42.3912 -72.52524   3     11     53  
714.0  11:54:42 42.3909 -72.52533   5     17     45  
714.0  11:54:54 42.390842 -72.52527   4     14     59  
715.0  11:55:00 42.390675 -72.52526   5     15     53  
715.0  11:55:02 42.390522 -72.525505   4     14     40  
715.0  11:55:10 42.390736 -72.52369   4     12     57  
715.0  11:55:19 42.390137 -72.523476   5     19     42  
715.0  11:55:28 42.38944 -72.52346   4     15     52  
715.0  11:55:37 42.388657 -72.52346   3     16     45  
715.0  11:55:47 42.387764 -72.52344   3     18     54  
715.0  11:55:55 42.38733 -72.52309   4     16     53  
716.0  11:56:00 42.38678 -72.52258   4     15     57  
716.0  11:56:04 42.38678 -72.52258   3     15     59  
716.0  11:56:13 42.386044 -72.522156   5     15     53  
716.0  11:56:21 42.385975 -72.52231   3     15     55  
716.0  11:56:30 42.38591 -72.522484   3     15     47  
716.0  11:56:41 42.386147 -72.52344   4     15     48  
716.0  11:56:49 42.392296 -72.51373   4     15     43  
716.0  11:56:58 42.39199 -72.51403   4     11     47  
717.0  11:57:00 42.38555 -72.52563   5     13     51  
717.0  11:57:07 42.38555 -72.52563   5     13     47  
717.0  11:57:15 42.385124 -72.52719   5     12     42  
717.0  11:57:23 42.38489 -72.52808   3     17     55  
717.0  11:57:34 42.384796 -72.5295   5     15     49  
717.0  11:57:49 42.385136 -72.53042   5     10     41  
717.0  11:57:58 42.385044 -72.53092   3     17     48  
718.0  11:58:00 42.38509 -72.53095   5     13     56  
718.0  11:58:07 42.385174 -72.53088   3     19     58  
718.0  11:58:16 42.385662 -72.53096   5     15     41  
718.0  11:58:28 42.38672 -72.53132   5     14     47  
718.0  11:58:36 42.387585 -72.53164   5     16     49  
718.0  11:58:45 42.38846 -72.532   4     14     50  
718.0  11:58:53 42.38916 -72.532295   4     12     46  
719.0  11:59:00 42.389908 -72.53262   5     18     57  
719.0  11:59:02 42.38983 -72.5326   5     13     41  
719.0  11:59:10 42.390118 -72.53275   3     14     53  
719.0  11:59:21 42.390076 -72.53278   5     17     51  
719.0  11:59:29 42.390053 -72.53279   5     15     53  
719.0  11:59:37 42.390453 -72.53297   3     17     54  
719.0  11:59:45 42.391247 -72.53325   5     13     54  
719.0  11:59:54 42.39203 -72.533554   3     19     44  
720.0  12:00:00 42.392708 -72.53372   4     12     40  
720.0  12:00:02 42.39265 -72.53374   3     16     43  
720.0  12:00:13 42.39308 -72.53294   3     12     48  
720.0  12:00:24 42.39345 -72.53224   5     15     47  
720.0  12:00:33 42.393566 -72.53269   3     19     41  
720.0  12:00:42 42.39351 -72.53312   4     10     46  
720.0  12:00:50 42.39361 -72.53311   5     11     41  
720.0  12:00:58 42.39372 -72.5329   4     13     46  
