600.0  10:00:00 42.378124 -72.53659   4     17     56  
600.0  10:00:04 42.37812 -72.53659   5     11     49  
600.0  10:00:13 42.37813 -72.53655   3     19     57  
600.0  10:00:21 42.37814 -72.53656   5     17     55  
600.0  10:00:30 42.378128 -72.53659   4     13     48  
600.0  10:00:39 42.37812 -72.53661   3     16     52  
600.0  10:00:47 42.37814 -72.536606   5     16     40  
600.0  10:00:58 42.378136 -72.53658   3     11     55  
601.0  10:01:00 42.378128 -72.53659   3     16     59  
601.0  10:01:06 42.37813 -72.536575   3     14     49  
601.0  10:01:15 42.378143 -72.53656   3     11     58  
601.0  10:01:23 42.378136 -72.53657   3     19     56  
601.0  10:01:31 42.378128 -72.53657   3     10     52  
601.0  10:01:41 42.378124 -72.536575   4     10     59  
601.0  10:01:52 42.378113 -72.5366   3     16     57  
602.0  10:02:00 42.378155 -72.53651   4     14     47  
602.0  10:02:01 42.378147 -72.53653   4     11     54  
602.0  10:02:09 42.378162 -72.53646   4     14     53  
602.0  10:02:18 42.378174 -72.53644   4     19     51  
602.0  10:02:26 42.37816 -72.5364   3     15     50  
602.0  10:02:35 42.37818 -72.53636   4     19     58  
602.0  10:02:46 42.378212 -72.536316   4     16     41  
602.0  10:02:55 42.37819 -72.536285   5     19     56  
603.0  10:03:00 42.37817 -72.5363   5     16     46  
603.0  10:03:03 42.37817 -72.5363   5     15     45  
603.0  10:03:13 42.378193 -72.53636   3     11     45  
603.0  10:03:22 42.37816 -72.53649   4     14     40  
603.0  10:03:30 42.37813 -72.53658   4     11     50  
603.0  10:03:41 42.37814 -72.53658   4     13     57  
603.0  10:03:49 42.37817 -72.536545   5     12     46  
603.0  10:03:58 42.378155 -72.53647   3     15     42  
604.0  10:04:00 42.378136 -72.53642   5     16     50  
604.0  10:04:07 42.378105 -72.5364   5     14     49  
604.0  10:04:15 42.37816 -72.5364   4     12     41  
604.0  10:04:24 42.378128 -72.536354   4     15     47  
604.0  10:04:34 42.378105 -72.536316   3     11     52  
604.0  10:04:43 42.378113 -72.536316   4     11     55  
604.0  10:04:51 42.37811 -72.53632   3     18     53  
605.0  10:05:00 42.378105 -72.5363   5     14     44  
605.0  10:05:00 42.37808 -72.53631   5     11     43  
605.0  10:05:09 42.378036 -72.536316   4     19     51  
605.0  10:05:18 42.37801 -72.53633   4     12     56  
605.0  10:05:28 42.37801 -72.53634   3     10     54  
605.0  10:05:37 42.3781 -72.53637   5     19     51  
605.0  10:05:45 42.37813 -72.53651   4     18     59  
605.0  10:05:54 42.378143 -72.536575   5     18     46  
606.0  10:06:00 42.37814 -72.5366   4     17     54  
606.0  10:06:03 42.378143 -72.5366   4     15     41  
606.0  10:06:12 42.378124 -72.536575   4     18     53  
606.0  10:06:23 42.378223 -72.53655   5     18     55  
606.0  10:06:32 42.378212 -72.53655   5     12     53  
606.0  10:06:41 42.37821 -72.53647   3     10     54  
606.0  10:06:50 42.37819 -72.53637   3     15     47  
606.0  10:06:59 42.37823 -72.53635   4     12     48  
607.0  10:07:00 42.378223 -72.53635   3     12     42  
607.0  10:07:07 42.37822 -72.53634   3     19     58  
607.0  10:07:19 42.378197 -72.53634   3     16     50  
607.0  10:07:27 42.37821 -72.53633   5     15     54  
607.0  10:07:36 42.378223 -72.53632   3     13     51  
607.0  10:07:44 42.3782 -72.53634   5     13     54  
607.0  10:07:53 42.378204 -72.53634   4     17     42  
608.0  10:08:00 42.37819 -72.53654   3     18     40  
608.0  10:08:01 42.37821 -72.53645   5     12     59  
608.0  10:08:12 42.37816 -72.53656   5     16     49  
608.0  10:08:21 42.37817 -72.53656   3     11     53  
608.0  10:08:29 42.3782 -72.536514   4     15     48  
608.0  10:08:37 42.3782 -72.53648   3     14     47  
608.0  10:08:46 42.378212 -72.536385   3     14     55  
608.0  10:08:54 42.378178 -72.53631   3     11     43  
609.0  10:09:00 42.378143 -72.536285   4     15     59  
609.0  10:09:06 42.378143 -72.536285   4     12     44  
609.0  10:09:14 42.3781 -72.536316   3     14     50  
609.0  10:09:22 42.37806 -72.53634   3     19     58  
609.0  10:09:31 42.378075 -72.53634   4     13     40  
609.0  10:09:39 42.3781 -72.536354   3     10     42  
609.0  10:09:48 42.378117 -72.536354   5     14     44  
609.0  10:09:59 42.378117 -72.53635   3     17     40  
610.0  10:10:00 42.378117 -72.53633   3     10     59  
610.0  10:10:08 42.378128 -72.53632   4     13     49  
610.0  10:10:17 42.378124 -72.53632   3     19     49  
610.0  10:10:26 42.37811 -72.536316   5     18     58  
610.0  10:10:35 42.378105 -72.536316   3     13     41  
610.0  10:10:44 42.378105 -72.53634   4     18     56  
610.0  10:10:55 42.37809 -72.53633   3     12     59  
611.0  10:11:00 42.37807 -72.53634   4     14     57  
611.0  10:11:04 42.37807 -72.53634   5     13     58  
611.0  10:11:12 42.3781 -72.536316   4     10     46  
611.0  10:11:21 42.37818 -72.53644   4     11     42  
611.0  10:11:29 42.378147 -72.53661   4     17     44  
611.0  10:11:38 42.378147 -72.53658   5     13     45  
611.0  10:11:49 42.37815 -72.53644   5     10     51  
611.0  10:11:57 42.378155 -72.53646   4     11     59  
612.0  10:12:00 42.37814 -72.53643   5     15     41  
612.0  10:12:06 42.378147 -72.53644   4     18     58  
612.0  10:12:15 42.378185 -72.53638   4     19     46  
612.0  10:12:23 42.378136 -72.536385   5     17     48  
612.0  10:12:32 42.378162 -72.5364   5     13     40  
612.0  10:12:43 42.378193 -72.53644   5     19     47  
612.0  10:12:51 42.37817 -72.5364   3     16     45  
613.0  10:13:00 42.378216 -72.536354   4     14     42  
613.0  10:13:00 42.378242 -72.53635   5     19     44  
613.0  10:13:08 42.37831 -72.53635   3     10     59  
613.0  10:13:17 42.37837 -72.53634   5     16     43  
613.0  10:13:25 42.37838 -72.53634   4     17     41  
613.0  10:13:36 42.378433 -72.53632   4     13     41  
613.0  10:13:46 42.378464 -72.53638   5     17     57  
613.0  10:13:55 42.378304 -72.5366   3     11     48  
614.0  10:14:00 42.37822 -72.53663   4     10     49  
614.0  10:14:04 42.378204 -72.53661   3     10     56  
614.0  10:14:13 42.378162 -72.5365   5     15     42  
614.0  10:14:22 42.3781 -72.53649   3     10     44  
614.0  10:14:33 42.378162 -72.536446   4     16     53  
614.0  10:14:42 42.37817 -72.53643   5     18     56  
614.0  10:14:50 42.37816 -72.53643   5     10     44  
614.0  10:14:59 42.378155 -72.536415   3     16     43  
615.0  10:15:00 42.378155 -72.536385   4     11     52  
615.0  10:15:08 42.37813 -72.53637   3     13     41  
615.0  10:15:17 42.378136 -72.53635   4     17     47  
615.0  10:15:27 42.378098 -72.5363   4     15     46  
615.0  10:15:36 42.37809 -72.53629   4     15     55  
615.0  10:15:45 42.378105 -72.53629   4     18     54  
615.0  10:15:53 42.3781 -72.536285   3     18     55  
616.0  10:16:00 42.378048 -72.53631   4     13     45  
616.0  10:16:02 42.37807 -72.53629   4     12     57  
616.0  10:16:10 42.378006 -72.53632   4     12     43  
616.0  10:16:21 42.378067 -72.536316   5     16     42  
616.0  10:16:30 42.378143 -72.53645   3     18     52  
616.0  10:16:38 42.378113 -72.53662   3     16     42  
616.0  10:16:48 42.37813 -72.53667   4     16     43  
616.0  10:16:56 42.37812 -72.53655   5     19     48  
617.0  10:17:00 42.37816 -72.5365   5     12     49  
617.0  10:17:05 42.378147 -72.5365   3     10     59  
617.0  10:17:17 42.378185 -72.5364   5     14     45  
617.0  10:17:26 42.378193 -72.5364   3     10     57  
617.0  10:17:35 42.37823 -72.53639   4     12     58  
617.0  10:17:44 42.37825 -72.53638   3     18     56  
617.0  10:17:52 42.37824 -72.5364   5     15     51  
618.0  10:18:00 42.378185 -72.53635   3     13     49  
618.0  10:18:01 42.378204 -72.53637   4     18     41  
618.0  10:18:11 42.378174 -72.536316   5     14     47  
618.0  10:18:20 42.37816 -72.53631   3     18     43  
618.0  10:18:29 42.37816 -72.53631   4     18     59  
618.0  10:18:37 42.37816 -72.53632   4     11     51  
618.0  10:18:47 42.378063 -72.53637   3     17     45  
618.0  10:18:56 42.37797 -72.53644   3     12     58  
619.0  10:19:00 42.377895 -72.53648   5     14     48  
619.0  10:19:07 42.377884 -72.5365   3     11     50  
619.0  10:19:15 42.377907 -72.53649   4     18     45  
619.0  10:19:24 42.37797 -72.53644   4     13     44  
619.0  10:19:32 42.378044 -72.53641   3     17     54  
619.0  10:19:40 42.378056 -72.536415   4     17     47  
619.0  10:19:49 42.37816 -72.53651   3     17     44  
620.0  10:20:00 42.378082 -72.53657   4     15     49  
620.0  10:20:01 42.378113 -72.53659   5     11     48  
620.0  10:20:10 42.37805 -72.53652   3     10     56  
620.0  10:20:19 42.378082 -72.536476   4     17     47  
620.0  10:20:27 42.378105 -72.53642   5     17     49  
620.0  10:20:36 42.37814 -72.53638   5     12     50  
620.0  10:20:45 42.37818 -72.536354   5     13     53  
620.0  10:20:56 42.378235 -72.53631   3     10     57  
621.0  10:21:00 42.37825 -72.53634   3     13     57  
621.0  10:21:05 42.378242 -72.53635   4     13     53  
621.0  10:21:14 42.378216 -72.536354   4     11     44  
621.0  10:21:22 42.37821 -72.53634   5     15     40  
621.0  10:21:30 42.3782 -72.53627   5     13     43  
621.0  10:21:39 42.378136 -72.536285   5     17     59  
621.0  10:21:50 42.378105 -72.536316   4     17     53  
621.0  10:21:58 42.378098 -72.53633   3     13     49  
622.0  10:22:00 42.378113 -72.536316   4     15     47  
622.0  10:22:07 42.37812 -72.53631   4     10     58  
622.0  10:22:16 42.378117 -72.53631   3     12     50  
622.0  10:22:24 42.37811 -72.53632   3     18     45  
622.0  10:22:33 42.378105 -72.53633   4     13     48  
622.0  10:22:45 42.378136 -72.53631   4     19     42  
622.0  10:22:54 42.37818 -72.53627   3     18     58  
623.0  10:23:00 42.37818 -72.536285   4     14     53  
623.0  10:23:02 42.378178 -72.53628   4     17     45  
623.0  10:23:11 42.378242 -72.53636   4     11     49  
623.0  10:23:20 42.378254 -72.53652   3     16     40  
623.0  10:23:28 42.37818 -72.53667   4     12     42  
623.0  10:23:39 42.378147 -72.53659   5     17     55  
623.0  10:23:48 42.378143 -72.5365   4     12     54  
623.0  10:23:56 42.37813 -72.53647   4     17     58  
624.0  10:24:00 42.37817 -72.53649   5     12     59  
624.0  10:24:05 42.378174 -72.53648   5     12     51  
624.0  10:24:13 42.378166 -72.536446   3     10     49  
624.0  10:24:22 42.37817 -72.53645   4     12     48  
624.0  10:24:33 42.37819 -72.536446   5     18     55  
624.0  10:24:42 42.378216 -72.53644   4     11     40  
624.0  10:24:50 42.378223 -72.53638   3     13     57  
624.0  10:24:59 42.37818 -72.53632   3     18     48  
625.0  10:25:00 42.37814 -72.53633   5     10     51  
625.0  10:25:08 42.378105 -72.53632   4     19     55  
625.0  10:25:17 42.378105 -72.53632   5     10     42  
625.0  10:25:27 42.37813 -72.53635   3     18     41  
625.0  10:25:36 42.378098 -72.536354   4     16     41  
625.0  10:25:44 42.37816 -72.53633   3     11     41  
625.0  10:25:53 42.378162 -72.53629   5     18     48  
626.0  10:26:00 42.37805 -72.53634   5     16     52  
626.0  10:26:02 42.37805 -72.53633   4     17     40  
626.0  10:26:10 42.378105 -72.53634   5     11     43  
626.0  10:26:22 42.37836 -72.5366   4     16     43  
626.0  10:26:31 42.37827 -72.53695   3     19     42  
626.0  10:26:39 42.37821 -72.53723   5     14     47  
626.0  10:26:48 42.378487 -72.53718   5     15     45  
626.0  10:26:57 42.37863 -72.53716   4     16     51  
627.0  10:27:00 42.378826 -72.537155   5     12     44  
627.0  10:27:05 42.378895 -72.53713   3     12     41  
627.0  10:27:17 42.379135 -72.53685   3     16     53  
627.0  10:27:25 42.37896 -72.53621   5     14     40  
627.0  10:27:34 42.37884 -72.53542   5     18     59  
627.0  10:27:43 42.378765 -72.534645   4     18     54  
627.0  10:27:51 42.378727 -72.534256   4     19     46  
628.0  10:28:00 42.378696 -72.534195   5     15     54  
628.0  10:28:00 42.378685 -72.53415   4     10     47  
628.0  10:28:11 42.37853 -72.53421   4     11     54  
628.0  10:28:19 42.37794 -72.53434   5     15     42  
628.0  10:28:28 42.37765 -72.53433   5     17     56  
628.0  10:28:36 42.37759 -72.533966   5     16     44  
628.0  10:28:45 42.377594 -72.53339   5     14     45  
628.0  10:28:54 42.377598 -72.53281   4     18     51  
629.0  10:29:00 42.377567 -72.53239   4     18     46  
629.0  10:29:09 42.37755 -72.53235   5     12     49  
629.0  10:29:17 42.37772 -72.5321   3     18     57  
629.0  10:29:26 42.37839 -72.53219   3     10     44  
629.0  10:29:34 42.379303 -72.532074   3     17     56  
629.0  10:29:43 42.38025 -72.53202   4     11     50  
629.0  10:29:54 42.381313 -72.5319   4     13     59  
630.0  10:30:00 42.38232 -72.531784   3     15     50  
630.0  10:30:03 42.38222 -72.531784   5     12     55  
630.0  10:30:11 42.383133 -72.531876   5     11     58  
630.0  10:30:20 42.38401 -72.53214   4     10     40  
630.0  10:30:28 42.3847 -72.53235   4     11     43  
630.0  10:30:38 42.38488 -72.53247   4     16     44  
630.0  10:30:48 42.385105 -72.53189   3     16     42  
630.0  10:30:57 42.38518 -72.53132   5     13     40  
631.0  10:31:00 42.38521 -72.53104   3     16     49  
631.0  10:31:05 42.385216 -72.531006   4     18     46  
631.0  10:31:14 42.385143 -72.53103   5     17     51  
631.0  10:31:23 42.385063 -72.53097   4     11     48  
631.0  10:31:32 42.385124 -72.53086   4     19     51  
631.0  10:31:43 42.38575 -72.530945   4     19     47  
631.0  10:31:51 42.38663 -72.53137   5     12     50  
632.0  10:32:00 42.387398 -72.531746   3     13     41  
632.0  10:32:00 42.38777 -72.5319   4     15     46  
632.0  10:32:08 42.388084 -72.532005   3     14     44  
632.0  10:32:17 42.38863 -72.532196   5     15     56  
632.0  10:32:25 42.389297 -72.532455   4     15     50  
632.0  10:32:36 42.390038 -72.53278   4     18     40  
632.0  10:32:44 42.390755 -72.533   5     12     53  
632.0  10:32:52 42.391296 -72.53323   5     19     53  
633.0  10:33:00 42.39192 -72.533394   5     10     58  
633.0  10:33:00 42.392067 -72.53349   3     15     57  
633.0  10:33:09 42.39232 -72.53363   5     12     50  
633.0  10:33:17 42.392685 -72.5338   3     13     49  
633.0  10:33:28 42.392845 -72.53335   5     14     54  
633.0  10:33:36 42.393192 -72.53269   3     16     56  
633.0  10:33:45 42.393303 -72.53244   3     10     49  
633.0  10:33:54 42.393654 -72.532616   4     13     55  
634.0  10:34:00 42.39414 -72.532906   5     14     54  
634.0  10:34:03 42.39402 -72.53285   5     10     40  
634.0  10:34:11 42.394527 -72.533035   3     16     48  
634.0  10:34:21 42.394978 -72.533325   4     14     47  
634.0  10:34:30 42.39498 -72.53358   3     11     48  
634.0  10:34:39 42.39475 -72.533676   4     12     54  
634.0  10:34:47 42.394756 -72.533226   4     14     43  
634.0  10:34:56 42.394466 -72.533134   4     16     52  
635.0  10:35:00 42.39417 -72.53305   5     13     52  
635.0  10:35:04 42.39417 -72.53305   5     16     52  
635.0  10:35:15 42.39376 -72.53293   3     10     49  
635.0  10:35:24 42.393635 -72.53283   5     17     53  
635.0  10:35:32 42.393593 -72.53273   4     15     40  
635.0  10:35:41 42.39353 -72.53277   4     17     44  
635.0  10:35:50 42.393505 -72.53284   3     15     42  
635.0  10:35:58 42.393475 -72.5329   3     18     56  
636.0  10:36:00 42.393436 -72.53295   4     12     43  
636.0  10:36:09 42.393425 -72.53297   5     13     59  
637.0  10:37:00 42.393505 -72.53259   3     12     47  
637.0  10:37:12 42.39348 -72.532585   3     11     53  
637.0  10:37:24 42.39348 -72.532585   5     12     52  
637.0  10:37:32 42.39352 -72.532585   3     17     46  
637.0  10:37:41 42.393543 -72.53257   5     12     40  
637.0  10:37:49 42.393547 -72.53257   5     13     45  
637.0  10:37:57 42.393528 -72.53255   3     14     46  
638.0  10:38:00 42.393494 -72.53252   5     16     42  
638.0  10:38:06 42.39347 -72.53248   5     10     59  
638.0  10:38:16 42.39342 -72.53245   5     19     42  
